-0.38156310301872803
-0.5647968332057279
-0.5670518139041468
-0.25001094743757984
-0.002107240057715227
-0.006244156351689027
-0.09856690189101704
-0.057116082244795655
0.06968940948333054
0.03502964702462035
0.016993980640318096
-0.04042264407288805
-0.03232200898164847
0.09279968596646797
-0.020405357839091993
-0.05334201745969948
0.057532295210298096
0.1381713430629561
-0.17449463695556255
-0.13340052739763383
0.07331158546600738
0.22233273356770503
-0.03419183873695907
-0.18851564030310883
-0.165835461367499
0.06655477011758061
0.15666810095363323
0.08650776284212745
0.17318081029553312
0.11618959924380962
0.07630211380616603
0.028112986564007673
0.25251591079898905
0.2588305967512197
0.4609026550682407
0.5288587383684519
0.537878147956863
0.3342847065800562
0.36564519388449235
0.3886724496292705
0.345908132836021
0.33146858423788184
0.4053670994764734
0.48728492447015453
0.3134256088959232
0.10968618297006198
-0.01809302283877201
0.11786075125786645
0.09795032902559447
0.07694109348819464
0.17917818480482423
0.31952072224694356
0.12517076829260987
-0.05210852245623204
-0.1274541088262069
-0.0027404832862821978
-0.03582927464589507
0.08375489468400933
0.0775848817755151
0.16563782131318203
-0.0020789355764481363
-0.08208602692161719
-0.25632496843138314
-0.3298783523628904
-0.423200132717018
-0.4488898743966272
-0.484003377972119
-0.39292225109006795
-0.3954611213078651
-0.46963513094658266
-0.7560407631052624
-0.7760307064669205
-0.9531942538221762
-0.556707662139841
-0.56962895951641
-0.36182271271535066
-0.41762653705827996
-0.10592165538066524
-0.031094504183665213
-0.16059890208256422
-0.15029390974080123
-0.17230419847994793
0.10952288095295568
0.07042220962969321
0.2254446881377696
0.04469686379618962
-0.0266954470914115
0.05103285030545356
0.06854964627432664
-0.23214864287635997
-0.42404315665954734
0.02726749870623752
0.4678836489473036
0.7860657711450786
0.7672329548334272
0.9324141223606869
0.6082501790099468
0.713335837665069
0.7453244296429425
0.9524642807555518
0.3495912960239595
0.51863018570448
0.3741636561958861
0.5905718495675557
0.06383543289528469
0.40287069745343074
0.08201413006470172
0.4561777405445083
0.20819497957619706
0.19772659375324245
-0.2855183232397904
-0.38371899036489027
-0.6968743297143907
-0.31610070147519564
-0.3757841617647895
-0.28187277169885416
-0.3772753029715044
-0.04464833390405996
-0.4266708265823682
-0.8653953300636926
-0.622275344643696
-0.36931208982915065
-0.07092595771930596
-0.28263046929394164
-0.1840712506736276
-0.3557686976774469
-0.4883798917683157
-0.7811348997897866
-0.6406823343346565
-0.5634064774609929
-0.41399940115749806
-0.32968613846880324
0.08070915000378258
0.030206494204341593
-0.17327259642655998
-0.1132944054553706
-0.050267550829261244
0.1622135875097521
-0.1278951325882162
0.11783745426319489
-0.08090194765794931
0.24660470073911608
-0.08545471007255712
0.17304229375759506
0.12042877106056502
0.3009964220289566
0.0690182938849892
0.29520735734821446
0.3039067389326129
0.5064571615180457
0.3359593034890163
0.5146987575102563
0.4590576995378186
0.7312930024411777
0.47745958742909594
0.5217527267561718
0.2747871743750454
0.2992752743595572
-0.00831435629823498
-0.007242217153013007
-0.1273567047515044
0.10265733650900866
0.4804977590576432
0.45640021515944335
0.46697738345730005
-0.020409129852882252
-0.10313294895875164
-0.4051058934702832
-0.13366045934823126
-0.3466007664539378
-0.253542958966419
-0.36372624145141036
-0.10803007645079742
0.04366631371732566
-0.018030798325631127
-0.34959223698886627
-0.8135437384712838
-0.750926947395228
-0.6118391065042846
-0.31662253184809486
-0.5363105900456312
-0.5498441566647471
0.09386332302728226
0.3667624961682623
0.3297768930951731
-0.004243326183755479
0.05792374894176318
-0.2406860281613508
-0.36922346024639524
-0.17928694665683204
0.044719850646810444
0.1686955923516173
0.018136393178392374
-0.005701043431533583
-0.15597047579146014
0.034282335887745166
-0.08991854137073964
0.10458377509364189
-0.028508450920275142
0.05897478628776016
-0.16073479829395407
-0.016568106376039494
0.22992843245140823
0.4101450775153242
0.3493548035305769
0.43343156498545815
0.6594607174479554
0.5094937040975694
0.2710692462089086
0.14880061376521267
0.33521376609243525
0.5003401421720994
0.42483763434512567
0.09535643739277998
-0.04995499968187657
0.11749567800115844
-0.14948337404443676
-0.012441728121753756
0.011860547195763108
0.22877882805242228
-0.08192589288913672
-0.14001357489754707
-0.08928948545413204
-0.02953858007714317
0.01875183717833685
-0.12709195321135944
-0.12433381661279413
-0.3730762073748294
-0.3041747395696361
-0.12356059451722194
-0.23372693676666262
-0.1701490714783853
-0.1955582739571093
-0.0897886058302761
-0.21255885260350085
-0.22849704277200386
-0.26624525614021577
-0.22163560893321382
-0.23038927807628387
-0.24548089981834736
-0.48362508744199534
-0.8476422078427344
-0.8349675513985542
-0.15030312781989405
-0.06055128677638005
-0.06773172696935778
-0.17708403382680188
0.061364713832602245
-0.03151230943913945
0.05334798200121834
-0.06475572849743111
0.12244505808479131
0.2519461003788183
0.03736343818221174
-0.1490466877055183
0.022006286453071747
0.20050209089995713
0.12279394976410742
-0.10742646076402897
-0.03085840554644906
0.09615340682826089
0.13377528789523915
0.38447855686883076
0.6335702316517399
0.9223666527712101
1.0
0.7108973077009179
0.2732845247762923
0.023650959671479725
-0.017541361558829155
-0.23320642989770407
0.0016250596478344626
0.24694451915053783
0.04616407208592709
0.009778449691925659
0.08613433256205819
-0.10401521074298323
-0.6325276534352059
-0.4918230236726783
-0.21762979169839167
0.02697449199104002
-0.026723223968784755
0.018889471031722466
-0.005371442769811147
-0.07414365135893855
-0.2382364604335057
-0.4387174725064764
-0.4653813482130964
-0.7520102910055458
-0.689503388375739
-0.2650063278232597
0.13888322458211994
-0.08897571159782139
-0.3063023200705336
-0.24768711707905225
-0.0947608893952243
-0.032123251421904725
-0.014264913835457506
0.06449673680047742
0.06289730813787746
-0.014799708070286698
-0.1758414043392039
0.05336711110900998
0.20647835561653938
0.2566038903478397
-0.1458001395224513
0.01183582489622883
0.09778785021289998
0.1839901573243937
-0.15629303733747252
-0.10030818777540745
0.15846838335135785
0.23895382856987127
0.31509476620886073
-0.06463341076942283
0.3675715076167761
0.28706297126627905
0.6682406171334148
0.14955611750121903
0.07874946996727857
-0.0910688810820852
0.2623507888600686
0.12642653307722254
0.018826431148495203
-0.008211756457167343
0.2348819229978808
0.16837960168633123
0.09970466944984395
-0.1859795812347521
-0.2483223954828722
-0.1453761793111446
0.029015039764430157
0.14714982225127538
0.020486700788012072
-0.10686307309137483
-0.3955783418284045
-0.23857916505005092
-0.08443546672009249
0.12726893357171692
0.10185691896189515
0.21857355933514186
0.43971655920822017
0.12343045128406285
-0.4727401866702612
-0.3365168599739689
0.03756522769703937
-0.15400025540151463
-0.8076760709458157
-0.3465017539810387
-0.33702681312999194
-0.24845403617850867
-0.22911977944296988
0.11117640685323402
-0.09797763564444807
0.0008013579321220511
0.04560878042241224
0.09628285925260913
-0.18151985531294143
0.04403502074689182
0.09681284498564999
0.27705802920041134
0.09321195553688989
0.06660155688226271
-0.06202895944222638
-0.07924546382030234
0.07875619249790182
0.022145796724646147
0.007688708579146473
0.11329166602603537
0.5668053828828535
0.7329085624481576
0.73276231144332
0.39004526062306144
0.08351229138094404
-0.002246242466839287
-0.1481954861319895
-0.49064658561464064
-0.4178569530713034
-0.12031698628055272
0.2186592613682039
-0.23703275179129948
0.06820310449750161
-0.21017377639577856
0.18629851509820478
0.21490580980990273
0.419201883870544
0.16872495689924738
0.07516838449353802
0.20182362592984374
-0.1899317285563821
-0.044400984124073166
-0.006253459589100207
0.14817366410275867
-0.16479182563312672
0.02788567922656914
-0.17931716583215976
0.14432203731694357
-0.14775590520774548
0.11902979456621436
-0.41590280983315503
0.01680989164826002
-0.2879084576479585
0.1674825222122545
-0.2848362099415073
0.15261769916580575
-0.2127397771091263
-0.03430143835079197
-0.3927230916211968
0.0824873165261091
-0.041176344716738
-0.062097158187304366
-0.11340903640506184
0.037737271482741926
-0.1587316161497884
-0.10952904047834441
-0.15089780785464194
-0.14003966036146243
-0.19102349018271264
0.2349781611855015
0.13264910175615932
0.1958732606627118
0.010331139478536451
0.04649742287489734
-0.17472606434699284
-0.059531337197914175
0.28667760182605956
0.42176460835426693
0.5842221513890639
0.1933175025358856
0.19008541270655083
-0.10024134292344988
0.07570417612027458
-0.028851628146805253
0.2068504377516234
0.07110543166040505
0.198403312166053
0.1712580807146906
0.4617024850935184
0.18116841627134941
-0.00672570686698546
-0.16345926061933852
0.19881975027258703
0.38368730734602935
0.25217843065901274
0.09397544878290719
-0.025426731428603487
-0.16401972811568577
-0.19865090731535961
-0.03539763172581272
0.10858928218559587
0.0993442893476541
0.020146334056496077
0.044945295649824156
0.06428357129555631
0.0629849230123851
-0.5151079789496872
-0.8032773837664292
-0.7197116964591561
-0.24020534105730515
-0.1301590025932768
-0.06712566907588714
-0.08553319114625707
-0.166741702141261
-0.0396972288647474
0.005496185199179144
-0.07963947719755848
-0.1732835904747563
-0.06234142385438028
0.06029299230746302
-0.08635499468617541
-0.03725816461717312
-0.04798782664322158
0.004786991487620635
-0.13021837005852724
0.014164712880228778
0.10423258023443502
0.05029511780067038
-0.07890484760659605
-0.05509378970908459
0.04614843041131611
0.21705145838932074
0.1799389190617881
0.017935519936408247
-0.07845100970531295
0.3004417532135295
0.3356734783716066
0.31068424461767336
0.03401288063430206
0.1463048351771092
0.27051029693175677
0.25159451634971086
0.2550355962883801
0.2018473654293761
0.3397203922443633
-0.148562798072389
-0.36272303839039244
-0.2933829926657721
0.1564228443579868
0.0773947326769937
-0.09366327892251441
-0.08063063858551033
-0.04582992283365918
-0.1577902088128256
-0.06236796493255158
0.04093137949690097
-0.046319432705687
-0.25315413580720486
-0.055067075259899144
-0.08575257532922036
0.06679026486599758
-0.06260874727728832
-0.11838208698142648
-0.5484687079011759
-0.3682503350953975
-0.05754640887424202
-0.10289531211260695
-0.132070862472895
-0.3534865261403478
-0.16973396961650905
-0.333142783673256
-0.10989558236646803
-0.16751018858260713
0.13343237417906575
-0.03887826063823837
-0.1873280154483185
0.028088761129665504
0.17342888871808265
0.1125040504846607
0.028325338981003385
0.18823086272066322
-0.13500460622853389
-0.23159747393103652
-0.14617329891841488
0.07549001152449587
0.21509288032774396
0.22930105579199947
0.23222832714208502
0.4627173591411226
0.28062330053401663
0.08579757227943524
0.10063627083211041
0.44687701266115376
0.2259184403739897
0.2659513187371343
0.4834546315782108
0.14100088052627832
-0.13271234603075097
-0.13071202477467042
0.026258202621363524
-0.10666550580803015
0.034106589095048566
0.31882235628880373
0.1552358435441251
0.006449111383612465
-0.2187594578475163
-0.10569089955933526
-0.24255352343089642
-0.23060000943792155
-0.2414892818200237
-0.13389155409748177
-0.22658049694244767
-0.1509895872946117
0.06094890737053806
-0.04438459274290909
-0.09797387041666597
-0.02097006007909267
-0.013396419084794218
0.08660951901199389
-0.12939110524022698
-0.302904075561903
-0.4843171892715482
-0.06827014933807489
-0.07568589801275255
-0.03560760447579325
-0.1090305741045531
-0.09374135306944732
-0.20947367448541368
-0.11096149647901447
-0.22149165888166406
-0.14038405776586282
-0.0629414551315986
0.1677160522617431
-0.05488437992896102
-0.02962856394481446
0.01667696039968776
0.07574457434917778
-0.011204890404629542
0.0740315890157685
0.0696896110723379
0.07796443648146784
-0.04371453310912217
-0.015848872247781726
-0.03383555121758879
0.15448153644039755
0.10899713232425332
0.2549001503438206
0.28421735598210046
0.22982439560572288
0.3959815045546298
0.5557944248898141
0.45756591077473824
-0.04486650540339991
-0.10222839272012703
-0.09578655264688536
0.13734271072807233
-0.05114326970892517
0.1166055996305102
-0.060708069407640355
0.1736709479268721
-0.3518765574990561
0.02822665142494478
-0.23923012049527564
0.12091049628584717
-0.18189933844437486
0.34431099391647774
0.10600249177887604
0.24114285017887288
-0.16198405125977247
-0.1088693847879756
-0.02559707934819409
0.10178764356396201
0.06399951900534917
-0.0911248398222689
-0.061642354244697245
-0.3323910884480269
-0.1551363904337071
-0.49571807539817986
-0.8118149977351913
-0.28072810869443904
-0.050916818870721546
0.06156211180905804
-0.22892543857227124
0.1318897681622695
-0.17096393455116515
-0.044863941507021145
0.03737937481787608
-0.15049024545054868
-0.11087757286118197
0.002912924121398463
0.08961247504597593
-0.037802205565266554
-0.05112125711926861
-0.0008350977107794906
-0.004805246081386572
-0.023272113324324547
0.17618234907007777
0.12044941627212358
-0.12754264149521377
-0.06286932601772827
0.09713972849763497
0.11446611268171024
-0.11081158294695703
0.2357899737431593
0.40910143891972717
0.30601707529507405
0.22527031056109484
0.4036730542926013
0.46345337889753735
0.3406197987987877
0.02371225388736713
0.09631652458634743
-0.13852544287723695
0.13073177297121813
-0.0473583667308461
-0.0058129885428554445
-0.2782495840293019
-0.07975330534642214
0.16721209942756704
0.04131120340297266
-0.02845841045376295
-0.2345172427039398
0.1387570891975379
-0.11803602021324153
0.2379105771181261
-0.2575519748490947
0.1338283383204771
-0.14245672006438376
-0.07230606319988138
-0.047682717570741315
-0.5411033996288326
-0.2771437272843457
-0.31443388992169585
-0.10443022331404202
-0.3492836572928497
-0.1681018198005076
-0.03843577655304914
-0.3346494144343708
0.08362545188410894
-0.14509722676268794
-0.21523619152774012
-0.12275804344268093
0.0031007657162431014
0.14982584241410443
-0.06659002559206668
-0.03877956591147267
-0.11832730543458901
-0.03147920496077352
0.13107370420597542
0.017542940911422854
-0.10217291342828258
-0.13086770656079227
0.2447574457664485
0.08467043803077193
0.10622770754247149
0.002174775927793229
0.3249685325042646
0.03125745013097511
0.18561060191443424
0.0004820500588851755
0.1985645326983215
0.020935621155322715
0.2861806528007528
0.09127778049008327
0.12331124844690858
-0.08026824893563475
0.16584832400797006
0.11829881877032464
0.18042195327278676
0.08596731978916003
0.20180625371769395
0.28402029736001827
0.127299687812315
-0.13950085845579163
-0.08729326221664148
-0.02711150583512924
0.14035991435839604
0.025025088944377764
0.11774329620718908
-0.0021909118742297357
-0.06455799578900376
-0.05296349742459168
-0.054132264330897815
-0.05483289710168535
-0.10194350853168692
0.08459975432378733
0.07877005770682616
0.044693033482715534
-0.05496142886587341
-0.07906890254742692
-0.010169765604675416
0.052922470378781124
0.20102782975428057
0.04946646424278735
0.17711902421457473
0.00438302693497857
0.000516573848267207
-0.19265133507050922
0.1273503377730857
0.196522882389216
0.21176437704417125
0.051210759036653425
0.026802222012550794
-0.16549011836495978
-0.20299336949861843
-0.143481312184182
-0.171778301004415
0.11237740680970247
-0.017356344552959906
0.14774993261357608
-0.16162725323824953
-0.10201111372518276
-0.3592743701649519
-0.12009526373977146
-0.076638812675078
-0.18759305990374806
-0.20954950741296924
-0.16193361714447355
-0.04864769815592497
0.029322651705610932
-0.0035238373010281925
-0.12544270330782487
-0.2413422366839163
-0.036684776637548634
-0.03304479632597504
0.10107299918491455
-0.011312431097813885
0.03038448165234399
-0.03520093550295227
0.12541797172361305
0.053251569268711066
0.10533761419235191
0.09200636720997912
0.007928068928308524
-0.03785706788026905
0.026354636504536517
0.1282724425029955
0.12375060665508696
0.08165292289976604
0.06135742829605705
0.0044654898874071924
0.058912944686015115
-0.04614759842098224
0.11699431001200242
0.1771676671502407
0.12304494315611697
0.15922013164506618
0.17756759606361688
0.15763204774160813
-0.050273108620123845
0.08324604144110613
-0.12017349350231488
-0.20461577776693277
-0.06420083008805319
0.24681909192081153
0.2068174530742236
0.11927420132514008
0.013772304306078263
-0.0944640780041348
-0.15666527835205293
-0.21688649746148456
-0.1031986721711071
-0.03676515423933195
0.13756080214832944
0.02078494599151864
0.11806426794697009
-0.0673111109559784
0.005027151698230967
-0.10993011299192326
-0.0031684754256379112
-0.09045298444223802
-0.16405359886200827
0.0660815965693411
-0.1403792921508644
0.12844284050736
0.026853228164659466
0.18285317969068082
-0.41994189416475497
-0.3620974947768001
-0.2725392056287659
-0.12354825627257696
-0.018913780231728395
0.08090360010073569
-0.007669245051070766
-0.11114199709685253
-0.08045571602802999
0.1573713699097258
0.09663048435022045
0.06026142379599066
-0.015649840563040463
0.026268913786896872
-0.028854674486441103
0.04626907866003056
0.05426590328608814
-0.06476814406037874
-0.17729695913173962
-0.11578262462272527
0.0017869178803263585
0.1103090013899938
-0.004239051389273248
-0.04922509957588422
0.14179914217539294
0.406736703852041
0.36226774768309955
0.4149529111085292
0.6748330399737518
0.6114730196395404
0.419690951258915
-0.10095359251725451
-0.14444843014975142
-0.38653622621186057
0.11926921017126897
0.07998404944758757
0.17552496920510255
0.048525201257359034
-0.09856781728579306
-0.19551828565176566
-0.20259213359459588
-0.09582125695824864
-0.013435440668756397
0.12969938831336852
0.03441300975652837
-0.24341084213854564
-0.17998103233031165
-0.3366861407624927
-0.1315409706404235
-0.027419839106592847
0.16097153698947303
-0.10052716351633414
-0.1594250975064115
-0.16355007826212464
-0.09015678627337098
0.028834093206110033
-0.22239249124824031
-0.4261125557587027
-0.4884697819147169
-0.0886833454782205
-0.018969532175607512
-0.010600481516383651
-0.023937767117387338
0.05604175344613345
-0.07149431859252403
-0.07958035090166478
-0.016229513743305536
0.02807530273384842
0.09247518226775645
0.18820171795889784
0.08811084113275626
0.13128800924439446
-0.09121202745489838
0.05241196262175044
-0.17303239268199117
0.26663359684160476
0.24506007320688247
0.17636610018605192
-0.09107976686683444
0.1322326772365072
0.15712667295431654
0.1454339594235102
0.20728196877758903
0.1696497996219519
0.08972276027965122
0.044391513466861814
0.2198165642166376
0.07774940755496189
-0.06933806535025808
-0.05606801234728996
-0.00426176556467841
0.025718414499852522
-0.2493387318160888
0.025572383642965314
0.02510197683044193
0.012962395422806522
-0.13093590022449023
0.08171504648545894
0.13720687344308954
-0.15723935665730351
-0.24245446225216294
0.05805305559520498
0.17747445487306576
0.08745078136572207
-0.010342768302352156
-0.10052629384067881
-0.07536335083399075
-0.17415887621207432
0.029656756500528115
-0.09991666966948365
0.006456670970234015
-0.12668819927483904
-0.08184490974490309
-0.1034037429130386
-0.13147440031605442
-0.2298889729224406
-0.2885028683724786
-0.39157874742716764
-0.3905013404845476
-0.20710487564630947
0.08112838346501061
0.08261824777543628
-0.00936660597293914
-0.0693551522658103
-0.05271247567725911
0.07951367558981276
0.04246877156323804
0.08723388527282491
-0.006102091481013471
0.08455864550958499
-0.06770955683970092
0.07938246357550298
0.00495938952906107
0.008569707442156061
0.017721556354178238
0.021539993528906277
-0.11254202668727767
-0.023297907958114174
0.09114096071817779
0.05769907749142658
-0.04566612722784773
0.04462729848681295
0.07349881588126274
-0.08041931537329049
-0.02825976010741947
0.05932357488398415
0.1871973388992097
0.12251882163809082
0.011751148476312675
-0.0800431198480235
-0.0511324937262026
0.055105753136703975
-0.03684700850024977
0.17490343578141457
0.5663882456686364
0.3207384830626087
-0.04500308176082417
-0.05105044573527804
-0.03156572321158995
0.04727822327751665
0.05401665555181452
0.1185659953116502
-0.10034100937880976
0.04410680278980011
-0.0454076964102607
-0.042918214645257344
-0.026828057012864233
-0.05368549779082824
-0.008964919470501886
-0.1440815844908634
-0.20123196697688087
-0.11684407510797046
0.16499636929120323
-0.3373497365150871
-0.5645279064086735
-0.49768541210448275
0.2263517012093551
0.21319040413541948
0.06499649609855049
-0.19550907943327867
-0.1052981098767292
-0.0895608557690366
-0.05385727320842612
-0.13775211852271532
-0.10372794604063425
0.12945488669929478
0.24669542875073355
0.017022862926049445
-0.1604546848125335
-0.06669599046528045
0.052563468046494574
0.08554555438886563
-0.09029902379549497
-0.03750983624267517
0.010057087994090264
0.07462935317988506
-0.06974225031933
0.011152595164593373
0.07048469121490814
0.08901060464556193
-0.03292578060403882
-0.014921229310451362
-0.011831096676625906
0.06336373596433313
-0.13597223536109315
-0.01301206251921158
-0.1158070116772131
0.04141352463849823
-0.034388464331008
0.0766611623948271
0.02906481864355312
0.19423424329444786
0.30633724112355987
0.11482692700421382
-0.1369630112402919
-0.2516588184313381
0.09164192566924113
0.0342076513852808
-0.1173449744476355
-0.1924380105634852
-0.02739329142853228
0.10455770916657676
-0.05482666969308255
0.03834556144175143
-0.0803468620445312
0.12299908183104738
0.12921267081149734
0.021080983000026882
-0.025967750061823516
-0.20268724697214294
0.07680712717359796
0.10555510416101566
0.33629257650553385
-0.02786289483835647
-0.2733191206798295
-0.10978047864644605
0.0422388823638737
0.024555811598214825
-0.18860757560175942
-0.041193189360006016
-0.0775066370497931
-0.04110298330248363
0.0292510874517027
0.043835228818250895
0.025386055806624626
-0.009462934727498559
-0.034981048912703434
0.004631281311307616
-0.005656222693071193
0.1054211809807777
-0.07969770809776901
0.0023276246147644324
-0.0666717222207476
0.054399170016232574
-0.029551364801178575
-0.011173756860162181
-0.08127448729557665
-0.1059673725915654
-0.034866514295270816
-0.03461608548201489
-0.020560093926623297
0.0968500035023307
0.12540492484196694
0.05864804494105134
-0.09375854088232564
-0.07156674876635268
-0.16209203647561848
-0.030490312733932847
0.2226737237938406
0.16022584915556254
-0.04936687524223149
-0.1182213982640364
0.12563469440896582
0.03126113772043477
0.03249764699711053
0.06451153832327491
0.15180200069437613
0.08060439848387667
0.09440176063964195
0.13469140942739463
-0.11960294306836011
0.03816321044430169
0.0034141826486415554
0.22745401140190055
-0.019538535729169453
0.13452402199102534
0.01947676591208287
0.07415369198403582
0.11996783930446486
0.07983192674895082
0.08228220796275364
-0.17817035940814727
-0.049641278624445666
0.11714299039236392
-0.0036778320611479433
-0.40873689918559336
-0.17552426913901603
-0.16797102185680407
0.18480591856226286
-0.23202537290615316
-0.07894266988194323
-0.38444491140478027
0.44679670221402495
0.10621552002809882
-0.0037635365888378544
-0.5190446376062767
0.08675223045324375
0.07302545860401265
-0.028647259162007437
-0.29156352749612
-0.001753053899067774
0.22701652827930094
0.03533542297295162
-0.024026761795016855
-0.1599602534412826
-0.08366223871443686
-0.08072789022924193
-0.042175544821850035
-0.02419698266042443
0.00923808960173701
0.06348292031975845
-0.059095418923583054
-0.03898550308471121
0.028026159818819042
0.10917081898494997
-0.04181577161470092
0.006850432445924926
0.06766651645188655
0.16611560616933801
0.08711279971007663
0.029482539653630714
0.3186589121550533
0.4257546339446137
0.30544642718261744
0.3450008845166519
0.3529807711931829
0.10686466209125081
-0.2127698053055882
-0.10046816471631226
-0.03978908815715278
0.10316546251279719
0.11350887934516134
0.09898303370058646
-0.05070652478810081
-0.11352599419384557
0.004156060910839727
-0.1544636526668764
-0.033175590688213866
0.09422344158410519
0.6537111198477328
0.8287300111352622
0.8578294962839073
0.27393470571613304
-0.1566260664595907
-0.23077047816741147
-0.3929848115602288
-0.9907271193577035
-0.7480686595989584
-0.3584875190406051
0.09493753413864482
-8.36478651419267e-05
0.19937224540727164
0.06701191780323255
0.0005427510784015122
-0.057473042161950226
0.006148545582757229
-0.32689464737653534
0.003299028867972074
0.09599691744102835
-0.1276112718415976
-0.3736214362650094
-0.4888483125627767
-0.3299146647085694
-0.32557191658975665
0.19383238293112937
-0.012714399144348618
-0.07165486066561726
0.10519543689892391
0.15191031348786235
0.0334289033832869
-0.06535186635018202
-0.02497400677888631
-0.02244859064520008
-0.09357004735788484
-0.012010833571591644
0.011134498838678184
0.08298186248531232
0.010508342094213988
0.06003649067142626
0.1063233290638127
0.054567909182152284
0.12851087495616934
0.103927027760264
-0.02638779388614159
0.07023323220460352
0.32864438272938895
0.5125446453108163
0.2951578980884632
0.3447259295192731
0.6120216899724641
0.6833743798333771
0.33156011726825707
-0.051551879862412366
-0.015036329466153882
-0.12593788718258686
0.1103033688619673
0.21718854093530632
0.4198224919892411
0.19498366209403012
0.19988613817197523
-0.013578558451964968
-0.07595264976066234
-0.2628347428669229
-0.06414848477911429
0.026888566582369548
-0.16615771744808963
-0.03841746445613644
-0.003454001217097105
0.1737535318241914
-0.1363903187413921
0.0900294976482099
-0.30892289799911266
-0.26137523182689854
-0.28547710089320943
0.04913866695689436
-0.04244738354371457
-0.323195946819749
-0.3706684094263563
-0.3337809058952595
-0.19803900745912045
-0.34515860289061606
-0.1305133275921964
0.05220328966068014
0.13136339181327678
0.07180787831238593
0.05469276966220091
-0.1269146650652405
-0.24825213212357644
-0.19208982249318127
-0.028221720793326417
-0.13083791602180603
-0.3260928883863846
-0.3317497407360322
-0.14823303282669728
0.04728772659992054
-0.00781813635511055
-0.096849780432672
0.008375433468302527
-0.062445589313887405
-0.012082758937885624
-0.0633570313888191
0.05157059877817033
-0.029041896730576777
0.03087856473201108
0.11413170062620474
0.026116423132957516
0.04653503972164802
0.037028466255885364
0.10153656095274748
-0.02655451518175978
0.2093941933452789
0.20168040060097153
0.36902814788994004
0.16614822282483901
0.25154343587798383
-0.004463492642848438
0.04916771232955302
0.004862212324624358
0.04706593135237907
0.0029784553061583184
0.022301290777222697
-0.22357673199610745
-0.19189329700465865
0.02673254441713192
0.2440639323368941
-0.010708037852510628
0.008964662890500533
0.041073652583165816
-0.0036899316696935827
-0.19892918470352905
-0.1153466836437024
0.055126098333544656
-0.0367729385368711
-0.18306434449249187
-0.20521392653593587
-0.14998149647526526
-0.16463034712397248
-0.06303432591203754
0.05465787146380553
0.00850450583810247
-0.09946394166289388
-0.15963872414313796
-0.08421091595294483
-0.019830059201745732
-0.03611414324910454
-0.030492097057405868
-0.11105943009378355
-0.018697777089211335
0.0275317182220692
-0.03716910900918691
0.015259612506112297
-0.15263367539124195
-0.25348292793696336
-0.09437238661777386
0.3720653111113488
0.17177608630145613
-0.04205456355650584
-0.1833400240902977
-0.23283556507623546
-0.005028388615338713
0.15584168492804157
0.033844385311572356
-0.2690456790037102
-0.0710808205541034
0.015555719466985543
0.06353828956440716
-0.08593974550208212
-0.02653833138455739
-0.1264755029115278
0.03696584592191581
0.1849164076913401
0.21618236242138572
0.25184277645395764
0.10654709856792863
0.4161575845722872
0.2880193739022418
0.41812619878587737
-0.005932502860954553
-0.0468863674134885
-0.1497005339908999
-0.3700150804482608
-0.34121146300762384
-0.2902780863919647
-0.1297968604919327
0.06191153297759929
0.2857292300827603
0.12446142714920466
0.06111624434875884
0.13651556806741474
0.08286459928708151
-0.05845590189421363
0.13411787707921055
-0.034001693188170964
-0.048365606614245424
-0.014462658805982114
0.09717120485566433
-0.10599967066779857
-0.14773031424709984
-0.19686210510339164
0.16756146255200227
-0.07870818292394055
0.1313841668202656
-0.18191317139423463
0.1378372582039308
-0.27153445489082095
0.014767411254894692
-0.057482133327797266
0.16213896813469147
0.035397323015188775
-0.11715815327926088
-0.21778803144620676
-0.20619573568897748
-0.11413689502443743
-0.10382191088809829
0.0008731209196978754
0.09288135982300758
0.0656633262909347
-0.018189323893846452
-0.07431963958235789
-0.09641930816624661
-0.03375203297679329
0.029232711183350014
0.045744535599961174
-0.04677459511267293
0.03719107811586456
0.08466022971121416
0.0973868282511691
0.05541736005503883
-0.060529001145357066
-0.018406647850467316
-0.018101799809979873
0.04069583576699284
0.1041652527507238
0.152209214548006
0.04040899729373872
-0.0027506712473782885
0.14850278842302497
0.07999560987296551
0.005140167157918001
0.0534830762036793
0.1499851680566414
0.04382123705352396
0.06823122541507452
0.09450935344591632
0.12871902011351535
0.0827422782588872
0.031538857613336004
-0.322917501832275
0.04577258756533595
-0.3031310176343821
-0.016182520565471623
-0.2020003643758507
0.41173073602205856
-0.023029657270278565
0.05447500264699434
-0.19598047881865466
-0.025651991957163136
-0.015619812446599565
-0.11282371332135743
-0.19455884505894178
0.06410071105207264
-0.01278473637678295
-0.055442936249921845
-0.020612336050072757
0.16601497166185314
-0.1321851106519944
-0.2890238371877712
-0.2804088007599696
-0.02479791065051572
0.09372869084361986
0.010751269484886947
0.04153402476759018
0.05412796508869336
0.05066556396788844
-0.10288097182418957
-0.1420004335628262
-0.03873761166635014
-0.03317435195223271
-0.030778493153946637
-0.0389224780743066
0.07259504807349433
0.0428073604379403
-0.03996349069634654
0.22056497443830153
0.15136969241457948
0.20951847316515546
0.0831674593734263
0.09414852068864858
-0.2594817625302245
-0.3274062986742484
-0.14818223771088687
0.05559986625292112
0.20594712490446934
-0.07028376461300405
-0.13666374358546676
0.06604732779653946
0.27088950680569024
0.1307890377443576
-0.12368877635958232
0.040913011655487365
-0.05173520038634269
0.08356909329231726
-0.22648936032316264
0.12703448679543056
0.002984441999061254
0.2600592900023545
-0.3361885957335287
0.04968314142253207
-0.010473357251428755
0.31931239843725984
-0.02536352692987298
0.20333770649926233
-0.2120007540905867
-0.029577790151954202
0.06252722558644898
0.15688611690598098
-0.2510263789740258
-0.2074566355659511
-0.07489437129640096
0.028392363105141028
0.15427066299000702
-0.1647566670094583
-0.2785941588691358
-0.1850529614692177
0.17857762001718092
-0.08312234128036976
-0.14293237988289154
-0.1158109424376545
0.08817880667555397
-0.03588291650565305
-0.0655574033134012
-0.08818388399342975
0.0661196449285891
0.11330649041487953
0.07623575810223321
-0.02711347482455971
-0.06691881762767794
-0.031248172808782268
0.06728707339106181
-0.05628794904315401
-0.029203773656194514
-0.023439160071944732
0.0754397541597885
0.08036359176679764
0.01753930150213274
-0.03556255566821552
-0.09407602874670469
-0.03067959513797778
-0.11408533446225697
0.05220183725238721
0.03545151549913486
-0.01642091981097511
-0.020163976400767412
0.06114333669331604
0.000653382911553844
0.03757285630610007
0.05867154609380612
0.0893321827411621
0.1384375916215543
0.19066546080410066
0.3044417505505501
0.28972377707733155
0.21823753224718467
-0.17160743062242506
0.03262550798181361
-0.02992707071832184
-0.03984008392282892
-0.3349987710645303
0.005680158272672566
0.14732416750970864
0.03779134054578885
-0.05071580737963054
-0.05719953763651862
0.045375884935550684
0.14915349339931652
0.02730165350757526
-0.11338472488238427
0.046774894848820824
0.1567493615703226
-0.04750300942342293
-0.13849390128947525
0.28057250940306294
0.1716086167330938
0.0501835890474899
-0.4857701267373469
-0.3103655379560186
-0.21574023945512116
-0.05135126364473005
-0.1279298444088963
0.049355043354151244
0.035966082613922756
-0.04178806504051985
-0.10881143077409199
-0.09508519360044368
0.030416978853236368
0.19623695359809015
0.129420334699965
0.014415886511462677
-0.10906068802469661
-0.19777638757579893
-0.2065593319983303
-0.011744568284192942
0.08929622310005011
-0.05867263383875865
-0.0394861467451039
-0.01898257991251377
0.166732570358014
-0.10861196217699672
-0.019352668637372936
-0.052237890262102744
0.0494303492552399
-0.03198266129212516
0.06710172526517805
0.03999082332386894
0.18865108840562336
0.2880163715156942
0.5602248082761071
0.1420907062490832
0.19861748889718023
-0.07797952271966381
0.05366671053929225
-0.17149704646823657
-0.07847548713248462
-0.03413379495483112
0.22840805419632537
0.4039756660346623
0.20247546134203762
0.008969166534542309
-0.08111209316884006
-0.060012638436428775
0.03448619901935828
-0.1298984633345144
0.04102077055341551
0.014658818711596692
0.23157970736656044
0.04115600638198604
0.1299541962787199
-0.13596500878128764
-0.348299511149261
-0.3867194887432511
-0.09493908132898649
0.15523139460228277
-0.07382920808662835
-0.4073024581844406
-0.2690062697955522
-0.04332381634832612
0.08528329704475557
-0.04431126450272611
0.10785715022563094
-0.1503054694545088
-0.08870071775327316
-0.10278853715566716
0.0982748600291159
-0.027708272481366692
0.08324198346515639
0.021068357762284492
-0.050686071515548166
-0.12118986932919584
-0.04573301811526695
0.042284830900203255
0.0403485348459031
0.18145918807641548
0.1074729311916156
0.04658078057320267
-0.16387252515603
0.18424674537831456
-0.12854433461392364
-0.22180362904643203
-0.16738675933546865
0.20946879470633845
0.0401106748345084
-0.04604043034244733
-0.12172798383782825
-0.09991541368115735
-0.11037415606846916
-0.0764938714635275
0.0013587450374957994
0.10347541411382369
0.18460864095597787
0.41999937833351936
0.34594664723490226
-0.08890017923574202
-0.347581136880053
-0.4698273217804011
-0.21739974593362502
0.07179269708403943
0.08046770208037539
-0.07425166125002955
0.1369701374699845
0.36702071619725757
-0.30859509811905067
0.12083492073755975
0.049866900974934326
0.024784893085997118
0.06926544240942942
-0.01358139654788397
-0.15063002906982642
-0.5658624321722362
0.3674783803616024
-0.15225608578299807
0.12572129688969566
-0.18214631495622638
0.21413350337257905
0.010093532975605932
0.005195158553484582
-0.07530183470261285
-0.015411632557967235
0.010963354040689686
-0.01331402732179728
-0.10504060217802895
-0.05889630562241317
0.002282945270009662
0.09252239005329298
-0.016641280172418515
0.15611952902627524
-0.0036861516455016295
-0.10162816080158575
-0.06339939374810748
0.018805232615359664
-0.03883403173935979
-0.08907778353259119
0.09472295638876287
0.04484602078963866
0.05939218418646535
-0.08256610383246098
0.10314729259405228
0.1595455991474306
0.0423575550658165
-0.08148371786209943
-0.02647551204871909
0.09923993742915135
-0.13662056515468232
0.008613576674593759
-0.002539337755052393
0.04343164546451456
0.10828717852020037
0.26217920858838384
0.4365528641939988
0.001854668760836257
-0.007053247341780695
-0.16399054096229357
0.2475108072772992
-0.030796127511810267
-0.037586272040513444
-0.2906632951409969
-0.09388190770803119
-0.015935287780305774
-0.2302665985684881
-0.11515112988959895
-0.03189383451285105
0.3625504198713905
-0.076542135508033
-0.09247804875506158
0.24121157928919626
0.28219449973414235
0.11864347397315782
-0.1758935566856922
-0.03457964315306411
-0.07688795794239817
-0.02841391542131967
0.036439950287155666
-0.32031394346107905
-0.12476402289425552
0.057830183670276356
0.5806437395454782
0.37757275501766635
0.040290743050789155
-0.48388451584590336
-0.295109877389792
-0.04885981399862701
0.04116958177106205
-0.18350185847578013
-0.09468965766026133
0.09791966247526085
0.07770397203094144
-0.10400799893613867
-0.10710566369277758
-0.12202431001141835
-0.020112295749969478
0.0738483764667422
-0.007390419680089401
-0.22470090060783193
-0.1741948641488939
0.1230425638570898
0.26744501369252727
0.11699885489504294
0.017074116574868337
-0.09353134260632386
0.1134080679199372
-0.008991317592067711
0.09688034309680957
-0.09412773748606883
0.15784823448757027
0.011324749000503795
-0.09239283581042697
-0.15841868965951889
0.3992973737604713
0.5909554417078251
0.05524614820671424
-0.3611864088014731
-0.38692415303806305
0.29347120492742235
0.2130480834766641
-0.010079304420529712
-0.2931702840800344
-0.07577556330743891
0.2241658067572441
0.3515919709545781
0.196136296569742
-0.3434057920671734
-0.23625895298328592
-0.016424614848145374
0.25352427392651766
-0.20503849650492373
-0.32950217630601514
-0.20683853162302873
0.3755660571978876
0.029072133039131455
-0.008225231125751933
0.016359061923948072
0.18266795311002101
-0.3658748670761787
