0.30852633420147935
0.33544270769138734
0.3182011487305032
0.3149117633002111
0.33950634315972744
0.3915276567309035
0.46793929629791164
0.5511438666543382
0.6147484732646036
0.6297418828393033
0.6492302373084382
0.6295526118765957
0.657128257138711
0.6436419580921772
0.6681858661358158
0.6370521630936649
0.7107387243172876
0.7139488288485382
0.7326117415868361
0.7098505593429687
0.7388574750938429
0.7235533857796003
0.7141800882557864
0.7024450885891368
0.6680680402515787
0.6938763323188314
0.6735340425223431
0.6788834002696451
0.6557796315297493
0.6924430569945672
0.652059743663618
0.640929227816854
0.6240720053634395
0.6171409186546891
0.5926582248638245
0.5921014799818514
0.6012163707479771
0.6283661946855792
0.6727244073733581
0.6933033777871697
0.6825903127743194
0.6719544351982657
0.66903276387018
0.6553875648802314
0.6396810029479166
0.6362688506081658
0.6035977681013392
0.5380083659050767
0.43150868787083213
0.34510129273344575
0.26387315793821015
0.22504145927012373
0.19494813535157846
0.1884086641619813
0.14421645019744134
0.09903035723320908
0.07214087415665671
0.06016473482973038
0.04814777776256202
0.041173021265214736
0.05136762884438685
0.04810030595844082
0.039636042205122124
0.04745914570639189
0.0587714933469
0.05858260236515309
0.04900472752892751
0.049992837216902064
0.05224540569069916
0.049334279690447104
0.05311076664392576
0.0575097787293254
0.07737391797617395
0.09567040002123146
0.11691983824007025
0.13727435530920767
0.18039509394200107
0.19910097509117575
0.24709051853151945
0.326946959567838
0.42981780642224077
0.4949443431148553
0.569761426804053
0.638499771273493
0.70168262040313
0.7502395985641583
0.7825980903149087
0.7844209741614017
0.7786839771481932
0.7847498575383699
0.7995921664243892
0.7901326687079773
0.7677904601106361
0.7662179751437008
0.781164076928611
0.7799280941732033
0.7767263255493746
0.7856029959140711
0.793289232122256
0.7891527306399155
0.7908861433415162
0.7908644343914532
0.7950333870686057
0.7850895565574124
0.7878254658655676
0.7700780334318021
0.7664901144438229
0.7679578785884082
0.787171881046896
0.7893996788755803
0.792809574889599
0.7907298865106261
0.7955924734666009
0.8056447599850162
0.8209089669227547
0.8167449827838136
0.7890268652226545
0.7566941208841608
0.7106803141905544
0.6671749025065157
0.6262065265658353
0.5808196792811151
0.505091610695494
0.4132336921655196
0.35458416032365575
0.3046877805701188
0.25860325449299115
0.17999405426269682
0.12399346499534038
0.06666266812946209
0.041379443897424484
0.022638866303077886
0.03363068516940024
0.027283011987755974
0.018813747968842495
0.010033825473122903
0.01309043768823245
0.022410634783654047
0.027480327396204905
0.017893423946150636
0.010824113622286061
0.009153920430091871
0.015097460417098954
0.016490129219301836
0.014485769952038707
0.009825830194097615
0.011843002917838429
0.021063640233865928
0.02418253382950652
0.020650642344843387
0.02105536340199935
0.019365183667918767
0.02526599368047345
0.03398419615709055
0.0624077365100968
0.0930379752198523
0.1335570594886229
0.17838097684942214
0.20663440633917718
0.22005499991937527
0.21685724120057223
0.21643475958710384
0.2229089451084196
0.22144483052562408
0.22209494609506536
0.20623937556956307
0.21716178009448275
0.20144111418862745
0.2172443478057697
0.19620803086178348
0.2052358994810509
0.20771318679397924
0.24056400793267851
0.24709804399002266
0.24788220725054477
0.2143692620591491
0.19319710691312011
0.17265782199519236
0.18257952445463715
0.17500037990004866
0.17182405534120027
0.17203060232962614
0.19407959655612186
0.19541965503472009
0.1615330326785788
0.13840422033250818
0.13525963429696725
0.14102139398934502
0.14676925901832721
0.15508743337302172
0.16565362053465285
0.18948785098833193
0.21227112974307807
0.2489769664153032
0.2727459168963231
0.2983016053670976
0.29094719219825527
0.2838651946741218
0.27604162650500375
0.28696346248287746
0.3032939595741412
0.31013419258818237
0.3186323175660973
0.3481720301305453
0.38145049627920863
0.38972960013524544
0.39520273525708033
0.42134477861330444
0.4486464852069048
0.46406893580275776
0.474281938418264
0.4916049288530437
0.5131555209890836
0.5354424045937829
0.5573798715920039
0.5893173088844246
0.6392038275161799
0.6517685196689672
0.6565456481777356
0.6410309142586408
0.6632452855924142
0.6839325850183604
0.7146631499530066
0.6920622378757887
0.6865242291183552
0.6983133546969368
0.7098321767164298
0.7039666671196739
0.722836066048762
0.7485576726600959
0.7544551976156421
0.7548742028171301
0.7474100912673998
0.7516602042660279
0.7535454521471167
0.7692624612556022
0.7722456118939505
0.7958793107633196
0.8108601936251519
0.8296817121552028
0.8448472609760136
0.8552810783337682
0.8645715583973993
0.8655876004241
0.8840523437828436
0.8840183926693145
0.8940532042827457
0.888610547189893
0.8943152953131409
0.9036412198896799
0.9157968963208132
0.9176197687909549
0.8881351751938148
0.8677436979826301
0.8647204201127473
0.8671162330822786
0.8572764022942586
0.8653337187474389
0.8920170416437939
0.9155487835938984
0.918745343021415
0.9159721431455766
0.867064413516306
0.8354008993199863
0.8520187849161245
0.8602914507352486
0.8608916079141768
0.8719252152608152
0.8568687240882054
0.8389137917066322
0.8712380604088205
0.8731054062372019
0.8708630134525924
0.8708396775596756
0.9303017984448996
0.8726089318464778
0.9139738661448096
0.8653241488554864
0.9171022958782512
0.8330338587819027
0.8631529255364259
0.8443461148862349
0.8757587291526686
0.8286833074350588
0.8852891710278044
0.8946739624649459
0.8902949832957014
0.8528426290828531
0.8788235941819453
0.8669977107940909
0.8838872263716396
0.9168112856768952
0.8746651892300112
0.8722632689747264
0.8394859688045752
0.8960124369828083
0.8479463940700045
0.8946832597132082
0.876795628916242
0.9036399164020841
0.8701734753607258
0.8828000895089513
0.8726737821288484
0.9015979333185694
0.9021205956663273
0.8832263540648986
0.8435843192717558
0.8729892318713127
0.9110661066213116
0.8898264602546064
0.8882846271839389
0.8722165912887394
0.9359710359859912
0.903988571240158
0.9324720185815537
0.8880083042905549
0.8597069618866529
0.8239257743468659
0.8854813764638244
0.8829053029815379
0.8533730071591789
0.8477725469594267
0.9105041983400465
0.9276714524129598
0.9657843761855147
0.9791479834917659
0.9841208623553355
0.9563444148399236
0.8953154566932614
0.8386915979054645
0.8216533269256439
0.8104905927041055
0.790935344903209
0.7487209612465319
0.71285045214209
0.663483403517953
0.6303852141831227
0.6040229537544418
0.6186396962390145
0.5943601819350018
0.546233303956568
0.476557976920754
0.4363007100304483
0.3840918426939369
0.35205335610544247
0.3140210257547926
0.2609743198703448
0.2092298220302239
0.15066719558439046
0.10854375552808807
0.09241249485178733
0.09671519614278927
0.07252187941477471
0.03686290977291441
0.022375024533882557
0.03208869463338111
0.0288522832386306
0.02433885110399082
0.024341851724499812
0.03421512455323926
0.029465960697295127
0.028117807942238084
0.026049059396988667
0.021260286489435145
0.012913111728794531
0.0268290122401663
0.049096357248349945
0.10738530523353781
0.19244244171289182
0.2914005525954361
0.38084103462645597
0.44940853737048686
0.547955732956124
0.6121986592268639
0.6561024595032482
0.6470882629204012
0.6725424947986552
0.6880711164281281
0.7267928924865273
0.7412467612262331
0.7681356917517942
0.7976930245604787
0.841896729057962
0.8608473514469475
0.8662094279699509
0.8785262547667151
0.8789061563520902
0.8809307199032615
0.8835755004142659
0.8697201590197973
0.8649046165817574
0.8789942217242247
0.9041982304810843
0.887697389388248
0.8708247818077435
0.8791555681201224
0.8886604952498887
0.895476590264319
0.8936254525362548
0.9017638733016164
0.8962073674195152
0.8660566243461801
0.8188551652946969
0.7874417774304728
0.7930874874588048
0.7859495297179246
0.7258804040210959
0.7062315138630592
0.728461075004345
0.7659448395359777
0.7473734221245475
0.7388770080634209
0.7083070612361633
0.6905605136472952
0.668603997434003
0.6215231750534104
0.5374353662679339
0.45201359376808425
0.32787758650093796
0.195039164193363
0.10730508699765821
0.0939668886319046
0.07277142632151894
0.04558759543379286
0.020532418906241353
0.022642780208595503
0.021909379489839547
0.01938752530193798
0.019729815064813232
0.027049860738553644
0.02898461204837648
0.03132636530163162
0.02593373176594397
0.024392562439694468
0.01906283399470232
0.020188732431395347
0.018423952140848382
0.016098554532531277
0.009098780216656766
0.06245967857818622
0.18815462454284324
0.29562092635460774
0.3806313416585028
0.4212397057628912
0.4822254616454844
0.6461386768825055
0.7487666248591428
0.7358598328268973
0.6407043270555537
0.6436197569864044
0.6139186108500895
0.62897145788815
0.6617500001701646
0.6828994071416679
0.6793911872881203
0.6746215496084929
0.6752420203835479
0.6756635102176192
0.67030199686817
0.6743128410398258
0.6716537951262369
0.6741161400117016
0.6630018707259794
0.6785161679638266
0.689474555789369
0.7120724840055884
0.7086008232127656
0.6982465419606577
0.681769111051764
0.6727254555155555
0.6551350944742191
0.6370970180254981
0.6597788347248712
0.6887177057173779
0.705462002577833
0.6551943993106978
0.6460557291206164
0.6607843199583667
0.7007788264500066
0.6799328310086984
0.6781692759550916
0.6930774897459525
0.6968182678568564
0.6875627873809377
0.676875175747714
0.6878061112330993
0.6725123183039308
0.6769028919114926
0.6764319982461723
0.6914181861207391
0.6783093615945459
0.679638706159033
0.6571270832259638
0.649921720220233
0.6456486059534919
0.6661006819944295
0.6775927578063178
0.6717591693242856
0.6679553718650009
0.6430718025332819
0.6473854183571369
0.6219182402209305
0.6404452249087599
0.6353580025365608
0.650460634636217
0.6326569738567364
0.6172277658008976
0.5862243029628643
0.5670698046336725
0.5260894072937323
0.47189987907648645
0.4062592369894914
0.3650097475811233
0.30129925817809206
0.24363813297629813
0.15421742061221147
0.08827525762752372
0.04706391782010351
0.03694928613626206
0.02433792014504733
0.029146780581698933
0.029238963469880044
0.019204426739437886
0.003582772312884926
0.0020490426015899823
0.000821795532365524
0.0
0.004968652855797238
0.005464349373385608
0.011312550287656977
0.023194980363443387
0.042596961256597315
0.08126218528903731
0.14727547870236185
0.2434105507429197
0.3230477389119335
0.3637166608107449
0.38742613282610827
0.428566722830262
0.47633073180406355
0.4885819905051117
0.48750416193312696
0.5098609282184374
0.5473558797616959
0.5713495254530548
0.5600054999667718
0.5411553725026892
0.5577136898103912
0.5847841149750261
0.5959707772587927
0.5669078295449776
0.5532894956611693
0.5421866951894408
0.5378129136973199
0.5685633500804399
0.5935946150832313
0.5849750102075416
0.5574030690908142
0.561487750063856
0.5719798926947715
0.5820138497737719
0.5900075249460549
0.6042987099674934
0.6128220900143959
0.6177031586192391
0.5891625906816994
0.5637907818327029
0.5653989350208162
0.5781738725960747
0.5773346833076938
0.5549520525061084
0.5584601335978087
0.569270768871763
0.5707003454620894
0.5516783408796642
0.5634067050214995
0.5766847831953897
0.5895613340566561
0.5825284678179782
0.6057125432694809
0.6168472560213989
0.6091121340386725
0.6035458729577335
0.6176031566994162
0.6448865307559156
0.6525339127715595
0.6747792717551113
0.681940142020279
0.7026786589508602
0.7325139819060669
0.7706236997777377
0.7943275383596781
0.7791095011500491
0.7736731274764685
0.7851045036591474
0.8046114723141666
0.8078077096639286
0.8164126398235242
0.8127680873331563
0.8226100783273269
0.8539778830008292
0.8779587548205978
0.8741730239619392
0.8731797797227213
0.8709322587081028
0.8781507879285768
0.8911083425841166
0.9067371237763808
0.90281849647071
0.9032712078902255
0.8868377666534553
0.9058864344430648
0.8931770299333442
0.9068719990876501
0.8907503817404581
0.8829426793494047
0.8556424872962675
0.8703580021672648
0.8759965412102625
0.8711159525398721
0.8851822415608084
0.9011079928642685
0.9010941354729995
0.8832935236280678
0.8807245081680494
0.8574158798486494
0.8650133735116081
0.8794745279856923
0.8837217736355216
0.8790142549131699
0.8965435005032919
0.9153646233891419
0.9016441169366286
0.8747680517091939
0.8497781901516148
0.8240721779064089
0.8418449396825524
0.8116626463978455
0.7738322751852224
0.7316749110633778
0.694930230153627
0.6136960182160882
0.5314442604841939
0.4935630334986202
0.44912449975742497
0.41111718233756767
0.3414764860559074
0.2837612245066124
0.2293151583961692
0.18646876408983973
0.11258089027528854
0.056405158517001695
0.03263507345973768
0.03572944019184899
0.03407255297868215
0.03186154353135075
0.03269091294298239
0.029256603389187563
0.023413202640543425
0.026849777793592173
0.02916692329462182
0.02710313274829944
0.021809020204914143
0.024825940456728705
0.02098588039215542
0.026550316915633435
0.07891388179079785
0.1924758525702671
0.308423170622978
0.3787366867049061
0.4139307884594351
0.5542699671884777
0.7310270595695061
0.7849946789554487
0.6987523648738552
0.6442241115569848
0.6575445471019565
0.6812880330872283
0.7383265469608495
0.7521113128835475
0.7689120378071145
0.7662936378147257
0.8127005604723343
0.8001014157051155
0.783639615133901
0.7977772745702748
0.8133510116917958
0.8297371111312436
0.7954671480845331
0.8010226901723408
0.763208507873648
0.7840741347409845
0.8128444670559988
0.8475056616466081
0.8464589970317131
0.8551514279159186
0.8587683734506958
0.84083283964414
0.8143725484165332
0.8303803538552562
0.8117906419363098
0.8075389050021474
0.7893168759427889
0.8260242015913766
0.8034285743750338
0.7929339949539632
0.7970661990012885
0.8070304064482006
0.7692597816116329
0.7160467849261668
0.7051371897872903
0.6706613601284586
0.614524533843109
0.5029802092775031
0.3832558988038854
0.26525755981219823
0.19154997428996395
0.10860581664668419
0.06487445494292803
0.03589851055152155
0.03151208664342983
0.016466604060416508
0.022419058914835265
0.020476643564178058
0.02042376784893709
0.023692575848001107
0.02533972668249191
0.025880490732930268
0.024050904816273075
0.02842676680302068
0.029386220294165294
0.032332513138025605
0.039215424328293905
0.04323611016036982
0.1021193437618846
0.23302841801248586
0.3880561940128436
0.4956242152541787
0.6243064165578284
0.7333864383058947
0.7829776342380179
0.7761219406787476
0.8114894906452795
0.8585467982032174
0.9074300744496632
0.9142061474150319
0.9101869636177764
0.896474981894857
0.8847816549658204
0.8933680210590672
0.8986666146170837
0.9121183136429567
0.8766810347275168
0.8949908140731208
0.9128333895400248
0.9362458285927272
0.9064536335381947
0.880383243514022
0.8504499353667007
0.8798019006934262
0.9256510886038778
0.9364377736163216
0.9044923257923277
0.8793488022664815
0.8807720379360631
0.8724565105161456
0.8848756024211027
0.8939908826150706
0.8950878123854108
0.9182085309430964
0.9162334930417554
0.9438358199899808
0.919446977945522
0.9709728218290431
0.9634287494414462
0.9680683238992519
0.900617842335497
0.9085623897902709
0.8890738892617746
0.9083087748562689
0.9156179999533937
0.9353929739579637
0.9277360056542306
0.940900914540832
0.9427297309365412
0.8950446108273259
0.8330662843853792
0.7954108603570009
0.7907960620114066
0.785364649333475
0.7769836417687935
0.7595162293753548
0.7341344418054656
0.6798052170645744
0.6729005040191685
0.6238768995264091
0.5509521140560669
0.4603273141514249
0.4108157265287043
0.29954987079423634
0.1628090421903319
0.06927922462887778
0.03651945607486931
0.051047303135148
0.04145018562886549
0.03452418895535108
0.017187537732960816
0.03165748175823907
0.029205329638600373
0.03116014544690025
0.027470525946763583
0.02399976222229639
0.024378300877401896
0.02504056983389997
0.029357960417457682
0.019322651317928315
0.026239422292073874
0.032996467580625626
0.0408963363941197
0.045187720186524435
0.07762988217381968
0.09810830022619363
0.18151446746106467
0.3161522031544555
0.4614490114062155
0.5348036148225876
0.6217395542749975
0.6636934986232131
0.6789634616500969
0.6898325544214974
0.7646889676138592
0.8210672765873862
0.8339133880240319
0.8216555447900626
0.813515301478136
0.8250562853869385
0.8351949652537388
0.8584788801312548
0.8600808474757599
0.8693744323525957
0.8689367259087252
0.8877428135150816
0.8917274443533917
0.9002044350305813
0.906551342848834
0.9154259284139984
0.9091008468731252
0.9049214034030486
0.9078079134625182
0.9284155624662379
0.9373525731442797
0.9330952015895478
0.8996499350140784
0.889375661413857
0.8827314734241957
0.8953592342061321
0.8927666418616523
0.9110211903218569
0.8817092215900507
0.8989394832346915
0.8909477661187929
0.9099632882634993
0.8751996716378388
0.8890340961847473
0.8782837329551795
0.8818569537082482
0.863905135636892
0.8534900349879164
0.8643454581690816
0.871721017535575
0.8904213982995988
0.8913100320081687
0.9136260058586819
0.8979288338784704
0.9060814643075633
0.8929151777790035
0.9040380791506718
0.884704685542799
0.8956811881694724
0.883511146052011
0.9108686197855379
0.9103793550381896
0.9026101126212267
0.8862290255815394
0.8975423282984383
0.8840949791244086
0.882891021098629
0.8835107638904396
0.8869407767081237
0.8665295720140869
0.8793058129500232
0.885275223017806
0.8910814841149929
0.8804313068901808
0.8799016282080764
0.8624623087301347
0.8815944594540075
0.8741781422244886
0.8767768677583399
0.8652913943957135
0.8840535671583993
0.9040709767744811
0.9147084162975652
0.8936804260705649
0.8886649520265968
0.9112195170550851
0.9097746590337521
0.8775075056035693
0.8812537271047125
0.9125962241487704
0.9410438483818352
0.9103061493998993
0.9068146573901934
0.8563099409018493
0.8741579540932537
0.8229320743070654
0.8388772802554276
0.8293068442592466
0.8637769028004839
0.8649886632064677
0.9017622904960777
0.9322653776008093
0.9211653925933357
0.9001240596531731
0.9345353453414662
0.9536633255623324
0.948333262515958
0.9443054375493374
0.9481521833114418
0.9162763292266282
0.879426186808922
0.86635550538594
0.8367431189196677
0.8350055608485034
0.8606222070643548
0.909330466307675
0.9277959794113224
0.9580278977720623
0.914730220916514
0.919912674311123
0.9146807378235151
0.9724871621663881
0.9734512067154572
0.994595087055709
0.9726036812744401
0.9688388740128094
0.9505038655477436
0.9264861142339759
0.9014049796819708
0.8731469244306787
0.8335195999085259
0.7726600448228171
0.7120805961928293
0.6769737937591074
0.651988187782489
0.6158370422950549
0.5650438824495063
0.5304722377614646
0.47319648819868926
0.4029226283960254
0.31317773967696233
0.2581106465009302
0.18766834546411562
0.1470139288166232
0.11135689060632172
0.08305547670079923
0.05521055612491716
0.05785497630472231
0.05613338181452076
0.04420844668940076
0.02944628477538932
0.04029644868143608
0.04308236476178096
0.04951504405058114
0.03579182076686111
0.0382666353562421
0.03283839209604657
0.033269246722143576
0.040938828555642896
0.0634452689221057
0.0830159906259891
0.0998916441841989
0.13218158079669495
0.18695681117206975
0.24838738892553186
0.30814814996356826
0.3019052285841819
0.3113082894368827
0.3254364855273969
0.37562512359922967
0.4077882507234924
0.4554474199150419
0.554364280598206
0.6703696640952822
0.6241491080761903
0.667690357748481
0.6277811452407719
0.589693486231838
0.43385717483204755
0.4723926961993923
0.46297928599562793
0.45324205322379524
0.4419322122004094
0.43828555434642236
0.4498194720318871
0.4560827891825398
0.44188214276263554
0.41815193886214536
0.38518755309801145
0.3411412675882874
0.3067329706182416
0.29748510149965324
0.27735819803232725
0.26445861802421855
0.25300488300577983
0.23908634304166337
0.18991531241598023
0.1646282398199297
0.1527971022926204
0.15390497057183491
0.1259414229714134
0.09277331705342275
0.04908239344437981
0.03544347528847927
0.034702654809700285
0.050758145001386965
0.052345068560209825
0.04580864873609318
0.03946217196767355
0.048521478742109915
0.06313908290642653
0.0661587246270824
0.08659473858613585
0.15806062056802647
0.27977515205157677
0.39871010296622517
0.5062500686961298
0.6039357093293187
0.6786480163660883
0.7384441153256673
0.7840769383163242
0.8353162046422895
0.8096964012817879
0.8096544127633521
0.8016441037988913
0.8511376412188486
0.8409021814649902
0.8358384410200195
0.7700325528181059
0.7353309629393355
0.7164803933661481
0.724894362564471
0.7212469963003586
0.7139499680441848
0.7085454982238426
0.7067375141824254
0.7025434564241865
0.7012426447295561
0.6846449499444093
0.6747629746205175
0.6530380023499123
0.6656227174024484
0.661170923699417
0.6664799748195024
0.6401078956668154
0.5970108434583262
0.5704034515940968
0.5722471299828839
0.5367364510848651
0.49174472766330996
0.45577603368459013
0.42828339440800717
0.3769659411507122
0.3249127022123401
0.22616909192784532
0.11699425639321379
0.05407813801326923
0.03457714398755941
0.03225001992424983
0.02900648071348074
0.0198907535692823
0.021283081994488355
0.02709876995138577
0.038014059734363816
0.04104039084238412
0.03589094263118407
0.022479334274132092
0.027017735538447
0.05615990778421369
0.12196688177057637
0.22484854926099412
0.3578558112713684
0.5147156948352157
0.647574265719483
0.7461600701855438
0.7653091038796401
0.7421255898165288
0.7048999290593503
0.7085071861022824
0.7086680469039895
0.7175657702268761
0.735461461295148
0.7505204736512603
0.730213159501312
0.7242479177053943
0.7267286424834535
0.7215796647404187
0.7052583045591837
0.6943256520433183
0.6987710206887491
0.7066493964665032
0.6898408362490864
0.664829065672484
0.6421159853215079
0.641603987121023
0.6352511630170683
0.6464072836645778
0.6462487664104154
0.6447606784201649
0.6516424117958256
0.6441078484534222
0.6462884539996269
0.6495368962980618
0.6658376174522206
0.6438221849882169
0.6439639994244027
0.6486390300026897
0.6472193988229038
0.5943921948594637
0.5364588007918404
0.49074721617099704
0.47472021236274836
0.4622724720701471
0.4131910672056144
0.37103391350907355
0.32516243733186495
0.31553241209780203
0.2843861253360588
0.2604011717081918
0.2069834615792911
0.1443432890785285
0.10146142232464377
0.0677790048637061
0.05301675063151223
0.0319797834810156
0.0288648533425588
0.02484165429044665
0.02060995178969325
0.01856231128964571
0.014132994501367816
0.016945493278383506
0.019261253896414258
0.026152293063959064
0.050082596837740294
0.13363240323137102
0.25876518759031525
0.3636149836677237
0.43749442874983796
0.5650131201046713
0.6639337633918931
0.6882506482036402
0.6489027201505804
0.6878662534288891
0.7342068262314115
0.7897235513349746
0.7761467571729956
0.7764839844974902
0.7595559055222157
0.8012646037502877
0.7621595476405153
0.7466156682843678
0.7665408586218427
0.7899055489110065
0.7494848493779636
0.7120716160294371
0.7351988942250656
0.7333290761017964
0.7264664442835889
0.7000851338917119
0.6893885953358637
0.6759751583703799
0.6613490672837021
0.6340013673086422
0.6040305128905563
0.7044186618660997
0.6781227189105703
0.4632014265691568
0.14917932878441312
0.06268270530261486
0.0328843682694902
0.020674374583993894
0.011892058446985302
0.023151476227365072
0.022434171204043406
0.02226376870472059
0.026519103135476705
0.03153244340848517
0.024163210331014793
0.021612252700316487
0.023949100936849037
0.02645526575815581
0.021305209972867892
0.013733665494514382
0.060808715080667076
0.15210357844773092
0.27535017878737533
0.34265548785588307
0.3787841461467974
0.4107160082370021
0.451828683868704
0.5116266230829719
0.5568458297688259
0.61343768278194
0.6321296980249245
0.6385928907880917
0.6367043844885552
0.6591273610726457
0.698862579097827
0.7631357755792375
0.7803170718410444
0.8108736811765889
0.772944574972609
0.7650402154576712
0.7841206849079329
0.8014355219800311
0.7915406563169086
0.7893553085668265
0.8398860123073222
0.806858180428147
0.823910031954819
0.7967870305948936
0.8120825130947498
0.7774406638361909
0.7988893144464743
0.8031663293347453
0.8165670916703752
0.808808588133751
0.793418788085518
0.7974060421542044
0.7798924694491447
0.774467962681623
0.7848968581727496
0.7704760730325961
0.8026028984268511
0.7815544362985907
0.76832087480397
0.7102087051932113
0.7052263036940114
0.6874172968929219
0.6534039935008112
0.5857028443988793
0.5199552980575276
0.46283135084215155
0.36858709539078477
0.2284627232848871
0.11676414628155926
0.058004462912934464
0.041081539584431434
0.0372026329975911
0.038045363903039815
0.03418388598371559
0.028058963448120547
0.02219882869924342
0.021585268850161564
0.0234955472737436
0.023347034872474637
0.019681600328461814
0.022519404595736266
0.030476254304262818
0.030837005426022024
0.027663508766232716
0.022915893828567506
0.02552398513890523
0.026635446418747186
0.027775971871502752
0.028427839903107027
0.031216261123138068
0.03473909704709346
0.03577526026123733
0.03508557873388126
0.03675526846736441
0.037700391415992046
0.036434538095879876
0.025392266695904542
0.03601301668890381
0.0806015500335971
0.12958708346687042
0.16140667941898595
0.17555430304402142
0.22392137684460114
0.2518381225394807
0.3290407456211616
0.38498429711917337
0.5242711360306559
0.6043142042385458
0.6776737090282189
0.7116361854033264
0.7950073420895811
0.8442093181159244
0.854963204478529
0.8635921654335946
0.8722470944171444
0.8848969709927945
0.8725454722980146
0.8616405351506058
0.8452412800811151
0.8470704708872964
0.8322091274851532
0.8216829780861606
0.8413153874594523
0.8588090718859137
0.8778666239816997
0.8738033257512089
0.8893794668111289
0.8964338640003668
0.8802282108796029
0.8248730567054559
0.7723360138922885
0.7606611405220264
0.7586225491028968
0.7271325766523961
0.6916576310890581
0.6157235192330056
0.530557352101586
0.4503143919592744
0.4003729824457924
0.3224399382779833
0.1904873419702982
0.09383917700624583
0.03930385994602186
0.03472751259432533
0.020546442736010997
0.019173361461495758
0.018411500280435346
0.026545067546733893
0.03754755055713722
0.03900465793729905
0.039859456589943554
0.03738818243040992
0.036982828243766544
0.04017083254101421
0.030583823431019074
0.03577133884805857
0.040921579036822156
0.09973989122458568
0.1735413523630098
0.29859797244333863
0.38764333713197374
0.5558559827720173
0.6524528615958044
0.685496556767235
0.6409982601473726
0.6482942772696206
0.6693769301279051
0.7251924942966521
0.7606989596362423
0.7684158700241693
0.7926246238441808
0.8033314753741762
0.786139343706272
0.7589576931229219
0.8136993388542988
0.8422076720013604
0.8603940862779508
0.828871495348175
0.8452661865394404
0.8488349100024242
0.8674386815860216
0.869404076311673
0.8679523477456712
0.8674168340086316
0.8664423383990313
0.8599711835356293
0.8594888970169678
0.8705937687364736
0.8590574647730242
0.8508289336183067
0.8531203680848014
0.8654576614329691
0.8540056954333347
0.8411079752583668
0.8537133717603034
0.8557095600891077
0.8691396726563636
0.8540800121746094
0.8698449736778823
0.8411358681412594
0.8636044276297246
0.8554720084107577
0.8546310376263259
0.818045317851164
0.8449117809243852
0.840257181394175
0.8553949378377687
0.8430122301253158
0.854448713889455
0.8556583674376572
0.8469825594779086
0.8577728040778771
0.8259747997160577
0.8283729883343294
0.794037564404621
0.8199360537673512
0.8100872039449168
0.819144788873722
0.8018919199906895
0.821137086951456
0.8226969210750275
0.8124944140705228
0.7732838906856894
0.7394062697142376
0.7105618556193334
0.7087764062879001
0.712661369696588
0.71312382464548
0.6840718510760628
0.6187059502196433
0.5589107423899556
0.5251675660541648
0.4999397870773285
0.4332048038247782
0.3474975786442196
0.25223923069926185
0.17870109784545507
0.11644546699367603
0.08151011023138824
0.05166681950194633
0.036724440727939754
0.02621602375285207
0.027778237759551423
0.01883843626131003
0.02801172654662291
0.026960098227092465
0.04428995741728709
0.06724918696369864
0.140254103315853
0.225816558863481
0.32955211361364783
0.43637345215135925
0.5743849784226469
0.6418996504953008
0.6522135593231289
0.6502524194497592
0.6895748237877288
0.7032651770456919
0.6961420518382812
0.7140732635667891
0.755872908405879
0.7969118933850313
0.8205150411148489
0.7797049307978109
0.7356728388146847
0.6977736730027647
0.6993769294664861
0.6709638091889172
0.6362203999317771
0.6109534320780359
0.5322688426326909
0.41440191141345584
0.2714234055211679
0.14780001361817188
0.060826751290172225
0.03700401221487312
0.060061036010141594
0.052127435819137535
0.04048596983109002
0.03520788788031518
0.035514295895430155
0.039774452693844234
0.04391272055795708
0.05283077110603671
0.05608668066454885
0.07739459418553143
0.0781022319987559
0.08421211786514916
0.12700838601874045
0.2154304013553361
0.3191488691769027
0.4351304990344188
0.5493018962580929
0.6342061696940287
0.6736640285012881
0.687876779673131
0.7432894207654652
0.7967775197932189
0.8157500987016905
0.8043010049389581
0.8253514183838837
0.8422341233486254
0.8359922412037668
0.8378583054179313
0.839972463324087
0.8353365882046941
0.8349441590723141
0.8448148160009331
0.8576471724153487
0.8564911193993762
0.8632586838104951
0.8545478642670207
0.8551106002464952
0.8453701000159811
0.852894348579289
0.8382718720360781
0.8531696753274629
0.8333724091319109
0.8437846813247069
0.8401078698355853
0.8560213837132699
0.853204506405942
0.8620721734874239
0.8722681517961149
0.8581801013299953
0.8456964398425836
0.8470262589131403
0.8559082489370978
0.8405039954033199
0.8363002075172763
0.8515587057941995
0.8247281595001046
0.7724582609014342
0.7431563937888817
0.7344164031253768
0.7363482322731668
0.7546442882118537
0.7616125396744967
0.7416201769871138
0.734687195095947
0.7347108128858116
0.7407960166934964
0.7327414427844513
0.720250306353689
0.7113699535266448
0.7223223806779319
0.7181681189848723
0.6928591486145018
0.6909239430337918
0.6980419627258732
0.7087822734114108
0.6972751955449135
0.6542233832386203
0.5878956260873408
0.552456389122965
0.5340882097824367
0.47290379149953315
0.3590045573970483
0.24998995012002562
0.13031682414308957
0.05450878332873555
0.02417618028107909
0.03876198911847992
0.03246457319630324
0.021655540460015818
0.0169030589502769
0.020197791259616474
0.02093500459478556
0.01723065416436666
0.01766252880345292
0.02911588379683333
0.0337919208023495
0.06007638612726815
0.12964305219682573
0.25196353335572697
0.3693965392024508
0.46280096517069963
0.5615667920874066
0.6332503379911147
0.6896297682839521
0.716809995086775
0.7844537691907744
0.8435140950229095
0.8685420670392345
0.834029740755469
0.8185671993460388
0.8299923314248897
0.8422885030072156
0.8317410358061511
0.8301376395027785
0.8102341218338581
0.8181863517999997
0.8317073709705438
0.8438179957721764
0.8143133950988304
0.8014203157536732
0.8121645214973018
0.8219399642005871
0.8300793268277383
0.8306661474429727
0.8306335315346879
0.8123560504528464
0.8022817308842152
0.7972976289903602
0.7937334873688324
0.793576467599068
0.8147293485176894
0.8307877376640067
0.8316188959666334
0.827745292853104
0.8173230132988514
0.7916152035593944
0.7832437704116448
0.7942623203741426
0.7961834076579647
0.7752583924325717
0.7459647899571189
0.7198215077387689
0.7016482082335543
0.6626042982502058
0.5981114437657584
0.5183642919101116
0.39846224667215796
0.24064928691057663
0.10562771054882639
0.055959393322412995
0.03824771518028119
0.029293671858951546
0.017332900398162408
0.028126978468087694
0.04027926931621045
0.04910126577681943
0.06611702352573672
0.06579481275765317
0.06629191478083837
0.04665673916555851
0.04633732348591286
0.03459460408857515
0.02940369917881559
0.035186720806799486
0.1054389437139474
0.23340703491509665
0.36979663279572994
0.4544538780276117
0.5414934332313488
0.6126718182633363
0.6923936623559748
0.7413437036130323
0.7922255283212781
0.8171943813378291
0.8422184736396232
0.8585304535841697
0.8711230310688741
0.8738430913687756
0.8720119537886919
0.861300882533457
0.8657876189238588
0.8710879299542845
0.8835573739665459
0.8908066221463316
0.89037697926626
0.8786249141442307
0.8809458133670934
0.8934316147865103
0.9009740488504404
0.8839027046241749
0.8814903521745422
0.8377755400511132
0.7738227495579681
0.7131425568614266
0.6753221797876027
0.6548960175626232
0.6329689712573743
0.5845272100846098
0.5159829761134711
0.4077001913461153
0.2711721330566519
0.11958752960374879
0.04725177077475046
0.016658922420182676
0.023195016177475682
0.026967442423463245
0.019651384041005155
0.014274906586685704
0.015269898119872302
0.015091288967644733
0.013752212390518548
0.018050609150796985
0.022155141433049443
0.019463230331207233
0.021762393484410777
0.01456022189066302
0.006531985128582981
0.006928862858730628
0.014504455743692461
0.015632010947319325
0.013928803482630767
0.015534615163785058
0.017373231345643083
0.022556429571781205
0.024292904913909605
0.024726897901487365
0.03049714091678532
0.04688649132740633
0.05889448818365289
0.07551638548220632
0.0913530567108639
0.11029679983601058
0.12373840559225971
0.14610679802845628
0.1777866992189449
0.21595826655929723
0.26488945983473605
0.26938104112526956
0.27399306536401946
0.36008671176642976
0.4950158947939717
0.5922513716014244
0.6507695112201843
0.7404414209221996
0.8006896876425103
0.8547610199854576
0.8751663970165156
0.8878211276259597
0.9045260229556873
0.9421346880839226
0.9718609549727263
0.9684332364861158
0.9680168149806799
0.9280350078977445
0.9015612985337149
0.8987859575954363
0.9268581812086182
0.9472286360127453
0.921891598450048
0.9244174255309526
0.8835339154356916
0.9041554792641014
0.8974373005868763
0.9399060138158392
0.9318667085407953
0.9442845361895076
0.923150591970348
0.8974642734217805
0.8945817326651194
0.9007219224597678
0.9103181718098297
0.916337338639674
0.9513870084762998
0.9548927338055101
0.9124742623527516
0.8347917580367906
0.7734353004276094
0.7008401597113318
0.6146427491263634
0.45887601191779354
0.28448992346829227
0.12322777177342505
0.061015939088253986
0.03475497876711802
0.028548992860641404
0.04096644824526107
0.050489210732590925
0.041443722765087176
0.023578597814832885
0.03525166256474442
0.04142986767478375
0.03866174992201182
0.051659594375126315
0.05175090168000003
0.047359251770042736
0.044004925622839905
0.05953442270748251
0.05283614182162917
0.04139309040974794
0.034979119487431626
0.06256361245490939
0.13794761455256616
0.24389065436006205
0.3544442291659008
0.4456828969257914
0.5803962079352744
0.6761839083976386
0.7237149259247847
0.7191432158202672
0.8021572804029427
0.8608206824572675
0.8861861413199429
0.861095484749196
0.9018774484465593
0.9182773865088512
0.9428525965955888
0.9322667456367061
0.9545408675016024
0.9570919682216007
0.9507253652541663
0.9406993435114017
0.9332433926521343
0.9461944728564027
0.9570102521058809
0.9654296722129517
0.9560069285895716
0.9601579972523019
0.9701240826982965
0.9782561725542258
0.9862822953430842
1.0
0.989281945900993
0.9748952945886198
0.9363298956774362
0.9083777421029794
0.912471834283845
