0.759227933501024
0.791914121662546
0.8427140236397287
0.8961930427660161
0.9359931825756019
0.9442689918732882
0.9374990376342249
0.9218122966978659
0.8909735823934427
0.8209774890005683
0.7042057100637732
0.5337518198315286
0.31877209839602655
0.15955924437116273
0.09088944932916537
0.07904714904628528
0.07109892357612957
0.09094541539650745
0.11114143333893464
0.11609451426280076
0.11566792941901519
0.11451041779389083
0.10007638440645511
0.08426318937009414
0.09980227285710978
0.17451258477400108
0.2872937330970752
0.3901722885235853
0.46515658770607526
0.5224043028021811
0.5755075138664896
0.638403924251372
0.708800782044512
0.7816434665217423
0.8469484911141105
0.9037224587261475
0.9370915716587582
0.9461709421333621
0.9309638178842099
0.8906961026790834
0.8350651302050922
0.7831483567814275
0.7401806725297079
0.6958235152476947
0.6315385024608947
0.5136658001087987
0.30401212833700425
0.12200530735647466
0.03758485660207824
0.04340709032752649
0.04413665873133192
0.046575073276862146
0.039778969085524106
0.039321048039726775
0.013331391761539893
0.20101210512687714
0.27194086509396553
0.24291772652312604
0.1749789255949169
0.38281847765757115
0.5455863609236138
0.6373500821047506
0.6833413990330548
0.6972632798333733
0.6786024753467251
0.6347127228105935
0.5830876428771257
0.5637195635703277
0.5994264231599622
0.6844848025398217
0.7820333353911216
0.8588577214008316
0.8941365703591994
0.9107284021730746
0.9274471447429447
0.9554944095909816
0.9522761439176401
0.8920839967076035
0.7592402047123876
0.5930174754424029
0.4246882742151947
0.2829909747425543
0.1596606237311779
0.08249637551781001
0.05810449812994467
0.06496639245547998
0.06870678789616977
0.07636257196026576
0.08698712728937114
0.07639980151914134
0.07644064317500347
0.07884021827872667
0.08299050383001418
0.07495148279603533
0.16135965298641777
0.29816213721763335
0.41868587000932533
0.4766811159278482
0.5386627229921708
0.6117952125834591
0.6991867121039355
0.7937354550729506
0.886940026874632
0.9527689192319683
0.9672385223827215
0.9411456956172001
0.8947714156983188
0.8046422862120839
0.6916443863015274
0.6001980664090882
0.57117939706373
0.5628670272803514
0.506400355771738
0.3095233190204546
0.11400261020834856
0.029060429095431547
0.06360714795229774
0.12231411199545583
0.1352722448835891
0.10525471275116996
0.06282527098294009
0.07033680946076638
0.06709867904576594
0.10447324729766717
0.11851638350333864
0.11300489928656571
0.11799583885793725
0.23343749557230456
0.40831859580554014
0.5803550642851585
0.6907433576325972
0.7489817903065982
0.7736005654393255
0.7694177107359892
0.7423247554483182
0.7212053259832699
0.712350858200036
0.7206472047512166
0.7571310756859623
0.8054924007905311
0.828250730399046
0.8117493222228063
0.767172979467846
0.6722431795401597
0.538561554776117
0.39597975727632717
0.2910772475763498
0.2208342881780624
0.1585295679372521
0.10241721063193997
0.06916578949163715
0.055506645190611416
0.044956672123637714
0.055720566131347106
0.06233109588236934
0.06051885380720524
0.061879967201207454
0.08387479514559949
0.09327938300952912
0.16759878345130294
0.2785236748377349
0.38401878400846595
0.42698284108672
0.4650209494568892
0.4864532215660125
0.5052528823455684
0.5306438190200377
0.5806459925547137
0.6743882188498308
0.7801384082053756
0.8522802066316039
0.8561694338932503
0.7950803983776192
0.6671290743923175
0.5378138105578907
0.4797952637058163
0.4860247528472721
0.5088077661484571
0.5374473011950228
0.5693055533162203
0.5776343349815982
0.5458424076646798
0.4495538000854366
0.2899679739958922
0.14088789187998582
0.07288111034125301
0.04399702215350688
0.20720877039851257
0.2519864743144282
0.18984313625981927
0.03328796589853509
0.06162307825530088
0.06580208926274611
0.07736649862884859
0.07990992069721096
0.07513878081169358
0.08214365860338371
0.09507277099612398
0.11263294676585368
0.1687956759179065
0.2509456601452192
0.30785217687923194
0.3081469419012756
0.32984589244614243
0.3758064720642694
0.4326900979950879
0.4743850966804685
0.5509988960134664
0.6633261934314466
0.7885405852478276
0.8778015121252318
0.8997296472858513
0.8549523997592964
0.7842396379094301
0.6994919511300719
0.629064136217551
0.5757425398317819
0.5665023286303802
0.577620940443909
0.5875789618798464
0.5438326085643643
0.4037855341414986
0.21429281607458986
0.08441298250084521
0.04962901729269559
0.05490010684917156
0.05434322786403132
0.061489240996622216
0.06812599610629047
0.06843075346369269
0.05737864527924696
0.07005674441944865
0.11958773765688498
0.1267176752428696
0.09095671494799588
0.058201116866414854
0.11032570484659221
0.2261011023233693
0.3406639692132189
0.3928470296235865
0.3929354989815701
0.3739621989693997
0.3307512457516412
0.309772736905024
0.2916380973745164
0.48512587080362407
0.6100122948088033
0.6549959505661528
0.58698870191991
0.6785920985615118
0.7478590856389312
0.7935190979415878
0.7981714125884689
0.7457864683246264
0.6959606862238804
0.6565316721919074
0.635968685149439
0.6102677184385137
0.6136953726310583
0.6096478331915878
0.559723556181048
0.4466534150650756
0.27360521285694556
0.13359351093869587
0.06217824390173607
0.07890953744342258
0.08920638414189856
0.08950348689411132
0.07033601977413687
0.0670884445276543
0.07107387473677448
0.07149040905413893
0.06680706578913963
0.07631772156427223
0.09931668892916036
0.11534130746323858
0.19213774526559224
0.30226615386757644
0.40885518042226787
0.45967305654772783
0.5060150611163315
0.5287986528783564
0.5354805193721534
0.5550226187032027
0.5958884072135547
0.6714730134224695
0.7934678626444536
0.9026869863077387
0.9366837796694145
0.9320993900995815
0.9204512125291044
0.8543314270733411
0.6619160346807215
0.4148431198125562
0.24907645985404425
0.2303441560162104
0.24375284795857738
0.1875749542149098
0.11215630769428249
0.07405962814709806
0.06737896757682023
0.0703689335748384
0.0804333184195018
0.08932951902796969
0.07575266156295765
0.06925313801532292
0.07800297080806305
0.365623606758141
0.5613316466318445
0.6118392409211522
0.4781446370329589
0.6240521215108558
0.6517249422595404
0.6186002978050334
0.518428447947972
0.5245924430032771
0.5396935553439542
0.6055953741762059
0.6878271483121333
0.7396316688900665
0.768643547528584
0.7869926774908474
0.7908957604978725
0.7882941284206424
0.7955351170218536
0.7978277549167315
0.7621118672903981
0.7992911647087881
0.6164127084715803
0.32091109425018677
0.06051544714243238
0.19217315530363127
0.23357733236971912
0.18572364343373673
0.08277165721168649
0.0919619587929864
0.09133253695981049
0.08964718607949863
0.0911438773767366
0.0825924454431554
0.07887396317350083
0.06724644803176069
0.23266764040409027
0.4179492453047886
0.5486419025174495
0.5646725706189163
0.659400122967577
0.7224916857119662
0.7467870267536404
0.7496490323294891
0.75520504765472
0.7569255752782886
0.7530165130622686
0.743725831026534
0.7454120686758907
0.7668501069755747
0.8074295660324291
0.8180067558759798
0.7648246547323893
0.6288824439988833
0.39500368733290264
0.2170202864043766
0.13454353583935547
0.1202810285199921
0.09375763382524181
0.1043634342607645
0.11682994253699304
0.11899823755183377
0.11273323459882684
0.11646731852675994
0.1218286412409085
0.1376199019042022
0.1300596161038961
0.11228296122379199
0.0999108640349317
0.09956286077292109
0.15243816948275965
0.28981023628556746
0.46319180436359025
0.5842543440798685
0.6578840507863954
0.7107956158298657
0.7320332111239075
0.7283601780716764
0.7197363354847458
0.7030764440174666
0.687063628325181
0.6726230745506117
0.6410396168521222
0.5589556425508545
0.41006480530632716
0.23154625145156685
0.1105507671088857
0.08049788600779
0.09921083704028194
0.1002430350185304
0.0910348426458317
0.09038844000366003
0.07739594504409807
0.03723126160022036
0.1924549628451161
0.43591208001823845
0.4229274117457847
0.1853577306198123
0.06450289695705057
0.10163229395363384
0.16723149877926746
0.30675988237316953
0.4328421303517732
0.47162369062844894
0.456421523974884
0.5868706943064506
0.6219870568238994
0.5340297886567618
0.3606774792082297
0.3709814373310888
0.4332037876161609
0.5540548228259622
0.714042634320725
0.85573335415606
0.9249119321306452
0.9359094621134805
0.9223138057626704
0.8880362368489527
0.8102069296420306
0.680533680712589
0.49291459320534975
0.272268119053832
0.12063211364100389
0.0712553376176492
0.08922965380584022
0.09813393118149517
0.11529097306692376
0.11323211322597726
0.10360414810795394
0.09192325821482701
0.09553254070265937
0.0869040948229049
0.07788194083558185
0.08619308467788833
0.17429861647595649
0.33195145540247667
0.49944854507195496
0.6354241723804628
0.7481342886463154
0.8206319827840777
0.8494249530675217
0.8442263923863403
0.820059797953331
0.7739627250522096
0.7422563585401505
0.7236669378633341
0.7280933506226854
0.7454265085668508
0.7644549895067028
0.7517911677548298
0.6917028992446524
0.5171129686647897
0.280679982093616
0.11100009112028134
0.07796083966378514
0.09273694036737667
0.09870638750761528
0.10647556200343981
0.10490616097219331
0.0945639007501788
0.08252956013307056
0.09338106798322769
0.09748455196724569
0.08822472943654786
0.07267382096546575
0.07680260523949768
0.10363691285558416
0.20210491120905186
0.31736530959822545
0.42090763040699497
0.5015167563310463
0.6064494050535235
0.6914908351309076
0.7424708743127328
0.7624514936227721
0.7751941577484394
0.7890846677171087
0.8018890213311183
0.8128745360138344
0.8211439693633756
0.830113203774623
0.8249157792911727
0.8024740955196898
0.7431830552394892
0.6409502741015229
0.4860088298905315
0.3164973520718812
0.2047037435554264
0.17085559946995776
0.14826859659917177
0.1091150429409307
0.09475381214817581
0.09617657924785605
0.08486289148495713
0.07274105966131941
0.07061433981614612
0.07757752496043699
0.08376576052845609
0.0978878368877732
0.10385145164486859
0.23156109457041954
0.3560777582259714
0.42735412265560113
0.4143280507764799
0.4495037375975567
0.4716878499341318
0.48922419400805134
0.5255326076855764
0.5947555617845884
0.6806244532724124
0.7292235310696017
0.7349084052027157
0.70939098094236
0.6749267057512491
0.644242196979546
0.6281818459896104
0.6199776281886901
0.6004578620889438
0.5542999676129797
0.45648546575923654
0.34023378617745637
0.23126163233054617
0.1717691437193667
0.13173716704350288
0.10507273029635206
0.0871683298381151
0.08114168947343778
0.08447848666311596
0.08297748582914051
0.07526401429782886
0.18178640860686937
0.2038970510941837
0.15116821956006535
0.035199637162049595
0.06618139432147481
0.07382013774018124
0.09246956604111825
0.10812921224358418
0.13990500393565058
0.16838280019955446
0.20610855201693892
0.27342632291865565
0.38744492276461345
0.5195310361651173
0.6417499309383018
0.7602448377660589
0.8350352783808261
0.8536967706124587
0.8524395314736775
0.848333945073499
0.8079627739542515
0.743510652513379
0.6936455948732686
0.6652085305359864
0.6518533260899272
0.6352196179258454
0.577102658425026
0.5257438789990879
0.4742176082973045
0.4469014518054702
0.4276367283964997
0.4145687798022473
0.5069281940709393
0.44622169334230316
0.2703928792424706
0.06446769879340715
0.07299614759058118
0.07060528470556938
0.06414752833441088
0.07304472371703924
0.08010998511646569
0.222398772479649
0.26871671826310384
0.19406716997550116
0.048939420840288704
0.06414470163089718
0.06824522875328314
0.06495123399423489
0.0691706935564178
0.08070314859356584
0.08276348983850301
0.07736981545363787
0.06846355740092575
0.07033508115556411
0.07194342370092442
0.06605413066388095
0.06026951570433235
0.0684851300968305
0.07726306994548533
0.07365348949464619
0.09772294208526695
0.07130720184176138
0.2570190133747449
0.5302300175070283
0.7557316081902186
0.7840007921767235
0.6413253993725018
0.48001273764588426
0.4195317008673714
0.5634017803616813
0.6362288670990116
0.6856027903979316
0.728232547746646
0.7633856254885723
0.7902857339735752
0.793911136516808
0.7782059902587725
0.7440781008640672
0.7190278155433555
0.709910923918377
0.7099336546407545
0.7066924774620198
0.6924142989965325
0.6318396720144329
0.5075812725417131
0.3152394589341243
0.14837934207911763
0.06439062548826265
0.059086103384604335
0.05966138454978774
0.06599644537752086
0.068370067518785
0.07156581338888937
0.0731946727520939
0.08542861512790897
0.08770407488710033
0.08384972891143792
0.0716852294709815
0.07116048980271152
0.07865684508484626
0.07723156233158994
0.07987004076978217
0.08686059249356046
0.08576735596195201
0.06637620463494787
0.06681810078768527
0.08509150818863044
0.09751827259940798
0.09359195157886138
0.0823421165961622
0.07040853899204934
0.06856353009429886
0.080317688434989
0.10997525079480536
0.15452835219068445
0.18991520084505456
0.16034287763410032
0.1044790137472061
0.07046269948057217
0.07414514981638345
0.0785442377427424
0.08987899471615916
0.09670501837690208
0.09580098444201332
0.08318538173279072
0.06858867400471609
0.06430341378719877
0.06643935769855053
0.07111120481939537
0.06982648766282637
0.07146662298607208
0.08766681029339231
0.17888805622947518
0.3056636060047695
0.4135765180603488
0.45126703098402166
0.45415352362450423
0.44335628967814883
0.44534931731657834
0.48332016466968625
0.5832460283704144
0.7304764996956983
0.8630618206901762
0.9327583169650462
0.9618923635544507
0.9646407900378403
0.9486895582349129
0.8935219022978133
0.8042081894736554
0.657931270096149
0.47983088693470727
0.35473403705859297
0.3154541069195543
0.32476278393170255
0.32905338373846404
0.28810798542663124
0.17636421332802496
0.07458197279309596
0.049763007451226964
0.06173115699249064
0.07218196258635243
0.07919339472614628
0.08011055016519693
0.0766021288822234
0.07854977961913871
0.08086482782618282
0.07261755509815454
0.07373644101607911
0.07331897014553496
0.07955432394003918
0.07906918134518523
0.079339002980446
0.07853053480306525
0.07832558383750242
0.07688501343714095
0.07450829565205055
0.08569211664573534
0.09313971733417631
0.09000728450816124
0.07710020888941431
0.11946837770751913
0.189909976394027
0.24474339568051318
0.2548408699421384
0.261229145054775
0.2464038727109309
0.2163003397625847
0.1957676113271834
0.21505536053930208
0.24350422020931517
0.28493500525232734
0.31192097320537826
0.3271036383908353
0.31387901231509674
0.29268588518790195
0.26362268385637017
0.23844186594991745
0.23299164673879222
0.2443931616227811
0.28510031960487625
0.3647521492699514
0.4664849602001042
0.534341278197103
0.5422687084187123
0.5053369095695658
0.4699874072320222
0.4562440088637127
0.4663798548251391
0.47670448278325694
0.49014155806733023
0.5206588098372511
0.5848604186101974
0.670437880454304
0.7569814488214761
0.8031837014458701
0.7825843472189319
0.6791129492521806
0.5199011033202584
0.34874332172044087
0.20601121835797712
0.12404576376556664
0.0979085383357457
0.10297459669655488
0.10917795295977342
0.0963224900637168
0.08180178799295525
0.07489676621899667
0.08792755708069068
0.0905906765318643
0.0968327275455687
0.08880676807354759
0.07974026187340616
0.07338871951647083
0.12419800495777035
0.2080759159705523
0.25259997580070415
0.24494205959077917
0.24100303327653216
0.23221443870035757
0.21198720375483154
0.2210189023154657
0.2955502970775263
0.40160762266744265
0.5451715701319291
0.7024839952603843
0.8368667147819004
0.9218999699226876
0.9703781725385794
0.9866947423058706
0.9562998150739614
0.850396873826692
0.6778418628701115
0.49095897440647873
0.34286737825901265
0.23439507870824333
0.14837677789615503
0.10121444540042325
0.08740709370204247
0.09650308183004576
0.10407198290642034
0.10428073863345023
0.10587427687794633
0.10608686113789191
0.11681896753765886
0.12095156402659223
0.13689006525772218
0.16802166523229725
0.14225248330188178
0.27545313055397097
0.309436168315275
0.2868206054555686
0.16646179807952877
0.19818939236647073
0.20387037537166428
0.17704129770532487
0.16227471043417657
0.1560265462477465
0.21424131176803957
0.27875858489578925
0.3471196577759408
0.41188444316047806
0.4720314507562536
0.5147417178130199
0.5336227407589835
0.5218047263162843
0.484941761209223
0.42174237560890054
0.3547298352817233
0.2992404132484935
0.27033111798649856
0.2623350014284127
0.254592502247783
0.2341211749789067
0.1745207241408166
0.10479991845351498
0.06168552467099928
0.06280317861907804
0.06678966289991711
0.06074037248006392
0.05831193466039451
0.0650842651532158
0.07906248695894166
0.0860054062780603
0.07855289406332543
0.07352116862482531
0.07637265302175296
0.08009109723100387
0.07210842912974066
0.06841485013903048
0.10729144141046952
0.13075778595988857
0.12249207074103118
0.08796298123034543
0.088356763647493
0.10353558623614247
0.12897257578336727
0.153302811437674
0.15844544079666112
0.17265265024086732
0.18420255010977252
0.22773007238631618
0.2818897226049425
0.3234148100330911
0.3443913444677884
0.3530690180755499
0.5018681450324071
0.5712892942127239
0.58338958199204
0.537827957201662
0.6278679504866115
0.6848222372387563
0.751580047439506
0.8059447180145966
0.8360686981308989
0.8365136492414013
0.8427695441392065
0.8140210469249313
0.7133509106177702
0.5501142861209681
0.3680726492535037
0.2135835631908704
0.12373899641880312
0.1030425646286092
0.12047028079825454
0.10339775287863752
0.25354711071479735
0.27464689598118996
0.2036771167837719
0.05080228191822095
0.12151532254720031
0.12675555034751668
0.10829549996238136
0.0733184952865662
0.0893616718942431
0.13675499603844954
0.17983982851206864
0.21437427572530465
0.3159118369318592
0.4294388538382331
0.4958259893305771
0.5227238962597557
0.563174050664432
0.5796380713362336
0.582629045204181
0.577959845485207
0.5469138264299007
0.5099727788750555
0.49964260557523776
0.5235653765844679
0.587405710128195
0.6806413518931209
0.7908816420550117
0.8677254649012867
0.9009041872182496
0.8974449327910867
0.8827505881000479
0.8154996288832196
0.6582655050297201
0.38237980738590316
0.1555696714293328
0.04668617001864997
0.055758595338467706
0.07279568248220518
0.10104854552258387
0.1130144893477147
0.10105262542450609
0.09499860413543554
0.09162764009166346
0.11340072141640789
0.15775848562509243
0.22579462730376354
0.28254082699302313
0.3370050280813276
0.3986506351293125
0.45641569386109826
0.4964394524761969
0.5252114849722727
0.5584177712193604
0.6095120779066835
0.7013037728988736
0.8016207289537701
0.8488350275020791
0.8210006573567126
0.7294824020544205
0.5740133291794072
0.42722479945375147
0.3653113126505289
0.3987326623176974
0.4497552356642724
0.520805724589935
0.5520613416297803
0.46953641378416205
0.2790682722121329
0.1348827133670525
0.08830921053300704
0.0882704676042016
0.09757952570003874
0.0962318129860271
0.07934839801554341
0.060615678154107414
0.07230637589907021
0.09106034822064614
0.09697187062258134
0.0911262824990044
0.08338913027589649
0.1008882925523081
0.18320248853607551
0.3232677107573837
0.4860894049479092
0.6350680934196976
0.7591169724146519
0.7931153695535039
0.7327410532468209
0.6158888538109296
0.4953457312013779
0.4169826655229614
0.4203744981119079
0.48205525315739745
0.5678266567315454
0.6643804839780054
0.7662744416456735
0.8419919192878801
0.8860651789437027
0.8863991390020914
0.8375875926620902
0.6426699634793377
0.412145971524068
0.167796108632567
0.3037076340646229
0.33594421142297004
0.26797393562991934
0.044756387066157206
0.0827793152578593
0.09631177791853937
0.09308757859671668
0.0805720635463711
0.0971656767946633
0.12443975816525715
0.14676275870958086
0.12804186141888196
0.09424618970716396
0.12118314922057297
0.29104798296662343
0.3991651148246204
0.5566150757243633
0.6117760879874693
0.6490917727237746
0.5818295568173018
0.6594545581502068
0.7236898151148009
0.7964984753163403
0.8470441479746953
0.8655326593552001
0.8459408475418345
0.7992987065724014
0.7397262892827969
0.6919460103272249
0.6687398686460396
0.6594010159810655
0.6478539323171522
0.6003406964278348
0.40474674720874476
0.18168992252344612
0.06526472853640274
0.08367374350753119
0.09835661840941742
0.09643149828148483
0.09443610710121868
0.07790301360205923
0.07463253229192804
0.07483025137187728
0.09330489702769514
0.10108252386213837
0.0955109643050345
0.10058566107415062
0.1784096397390358
0.30743678665749635
0.4304507025629139
0.5256213225108016
0.5997632582154944
0.6442772582197495
0.654861629536926
0.6594158011536372
0.6695159871679977
0.6747540655290286
0.674363977553
0.6833123387921661
0.718271853076032
0.7713622552682664
0.808442319205835
0.8066300140233851
0.7568905435055748
0.6925290317494648
0.626171952303759
0.5321709367313013
0.4148275928936302
0.30265150128922313
0.21520913018680995
0.13915208340142995
0.04438402342137653
0.3148870718356813
0.43686159712922334
0.36396254082915536
0.0415979584319539
0.2557094759574777
0.3046566598036397
0.23950516462897992
0.053952582285646304
0.12328854266957166
0.17563986260284065
0.39602745665631567
0.5364346169284454
0.6173388860933257
0.5738189728750488
0.5465574241936458
0.3811941485018257
0.2468560242404754
0.21597646053473935
0.282239640601055
0.37480653032628686
0.44194471637646354
0.48049793767316146
0.4777377379103914
0.40621018468287035
0.298598048894798
0.23355085732181283
0.21970336010202918
0.21452987066774584
0.18230613869589304
0.15617321009298263
0.1265566297642815
0.11390420494780835
0.10637374253431167
0.11122699682517583
0.11898348832350976
0.10532402107107668
0.24194682135934864
0.2973019113217248
0.22555423537767047
0.22717010592725587
0.28522598738324495
0.22341892568877314
0.05716082063281155
0.06244464694303751
0.06156881956993645
0.01563552009093185
0.25217679971340584
0.44093582582709473
0.5695491603304906
0.5362311816189573
0.6765481571399788
0.7246542988248882
0.7637987373253635
0.7920812196801228
0.8042068475099828
0.811697744022208
0.8158708831267095
0.8200539593704494
0.7886453208392111
0.7929413526032317
0.7638661451563499
0.7310756602878508
0.677570346259587
0.6745913709799114
0.6149052529357021
0.6323827892549491
0.700310748460371
0.5200755731249451
0.18993399235449515
0.0
0.04770349548975118
0.055852459148876446
0.050923057444047924
0.06439668384690862
0.0829021010885968
0.109235989528737
0.10523130551161078
0.08986970686935851
0.09240346869526186
0.09973854071647835
0.07809444499449474
0.15506191478848608
0.2293218929618594
0.2951836606727748
0.33374926958005646
0.49295424375835367
0.6201564559394582
0.7030087393451312
0.7380257726972036
0.7619170438155017
0.7869726050462383
0.8002217594925866
0.756132631172152
0.6032084565267904
0.36803291877328964
0.1959952596191333
0.1455064970897993
0.16463210853673393
0.17948905908434834
0.23270350942417375
0.33957607195266676
0.4747818184258336
0.5902002218318967
0.6559790433602347
0.6490791561726759
0.5554080087798049
0.34406652959025585
0.20919887803607493
0.1557634653064929
0.11114606448235018
0.239660024781428
0.3895534384743723
0.3511093127160526
0.1197697967366074
0.07326826625451778
0.0869673008239668
0.07112210628417916
0.07143185367245339
0.06474401199378674
0.07643563558985406
0.13182634668280016
0.21025098942236223
0.2638345786638036
0.27768820636002034
0.28924632365522174
0.2811639446459553
0.2537057697473064
0.21518323635735623
0.18224117084093397
0.1601316439699511
0.1565026293260378
0.2072303884981273
0.2850850754984063
0.3400673466840336
0.320556062263658
0.22086069482431897
0.11405957613721501
0.07038830072556426
0.07922442507873872
0.08457393898544878
0.07537105390726265
0.07887745147840958
0.11753403971243165
0.16883174272030554
0.21308953564218594
0.17146626196108813
0.10386181522806244
0.057365968657613696
0.0712167448592935
0.07556285568190604
0.07447084649554564
0.05337282828412599
0.29329147269687
0.5041144919306928
0.6319106229811107
0.6302752307870254
0.7858577452801678
0.8544493039269103
0.8712661781656442
0.8668336381077892
0.8649544359910374
0.8662516145000123
0.8712234118749046
0.8538555881541167
0.8105841095649965
0.732455688530511
0.6348775110634493
0.5301893627953107
0.4605109805080118
0.4132880368677717
0.35431774679190176
0.2737108148764776
0.17209558112691764
0.0987721021362428
0.07198085441557961
0.08571066345653011
0.08276762430637671
0.07149979010071135
0.07581594004947757
0.07973387317000999
0.08826260074325278
0.10377510955974226
0.10845220220688834
0.09799171380323378
0.0903422098129035
0.09764079167800409
0.09773815703266829
0.09074767532671786
0.08355595233020285
0.07750344880197362
0.08331610629930633
0.09663973982185564
0.09203412330695547
0.08137905881667142
0.10265317384177315
0.18685758106583503
0.2850628227828519
0.3718095717229631
0.44749271208642666
0.5514415971355636
0.695782036421639
0.8446938582682664
0.9421360977289278
1.0
0.9813578689719438
0.9705481767453367
0.9696647779791933
0.9993428430761817
0.964357640575388
0.9305058414287132
0.8975918305321439
0.8446392322812125
0.7151913915674974
0.476917013983776
0.2435053000967674
0.1115813509530334
0.13464974177326108
0.15170396661351965
0.14118865504596326
0.11022421180469488
0.12054440122631319
0.11900444723818918
0.10646275589252208
0.14963405828680318
0.1707462425778171
0.16832142782162152
0.12641636645907847
0.11684094481768066
0.08926375941802096
0.14222074945185956
0.2855350147674965
0.45264672770082814
0.5616802394435247
0.5888087212884439
0.5277696462773002
0.38715203801456394
0.23274252814228338
0.13605933096704811
0.11573605112989732
0.11848582049415297
0.1122150064293762
0.18339990733362027
0.3733982327837102
0.6126131216014767
0.8177637104027414
0.9251951125216975
0.9646454785220632
0.9732597473906258
0.9893624520288337
0.9815413035868877
0.9575059030136708
0.9264690173122045
0.8792986762831965
0.8322913345445992
0.7941850659610132
0.7752118200302557
0.7354845142372003
0.6572115354564968
0.5050081689558544
0.32493464745217737
0.16311060338524233
0.09454061804996773
0.08314439136075917
0.09174149734206095
0.1000588717332249
0.10683349920267425
0.10608477809094129
0.09467721862561249
0.10020410315444686
0.10299786886720319
0.10551081795620473
0.10383484557080301
0.10877778279845923
0.10401571965962327
0.10228634064889272
0.10223421170222217
0.09823056280740515
0.11485485194365869
0.16300859523654437
0.20935206900335032
0.23714629953570443
0.26120376093854536
0.2978497498534195
0.3609514310679162
0.48481895529276253
0.6465989331169575
0.7883144485305201
0.8622588662986395
0.8843784781547016
0.8847800701914832
0.8935609791092882
0.9049661764608005
0.9259020113739871
0.941359218481976
0.9604566514539975
0.9750837058334616
0.9823888121178854
0.9875560505302331
0.983429714197531
0.8909433967909404
0.6530181722744428
0.3341074788606023
0.12463672015639346
0.0693557249480098
0.08765521259949403
0.0768891068559186
0.07531661806356174
0.08591468138510318
0.10180108563303529
0.092284157497479
0.09343836199815206
0.09538360779085839
0.1033856351258246
0.10917058470870343
0.11524313477363815
0.11025300325623837
0.10145470080716339
0.09763582860842036
0.1375728295271024
0.22144951971809562
0.32483985237804885
0.42479401693378666
0.5356996913201102
0.6463089469227129
0.7166173608822523
0.7549669111825816
0.7363957948746216
0.6830512843300468
0.5947012246982537
0.4991143019762815
0.40207044857440655
0.33360084954341057
0.31287030828559115
0.3364713254533838
0.3665380817344848
0.37537978315351467
0.34821662145368953
0.2863641031514361
0.22426798459134575
0.1570852651390797
0.11955505046909248
0.09116952517274304
0.17830324128358668
0.22545093856275505
0.21081572172057744
0.14995521671991213
0.15879751768322534
0.18233685842722472
0.21002040605188677
0.25798854691649736
0.20914575011184638
0.13002208909971807
0.1110981645196522
0.22782301863775198
0.2292742601812718
0.17507062466207984
0.12989117022170243
0.14444607463143577
0.11603492841732325
0.09436026183254752
0.09771349913099206
0.10399386559216882
0.08906059954599051
0.0875532046530554
0.19889144232494785
0.40430405085493737
0.5956984381620928
0.716462535798744
0.8001701702018724
0.8452256465130821
0.8677971758331585
0.8850742608376396
0.886642670760566
0.8589511115376897
0.7786244624942897
0.6324896449534249
0.4598919287538473
0.34617891038754467
0.3282353407699209
0.346567402625156
0.3204731079163209
0.2173679565634053
0.13068080545695557
0.09671478747239738
0.09911076018635949
0.08822111694533909
0.0953786479863141
0.10410733485358968
0.10186089978854211
0.09209668110291605
0.0977551486060364
0.10333809701447416
0.10714889515785529
0.10303057847296986
0.09677103487103182
0.09356159953906003
0.09046240716143865
0.08298148711559285
0.09871734071700261
0.1087587077974492
0.12616044531361464
0.15862751915648246
0.2103258358519025
0.2547021862676278
0.3290041802505174
0.4379981698008492
0.5344954855626795
0.6054903855453939
0.6440406843500379
0.6371977838711133
0.5985418808095937
0.5545784763796877
0.5406088523414493
0.5663838476527316
0.619084768716515
0.6913025499435896
0.7878021262507837
0.8791277975959906
0.9294360887477611
0.9498625185937184
0.9713233025388714
0.9788845878858852
0.9190233050582548
0.7791431249876066
0.5373440359184218
0.2509835906406117
0.2139337194774572
0.24434690736721315
0.208959843858959
0.060301380015256104
0.06173776269889545
0.06620629408319013
0.07512640756039149
0.0959484465334079
0.10817663711942874
0.10363691397225622
0.0972991123290207
0.09484085102355017
0.0877218028597312
0.10659757803380757
0.18709687346207077
0.31928078472699295
0.4796120745312722
0.6082694291559054
0.6418139258429965
0.5560800477438272
0.41833697082718535
0.28256736811471667
0.16357289748916173
0.08008077434035889
0.08831534338807039
0.25356809392622925
0.30013558830069587
0.22600151631597795
0.14915508844648454
0.22879152814303233
0.23627830422039905
0.24463579728250273
0.30925816204143847
0.44716185317916207
0.5912972095890104
0.7365510121444742
0.8459643330423707
0.8983436271728895
0.9194802758872391
0.9233951095865538
0.940935744731602
0.949280477719024
0.9290222203078623
0.844118419675383
0.6905892100025548
0.5416222731602985
0.46123958925415226
0.4675310996843079
0.49079375426776983
0.4870862565799426
0.4296072868839859
0.3793926159351561
0.27014731514538
0.1533361985356151
0.06103160042726321
0.06489139968750898
0.0630323584528617
0.07786567554139892
0.08958406706015562
0.10290073528052103
0.10450927047530796
0.09182577765142115
0.1034776699097308
0.11420217374866701
0.1139903840520557
0.08507523180854888
0.09072478459537461
0.10695917567073351
0.11840103893016117
0.10812123373996994
0.0923865041559074
0.08879828048357084
0.11901405678801343
0.15652792314176706
0.15340902998662723
0.10414273463110911
0.07404554413815537
0.08189928863209577
0.09528137423672006
0.09708512781907641
0.09803982753661891
0.0972492158435762
0.09798843152127254
0.09783285833832739
0.09584733416872318
0.09491320857561761
0.11668969647083832
0.12661859889669272
0.1411329693447012
0.11320011577078302
0.09179216376782783
0.06576225717260084
0.06854289123290049
0.07593074778641447
0.16196445817416702
0.3217691157528796
0.497024955434084
0.6673359560270687
0.8333898115623554
0.9531861565018614
0.9908816953075051
0.9720403926568579
0.8560568189241465
0.7866621920402224
0.7866700405674413
0.7788836445742573
0.5996428447188231
0.4145217781470976
0.31958369077142207
0.3027791425180762
0.2929067465653676
0.2558706747098568
0.18028799524931524
0.0904292280611427
0.05598152097477922
0.07139553547005283
0.09826568072367603
0.10277248074002487
0.11934727795644191
0.1474016106126369
0.20431762451193428
0.23502098727412687
0.20152964271738683
0.16386296788969731
0.14627506585995276
0.11881319606814351
0.07427550485076824
0.07574793120356636
0.09194555015947237
0.09579396403903759
0.26680440185193627
0.3524635958576075
0.3064539058657554
0.14237137763490698
0.12084888975956448
0.10113013446023814
0.09914754918417465
0.10742469200347864
0.09824928010477563
0.0954216773718489
0.10346982731354844
0.14633261435028216
0.14997917946660577
0.11567259856066665
0.13025059701100614
0.1570446345693058
0.14973056395471226
0.10475163939964709
0.10816104489719172
0.10103738764600471
0.08520371509467115
0.07075777167260362
0.0800296278456777
0.12398682707382618
0.23212121960837298
0.3843124717663848
0.540139382240167
0.6573592163863822
0.7452829031387613
0.8026966169264516
0.8301666869515197
0.8294706277506368
0.8090345319282939
0.7828960375103764
0.7752367892107368
0.7815059445309664
0.7846420823082553
0.7682419924952584
0.7553324078627563
0.7403647857137052
0.685513225340466
0.5418748306319751
0.3685264098883749
0.21654732857563957
0.16341833288262722
0.13808905365364446
0.12071811100026798
0.08172505120768218
0.07952978214216658
0.07866031834778621
0.073498634193614
0.07106245954957748
0.07451669856939394
0.09131522535637458
0.10581377566134598
0.11084328823873842
0.11178133707880483
0.10709404560870582
0.10626958634021631
0.10134086667498739
0.1079309328482431
0.11059907650385621
0.13142009284513456
0.12012701711711689
0.1003829318893659
0.10308353576729583
0.13762248122625212
0.1547989293588295
0.1352034176455155
0.16417340042090786
0.1702001712709974
0.14637125862156966
0.09218277673862123
0.10167172377546399
0.11061070011138882
0.11422483599128787
0.11506790014305364
0.11935088303424228
0.11836233159042828
0.12702057117375248
0.13299469806951672
0.13088437032984135
0.13694292409147618
0.1465409944033076
0.15921223224997672
0.1563923288866588
0.1511089269102872
0.13165058180796538
0.11690454067639208
0.09642200174032574
0.08546942073988929
0.07782619697169454
0.08133823538050597
0.13248228688173974
0.18634339679044054
0.2616127573514799
0.2332821818980255
0.18110535541890166
0.12321426872106014
0.1441650383733328
0.136699532820125
0.11563292279062556
0.16542984664686064
0.1951329262492859
0.16982152324715666
0.10726484207793206
0.10931871930208734
0.12936998482888537
0.18687017390615746
0.23448744602627883
0.2326063049597134
0.1766019813271628
0.1376592565160363
0.12277826270283877
0.12605617216440201
0.12304874510896656
0.11450945640018699
0.10660049133843898
0.09570265087030279
0.08374326808757783
0.07842179208496193
0.0802365682494159
0.08221424128731061
0.06940305454732876
0.06236131613741796
0.07032001956639548
0.08266561098000512
0.08633699109343279
0.13311178407422386
0.2804738686700332
0.48219465631680586
0.6836139156932598
0.8254125118374539
0.8975521991060432
0.9089508410324694
0.9022888756143124
0.859534989110957
0.7500442637993626
0.5856625880092334
0.3790252501818222
0.19834806445367126
0.11629233465532442
0.13007846125383882
0.17233813455798477
0.22921071848750044
0.22931326338276087
0.16866955849667495
0.09628839626633068
0.08909466810202638
0.10331194002103819
0.11931576177272397
0.1216226552660974
0.11861801381611654
0.1174173212814667
0.11751339149028057
0.11066867868750103
0.10605438998278018
0.11486412072637797
0.14368415855850203
0.1739822049891575
0.22073278053020287
0.28635426834484584
0.3621290427668899
0.42213065215628226
0.45922073761042786
0.46504806625545964
0.4581022182360244
0.4521279324152198
0.45993596883074006
0.475215063072451
0.5164913975007087
0.5942147253766334
0.6930592692758033
0.7766584220814209
0.824572234745175
0.8520409166598925
0.8558444180408171
0.8289493384128747
0.787554005678339
0.7701967842714034
0.7878930021827064
0.814599012961128
0.8498054915896066
0.8886931866196259
0.91888501529113
0.9056686975253977
