0.5321637426900598
0.23444976076555035
0.6631578947368435
0.1401037805782055
0.7760358342665201
0.8169336384439384
0.15789473684210456
0.9043062200956965
0.29824561403508937
0.9510403916768694
1.0
0.7760358342665201
0.7368421052631626
0.7368421052631584
0.08961593172119516
0.6992481203007502
0.6992481203007542
0.563058589870906
0.0
0.595141700404859
0.1401037805782055
0.595141700404859
0.6631578947368465
0.1228070175438563
0.6992481203007542
0.8596491228070201
0.6992481203007542
0.8169336384439407
0.8169336384439407
0.663157894736839
0.6992481203007542
0.5951417004048659
