0.7644737787428315
0.8052370535810975
0.8038621309773606
0.8000885239085254
0.7950618470199592
0.7906789242309884
0.7923156113747828
0.800717094617113
0.8002228628186199
0.7996129719926286
0.8010200751551111
0.7978344618862513
0.799903603769374
0.7962498986270345
0.7965443531133783
0.7969557477533795
0.8015713647894241
0.8004171865288813
0.799884957095805
0.7998565330110163
0.8015078235309391
0.8005316564767673
0.7984436592300362
0.7836027991282819
0.7643304788344694
0.7677630730320064
0.7841826709701804
0.8069074060316194
0.789208634152881
0.7858223395436783
0.776793233081885
0.7906023790102389
0.7905849306449272
0.7946207831445289
0.7931248838944259
0.7921508014271247
0.7933886446580175
0.7907686368603698
0.7901092241899038
0.7923265340528961
0.7906439334210391
0.7925258431408968
0.7964109346912198
0.7959320035264248
0.8024922050655284
0.7902488048303968
0.774348136355222
0.7639213921892852
0.7544454877337
0.7260889077552899
0.6962778689712315
0.6793293029398383
0.6398613852636591
0.5890657085559265
0.534389142708722
0.4649123832159244
0.38612020450668044
0.2933522538753468
0.19568738429085827
0.10935081958446276
0.0698685624500579
0.05517544983853127
0.04499268632342696
0.035068061196310216
0.030188005365061256
0.028108572060300808
0.03158682285673982
0.03601074176530241
0.038215752903552024
0.042628479933598515
0.047241792111636254
0.051501672765362834
0.09875805157836268
0.18687330128096163
0.3008072572826142
0.4128450521763312
0.5222125603147645
0.6200176141747973
0.7059808466392004
0.7732290515328336
0.8066713076492726
0.8233419217767188
0.8471091097960707
0.8551377074275758
0.8454687900968182
0.8421950806726519
0.8583574829524149
0.7603410592097993
0.7694176622882349
0.7101060937852783
0.8076107095894827
0.7254143251067058
0.8432176166825183
0.6634296783020648
0.722332509098082
0.7702006952238878
0.9319921462086485
0.8446649946315389
0.7530611352958584
0.6143563145215674
0.3795194913058883
0.15686614392455908
0.032560805267643766
0.027231155356849394
0.021704370233830168
0.01625862631768832
0.012914780938144844
0.014072033677808501
0.011709225739722266
0.010749271841557616
0.014054001122387727
0.020612117553809917
0.03003547261085474
0.04047682518756399
0.058097470170934536
0.11064809804358762
0.2039088227002702
0.31496143793307735
0.42576971732981855
0.5405130614256328
0.6475781856697356
0.7352804408795182
0.789977239483985
0.7676296606831255
0.715061869448948
0.7664302298240905
0.7314951118214986
0.7365441371172826
0.7704131096657075
0.849885319948888
0.8157397863015121
0.7362980972335652
0.7563132628492522
0.7293795835942765
0.6950953804358414
0.6935856719869674
0.7697269913052585
0.7783692282447181
0.7489611589696964
0.790775591009979
0.7815253832932547
0.6683422457502989
0.4626761738836726
0.20844498992977345
0.03868182220965275
0.006642544893607168
0.01595250823633632
0.012794379693150754
0.010276782470647911
0.010709835761247993
0.01294697169850247
0.014931412131051177
0.019275313719298266
0.02187181202942126
0.023992348550194144
0.029400848650261706
0.03410199114702871
0.05713511181612859
0.12399173422928879
0.23052988584784906
0.36246004939443494
0.48689007174454857
0.605083562761994
0.6941308159446207
0.7783366729850717
0.817776819100626
0.8188811933999377
0.82329535149259
0.8441509253529109
0.8382423184711073
0.7914288928646278
0.6740928115468777
0.6368568107454478
0.7530217331388803
0.7540693184818806
0.771860539372913
0.6922982265910214
0.6497815904394548
0.6207770733281406
0.6258941486829463
0.6657649340631692
0.6831917604692722
0.8614989756614871
0.8669268418475883
0.8312510933672247
0.658747314881207
0.38833587466478336
0.14474669810603974
0.01751365638718661
0.012025065346958871
0.017578906037945485
0.010215509038543704
0.011205392081760525
0.012311731801710935
0.014380555571694561
0.007521091994683381
0.0035441841963736124
0.004329779273656706
0.015325000745523213
0.021138156321030437
0.02881702993363131
0.037318337148693606
0.0658572951253963
0.13388730442757527
0.2367965849627059
0.3572365129195793
0.47620869763119983
0.5838401666270762
0.675315152484279
0.7567508632265559
0.8397302155135885
0.7712120314215706
0.6784030016428992
0.6947552236490928
0.7720048345308639
0.6771927048979927
0.6746403450000561
0.7618456648391472
0.8060385572096385
0.6918916724153894
0.7253158601320498
0.7869742203524672
0.8603603758183048
0.707642161291717
0.704256319646773
0.7524904424141978
0.8822399099313268
0.8273233628214197
0.801615012012587
0.7227833699632347
0.614224934159525
0.4326861303030907
0.22485423452068415
0.07453910086362586
0.026235132210083764
0.021433962126068365
0.020394175127711963
0.02066785961330029
0.021585166257934166
0.022364467008805445
0.021998984173072122
0.02261900596504148
0.02706640061485132
0.03865057823307496
0.05180966329248715
0.06168373322066335
0.09935993977443658
0.18681503644866243
0.3188131364348458
0.45722612695305326
0.5856152462494646
0.7005130359816112
0.8028644127108897
0.8931857113199029
0.7962815926867459
0.6300052391942149
0.5684846656478568
0.6226458716722924
0.573679001835981
0.5093508908527357
0.4971268144921019
0.5498006284485868
0.5704131437291875
0.5795898903325082
0.5523802979649666
0.5352991309726376
0.5802984691731232
0.5963258769015657
0.5714073256952158
0.5519826741685404
0.5645078420351501
0.5908651537989823
0.5257907483141403
0.6493206558700729
0.793257337993115
0.88926465832412
0.7396337945045391
0.5377430491284577
0.29780803761884483
0.10894540380857384
0.025733530271810724
0.017406658017722995
0.022867940772639647
0.022066583933468057
0.019480258304771313
0.0210355933874849
0.0246023104575942
0.018237583156161356
0.012540127321841163
0.01556402313157964
0.021599054429674983
0.02685930946031846
0.06076559682470794
0.1584716825590654
0.3089288359543115
0.4645331159718846
0.5979368279777666
0.710905746214379
0.8079640779494554
0.875607059188836
0.9029581464549938
0.7776006634665342
0.6043310530582175
0.5249076434393087
0.5309410937057151
0.5292511636711128
0.5409204538193232
0.5837475159904096
0.5611541885757911
0.5240594389740157
0.5476575437234746
0.5597271539138855
0.5670924884971565
0.5862540659552968
0.5916289315402022
0.5524785465615278
0.49529439388820995
0.5292725442828956
0.5310978063994519
0.6600328780672285
0.7825881954294134
0.8438830605342738
0.6976719963296933
0.4730297765282462
0.2125570997848594
0.0404246688558429
0.002915585397978548
0.02573378187014558
0.029067215176894704
0.029801922692247095
0.035344994446627816
0.03808482028250715
0.03635990498653786
0.035915570392426946
0.03419993593274007
0.032258034972527605
0.030961427538351155
0.02972185071632686
0.022697704812093638
0.03778658250969268
0.12221374711262838
0.26879487677437136
0.43438889416665805
0.568226913445312
0.6911121948003892
0.7870999743603843
0.8685259768983306
0.9207103371966711
0.9275839208040867
0.7582734213577377
0.599884185561997
0.5776723193099169
0.7389708807526576
0.7068085857596652
0.7146371451572385
0.6645325181621385
0.7040094483459026
0.7107062042711322
0.7637356739718922
0.730994382930691
0.5822947837395674
0.6401778392762929
0.664037762788874
0.7383503269852796
0.7507884881275183
0.922048577635881
0.7876416489918528
0.7518687034915701
0.6307149020612237
0.7796469084604367
0.6968467453770365
0.8266537516221492
0.8130289721276075
0.8716398444988291
0.7193848904207354
0.5154823190509549
0.25292984547524006
0.06160933707873673
0.0
0.01835944659811676
0.018698932092166696
0.015476213432495908
0.015537825804397077
0.013691097223081617
0.015581037268937132
0.021165234928221907
0.024706325890831226
0.02326751850386498
0.0181464321343902
0.01848369840252363
0.05648221878565649
0.1662228311816664
0.3258492829134762
0.4831757661549868
0.6184239465884094
0.7188845009777522
0.8103528400475566
0.868408202458088
0.9045469953869493
0.9039212617365505
0.9138672245401903
0.9166177864839136
0.919780598335197
0.9200704291045506
0.9240527315547097
0.9259565496066677
0.9247780857648106
0.9253317308908874
0.9242946259742214
0.9195718208450566
0.9152406436716418
0.9148942299322438
0.9154200877159102
0.9173784386352641
0.9178755473378492
0.9184982585911518
0.9131929457518142
0.9117801321945891
0.9148023666031403
0.9190104654623622
0.9089255917697826
0.8974634160037055
0.8854890973854135
0.8679173495630506
0.8125339681213269
0.7050933391306151
0.5317707028052299
0.30295506277742545
0.11539411604621513
0.033301754964098956
0.030355224262860022
0.02914424431291393
0.026955771921384
0.031358904331936256
0.03363561782661191
0.03278563464475953
0.031685409112585265
0.03268565918099123
0.038847622866333614
0.04338223796232411
0.05026943837345239
0.03625851700376914
0.0483171485672037
0.12605959893219645
0.2772795013425409
0.4454660218773264
0.5929968386748513
0.7123513502524538
0.8085315733336039
0.8772659747408756
0.9349463394500178
0.8052753695956801
0.7690058398210786
0.6640405553820095
0.7025529264561569
0.7300398439450954
0.8564606371439661
0.8204065771544718
0.8087962940626161
0.8880785972154744
0.8273720585371843
0.8159434338145128
0.7143131913322246
0.8088285420690021
0.7187066739668886
0.8048463317417014
0.8162824332041588
0.9039505875043213
0.8542486718542608
0.8700656425659767
0.904338540713038
0.9058958785721206
0.9081158050146998
0.9135092660637508
0.8743717601222072
0.7896521725591245
0.6549120605487212
0.4828647887614264
0.28383466456552725
0.1183420847567095
0.037344673989611166
0.029687810342299725
0.03221078354231358
0.027824259547890372
0.025285426872455146
0.021461506455236663
0.019624124058492644
0.022567514693526716
0.023974786108204586
0.028771856926324533
0.02679109707132581
0.0261505183064313
0.02285630295084169
0.07512735491351945
0.19339263206582896
0.36674785261301907
0.5293541239333535
0.673296779355601
0.7823438434706113
0.8616363408846349
0.9042307026733633
0.9340777140995866
0.9023178881372952
0.79798152194807
0.6794054407583903
0.5810368283868805
0.5950269416266478
0.6017561798239363
0.6010787610490297
0.5177936640542599
0.6029265960967919
0.6344086947474219
0.7722894272962468
0.7096430908499904
0.7252161862465311
0.7139054495842527
0.8653258372259413
0.8193454492131065
0.8223809461997809
0.850940467262769
0.8834540850152356
0.805691398209401
0.7077735297774611
0.5720117734157604
0.3700549379347058
0.18257353887547986
0.07303007414386149
0.06218834098437857
0.06367998179840273
0.0635020756729709
0.061738998177523104
0.05763812852466187
0.0562014652880649
0.05638736156765057
0.06133726169440627
0.06180392462179069
0.06616381977500092
0.06913157511567418
0.05724675802385745
0.03322869750073603
0.05834056088320566
0.14717910096125494
0.2813135667284023
0.4186340672556011
0.5540607306345768
0.662468801962924
0.7403541717240903
0.7966695780618276
0.8404883461101977
0.8834824805034927
0.8426240314352208
0.8185214177978979
0.8171234974846284
0.8581036139471164
0.8322227468317666
0.8171374076244947
0.8261549367832134
0.8509286385904894
0.8437160291181601
0.812572170558043
0.8007157993617913
0.8073465259550437
0.8115340402911384
0.8148411439381557
0.8222879643415284
0.8453257550531503
0.8763801481118212
0.9069673113346183
0.92367579259049
0.9275249348348932
0.9071852944937824
0.85191125544428
0.7398328893807645
0.5443654298506168
0.2831898014087977
0.086957483458311
0.020293389668656205
0.02792856536061047
0.02730300267715111
0.030035959598715526
0.035215766231693604
0.03806363772871406
0.03980769080249731
0.0400609711509594
0.04252529812343952
0.05562901271498906
0.07210164674406074
0.07592363260158976
0.07195380717110031
0.09073728434400022
0.1607754045791648
0.2647319228218904
0.39214195266371327
0.5187344104544113
0.6346094300764403
0.7097073918212877
0.7850713675942519
0.8516771357707688
0.8978667819113689
0.9271006555479013
0.7844569717733352
0.7584008399295435
0.7482697610948176
0.8431120247714722
0.8493774129901098
0.8614944839274018
0.8631080446245738
0.8515112603709776
0.9229777075703828
0.8606864892574487
0.8387886906709889
0.8487497666564959
0.9266893738169862
0.9484101716129809
0.9363435375326288
0.9463800415949476
0.9532982834523135
0.9426340805165563
0.9130390842052224
0.8516090870740787
0.7350650227833699
0.546450818137551
0.2895853148383814
0.09169668540874827
0.01703736514125245
0.0338032573580455
0.039097500676471476
0.045812841185763904
0.04944295427473344
0.052039406222711436
0.05311158928407623
0.0512395187333241
0.043987139077992475
0.03582286294456074
0.028274596788606915
0.05581279301148734
0.13496277456333763
0.2664930888024493
0.3997938900932706
0.5340851902680289
0.6439515061289666
0.7413184705001721
0.8126975653869194
0.8638607017602542
0.8876946128443852
0.8862795334610037
0.8879419216534982
0.8981879893117716
0.8094006169170929
0.7631540312485201
0.6396995628857671
0.5456445604140138
0.555888091382642
0.6222246051162229
0.5584268626512032
0.5159772126284018
0.5553077704626407
0.6548478294815913
0.7514120428192121
0.8005095237367663
0.7953904853436831
0.8684678190521575
0.9527679438270215
0.923845095322936
0.8996550433382958
0.8373905100921442
0.7275508519662756
0.5575334996227025
0.33885382278937176
0.14863134096151326
0.05795120297190427
0.05180554509551597
0.0528356327582086
0.05563360783285422
0.051434329810569814
0.04715425441120328
0.04259993645201741
0.049949074857572114
0.05348897814547234
0.049606808528710584
0.04780857630040145
0.04789520123355911
0.03560302597245331
0.037541985886399044
0.11195142777918408
0.25519885122800084
0.4063959859238289
0.5271092034267125
0.622473112110536
0.7080833383638035
0.7909148646764235
0.8488302939166988
0.8885809187101812
0.8945502203255139
0.906398469803212
0.909764591066619
0.9318075530740894
0.925089150735787
0.9052359642136149
0.8234051110768636
0.7335847103884505
0.6796956996112217
0.5939244859207438
0.6925897405432405
0.6971091517409279
0.7363815830111873
0.5822107474620718
0.6102378461844037
0.6110355754198494
0.760940118779011
0.8400003915499206
0.8483080852824793
0.781911452760957
0.6950077714819207
0.5745515554421694
0.4288521745867455
0.2742876393114036
0.1697019511739719
0.11944495519099174
0.10664649646677442
0.09363881479564329
0.09751355813121598
0.10616868652454797
0.10934560613583097
0.10771188015580932
0.10717383322830276
0.10642180383696852
0.10181100062542137
0.09546000722123035
0.09639225153961685
0.0998469269469673
0.09313307114999382
0.09863186338595743
0.1463701787577627
0.24265627636792195
0.3750332991357668
0.5060925125691671
0.6288494333133565
0.7229103473959432
0.80918236181571
0.8632155444845138
0.9064005166708948
0.9300294925911712
0.9472024527143871
0.9508188575606105
0.9509455280594921
0.9489967201958975
0.9562740234203417
0.9634792303484915
0.9771308093187848
0.9120929157644804
0.8880059100818656
0.9119406897315898
0.9871355505960473
0.9494084320747975
0.8331189915015745
0.8383514405121477
0.7485402166871039
0.7636562524550853
0.7657068115241165
0.8756916591269218
0.7783591856195831
0.6789194839549463
0.5493670333517043
0.39329044430724536
0.2430135656165624
0.14919075199606227
0.12066680522107277
0.11796039911899137
0.11552965653466733
0.11444504310874828
0.11072105266112667
0.10866056049674934
0.10757145801920862
0.10304253222229841
0.1055144249078068
0.11003408114233146
0.10694035395366364
0.09865641959828353
0.09986471639806538
0.11476423803072253
0.16604802729447565
0.2576781257364868
0.4013647841768788
0.5426054590852548
0.6373745564796374
0.7080232690847592
0.7871211901269013
0.8636582070209581
0.8969440948729085
0.9183836000580523
0.925242557635026
0.9338697085887332
0.9423982800600926
0.9481221011643787
0.9455497612086634
0.9480706692192233
0.9556897948964995
0.9643926081050697
0.9222452360384549
0.8774612520976465
0.7983882327859885
0.8165397600507203
0.7766012498834752
0.8532965498394816
0.7996320895120619
0.8346583773688623
0.8140305756530694
0.8432313303576374
0.7272446782890873
0.5580164595722021
0.3573934338912514
0.16103689903969035
0.06041266410091048
0.03519508456432888
0.04902553416977175
0.04357022638966672
0.03368953198395584
0.035451107289043784
0.04606575924303577
0.05318563088603182
0.05029543201207273
0.0493760291938085
0.04916827913724412
0.051657047954468606
0.05131664509404817
0.05655583579074959
0.0987518751568593
0.1908693400876109
0.3276838290173856
0.40088751695578395
0.46573442239919455
0.5378681969830886
0.649156216529747
0.7229882080295819
0.802544012186431
0.865139109582863
0.9023302659493351
0.919649284756458
0.9325715561655358
0.9412273339935338
0.9484453383969061
0.9549665117957111
0.9609037777209412
0.96226709618128
0.967537544997084
0.9702475207185839
0.9729777064372337
0.9693029758590651
0.9727414625329658
0.9742656100585226
0.9814331170146168
0.9815805904105416
0.9803378571630834
0.9592430474845552
0.9416280833264126
0.9230983326399479
0.9031334390174187
0.867389388779981
0.8071987695799145
0.7008587292564034
0.5540774821631145
0.40085197534617184
0.25982604836335266
0.15868476422921032
0.10035370466840328
0.0866450182721666
0.08901334348134135
0.09133709775782443
0.09558907566086353
0.0946899317293101
0.0970330295346035
0.10243235387727588
0.10858873724255452
0.10764925810999353
0.09727239329996211
0.09991674617395048
0.1138736753852389
0.17889790713419895
0.2685916490862735
0.388568136856652
0.5125595210431878
0.6219320927812597
0.7008749368962321
0.7608616134303479
0.828193503447105
0.8765858108860585
0.9125742316720189
0.925627770890441
0.9344321400202054
0.9314255455790783
0.9368708645945726
0.9335199805601166
0.9409434694478049
0.945727793533255
0.9569254966887615
0.955017752104474
0.9585104177198748
0.94867343718592
0.9395893343308964
0.9226441625815487
0.8847733487959817
0.8326903329646077
0.786819357535667
0.7350794171932913
0.655937104446936
0.559447074706544
0.4249585827484968
0.2599551785996724
0.1296854478251484
0.07801529688927715
0.07761371934153657
0.07574646810815522
0.0730690141756828
0.07058584330095174
0.08062276170109141
0.09232122150511235
0.09980043897125998
0.0996174838109154
0.09778158645941572
0.09922893387055604
0.09801674338545543
0.08769299796151865
0.07765543058746344
0.07026646710007088
0.05609496464019532
0.08489206377003457
0.19238970103901637
0.33375821999480265
0.4571705231729172
0.5555370724953514
0.6500393835648848
0.7283628180925524
0.7969512501500619
0.8598018802278855
0.9082951470494842
0.9351434840906806
0.9383807655028632
0.9445308445023601
0.9450966720103339
0.9460075152739158
0.9442541716054271
0.9458638455057974
0.9504063076977273
0.9615512455936506
0.959602820358482
0.9151276064508885
0.9207529211739975
0.8719735529681204
0.8993895744508992
0.7882055285398369
0.8153173237842471
0.8231767479368083
0.9486070793787508
0.9443405019255644
0.9582659008302882
0.9394953251596412
0.9249503428103458
0.8947209028832792
0.8092802445560189
0.6501195949934943
0.4425967871657447
0.22302449017732573
0.07124907445949263
0.015344193488514783
0.02274103811746042
0.02400388518687733
0.024542050424947535
0.024034602678765032
0.02283471985072824
0.018931282513783485
0.020219993626486597
0.025018424913176164
0.02733017892578816
0.023292575272626525
0.02594758905565142
0.029115264146526397
0.0604775762217171
0.14376594281595778
0.27500687445926514
0.4131154419588723
0.5412932424880418
0.6363272603392532
0.7158256510196238
0.7807386685019623
0.8519079022378456
0.9019902122545641
0.9355691211245456
0.9447376967005275
0.9558424555068156
0.9674416938889725
0.9784415677658052
0.9815875761473849
0.9843759772768236
0.9856407937607382
0.9926901385454393
1.0
0.995538474657729
0.9871448976172574
0.9856858447242332
0.9923681406211307
0.9926641336989862
0.9884008722071913
0.9824587572606828
0.9786940460963223
0.9723458356118865
0.9565420648739059
0.9328754888405933
0.911025780241022
0.8752602161322812
0.8165278202923985
0.7228590997313018
0.6036864777090144
0.4648449399173698
0.32226005907643807
0.17711524212268417
0.08283626644268566
0.04633947405383926
0.04826564186842776
0.0453175750794397
0.04949478825665165
0.05312320226037497
0.05799890139250219
0.05576737676368984
0.055837968607034404
0.06612229667594992
0.07345238094748263
0.0675327862115374
0.05580309243576897
0.04560314310091899
0.0687649402694408
0.15613251472261866
0.2981998116210588
0.4336638535312415
0.5405269852408026
0.6232771449875573
0.6883238052655039
0.7609039703780494
0.8311700074265053
0.8963108230049633
0.9263684151155723
0.9400060815780492
0.9477592370756456
0.9604066550815474
0.9722828963015491
0.9804885334899418
0.9874306186314007
0.9872424419852491
0.9865260705175519
0.9865249964572995
0.987599253640303
0.9883967841042416
0.9880453232044156
0.9845494803248073
0.9814617656059152
0.958272708851157
0.9540793610791962
0.9298648397680215
0.9367052892629243
0.93887806334327
0.9446178855978677
0.8893927674158572
0.8096871920152992
0.681805657870753
0.5177238630265906
0.3408300235285997
0.17552400397015788
0.06381412597109726
0.022807117961987373
0.024852024061866915
0.022320014919235607
0.025591781421518165
0.027998419484602095
0.028668648365863067
0.02683047459336522
0.03061813826664083
0.03471098670062265
0.032861870672063406
0.02605893765979128
0.026873701782356405
0.03222270738831807
0.04630188707347315
0.10048267480528941
0.21976245930496324
0.3637871451189753
0.48477201340050735
0.5802511586686794
0.6595609334309044
0.7370744570780324
0.8116401247124579
0.8741470953351281
0.9135635219537718
0.931875337301987
0.9495498619905635
0.9573836637261869
0.9680810878280878
0.9707740891457873
0.9752634844679242
0.975516205962115
0.9788677767504971
0.9826402194473657
0.982378308237525
0.986529446552558
0.9913807890275925
0.993549114646325
0.9910574291011177
0.983158211975958
0.9789448715983315
0.9762086415151058
0.9824342676140915
0.9637464447330691
0.9438163639150574
0.9259643957248789
0.9012951617439372
0.8346690654544671
0.7156589177453744
0.5686979037375752
0.41793092934518494
0.25807912990891674
0.104983477877782
0.01714164022450372
0.00850606044900149
0.016906077233580768
0.016968061204003612
0.016984880573728104
0.01984418145169074
0.02017863479141725
0.019613797152682747
0.01874592907990778
0.02358647358901973
0.028541310039662447
0.020411840426166283
0.04738812234134048
0.13661807382592087
0.27792624407230815
0.4075684739999216
0.5084766311924876
0.5843737895324318
0.658838624079419
0.7317609144000022
0.7992463882476895
0.8543715056587412
0.891058550641836
0.9078618506388786
0.9178352158257775
0.928829018384027
0.9381030853866419
0.9462491822283552
0.94737893898359
0.9464692314097273
0.9429609421490964
0.9470942259888212
0.9506121280394835
0.9498574193615362
0.9422344893273701
0.9469410549803987
0.8988531761823153
0.8794147830870838
0.8961705492418907
0.9480861103503346
0.9407411941459882
0.9368443307819385
0.9286013759218648
0.9244422236378321
0.9142318086962425
0.8979085772155728
0.8639552950213709
0.8044728695467845
0.7105545492054034
0.5901968446655342
0.4734575755179723
0.337610936143323
0.17855735596406874
0.06067936297445061
0.027305695148175504
0.037346239400276586
0.031069490587997562
0.023785218906109656
0.018285162823372888
0.01822671120374942
0.018237350249591378
0.021990803666020596
0.0246247714909826
0.03320886983432301
0.03899797999466959
0.038745344043383104
0.02848279030180714
0.05098337282480455
0.11992754680641703
0.23592094294155533
0.3567455525821481
0.4663191626400937
0.5563425545008147
0.6391597764792138
0.7125865552726922
0.7814583234770569
0.8408552880268515
0.8840226161296426
0.9022782056413253
0.9161064902097377
0.9317830989808001
0.9441568461595974
0.9500096629622571
0.9562934918457098
0.9598028431859487
0.9560237287514047
0.9543799387271403
0.9605491810089316
0.9569270935078875
0.9519557355623108
0.9551992040433468
0.978330886596656
0.9316677758456278
0.9073005509780151
0.9175807540801515
0.9645032684696627
0.9456464044753766
0.9384051017757825
0.9362061837478528
0.9403721260459145
0.9237881848014301
0.8982700034848162
0.8378612281165873
0.7496440663312552
0.6429883139696335
0.5422737006026931
0.42943850189025123
0.2789431533670365
0.12164779930159426
0.027066534714653482
0.013774638652438246
0.026430244210265387
0.02893154994051644
0.025565788026211723
0.02069754587013575
0.02204830577272712
0.02402284486739534
0.02801530537876351
0.02955897417376294
0.03159960177015999
0.035932320421396935
0.03849857763756294
0.03613581572754284
0.023040570407673176
0.04982018421234418
0.1258789657834601
0.2607237390105087
0.38905747782763234
0.5019285634575203
0.591208567990965
0.6731900223524065
0.7469880120160459
0.8132189148309432
0.8692820042754612
0.8976386557895737
0.9209490979245613
0.9314481449884958
0.943245203897079
0.943992452036246
0.9523394177232769
0.9537183649363388
0.9612949584079614
0.9617045152522756
0.9626085233932623
0.9606813812790538
0.9605383395630835
0.9641053760139223
0.9436141656724716
0.9324465753812667
0.9379496502045439
0.9614577145660119
0.9658921145490245
0.9300859721989124
0.9157727914859655
0.9298817103694883
0.9603632869443647
0.9411475058227312
0.9230502038093499
0.9013907371715383
0.8586116203382534
0.7811183442040314
0.6655384204729246
0.521480742619536
0.3654480136828336
0.2157754131370743
0.09392985769576977
0.029999891402122
0.016445858934539096
0.020527274934933414
0.020156295126483457
0.024305696169763007
0.024911300160198626
0.027471302189222557
0.0250735474891495
0.027443717826117653
0.030118001355776695
0.035912816409941976
0.032124918183188134
0.04600805825089087
0.10523582701405743
0.22024664656418044
0.34420150370230357
0.45601929022603416
0.5494758274053423
0.6310666599219544
0.7041339600833754
0.7826464647621787
0.8491797400847694
0.8886882158009252
0.9088904077124366
0.9231408383855555
0.9297332990161113
0.9342680883884161
0.9396420435358764
0.9461107186141483
0.9490019648496798
0.9486623326694498
0.9476271489154013
0.9572286755876563
0.9639444302569257
0.9606079368641178
0.9554375873376451
0.9576579002834176
0.9591957098785345
0.9602605936406365
0.9585559546317549
0.9600132465930774
0.9462561672430786
0.9128332517359053
0.8480264305577666
0.7336856056453919
0.5770288626295305
0.4095243266481834
0.2346810058420058
0.09021804098595348
0.01546286768329262
0.011484446343472846
0.012839247926422798
0.011570042272816272
0.012310285763438737
0.01815058338865298
0.02529947356412392
0.02717986255890755
0.02680763130473301
0.031099588563087775
0.0338107440458775
0.03236395122126741
0.024187486769644023
0.030907485339702914
0.0791219616289999
0.18277765149641345
0.3136426314295948
0.4305467141416181
0.5116012585450043
0.5960464279572099
0.6836864120547865
0.7495736242937949
0.7855226881364819
0.8333895503853238
0.8820989942523882
0.9108322189775574
0.9216799858972701
0.8964632980646348
0.8875106336501765
0.9100643310904636
0.9450990401496833
0.9500873752245803
0.9517280551148194
0.9537481877819525
0.9370745551608871
0.9398894324979045
0.918979093601224
0.9154223104891132
0.9095789733142751
0.9284595310747407
0.923265705181947
0.9179242842560752
0.8829408544417683
0.8284892875007017
0.7604208941591213
0.672034672929729
0.5636988316653941
0.42583546349393
0.2557469889493368
0.1205388187420253
0.0710595590577318
0.07805319060865087
0.07132127531303806
0.05998225386205645
0.04761022951979505
0.04980522458819073
0.05283928346916303
0.057399678156364674
0.055107881027377056
0.05876558748067041
0.05699649319155017
0.05227874128782714
0.046154111089838655
0.037624248768281354
0.0694288661203361
0.15487627000236778
0.2840413070397532
0.4020723659553766
0.5033888214397902
0.583856643130092
0.660237768856074
0.7294955008579458
0.7917837301893624
0.8389463012894215
0.8770647556743502
0.9002340161713929
0.9218915036068245
0.9375851565014282
0.9450494889382429
0.9470492454926686
0.951278485525692
0.9598361970679308
0.9629107794269575
0.963467252730452
0.9616047096376465
0.9602755367451699
0.9578239252949431
0.9589745365625681
0.9588008366980592
0.9588839165949833
0.9548093628246705
0.9544647711082893
0.9527843637604515
0.9501361816280113
0.9270358294412837
0.8627680399996135
0.7420347553925627
0.5800798305992825
0.35681516723351936
0.14163237887044436
0.022986139576590448
0.016037526745681534
0.023534574493320946
0.02032917031643486
0.02276839266304495
0.02588153360593656
0.025397623122628957
0.02372260755046437
0.023680555474281748
0.02292332463950007
0.019998282964370964
0.020797719915791723
0.024272124970461256
0.04286893653625084
0.09496620266850533
0.19683502062388783
0.3064530394870328
0.4024164490756215
0.4834849691419813
0.5660600572475778
0.6408881584830932
0.7182799772386146
0.7856934059088985
0.8358862699996517
0.8693797595073968
0.8982670164686303
0.9151275477277723
0.9156788348745137
0.9185379113343559
0.9276085884888955
0.9349933801143919
0.9307680060241553
0.9299979248821288
0.9361697368000939
0.9400471719027702
0.9375753538579312
0.9326278729168382
0.9320060873838546
0.9275027211259917
0.9137255477629027
0.8941113651461311
0.8917043949813777
0.9075095697765566
0.9128224223598107
0.900101264770904
0.8669528356414692
0.8019524325462842
0.6862296827257085
0.5588836057532407
0.4425245388083191
0.306654546284479
0.15405774606383313
0.04944305726721887
0.021791290312810952
0.026206138505456764
0.029879157540233316
0.03202699695169549
0.03073540004067024
0.031322889851380376
0.03247278729646474
0.030789254377778658
0.03255614514270687
0.03880305137237097
0.04137120846166869
0.03794042414947728
0.030881385006066454
0.018617276250332517
0.04368929349746144
0.12784893726963026
0.2595591819920934
0.3855219776417161
0.48545206900711085
0.5617279377769899
0.6264975663281217
0.7036885397194261
0.7758171112990175
0.836362978008936
0.8745354074798224
0.9092437280331729
0.9208732240568764
0.9291148981735524
0.9407357945196128
0.9544154259622555
0.954575324614564
0.9553348454151644
0.9522750765566309
0.9502452796767866
0.9491908253800277
0.9490849463935628
0.954333562008465
0.9570702013971059
0.959927741844374
0.9532227933217788
0.9431736688688347
0.9209660775239966
0.8991606540021972
0.8750909531116976
0.8426372212351316
0.8031890912542131
0.7310897836726082
0.6316920266214788
0.5282822055389415
0.43716215875592396
0.33283669262235
0.19733263142502275
0.08993948370603573
0.043624830889461536
0.049310929569361686
0.0492731224897822
0.04396814161069195
0.04052924091584164
0.04309904380361098
0.04817084278275568
0.04670449000583949
0.048987421846065755
0.04714183943364015
0.044442733534719475
0.04001102152702855
0.04258206822390601
0.08434152585940281
0.16408334713703174
0.27148708897564666
0.3625927501725787
0.4397334704074462
0.5018850023458553
0.5772397445504982
0.6469036566706838
0.7161278759985202
0.7707384912547072
0.8195140336015191
0.8322476846055821
0.8588749810649237
0.8767469877784025
0.8922743440995078
0.889787747190474
0.8976625723076624
0.9002104061700225
0.9072140804390887
0.9073967567655504
0.9050729197214068
0.9059822561716935
0.9164050967083767
0.9184101446241913
0.9102355916315312
0.8825122654627312
0.8363933475354192
0.7615418094684387
0.6524085550819396
0.5180102816826311
0.3545440401229005
0.19020599454375153
0.07415504540430196
0.030673758613256434
0.0340437980737723
0.042143306908941094
0.05064101280878823
0.048593681896177694
0.054279387358512794
0.05567313883892807
0.05453530240374517
0.05361708704930762
0.056462185501688425
0.058659352777037904
0.053341144235453594
0.045792789170480436
0.03704976220127877
0.07176108425677288
0.15629500075756372
0.2824387422153206
0.4140066237649087
0.5362428523641218
0.6208915817373619
0.685938346054344
0.749354423672461
0.8054350685763103
0.8500905933681665
0.8885754004360776
0.9129385725415694
0.9235734663364168
0.9311359972996683
0.9373414796579083
0.9435267621322293
0.9481461708913945
0.9503712970177872
0.946966563808982
0.9519469966523302
0.9329646029212232
0.9218138264614661
0.9279595323838032
0.9429686723580784
0.9290169913630386
0.9220997344310413
0.9209368857468365
0.91135627942214
0.8803205580571632
0.8168832212596407
0.6944587327440661
0.5583457857580255
0.4405329257857213
0.33281928293907004
0.18575395723102212
0.06645298548039094
0.017881754739333646
0.02384565092830499
0.026591886832077655
0.025752185468412035
0.026477904576484173
0.024771959764502062
0.024799557579490445
0.027306666940054722
0.027882818080617936
0.03057758821942679
0.034837960308449115
0.039321017657863964
0.045052678033395965
0.08065766142633261
0.1695580627180793
0.2901286646373748
0.39645190671431213
0.4813776535728722
0.5630205257403861
0.6393690751206327
0.7007007840864731
0.7584211732614313
0.8134044530592314
0.8545089249634966
0.881478533036448
0.8996727045910369
0.9070631249729464
0.9122328444093019
0.9213817014487083
0.9314671569504909
0.9329418121713965
0.9285656898487515
0.9305691140778528
0.9149202585662032
0.9209334277470356
0.915497328060375
0.9343736059963591
0.9137092554140722
0.9123616423902975
0.9094397693887258
0.928803687158953
0.9195357736710236
0.8983500190513609
0.8759550831897148
0.8200384495288872
0.7167180743108512
0.587808538828386
0.4666364245557373
0.33704357253398304
0.1886818885655897
0.07206609701727074
0.024192157883790148
0.02587634470302873
0.02428097063951727
0.019759214549070706
0.020889475372522785
0.021884022666736766
0.027405517815858767
0.02926988664566752
0.028065844747173267
0.022411012451616953
0.025128798456517797
0.030391001120413007
0.035579269717965475
0.03469014958992892
0.0314620695570683
0.05475935807078953
0.13140823325385576
0.24681100672637213
0.36980757797700137
0.478987803205132
0.5631809704105613
0.6322372980149548
0.7086315042241487
0.7764833062818568
0.8223324737125006
0.8464052979000676
0.859451299942052
0.8686768756437175
0.874047335822192
0.8839553850253717
0.896437401118999
0.9036017318420243
0.9099335732524968
0.9194715919744376
0.9270973470011611
0.9260537526735502
0.9340191829848605
0.927441400482603
0.9241209822065831
0.9213896521100667
0.9326374476570651
0.9167107770117594
0.8855568330687744
0.8486419878417141
0.7927165555961241
0.7033047605452354
0.5608177032349122
0.4158316332152935
0.23982191969802066
0.0991234918488249
0.025014439748249368
0.022088528526846812
0.023811499120905476
0.021415454556471907
0.02113124316219222
0.020820150280639656
0.02069700186374927
0.018338590614287054
0.022536893751725757
0.02030692858934807
0.022342683443264514
0.01947507700239701
0.024724119108768632
0.026575059581325337
0.03051601673146598
0.030238987973388108
0.05674553155831365
0.1375952921782647
0.2535479749716316
0.3744644355477912
0.4863043862414594
0.5784998074722819
0.647926575726705
0.7157588958227703
0.7859798740383956
0.8334327715339491
0.8489211336019304
0.853488469473539
0.8633031334329673
0.8835936575918069
0.8904161967283846
0.891141697897054
0.8850042306167584
0.8931211551683435
0.9053914310016649
0.9176706724330991
0.9234388532229918
0.9259044423270001
0.9349969108365614
0.9301531146490901
0.9241946731061899
0.9200559015621731
0.9273640569456312
0.9269745702849163
0.9023289113350734
0.8513804085411997
0.8047197775103945
0.7598524697768337
0.7054740735520018
0.6083889613060446
0.5052981813529225
0.39993840477791937
0.276461934300423
0.14912720990697037
0.06821284321035113
0.05030924521878372
0.04483833998800848
0.04615700346546465
0.04721365230881388
0.04984189396820885
0.05012293671867533
0.04849349196061818
