0.019217067198598916
-0.007104751999117728
-0.01968709530544071
-0.004415070579213838
0.009146117278265156
0.003928401191097459
0.003184421525788788
0.012020782165309517
-0.0046777006664709105
-0.010700230853906938
-0.0039496828153928205
0.007054231450756591
-0.001984438938747001
0.013539611143868431
-0.006523894423461381
-0.01337805220250196
-0.01139675156508466
0.012270761356967507
-0.0028023085737287883
-0.00018525067761368988
0.0030955027304393054
0.013491127756741966
0.00029395535647975635
-0.008451183179274938
-0.00663729548235129
-0.002002873344176429
-0.002521020944573647
-0.001422176090219264
0.003062010204833543
-0.005987289722473874
-0.010039807104213072
-0.013557889705707486
-0.004796688693260562
0.009541851678037212
0.013968230620734283
0.02439474347335146
0.011417642804977248
0.031041200859724227
0.023290285576473065
0.03919591246881587
0.04697216469207081
0.05644639801495507
-0.03551612127663013
-0.1852984695083493
-0.4579626133909075
-0.9666475951099772
-0.9704271951275725
-0.5356425235480983
-0.020069379988174155
0.01354074228240871
0.038631467505277746
0.016084627560997954
0.00578548825313301
0.050711326670751004
0.014753599827593994
0.094585354359043
0.36548070943856015
0.6873452689566443
0.7207918938153647
0.5369520356994048
0.3565103396996544
0.20205487942822345
0.09100533061303878
0.03670929581475902
0.03405003183461899
0.03805335608565724
0.03800416986152898
0.03826015344558036
0.019194962053800356
-0.0182215997478155
-0.06269679769711135
-0.10202873560652044
-0.09317711121344462
-0.11496510660014908
-0.1994790455319788
-0.4163102009770796
-0.7374637451036596
-0.8303309783309759
-0.5506929991761584
-0.14713644460201541
0.0026039733134917884
0.02190619843743862
0.007657208034122683
0.025488425326136106
0.0010759776162265274
-0.001050376660382305
0.010045899162087837
0.006927710100004565
0.39344265434620784
0.771518677368306
0.8942013031173914
0.5413244675192488
0.33909796135924675
0.16128659322854424
0.07795847337890856
0.06256163336888504
0.07901449636925771
0.08606243129079899
0.04267282229711058
0.002676522425895523
-0.011130406893146741
0.01627471640512564
0.017509905214772525
0.0015215171789762227
-0.013527274386913849
-0.02787945641865396
-0.027118127844683135
-0.017280916809463157
-0.028523563889468757
-0.06471557590711996
-0.15205983363503117
-0.2920392564018734
-0.5501609585955406
-0.9169912980941477
-0.9038758704906614
-0.48646962805132177
-0.05010731942251529
0.025066575113972308
0.011449838296538643
0.017480429994503673
-0.006530047559505136
-0.013493968620426193
-0.006560307302465238
-0.00041384012579751277
0.008027977060936633
0.011391353756718159
0.05248091342316325
0.4793232390057405
0.8343595488964094
0.8549272286754919
0.45955907922662537
0.26853894894217606
0.11415893120499603
0.07827294167853532
0.05283988985198611
0.03382963042579065
0.011275420714732446
0.004246277308036179
-0.0027466449550904025
-0.011010275543507763
-0.025946716555074304
-0.02237084204917478
-0.04152956501929713
-0.02884573886398279
-0.034618331010554025
-0.023633597820148223
-0.029121694321197433
-0.03139094589629531
-0.036561108609845176
-0.06701252970562242
-0.20228136148592546
-0.46579476677189935
-0.8912117022935726
-0.8756251230870816
-0.4586306787606736
-0.02007585293578885
-0.013935044876224104
-0.04985039682151048
-0.006359394018953272
-0.0034055240453090014
0.005485803669399623
-0.0008922523168341125
0.012526881195619257
0.0004750542770706929
0.02648389963317041
0.044484815077456594
0.27139616572842085
0.610747522017673
0.8379595636286852
0.6952228577905175
0.43398574850575555
0.22355365729811819
0.1665789831602339
0.09745270337674262
0.027025279207269954
-0.004758148064466132
-0.008775813154131161
-0.020923041528907782
-0.02662956373344951
0.005385575301830427
0.008773226274499028
-0.0018194952997129918
-0.0031091905925764956
-0.008273039507256854
-0.02281805740120649
-0.10836972364913813
-0.17905963055129692
-0.30605381217672134
-0.5052282424435484
-0.9159624710739869
-0.8436694825964657
-0.41638967904727997
7.428501253698645e-05
-0.01844874406303816
-0.019554166790125286
0.003965964480734578
0.00447735510548338
-0.0069566530531264955
-0.001954766266140686
0.010203392185097472
-0.005269850306275846
-0.02356742496494641
-0.005733818562106636
0.04814127602439863
0.06982722941023019
0.4708845674641032
0.8217625648076957
0.8586990907364488
0.493783405016001
0.2708580569095192
0.13503671408265952
0.10943059736402125
0.09195868209828624
0.05123797569841582
0.023875853587095215
0.02552962032248606
0.010893398916694526
0.03480358056040021
0.037261094462836326
0.018201655585592627
0.009810257832331052
0.017242713876896715
-0.0037337959719117306
-0.021118018153559816
-0.010074340228522936
0.007289939335757762
0.009451339066327263
-0.011386473101980153
-0.013975458198689247
-0.016909931556877807
-0.020063461194676776
-0.027648352101384957
-0.020228316418064142
-0.154731853429488
-0.4116507448095472
-0.6826103639117641
-0.9637908514564654
-0.8787037240196276
-0.4670303722250453
-0.05116004661181604
0.008425257860211297
0.0018517080965261546
0.05421557088230824
0.05173341629655659
-0.002944217328163512
-0.013056809512681457
0.2215685776408968
0.6874274319842758
0.8391735681587561
0.677396978843544
0.35043861595271486
0.22962932864440253
0.10631721792070734
0.042390206559723094
0.009838112036867465
0.008868237250836651
0.055494139130797995
0.06621911228731366
0.040998323182565306
-0.009826962543286646
-0.012841743650683279
0.008237716224722382
-0.015216016274786203
-0.056052029980389946
-0.19481264463101727
-0.3370696429235504
-0.9454864446302139
-1.0
-0.663746334973324
-0.08286638275847319
-0.11369638385385758
-0.005657839909035197
0.01830611341734892
0.0022941464585335036
-0.023089312304750913
0.00627044676503718
0.05209650589695417
0.05287821487639149
0.03759838414661527
0.006304219427444733
0.44354198007381695
0.8617450423988926
0.9675698699547268
0.5949090872172461
0.3238972798619733
0.13668772734591966
0.060638352275511904
0.022578813847331382
-0.011654495232248424
-0.018586979789724744
-0.022578274259499164
-0.029779069820608146
-0.028956849113573213
-0.01743122011965538
0.011619793315583866
0.004837633434320362
-0.023072000619283883
-0.05631928465384144
-0.05283482157658714
-0.09462774278537978
-0.1546615667412274
-0.2845127895240418
-0.3864492236160445
-0.7310707013827421
-0.781293218885256
-0.5617402157124229
-0.14927021572890609
-0.04032873935391916
0.009537316817050332
-0.00784579091681611
-0.012499916532543188
-0.03007430875741419
-0.004386876514179037
0.0020808680688449975
0.025820468896039214
0.0027758965763080724
0.026980355076466008
0.030443763093041372
0.21227518935926906
0.6443354120873074
0.8240289045237126
0.6821739015845915
0.36789946170368615
0.23999576002291442
0.07251622700080414
0.047127291210670455
0.060465447613342396
0.044549994897473105
-0.003087949047962334
0.0035537071622069962
0.00825112622436055
-0.01258334546820016
-0.06910058683323553
-0.04009314736993796
-0.040517349523873106
-0.016752733702637523
-0.043960304490303984
-0.05813813815333052
-0.09107012942794268
-0.1807189036402528
-0.2680263328007411
-0.4564111758871391
-0.7968737059739265
-0.7536158986667273
-0.39370456064465315
-0.009292010838227307
-0.03574541664512824
-0.011655352040910368
-0.01958263820140595
0.014922906040509982
0.012217697761882071
0.022784666755426185
-0.0005938400500967111
-0.004131313736238425
-0.0024939782409136293
0.04027732978320266
0.1757779922382481
0.6610427014403698
0.8749429923597071
0.7545062955145657
0.35382506837772054
0.2023807409553045
0.08938599358557343
0.07331853200515832
0.05346770662146009
0.0020267363239218337
0.016323144605422665
-0.006781028052817201
0.006664639879782057
0.019851492592337698
0.022770470650117933
-0.004784640012494373
-0.01760519789162585
-0.030809378961804447
-0.033459222539147945
-0.02940900036586103
-0.040644224292636574
-0.06806190519206114
-0.07594041139533435
-0.12802836180438548
-0.2943153835142251
-0.5585569092672571
-0.8877776586441732
-0.7816384317819337
-0.36410806049024363
0.00832825895822347
-0.0031538096937525862
-0.030093889939671194
0.002211277315614994
0.005454783252536735
-0.0029179572094449276
-0.007321008562718734
-0.0018955272027615206
0.022244168033470825
0.12181896461117064
0.5777685856714841
0.8369956163624662
0.7994721265460291
0.45140661185314435
0.29855364174542603
0.17782516277075167
0.1439596856624867
0.08177384147469403
0.0009124974811200177
-0.016134287914599726
-0.011037283896466785
-0.022464954507389095
-0.02292850710522271
-0.020129073968548346
-0.0312007754341068
-0.0325689479180097
-0.05204841721715911
-0.06597032192790032
-0.0912288963657324
-0.09048052848811268
-0.2301247053132321
-0.4593622260868881
-0.9344793495187167
-0.8606354907523531
-0.5192424918000776
-0.07187103385746506
-0.042057065528620305
0.032116442293356584
0.012535069062062483
-0.0036676996495846196
-0.004063163511528205
-0.005413653806689346
-0.021687001502843244
-0.03059397357080605
0.3020800515599001
0.6567576550476998
0.8472488779066445
0.7121778984075956
0.5570007850313421
0.2785971855702516
0.13185184000875316
0.02167557879394074
2.568995281878922e-05
-0.01237211405036147
0.012527083173923375
-0.009024612795785843
-0.012483390005254268
0.002294169574372666
-0.016602359266187534
-0.012873514697216228
-0.02599079796737719
-0.03958474985626535
-0.043882078197953436
-0.04060186105651125
-0.04721634563932534
-0.047516979910270464
-0.05364381953411352
-0.14908933176733064
-0.32485866696939164
-0.5880993078455337
-0.8820279316897349
-0.7496072482181462
-0.38023434205847073
-0.0564216311661499
-0.01928159091231689
0.03152850159361276
-0.000990717843837869
-0.011857555463480166
-0.0029988931190629603
0.007872859693626135
-0.002591784843402847
0.03060765062982961
0.01695606385278007
0.16502051246785923
0.6037714263179479
0.8687223015739105
0.7589179034241172
0.43563948874684244
0.26106207160902317
0.10720818117855514
0.06770830819488954
0.08058243037009617
0.04999993370112156
0.0019411258341732957
-0.031981839900923174
-0.03104970490627009
-0.015147703745870695
-0.005344149606525449
-0.008161067723887206
-0.03501743740167137
-0.0830237089305761
-0.05672072132113591
-0.03285910799109916
-0.079884422956815
-0.1939213105434087
-0.29276955743981875
-0.8200000547436576
-0.9049119928574285
-0.6422140477878832
-0.11201559752371004
-0.09284626731775159
-0.014326253159719894
-0.05857610680330672
-0.03745723199685283
0.013887175606953595
0.025229695289669625
0.05222866016957856
0.008402036696827944
-0.019740287543018924
-0.05504445175823683
0.10454343763139434
0.5573626296655747
0.870475688563427
0.8478688383776957
0.5362608809295906
0.3244160732668469
0.14209440701416656
0.06191041491644177
0.04271927543873122
0.01894714360059237
0.028183502659625853
0.008485242935609198
-0.0011973300544134225
0.002201885397200018
-0.0004608072927885269
-0.015731171069763565
-0.023745457520690964
0.00033916511204544307
-0.01021617545292878
-0.006135251474814004
-0.03673937431296344
-0.06000829477085125
-0.19451784332508215
-0.3135866731449159
-0.4501821783317716
-0.7034014190900094
-0.7973879112614399
-0.5971952753532982
-0.22452024174485838
-0.07424546117739944
0.023563768388751228
0.02315936749575594
0.013812065667739973
-0.020784420265720603
0.0033769227330311597
0.006042471711611634
0.007984243350513863
0.01916568913552512
-0.005077717470698982
0.02836514917114153
0.19054238521926573
0.5159491904846017
0.6972226407037294
0.699958354346548
0.5167756180793273
0.3269316994150813
0.1508246778586371
0.08428144090911324
0.04355826719203138
0.010097201681900808
-0.0005740768450507935
-0.021318491261598706
-0.007658084690235576
-0.025754511662936533
0.010914109405742611
-0.018014942881414222
0.0029364291294658017
-0.01685308114897912
-0.017463718970492266
-0.03597832923179252
-0.04605944494218162
-0.11456679045174277
-0.2538338252713191
-0.3569126352053708
-0.6968176064318663
-0.8233850823772427
-0.6331164644308632
-0.18392307323508744
-0.0593294311561227
-0.03921922319675085
-0.02663286155717072
0.024064988483318037
0.023514928188651862
-0.00206335999973863
-0.024189803799317743
0.003012416124498077
0.02867929339237358
0.00448120333928621
-0.005415604923972983
0.10418578973515326
0.3739033223808279
0.6628088590430459
0.7374783722445233
0.5846933985782748
0.3458863635195324
0.21300898603831395
0.12600870202471312
0.1114126459009496
0.07466896009854662
0.03629691695112667
-0.004954738077968174
0.014849222706084665
0.017776117421689015
0.004122298587209271
-0.00902628046737054
-0.05130223888751529
-0.07155211160984995
-0.07648973644233582
-0.04053282648738273
-0.07138556039161802
-0.1042396271840343
-0.20716558093226745
-0.33097321039226063
-0.5540508771553383
-0.7418723061862446
-0.6587929256965437
-0.3308549439951925
-0.06290431507400603
-0.022306863555524165
-0.025265984280677722
-0.018312225670442887
0.003088000293811525
0.012612202594854308
-0.0025032660009162593
-0.0007972598601532912
0.0021732418368447686
-0.013673858598635596
0.0037823620477168726
0.1632974279886618
0.44119202582414035
0.6548601102246003
0.7110952278912767
0.6009799225487118
0.4063522838653631
0.22928614869413455
0.09875912692671232
0.014935300781607744
-0.032626600422758466
0.04103760137367304
0.07695640935815302
0.0303439422580805
-0.03370028403789076
-0.032492265207669346
-0.013005305168059058
-0.007343566428237375
-0.02455141573329028
-0.02833856870648423
-0.010700460171986682
-0.04531127040087807
-0.15917305273825372
-0.28211913411633516
-0.3917094919036178
-0.7515775128088785
-0.8338894364768278
-0.5792657751590052
-0.17784545531083057
-0.058575334709425275
-0.03037330836926594
-0.0023339669779685697
-0.017367411855381158
0.02560048464655338
0.0021916430843180383
-0.005064678416232546
-0.0058844953507442895
0.02035191517191449
0.01966310816257943
0.00023883199515778455
0.011437944961625719
0.2597644772033368
0.654668581547192
0.8329068550372052
0.6768033993426346
0.42521963291434056
0.2254884900043782
0.08971010899130566
0.06075939501649955
0.07214632766667013
0.047387543136754466
0.025175891152865056
0.009986946372022227
-0.02126685731997555
-0.017551803974667633
-0.010575095377709055
-0.004246663073159505
-0.03656881940961615
-0.02125861251337185
-0.030119996862721227
-0.06043629796444258
-0.08012061084928014
-0.12437361914789
-0.24086053363286555
-0.4511328683949532
-0.86072553121029
-0.847315394625648
-0.5269755083208925
-0.11940791562520663
-0.06746339870963793
0.02409937350054142
0.03286946944098244
0.014026328563731748
-0.0003353378380886982
0.0006928087136939191
-0.005051393245088247
0.0004613753194999414
-0.01744374309760801
0.0009743100062635653
0.025855307756171456
0.25695779737120383
0.6848378482071181
0.8886819628581994
0.6781168519026529
0.390942206105242
0.24871614802663652
0.1526849712671859
0.07107636357291083
0.04892344298154673
0.017054261550022595
-0.009222720367513173
-0.006962658362205424
0.003889582040703342
0.01296302546552207
-0.0016078911623540392
-0.012777602490071042
-0.016559656915839903
-0.011326324927687098
-0.02048914284319517
-0.0751743377500502
-0.0964847747398474
-0.20378451748018067
-0.3747224525782201
-0.7831561728244212
-0.9059709518100049
-0.6975954872357761
-0.23129056053298763
-0.02216161490079102
0.01708093277374941
-0.001959125559373382
-0.0344692289481608
-0.018533235077365904
-0.013159535671816762
0.020438866436112917
0.01077498824300185
-0.014540734569124485
0.006556151507585255
0.011630194936823797
0.14708218502078652
0.5197720409335523
0.793133927567143
0.7185288913064317
0.44896793839240345
0.3077659101311412
0.19273606182459904
0.11312055799070939
0.04720927235038907
0.036846836216181976
0.020367661031503247
0.032220237935117996
0.011660997457595622
-0.006844384988846603
-0.03616602381953592
-0.02588581713078701
-0.016292468154832557
-0.03196201471223245
-0.02840554493880658
-0.01708455577535785
-0.03074888875585085
-0.09787484176702928
-0.29624366201634467
-0.49650115545061063
-0.8177948841958026
-0.8130697424611135
-0.5431327966585797
-0.1055666474493451
-0.017358253101812236
0.006126951060416146
-0.01727740036989379
0.0007831173956416995
-0.031228882388857723
-0.016171331293230125
0.004081591970869526
0.03193929217046036
0.04322340767177628
0.036978644332854395
0.2893232158163168
0.6372186614582247
0.8440054543582499
0.6669111689760623
0.45770529816434974
0.2622277010493091
0.09658910329727101
0.009767421364889882
0.02611310701246738
0.07130056874996588
0.07277629575490344
0.04118194565280309
-0.016305116199844535
-0.03784743031892389
-0.03576548995979562
-0.011180977315961097
-0.0017487746282044494
-0.0224845119796105
-0.04232756145856085
-0.07743392986572499
-0.16781796988388106
-0.31743636119448615
-0.4686115125637742
-0.7275464332994369
-0.7583327237750805
-0.554492902638692
-0.18616384361295937
-0.07070723810034552
-0.00380480858859606
-0.02207027983912547
-0.009909555206619465
-0.017762160480551535
-0.0014213098489037465
0.0276666696841429
0.03601267355520661
0.0040724193047780586
-0.0034196319766046906
0.2838142176073086
0.652287320484161
0.7650489975357506
0.5993250506643063
0.45859896013051404
0.2882733747307597
0.14152134695689583
0.04679694175501103
0.01766859165144063
-0.00202337931172917
0.013267419199600795
0.013438977963248657
-0.016803382690244735
0.00682788030415071
-0.007323571885936303
-0.0031855922658519885
-0.015576541353556796
-0.01844311585614007
-0.015291904730757548
-0.0437352229383758
-0.03548165330165242
-0.09752479186829104
-0.196013459234794
-0.38833629443981393
-0.5349617829731915
-0.7146524819893448
-0.623459758184292
-0.4034664246042309
-0.12018113069116935
-0.060256818407468896
-0.024731000329094584
-0.06097846765493587
-0.05226062487684334
0.008778479138543358
0.05918139732580194
0.038578475025872486
-0.001661004802138525
-0.0007414699356704548
0.09685580007950582
0.4023391504898095
0.6914848426706549
0.7403101017291753
0.5368776430497129
0.39940254981684786
0.2576724384441935
0.13960613895232085
0.0431298621852183
0.032912945572605726
0.01864195988572797
0.00707022450402281
0.004467359504130456
0.017746536490962635
0.01139634824870321
0.01616967405687539
0.008001440868166053
-0.025050684658430026
-0.06201281962642235
-0.027804154944749766
-0.016098732715470174
-0.04816548112629214
-0.08616093691981881
-0.18507680387839787
-0.36133341107822886
-0.6752541636306083
-0.8515423190854744
-0.6997379225759824
-0.3425969168396778
-0.058820447716820476
-0.025418790516342774
-0.005391968427744999
-0.024961622868219804
0.009842146546838904
0.013905655238524195
0.009350832629349382
0.017551072866599973
0.004307161448902104
0.04034997345492132
0.008989186824934284
0.04511453365896281
0.37831214864269086
0.7128912319712117
0.7674027842530691
0.5333446697343667
0.3837201485233224
0.20950189813549622
0.10636305958632501
0.09347721264842095
0.05074259599721636
0.008898418866826675
-0.0014477992076780595
0.05011246812673182
0.014356460476054144
-0.008964963580589215
-0.03584134891559938
-0.03208672100161071
-0.0306080487742449
-0.022295172386994234
-0.055596594589158777
-0.05552008991640151
-0.09357928672882591
-0.2041304639958439
-0.3539829236235104
-0.5689289291566345
-0.7345810329496482
-0.6797849710866752
-0.3643424747481158
-0.10964897481041007
-0.02284270366150908
0.0054672803997429026
-0.017966603139171537
-0.021602898701945917
-0.032717829149306106
0.006694639716631433
-0.0052226252996914685
0.016152330410659197
0.021222339383909532
0.06671101989847636
0.26365220697396746
0.5851218277380479
0.7150956333517721
0.6057821112071857
0.448414892632107
0.31672491507482975
0.16798661016195904
0.07639407249297768
0.058804010865996674
0.040740920036663276
0.01582617128959779
0.007004391376008783
0.017834707984818884
0.005900862955255978
-0.003945390818566586
-0.010792478818198763
-0.0012144638883706514
-0.02036394325053372
-0.01679347205158735
-0.04053851907558519
-0.04262736714837377
-0.11710750639244034
-0.25287756018117935
-0.4522791910004519
-0.8083831399059618
-0.7982792426770625
-0.5493229241268539
-0.14897148172659622
-0.09736627448507831
-0.019037778803728804
-0.019061608376833745
-0.01506399740596495
0.0047314467908973964
-0.013543806154641437
0.006033786952208475
0.026087466611044493
0.030985908714211457
0.013101984575524127
-0.0053525738045315605
0.08413770386146864
0.35389832914682434
0.6832683241618674
0.7333038043548432
0.5584446945865245
0.3726524410067548
0.2626075521365829
0.15001180055972016
0.08236033095196746
0.04183345232850566
0.04741501020164445
0.03755366129391098
0.008800665555261487
-0.0076878169025423465
-0.01036930738732574
-0.01979659955237503
-0.009128789526105045
0.0019770944367004713
0.0017399774348201104
-0.011888485949443266
-0.009553038852805961
-0.01890165931834435
-0.022749784886349662
-0.04265454449021506
-0.1452770894240603
-0.3374629701911526
-0.7455891467615394
-0.9360837663805942
-0.7322430790523627
-0.29145442412697636
-0.07900593794069422
-0.015381269549541412
-0.021643700893654676
-0.018862089469353988
-0.008846439771065995
0.006163638391328217
-0.015022772976388678
0.0014110675650892558
0.01026065864628756
0.020563614762398465
0.006684640018165007
0.003405659540800738
0.15787554500198642
0.5032907450311727
0.733570685045933
0.6903940529292366
0.4848394036508095
0.3078470589925896
0.19299454979809288
0.08444263622533071
0.06330860865562611
0.010184458022370946
0.02957675243929995
-0.0022324291542844318
0.022410561272932304
-0.021514621426144933
0.0066648836152330025
-0.02377461673048734
-0.021729582995264656
-0.05234142661469136
-0.030476442908841633
-0.07831012733367959
-0.18513862685374605
-0.33615797359207683
-0.7161015557397309
-0.8542118073840592
-0.6859445419617002
-0.2145169652327595
-0.02189538127488867
0.017494683448694707
-0.023177548131299214
0.0023375528334347406
-0.002734152185291151
-0.018912666801479534
-0.005664054194710349
0.012019880387389393
-0.03201651021998213
0.01857941418823326
0.3359805806956475
0.6582210476019645
0.716330060826867
0.5209754593227001
0.3690936425000481
0.2730949374747448
0.16404363281247636
0.11928398806144426
0.07047038840362187
0.055430598485714314
0.02499732277123443
0.044694442535613436
0.031881445060701084
0.015189258591169874
-0.014037370672024147
-0.031734461717695325
-0.03067169921155677
-0.05829410926538867
-0.11225578834417982
-0.18374082390456473
-0.2610769419870505
-0.3384193770022752
-0.6404016214722
-0.7590934820151235
-0.6085693686240472
-0.2629119443085543
-0.10965907950657179
-0.005775583863435784
0.023589343563475914
-0.025263196520515823
-0.01039539173296493
-0.013916866419371022
-0.008968880039456764
-0.012824552851714468
0.014650222266784033
0.008082110492323121
0.010171588144780325
-0.0035832689011343756
0.054494121425275585
0.14393876928390995
0.420522444326896
0.6764456785493573
0.7174059595391876
0.5063911875887693
0.35713915884838693
0.2504267450193181
0.11854179636535353
0.061714523588240276
0.07160323084930453
0.07002727762438087
0.00628179256414162
-0.01618561976507796
0.00781446282316815
0.017460465915527117
-0.01725835757815445
-0.08622620013760315
-0.09074565679966258
-0.11536577334191662
-0.24608602527150042
-0.4645474020473057
-0.7912681034469241
-0.8358644794131787
-0.5801366290368623
-0.15783024302228996
0.0009071235137652004
-0.010515494254329384
-0.05418641361907881
-0.0412139524797008
-0.010751624774117695
0.0030023762945182385
0.04391078665094889
0.03852136683406619
-0.015727158455056723
-0.03376120829621152
0.028544487460881493
0.0820326691813742
0.3534605058999451
0.6603280301941329
0.6995002085059095
0.507940252441925
0.3793818557581707
0.2880239977692414
0.17444391371391935
0.10513484905897437
0.0724135771150301
0.04145621692129832
0.028476189497170675
0.02817797793322723
0.0009172400886442386
-0.010282342306466798
-0.005366212379283629
-0.01823704728091082
-0.050570490249468504
-0.08011795483645216
-0.12931744707669132
-0.28532715907559547
-0.4422050469101156
-0.6591891392322496
-0.791592168876982
-0.6646218215161172
-0.29502503804013036
0.028057430105297303
0.05999544205445448
-0.01734719373689301
-0.05907389385776788
-0.003956270273324055
-0.001789999002965211
-0.01880836289560121
-0.007033548236773308
0.015395472073148075
0.009632650160309827
0.0017347226216939487
0.0060960285854162
0.17148237456011112
0.46137659184228474
0.724598617091136
0.7037973179723257
0.48459566744682414
0.2910750889621809
0.17809603131757493
0.12820232198050094
0.07998754415885719
0.07018456184291416
0.06257754177881635
0.0352309873995191
0.018678332742531695
0.010789577251999664
0.012568562546065245
-0.0038657235763490984
-0.009693108906787606
0.002027114954519683
-0.03358003818223121
-0.08304644226511468
-0.22909078625534635
-0.3661247020546828
-0.6000417233238308
-0.7168497794198508
-0.7004955139589539
-0.44187256895065413
-0.18557208337477057
-0.00783005857642
0.0009713789732718183
-0.004286724991561899
0.031845807377819606
0.03664662625945954
-0.03465087953356873
-0.037616464564816515
-0.021722420450897548
-0.007146565569752569
-0.03535962947560592
-0.03911884645468594
0.012422142678859204
0.1924624684738711
0.48947340013565566
0.6623323167327192
0.6714817211891694
0.49600912480121967
0.34044432030709837
0.22939969761741721
0.1622933414471924
0.09517077387957756
0.0686561256781149
0.04640010181211075
0.019293210435711628
0.0037372144254786215
0.0012553364617257626
-0.00965327669109626
-0.02922953211372392
-0.02901064677098445
-0.04229753957522161
-0.0348690281734524
-0.07792201672016723
-0.17087290868537935
-0.32620471085430613
-0.4967653360102314
-0.6821542829465594
-0.7090487066463428
-0.49588564983464856
-0.21109086204348004
-0.018506220004200984
0.01961197277213269
0.01791789240649559
-0.011024831643811479
0.0017129986150212497
-0.026324801689473907
-0.025071713491711885
-0.037576981058062287
-0.04317515258681769
0.0034843085427848064
0.16598404042702822
0.5015977789641064
0.689196060712522
0.6735599872182011
0.49559267705039556
0.3730437385578757
0.19216433138599784
0.08937353172119403
0.0684187712596971
0.07663829884062609
0.04732931556256215
0.021421394331372898
-0.0072788899185948
-0.013978352864634828
-0.03273710327285067
-0.013358322177589175
0.00521466583682996
0.010747717966699688
-0.04106251402489151
-0.05368305295360986
-0.11414144390299989
-0.18716952813709
-0.28746021280872486
-0.40017457575487475
-0.680712148608822
-0.7368738569636993
-0.5158910884580442
-0.18088825401874226
-0.07966146030735184
-0.025455411187678467
-0.048658326260278495
-0.024669062520760236
-0.01929388149492852
2.2492911980762217e-05
-0.005939745178488943
0.013610641135210788
-0.003404137947560039
-0.019012174049697027
0.027116796669129823
0.06547986611590349
0.05815748876196666
0.10034403110662837
0.36805638414636205
0.696234114847128
0.728310126052349
0.5007682295904068
0.3307018305839259
0.2680706616497584
0.16420604981320072
0.07263455744647881
0.04367783350133364
0.04201788076312955
0.01968664454079476
0.004105663336580714
-0.005520141441252232
0.0015103325675979433
0.0009930180360561258
-0.012957529780668614
-0.04677653984135042
-0.06120633287156772
-0.10460079153352891
-0.17235091897089452
-0.28857629037520194
-0.41485391315499676
-0.7243300535873312
-0.7538343590813931
-0.5509419204292467
-0.2279416177922348
-0.10648764469861707
-0.03874322229002302
0.009785512751238302
0.011150035171688447
0.03148301721858851
-0.019677691363336934
-0.043469913222709905
-0.013446644247762202
-0.00395291656510822
0.0509036391426417
0.04538199278526236
0.07681346387695753
0.17087196396139084
0.48215650849623704
0.7014202086169082
0.6640500543326381
0.42190907175565584
0.2600414852109272
0.17449291589955718
0.13670015017724715
0.09636747943322128
0.05961952204544268
0.03193346088553551
0.024012551576588787
0.027862547677625995
0.005829007634439682
-0.019296014456122643
-0.03900877914725135
-0.019028973931902574
-0.012991746732242617
-0.0235235493567916
-0.03212005268744717
-0.020267113445810177
-0.025475741170785726
-0.12924242732992022
-0.26744501343372795
-0.46307640566669933
-0.7231568806990929
-0.778258194932568
-0.560134464372279
-0.2012259625838694
-0.04135731736840076
0.016855109182866406
-0.004765462637580597
-0.01869962852236926
-0.024287811949302067
-0.03099781244305848
0.004571605851873706
0.011773088614946147
0.03589942927299045
0.011918680957413406
0.016449170917885277
0.14066034136548022
0.5323014572436858
0.8023857531975105
0.7148792402652513
0.42858657819724233
0.2769743351132463
0.1689306904452291
0.1189272986965714
0.10541798462953537
0.08833173049751479
0.0397749010532279
0.03422335509757703
0.03263195577499809
0.009539142905832751
0.0011158470115245217
-0.016169284080531924
-0.03061977748081951
-0.053785902809047936
-0.06606792221420227
-0.0773913005507708
-0.05545446706015567
-0.08551822172381256
-0.20753156400960057
-0.3604710075625551
-0.4563408793050966
-0.5944012356012227
-0.6087155529789011
-0.49321044947259485
-0.2024863772921387
-0.0763598741923113
-0.052654907646502214
-0.07753059084483134
-0.0428465444384374
-0.008625189948073127
-0.024810952007346336
0.01779584798984972
0.050444652049617754
0.0406048615509443
0.07783272360743457
0.2530017257011276
0.47080579260156014
0.5313737203688893
0.4390193729972845
0.35602211043634696
0.30967038706555383
0.2794501915442517
0.22169823472104408
0.13392828992350359
0.07924493791812998
0.06738946986276922
0.08177431985888937
0.008987856785381634
-0.012082470184852041
0.0025526500376354495
0.01211607172712975
0.01230731185904853
0.010575172914582329
0.0006364390546914866
-0.010787680192319318
-0.014390034386531624
-0.04893797986243563
-0.05830763571181492
-0.14387449988926262
-0.31588369761639323
-0.6576772535384195
-0.8106057118965363
-0.8057756996014862
-0.405869710430487
-0.06559222553843941
0.0673272840859477
-0.04841025975306914
-0.04423905177482024
-0.00900439771843596
0.020253009059418264
0.0014583824488751315
0.030883468553592884
-0.010845973739284698
-5.75812468933548e-05
-0.03434582781472114
0.18591387331138257
0.5778007643776365
0.8406863622886397
0.6867245228766526
0.4301607454169313
0.2857001369729713
0.18419650643325178
0.10565428632945777
0.07389079776296162
0.0542990172688151
0.027328243132211702
0.010281742326811618
0.003527951228587573
-0.017952107158231565
-0.0292972060195987
-0.07316573897031922
-0.06329414855113909
-0.04550996418725797
-0.04559357872572186
-0.07389729546209582
-0.09668504103820018
-0.12311358956385993
-0.1706836557633263
-0.2573528437551628
-0.4621111337384516
-0.6522131726660566
-0.598550969997302
-0.4381135243421401
-0.22541150959802564
-0.0630895714332832
0.0220532042680995
-0.026919088196779305
-0.0535452028300924
-0.03581718948857957
-0.00498419938596465
0.02702027099310797
0.022489523666261595
-0.0182780768514371
0.01768742390033995
0.04509906932850185
0.16599942688404198
0.46628274517217383
0.6769808457152376
0.6504253949170153
0.43071275695645206
0.3299251110960626
0.209441330100448
0.19438111456336105
0.09179903420128338
0.05216435591958215
0.005683347606177319
0.03265975734674412
-0.0026258419928958374
0.007894607221562886
-0.0005817451568752998
-0.01187945325960228
-0.015078874830572438
-0.015943559827858014
-0.010850248866689977
-0.0324457305189984
-0.042623349673556306
-0.1676584440419941
-0.3313106271139615
-0.6165256816545309
-0.7828141522176866
-0.7603069041333598
-0.3874119105410815
-0.1263157734741838
0.003247075475407706
-0.05864816110666736
-0.013523287614948554
-0.009416359878478544
0.01749542787074278
0.008691584943620842
0.009909741750716974
0.010255584080150048
0.03312420121256309
0.014387839726817633
0.07563613458390181
0.3268923780459167
0.6103064283328361
0.6862914082754153
0.5543231318313109
0.3885878313635998
0.22190110051576475
0.13696846284809566
0.10606383185795991
0.06938833438353624
0.02700996723707061
0.00987473441228308
0.02383733960940792
0.0036250387551505993
-0.007952954281949311
0.002147058037234257
-0.01229311028039891
-0.04493921347724211
-0.06096022689561207
-0.0884488212044342
-0.16161366441827493
-0.2994085526920818
-0.3805925403668417
-0.5623671448922902
-0.6186583894070046
-0.5963371373350705
-0.36765794234658755
-0.14181889440685597
-0.009631020522304983
0.036681577446535524
-0.013107366941824348
0.0117752910659616
-0.01441817799229336
0.024311625485498516
0.02528809177145981
0.040198034363986807
0.025882874300935135
0.006542589729643317
0.1000231699789763
0.3844106441543178
0.6916193369687127
0.712713264953198
0.527111684844628
0.33162628053307097
0.22339049584266873
0.16150649957894714
0.11657931534813964
0.06559168663131677
0.032989282718802776
0.029069375276137194
0.0038586006214857125
-0.022731664124189442
-0.03069179494724451
-0.043862015778696896
-0.07131373657493163
-0.06133166715671963
-0.07110243111072985
-0.11643557399178338
-0.18666782164543014
-0.28736229926601836
-0.4423744548227599
-0.5801024320572764
-0.6254201970582747
-0.5264868114362654
-0.3069045586163108
-0.07439970804529138
0.00029375454694854447
0.0029356470320810544
-0.020831800181174656
-0.009772624280598777
-0.030284493089776356
0.019225237464920716
0.016357951532116343
0.05939117605571764
0.07909138969701725
0.3815135874679428
0.6764040013400647
0.7862292549149192
0.5603804130592264
0.3527463135871607
0.2001450713840721
0.14252831133431623
0.10639365239001268
0.06086140508354634
0.014551651806236937
0.015042981309384106
0.013821830585835543
0.007132932855071194
-0.013930115345715137
-0.023970997373030888
-0.036030642481992115
-0.05112678536917993
-0.05532283846791169
-0.03978082087112714
-0.05766821228372223
-0.12843956348802438
-0.18962514784299028
-0.28706016640849275
-0.38848974843535616
-0.5076146054049661
-0.5352692726282812
-0.4749889940464553
-0.37441211324653484
-0.22450613604629818
-0.09384713907424867
0.009268544441256911
-0.01170801269005568
-0.01062492659238958
-0.011370567278277496
0.03002566685047829
0.029251845556154853
-0.0007687177038618842
-0.011238703316537809
-0.003814856401794812
0.019852920615720665
0.0865352212076847
0.38494491554390997
0.6612450658861898
0.7287926843971703
0.5330964498803955
0.3605862362266906
0.2552821318200407
0.1860960507297789
0.11862514921978717
0.0706362739338973
0.06422403758371001
0.05936621791969841
0.04515234848767521
0.01163928905285406
-0.026488370338061215
-0.0631474429161391
-0.04446426288847562
-0.020927178540783607
-0.029310157680135715
-0.037769245091692584
-0.03802337762649897
-0.040381803329473054
-0.15107750051103558
-0.33026894922049616
-0.49634912966464495
-0.7147715406026001
-0.8066157972069643
-0.6224175967393744
-0.22960842299933856
-0.03330032437812254
0.025167447781264046
0.006061408415952085
0.01509693141754744
0.0282737160928359
0.018545404831569797
-0.011519523269656454
-0.01987576346781457
0.03294103727009843
0.026630184548942375
0.04590397098047742
0.05876348811857489
0.26807261607842203
0.6170109923618471
0.7460812500839058
0.5864197887064927
0.3410944368596435
0.28371412719597766
0.2124527039168677
0.14410054701816785
0.06020132318772524
0.022258402163968034
0.02486621155183188
0.012380451097262898
-0.00040385801091503916
-0.027577956417821882
-0.036677067344521426
-0.04178936327509094
-0.014892418922026125
-0.005489970222104619
0.01441020968903299
0.004094148368753738
-0.01661612283281669
-0.04717650539082157
-0.09450772334322727
-0.22335620343564946
-0.36230098729931837
-0.557340215577945
-0.7418258675771896
-0.7305007694869559
-0.44119186370090213
-0.13822533259801256
-0.016316423708109488
0.000540383529259564
-0.00056813484914021
0.005542160420124604
0.013699939613690001
-0.002234699215622676
0.01755757305742963
0.007246210865663053
0.020455260079522676
0.11849973594518938
0.4462919845756636
0.6718793850831674
0.6805563885620852
0.49934910358531315
0.35164210797072204
0.21591923894271764
0.1676899111842549
0.11673542198353054
0.057725176133031054
0.02829723994433722
0.021351929770596554
0.009089062056086847
-0.007419506094983902
0.003291783808429845
-0.015918244114645017
-0.014535391267858286
-0.03463988052755896
-0.033144362672273546
-0.04161100185229706
-0.013956978647753132
-0.0267533325499029
-0.13069418209740677
-0.28300978780351793
-0.43984935601467584
-0.6188749971952597
-0.7675151856191594
-0.6325784942992037
-0.27664385769807415
-0.03882093968257508
-0.040114633240136574
-0.006156979595607242
-0.005339433979095929
0.03647283825836599
0.0027780598269455843
0.056329990751496486
0.012233189150023815
0.10475889234644109
0.3067655369113002
0.6480966393343803
0.6921726010555762
0.5198766342789252
0.28531241726313605
0.2503703917127382
0.19063197314333144
0.13146775407620662
0.061565988959073954
0.0457874350352184
0.03317165641645363
0.025983499983349305
0.019690800781089382
-0.0061527363469407095
-0.02242726327546021
-0.029311417606108767
-0.014616191886710705
-0.028740159763104463
-0.04691613924403462
-0.14417053749469835
-0.22346119948303167
-0.34033429482645217
-0.463996920079621
-0.6157977345237343
-0.65304882802271
-0.4612767431966969
-0.18664379869223316
-0.041396593676723464
-0.036017866635817845
0.0037243433588691833
0.03991440080317442
0.02861066813162106
-0.011258628838180048
-0.037120149205410374
-0.03179233396112852
0.0037676694476651055
-0.027767547070472815
0.059004332443766225
0.30969600787596063
0.5544865136798509
0.5300452671378411
0.3816960859378389
0.2824159951238115
0.24786304308973064
0.20485973101158053
0.16749047848560392
0.13063738868796432
0.11952701351628799
0.08912727792387774
0.03616061604416567
