0.7916686014526193
0.7863811656817165
0.7776337770215616
0.7700812787067702
0.7716168347686798
0.7705332584063176
0.7668959392256731
0.7645702019905367
0.7533259076686855
0.7427504861363562
0.7217391088050245
0.7079100607705626
0.6942447704013799
0.6867461244704371
0.6764574930689887
0.6631135621786689
0.6460073803833585
0.6397144005711738
0.6431359009329866
0.6472953939227648
0.6393016506430427
0.6209594955716786
0.6063163471760953
0.5860865908487992
0.5732063617502509
0.5634143696566847
0.5567451465541211
0.5464062094520385
0.5301895439538649
0.5131453098975817
0.493410161869815
0.47177689609258533
0.44762911658201515
0.41934626552469795
0.3869584101355423
0.33982275295574116
0.31227291685622294
0.32250031881253566
0.3453261705905503
0.3608314535246681
0.36473395133433606
0.3653385234531979
0.36310638641442716
0.36470928218540083
0.3694001374218806
0.35832431460572883
0.34707599610667184
0.33514313393453393
0.33166078500105056
0.33421917305489984
0.3440941085415962
0.3383860696872019
0.31758578996033804
0.2951821516152247
0.2833340494300713
0.27909663694023257
0.2726974160808393
0.25638327703777947
0.23500919461124414
0.22150188528909232
0.2168102698242429
0.2185204579745142
0.2269643333685469
0.22984144990155872
0.2334956178530812
0.24128794771750556
0.262453285569491
0.2797506225775858
0.2841228166005399
0.28206997271610057
0.2806967747015605
0.2902145244498086
0.3192757626841579
0.35112131592977136
0.3745834745682199
0.38840769064241815
0.4088576808796599
0.41675876943992396
0.424559715082675
0.43878164815939785
0.46185411678573396
0.47959742958319745
0.47696872446078353
0.48658542733039617
0.5251163163424626
0.569810620651049
0.5916742380310338
0.6063684968627577
0.6172295039679716
0.6206402502244714
0.6316960548145092
0.6635119852384722
0.7096235971599004
0.75684483397398
0.7905194652233971
0.8105525554355808
0.8225248867384404
0.8238038408619126
0.8102324849031418
0.794427721562997
0.7863949698469311
0.7913798129540977
0.8135600933921863
0.8392290116891146
0.8726855171421994
0.9040895059559513
0.9285815675072455
0.9262893667568626
0.913228532102924
0.8920957422946615
0.8666930995677098
0.853884068774033
0.8666507487172017
0.8984821098339884
0.9243465182501366
0.934009914064883
0.9374373903945522
0.9389553582288935
0.9325677868032285
0.9136565629246389
0.891114411328311
0.8770521852003227
0.8710700946837127
0.8814606063389666
0.9039282886459626
0.9332444861784572
0.9508297668092666
0.9564674241413655
0.9561452989552871
0.946005239057539
0.9339119902130085
0.9264828155715917
0.9297600041249422
0.9342091182156793
0.9386478544236649
0.9402728498157004
0.93453820300217
0.9218226835610337
0.9136484396641353
0.9079476944261695
0.8981186813256973
0.8807725911951537
0.8834469839021427
0.8952154871839665
0.9077273465546454
0.9103706807242146
0.9252458839570579
0.9460181998810249
0.9605030656148007
0.9701276966911295
0.9688323279497633
0.9607023838393215
0.9429906649502443
0.9303291168994342
0.9270744414953027
0.9428694864136836
0.9610218783616942
0.9736703426485492
0.9890210802001809
0.9964560699774757
0.9964452758698938
0.9843830631730611
0.9737618071482566
0.9586925068700944
0.9599992504745082
0.9683076738909968
0.977791974741173
0.9809702772363339
0.9885515302801207
0.9958598690433497
1.0
0.9957963152470354
0.9939692159675086
0.9878571774946617
0.9828585050439317
0.9799421809330486
0.9788889303715025
0.9778356082931903
0.982554973079105
0.9892210897359781
0.9914052511352017
0.9927663559199473
0.9872334526141775
0.9783709054683946
0.9635372274440002
0.9381990500371794
0.8908402484629505
0.8276661986088957
0.7688411322662854
0.7306346597044852
0.7233859778614867
0.7250740307840451
0.7278072538913362
0.7138944859260449
0.6972473141511184
0.6723246820338104
0.6391124588537176
0.5814284433190838
0.5101905728619276
0.4437500671605564
0.4075028472178203
0.42776029447811204
0.47297661305921573
0.5006000941141306
0.4984684022392859
0.48084058015186676
0.4492173109314245
0.4088363554462442
0.36732364546774904
0.32313265868848345
0.29291350627169743
0.30481247602131917
0.34970036941897803
0.3940542661768991
0.3967903468564105
0.35853107335677126
0.30428210500032304
0.2578491211650341
0.21290225469984256
0.16223609311425805
0.11546878056052032
0.09511102464331035
0.09679000308131117
0.10564981286423157
0.11115680457482643
0.10315836044199819
0.08100486677837167
0.04920143938942723
0.03528455079384892
0.02557195107571267
0.02388476778415907
0.01746124055262877
0.014914016717576816
0.009841491889403151
0.00474249437496497
0.005132266449111457
0.004215375689415733
0.0039433635514658375
0.0
0.0017787568181930296
0.003447626295545038
0.013481274729131193
0.023228839940057915
0.032256135730994506
0.03770083509914745
0.04699349302785281
0.050268834356761084
0.05332553349679526
0.053697482343608424
0.0707794970684685
0.10671442168823762
0.17042579113458753
0.22577624215405467
0.2689148055740222
0.2902238390190258
0.29662406487928916
0.28026684992657563
0.2666842422228706
0.27577280265240534
0.31566623424748647
0.36008451357244264
0.41520136544404623
0.46109874414141944
0.4911067366735519
0.48010798221564865
0.4602239948007896
0.46080213588014307
0.5007444133747105
0.5424122891597997
0.5680544859566455
0.5850146323762835
0.5964106187826514
0.5965601577567067
0.5979214530299153
0.6054787958082836
0.6101039986770758
0.6195009865577681
0.6510184587952162
0.7010447428062193
0.745941011596318
0.7623697202635008
0.7655035029143077
0.7649588679033856
0.7608151421103767
0.7471290106686292
0.7411853902460642
0.7449577004229369
0.7633666452831929
0.7829293556271812
0.7978824369913979
0.805470109928506
0.8090061410756026
0.8011866694389633
0.7844703655086326
0.7645553423078546
0.7579634137142134
0.7599120363101776
0.7710309585201544
0.7767941083845287
0.7869028441865713
0.7886224424073708
0.7868232690243901
0.7796755863571873
0.7839419659565057
0.7874534381665362
0.7878303954943164
0.7905073929648749
0.796800906949442
0.7969445509046873
0.7942977398057685
0.7948525425393204
0.7969380483072197
0.7966392981872676
0.7933974530994072
0.7821835559903834
0.7687498293927508
0.7643191956814419
0.7593783325506871
0.7642185488098916
0.7792008113561419
0.7941568085546717
0.7940998566931114
0.7949336565331605
0.8012047891387989
0.8007125498343712
0.7926130873057562
0.7813368529457971
0.769444804852142
0.7479794830036132
0.7150484865878296
0.6740334905642943
0.6512417926456647
0.6394357249285739
0.6286765721240012
0.6201627729814827
0.6107986941608995
0.614779950676057
0.5926826791732621
0.5611357747428894
0.49989804374909996
0.4508682625595809
0.3983588096358101
0.37108698747622865
0.36851578393478734
0.39082328806061584
0.412899471779593
0.41421252270790004
0.3892731344307919
0.34314762274632754
0.29429115094956804
0.24685094289233578
0.2106753957543636
0.1817438931853438
0.16286569037063164
0.14988777447198556
0.14372408270026746
0.13886826020280546
0.1275498272120524
0.11214228027591451
0.09128972972115729
0.07914377098662774
0.06953472300916141
0.06142131653093199
0.05004819674499005
0.05805999310539215
0.08074252901444336
0.10723189951831295
0.12777422110876765
0.13974453178921997
0.14548174075670467
0.1432124826664357
0.14390767844769883
0.14984737126987605
0.1630467549543511
0.17393208281117567
0.17896352606440288
0.18464884884411276
0.1943326624334658
0.2033213453733734
0.2138608962849053
0.2037450736517024
0.19974821305889118
0.2098968827922184
0.23022651953295206
0.23609705820055177
0.23445511583498463
0.2189074085156365
0.21366475135574137
0.22559672155501748
0.2440406787182038
0.2682662533143443
0.3133036653713251
0.3519126831296307
0.3687169810607786
0.37834791072357093
0.3763179755769496
0.36233862274214657
0.34913568892988284
0.3444916015719486
0.3411724559211627
0.3431684353173023
0.3517105543691543
0.3643594591317957
0.3700991462980415
0.3750223223239282
0.37598360303337686
0.3733449821310292
0.36543909193341584
0.3640164938847166
0.3636980956317711
0.37111645307561447
0.39051107349139974
0.42007570122696736
0.44481211425152684
0.46257234977509437
0.4700795028787027
0.46290783866781976
0.45278821872930614
0.4463210461277106
0.4420654025801925
0.4434967159884285
0.4576168263159804
0.4841728144545407
0.5187123051379277
0.5509450651657579
0.5623848261668813
0.5512148737074032
0.5297143642149297
0.5146569461349447
0.5014554251199778
0.4977622789394797
0.5131310551350495
0.5497951460064601
0.5894063793438703
0.6199817070128799
0.6318791275742062
0.6313011434785092
0.617324648909301
0.6045939080433207
0.5757564592123338
0.5739295002999744
0.6025130229401018
0.6526858823559292
0.678847091145284
0.6961854921792483
0.7090060894305851
0.7191021701546357
0.7105009431890319
0.692024523732522
0.6738765496810966
0.6598842780966796
0.668058098899433
0.6999804044412763
0.7376965163614152
0.7579984960384554
0.764538054885526
0.7641516508775343
0.7554571146504566
0.7415159800184351
0.7109983056396775
0.6789143555224296
0.6718640392595561
0.6981549220429911
0.7385958614154475
0.7589344315712133
0.76931601131678
0.7651135053977123
0.7664955624793652
0.758274475345229
0.7490866403335482
0.7313138196207812
0.7218733763204723
0.7208777343169961
0.7224243173478304
0.7360932560788103
0.7510592886997713
0.7708016124987146
0.7768295769477152
0.7830840676722494
0.7793632472207116
0.7771138977348754
0.7679399245695412
0.7615569913140006
0.7599225785153513
0.7638754146003323
0.7680620803016182
0.7756859556032426
0.7802434615943624
0.7861008185832496
0.781936693012863
0.7857074637841742
0.7816531975467661
0.7740610662042335
0.7589413118142232
0.7538610542796277
0.7452334233116622
0.747965285510618
0.7527580841485247
0.7568130107585141
0.7523391799847722
0.7496898164752015
0.7372599858375378
0.7174449076986145
0.6932898384090027
0.6643306077354286
0.6422090602111734
0.6077908105454816
0.5431068038170201
0.4656673698304651
0.4191234445733203
0.40804650100118206
0.4147112996752307
0.4226358704928113
0.4226062662611196
0.4127828593747671
0.39759551235525864
0.38133053890303853
0.35821273287891425
0.3291877391197161
0.291847341989586
0.2584235411088823
0.22264080499123412
0.1890262392514005
0.1542459782219617
0.14892257165735232
0.16155952174852634
0.17437612892344534
0.15791963170167203
0.1394723783571772
0.1283970339633472
0.13539177210696476
0.13557810845565618
0.12915807256800707
0.1252836279279139
0.1340099619325386
0.14450320641615022
0.1546211920881231
0.16306495286044112
0.1704934585408381
0.1714206968606227
0.17385934674759562
0.17861776930389442
0.19360012880770666
0.21527989059088926
0.23189627653237632
0.23666829291135025
0.2381191685137748
0.23859306007179168
0.23518501534616088
0.23188800702775003
0.23504783146580804
0.24779436803521512
0.25846559291628696
0.27493297004495876
0.2908895434201979
0.3118445331721076
0.32068099156872937
0.3231065699211098
0.31808569040813867
0.31557480599873905
0.3104565859438967
0.30973163814832283
0.32623832337671577
0.3551388015468968
0.3772031318330092
0.3837908566392128
0.3802811918440974
0.3671750916403165
0.3557489510806261
0.35792053307374067
0.37173463875275603
0.3827299587169036
0.38635736538022986
0.38691790634531537
0.39223614232010234
0.3943504062117706
0.396687890561437
0.40672365860801174
0.4204323636946405
0.42123794467671966
0.41292895481106984
0.4192094972143091
0.44857611456996893
0.5012175437998374
0.5441976791800399
0.5689239025523936
0.5815497666355594
0.5945156572115231
0.5869829951854261
0.566270181674361
0.5416590240788266
0.5274030565307698
0.5465052010151689
0.5876485365777114
0.6187452881165384
0.6257638542527708
0.6288652343010122
0.628921969154553
0.6291508032079948
0.6255550625465315
0.6114106548474972
0.5852407260644329
0.5574182999734657
0.5529893123171096
0.599785058827297
0.6648788317887533
0.7028798217832389
0.7181611392093116
0.7340187198637272
0.7399439783352655
0.7201783852628042
0.6901268495077318
0.6654914073116871
0.6395923567728914
0.6210600057190981
0.6163516960027464
0.6522667148610191
0.6832856395647289
0.6988886253414135
0.7099945989222474
0.7368362090550211
0.7447581175311072
0.7256914297948022
0.6988614511442476
0.6710694943405106
0.6505908995097278
0.6591115696025127
0.6921556922702357
0.7161778653696115
0.7265049755204664
0.7271966376888539
0.7261446989898734
0.7159470326392743
0.700869689046497
0.6819937017882557
0.6601848014524058
0.6509599434325978
0.6931347840449623
0.7705095986435156
0.8300907178721494
0.8590847752068016
0.8799251515147872
0.8828325518029722
0.8612659812443032
0.8387719690066876
0.8062416432325968
0.7786629526534836
0.7763297492451643
0.7949374264760486
0.8143739040223188
0.838434744432306
0.8655641043494658
0.8765545951676634
0.8735361888340455
0.8652410966151355
0.8454614596822005
0.8323066190942684
0.8218199556720331
0.8281912317716373
0.8448234118045039
0.8728585638226668
0.897410703386701
0.9100301679150092
0.9024259343287262
0.8790600836467453
0.8654059043373374
0.8592952402142571
0.8523336562602737
0.8569548994624238
0.8670927544747903
0.8843601064791468
0.9077528171751802
0.93903548034462
0.9621560912723744
0.9578477454980515
0.9438511854829452
0.9182404261275616
0.8947568832757044
0.8731631176748716
0.8686814843003081
0.877734467400899
0.8899691683552949
0.9104775072161931
0.9077672306234565
0.8897091238622329
0.8605503856495067
0.8359069156674538
0.7868161737400252
0.7274567826107624
0.647246822691289
0.5755723658765108
0.5148210570654511
0.4772826885989449
0.4299052772083871
0.39480827505592403
0.36744338314116504
0.33204063343666984
0.2835160783553099
0.24268913176427442
0.2126375243562453
0.1932456095817542
0.18708565453287762
0.1832065707819913
0.17849156054740972
0.17845344609858463
0.1759929842803145
0.16882472510375207
0.16140074293878165
0.15368068380442318
0.13885884249484873
0.12841712729865018
0.1401953198879288
0.1687348096329445
0.19678980938609195
0.21586730004529678
0.23006814422345906
0.2347954767106685
0.2307206463738991
0.22705106132090497
0.22391785906363748
0.22257609886046467
0.22549280930548232
0.23453275207596372
0.2584557239014667
0.28298658577903724
0.3002305264936764
0.29943079607686557
0.3024628779205755
0.29240779460707944
0.28775993562731994
0.2880583683195192
0.3141074310020796
0.3650964026445338
0.43113362626850354
0.4933191141864438
0.5220542629889123
0.5338318267862802
0.5289311702317091
0.5209549214643429
0.49746064119418243
0.47651328170465607
0.4687830852944694
0.5369570630417214
0.6190980009998137
0.6802897903903359
0.6965636685684747
0.7263182419483748
0.7028176634914771
0.6593088882626452
0.6049397476763051
0.5520745598423827
0.4922810683720153
0.49099214300890925
0.5659544534532204
0.6458470472713755
0.6920518596128751
0.6967781517440582
0.7131837498503091
0.7138226481988476
0.6905271068995293
0.6552314746568397
0.6347154622628283
0.656340401664521
0.698031834143976
0.7421232008444685
0.7423391703669145
0.7468276639546271
0.7439510994592649
0.7346631771329964
0.7164589652296657
0.6987003798508007
0.6824471470181926
0.6954557214650972
0.7242619521913347
0.733171028289198
0.7312821682764641
0.7382739227230237
0.7258292930819844
0.7037185022934302
0.6953514913367406
0.6979410271651666
0.6959039751685543
0.6868015343255703
0.6813054775503069
0.6901631146656291
0.7107518310816691
0.7445514853363081
0.7791165532732667
0.7929787304872238
0.7938043478001202
0.7814884247223066
0.7648393659626741
0.7336419985521573
0.705956570318592
0.6932234662018937
0.7055343794830017
0.7304144650212044
0.7604874485551526
0.7796314147766266
0.7884546466753877
0.7831266435103171
0.7764371815696366
0.7636741756969488
0.7429151243906935
0.7145608542262649
0.6919460839945016
0.7007782830294543
0.7163324421111749
0.7311550070126824
0.7517057460773476
0.7645358601105228
0.7599195892521301
0.7377735803356603
0.7298880390301734
0.7073996494501689
0.6868754059944622
0.6910941856874344
0.729038545984357
0.7616086763213863
0.7726151164469454
0.7828794461455907
0.7757143375692157
0.767018768495043
0.7551669764047154
0.7420993936564779
0.7226824792004405
0.718754915329842
0.7240421744975817
0.7270426611811509
0.7299687989327207
0.7337433239541986
0.7406182807453233
0.7446111884746329
0.7390401068758983
0.7268703082033187
0.7222381563529806
0.7349190810721008
0.7456951347558014
0.7418783834196936
0.7295391009408656
0.7199310980227813
0.7181785219997546
0.7163104567275348
0.7173104869880508
0.7196359709067716
0.7281887797767431
0.7410990718897872
0.7509043181432091
0.7494400285794316
0.7493791155245605
0.7535466038612157
0.7519701338758332
0.7343965651337482
0.7144373210575417
0.6951742714141054
0.6880055139184436
0.6975023802803479
0.7102437495190291
0.7149334232814304
0.711559855124146
0.7004833772007278
0.6724084127132858
0.6526678154310867
0.6105920236683835
0.554034757779406
0.5047456124256443
0.49040842982851374
0.47186849332466024
0.448686867208819
0.4279623429745042
0.38430284281254146
0.32652618666900807
0.2854960231505778
0.27480512877270113
0.27459946714029626
0.27484127473089215
0.2751331887145053
0.2724544124581804
0.2662385838337059
0.2495648513030911
0.215188420954837
0.18073859351089208
0.16055703057782697
0.15480125620870036
0.15344663237892942
0.15839031005118492
0.1642134865121328
0.17068600221922137
0.18087823278350199
0.19105691558533058
0.1951675562557995
0.18954156613000064
0.18542903477266096
0.18420577503344032
0.18959283058494797
0.19580275211684892
0.1992785962456111
0.20521328348909304
0.21235314952609208
0.2186580085130103
0.2142721865090686
0.21033030776409467
0.20525620488654872
0.2006425639026003
0.20189544787485417
0.21077203933049085
0.213717620593045
0.21967086072783665
0.23130519240733574
0.2509317472362241
0.25696956959426365
0.2526297132625223
0.240451664118036
0.24004389273973753
0.2386905710901707
0.23736860412501937
0.24152896845249877
0.2472753293849238
0.2428153392504879
0.2374152614899589
0.24400536861286365
0.25598856914759965
0.2887661650394212
0.3365431820618749
0.3823294536137272
0.40552543280260017
0.4141444473127737
0.4114076034184722
0.40852156609012363
0.3974916381202994
0.3750270807304194
0.34897014110176394
0.3485290161786252
0.36915853975641066
0.39493673378363686
0.4097361962724478
0.4143483122062154
0.40973622768083773
0.4015142234833932
0.3958155296765455
0.39166878914044323
0.3933349210475555
0.4014286791291841
0.41019841304041527
0.41197131140048393
0.4143376610184945
0.413974045211966
0.40912789016690093
0.40515960099745585
0.39724958020058254
0.40376857881152445
0.4420220085956709
0.5028317458727104
0.5492694867848944
0.5666478480866746
0.5599706615373058
0.519486147444839
0.4776840630690003
0.4451078606465785
0.421868540057964
0.3886012650010622
0.38652954890594254
0.41534143554619685
0.44426965493800535
0.4602296441726498
0.4720363671824615
0.47091081141135166
0.45799892060082953
0.4491729419709686
0.4365237021196509
0.40895649215453184
0.38368505675612236
0.3493521154386804
0.3329449817858324
0.367984190448467
0.46017650812293887
0.5366661947420818
0.5771324680281794
0.6018786733377924
0.6138377766779054
0.6085460690843939
0.5988462165732742
0.5935223245011044
0.5760651095439329
0.5563230979590845
0.5511267744654113
0.563801566897073
0.5753573620151377
0.5837771360020233
0.5790417884207377
0.5683632873427412
0.5449039420667527
0.5212113862225546
0.4958833580732056
0.48818878785836856
0.47937438647214076
0.4839447211330783
0.4923333855967509
0.5206353133815572
0.5452319251462062
0.5502487494127261
0.5459414129195985
0.531567748290024
0.525617548970531
0.5264558179511838
0.5632901521300189
0.6012416046733262
0.6296362647589778
0.6416286942385432
0.6437630064814914
0.629917674810418
0.6160851344260825
0.6056466005695
0.5993709620006831
0.6028230960140968
0.6073799623343471
0.6170764746234331
0.623276162188229
0.6345636742001776
0.6359526069485671
0.6265996656787686
0.6150849961735225
0.6066061273695534
0.6060643022515378
0.610710647343971
0.6241196180709391
0.6463936196574739
0.6742288916873751
0.6954196353163168
0.7022665699644779
0.7069674431230709
0.695447396994421
0.6785718942955793
0.6566186954568074
0.6614293307338505
0.6725362196547383
0.6909922133864287
0.7049123218480622
0.7132347888997367
0.7012566180206224
0.6891350315696997
0.6933432869047828
0.6924125751634939
0.6733906126923463
0.6695298713233927
0.6879056978536628
0.720293453273468
0.7504162927739834
0.7775821996831229
0.7920055018830142
0.7942959384367368
0.7798791233389025
0.7658122702365076
0.753644813884548
0.7432433385733116
0.7467982609258581
0.7740233543345101
0.8071006110815692
0.8277554880787414
0.8482028187306518
0.8681531922822758
0.8647963647012713
0.8445588466338809
0.8183953936852717
0.80200306474604
0.7879717241973748
0.7907455133773009
0.8114288362688173
0.8299743902810585
0.8473639492945805
0.8614378247716814
0.8710599362663777
0.8666995828198597
0.8624922245283497
0.851257367605877
0.8313436224715397
0.8176654495710641
0.8329281762538802
0.8478230842814753
0.8557286161351624
0.8586113599861315
0.8646802416401338
0.8601911024047175
0.8445436097038872
0.8374324010409643
0.8260037465193074
0.8138229240740661
0.8031031257717874
0.814556797943257
0.8362741976272176
0.8554880747873554
0.8611407609903354
0.8621936174685387
0.8583013363371225
0.8504083550095342
0.841007151804131
0.8241616680764925
0.8145465952250818
0.8125329649186132
0.8245089986826726
0.8298245368238036
0.8364807126814946
0.8323537685744725
0.8309852265051202
0.8237440891748965
0.8250520727072871
0.8220437050000065
0.8146510607826518
0.8126664571215947
0.83156334912376
0.8500298074747843
0.8467496468185056
0.8414432775821503
0.8390938830256038
0.8366287972313272
0.8315484205237594
0.8255749214392415
0.8210945647655749
0.8244693358223972
0.834598427343504
0.8390783085822077
0.8353934503979454
0.8286120955384549
0.8276882688011329
0.8297422792021599
0.8301038982295356
0.8245460565103693
0.8222474818694414
0.8230873860724871
0.8223489649213632
0.8232006075186028
0.8280876158864098
0.8427429327112727
0.8497927276401782
0.8576628969885474
0.8552707961160814
0.8620903761571359
0.8596838049487825
0.8455058955058978
0.8228458148727394
0.8095364724551264
0.7973894624159011
0.7729410719153993
0.7490576508730864
0.7315822854781854
0.7367117036183838
0.7513453007137116
0.7583735182862054
0.7568826761563425
0.7449023078648179
0.726235833098081
0.7061342946604727
0.6811744775870728
0.6251273438020014
0.5579649387272588
0.5054836987199375
0.47740513292204295
0.4610319656492922
0.4535316111776686
0.44961865910801846
0.4487800289321864
0.4423775974599876
0.416167299291511
0.37124934772534407
0.3084014483969084
0.2579761373394144
0.23187804487896216
0.22494465297338218
0.2222838677361374
0.2237391252511394
0.2269278650859274
0.2202691669674699
0.20507313501399094
0.19452386801551286
0.1878619035817496
0.17902603568794165
0.1574467270200518
0.12135085129148755
0.07432778506033598
0.051925539824138216
0.07137280947423176
0.10607093925717634
0.1248056697420106
0.12311732091512619
0.11727103940241126
0.11652047423748772
0.11879862949562162
0.11890323782110772
0.12112863512491741
0.11635722095184119
0.10795856496078317
0.11616862185572326
0.1477811283164697
0.21656107042088188
0.29804171697510967
0.35720813010936375
0.37050995668859754
0.35686935965252853
0.3336033046836081
0.3096907168665567
0.28917315249946807
0.2651657341708435
0.26101027996900567
0.2757718661466329
0.2948462131182581
0.30603111069945926
0.3264490358461232
0.3409281840171246
0.34469644270908284
0.3404128413258803
0.34047595045739576
0.33724881834017373
0.33345684521668634
0.3468129773594456
0.3689197856245559
0.38695430187378005
0.39452622683544114
0.40183752792971306
0.40574638116329664
0.40207608411754797
0.3942783377830124
0.3904952351490681
0.3958828441287952
0.415527488548606
0.46021754270397464
0.5255648885217432
0.5788796730655098
0.5984679132035094
0.5729435165683384
0.5183372070417194
0.4699670637768688
0.44471124070890705
0.42805810447825315
0.41863076417297124
0.42770835413060515
0.4421140530082415
0.45599657217938827
0.47234767692933105
0.4927365791940811
0.499329606403213
0.4962090288005449
0.4930737339599192
0.48931670966248897
0.48351362014068944
0.48167325962746005
0.48017934359084824
0.47937964009374184
0.48535898249706666
0.5047884094316835
0.513293006612333
0.5166381882013724
0.5193165516686453
0.5158115036483524
0.5145637042462888
0.5287411853664862
0.5544093571279836
0.5736137472886004
0.5845482898037139
0.5863019593374742
0.5757347795898969
0.5647339422919904
0.5576679417944425
0.5510404961777313
0.542792188099724
0.5309498333958957
0.5296612440798223
0.5313264418182126
0.543854838092334
0.5437715283881891
0.5551773922923482
0.5617507264710265
0.5783694572350798
0.5749973758254654
0.5788074304278399
0.5677871145417839
0.5662272701055128
0.5572737198592507
0.5717747918321177
0.5868013296215305
0.6036531219143177
0.6103705063609587
0.6156837482580103
0.6192869991723338
0.6178228330177423
0.6133219540460054
0.6071986904260523
0.6024239767741688
0.5951577557359468
0.5903726908603628
0.6115124568103769
0.6452032057068512
0.6696439032877832
0.6899004779522668
0.7084844039501291
0.7179848470484369
0.7086724785030485
0.7004482528444463
0.6868063980902227
0.6661319251562209
0.6475945068932198
0.6367533853866004
0.6520556377112449
0.7018761229917412
0.7556642653795098
0.7781613607672887
0.7610419353003783
0.7380970134925459
0.707826164036128
0.6911478627137445
0.6722873043185208
0.6510672001088494
0.6478510268356258
0.655488938389942
0.6588304592699479
0.6570871634680332
0.6761876852352531
0.6933079863786019
0.6959163952609702
0.6879285204119088
0.6813526733006805
0.6794686208736943
0.6712946595085134
0.65568284906029
0.6442746821196913
0.651753294692283
0.67396889105144
0.7030118467201184
0.7334430586420121
0.7610232545078524
0.7622232733723282
0.7418332022496523
0.7166455403458137
0.6979890551787208
0.6786824766524499
0.6518325797247068
0.6157535836506814
0.5996789470726352
0.6201327452517335
0.6588548451689435
0.683110117319595
0.6998454649773551
0.7033729445863579
0.6917464795761137
0.6842223971448455
0.6759722874200708
0.6628261610746267
0.6445060745439433
0.6535334140395515
0.6999363226663945
0.7629587746728479
0.8111927244714088
0.8115384598557475
0.7736204112663793
0.7342596405555983
0.7141745157701054
0.6943252226151917
0.648796831352924
0.5930152028299139
0.5634526075817377
0.5756741770915096
0.6143661132548667
0.6500162467528847
0.6863247003454495
0.719918364744592
0.7266677543363802
0.7133950058334383
0.6963115066173893
0.6807692429226073
0.6535198005617577
0.6431339920173944
0.657375114356168
0.6820303713299382
0.6959169510758219
0.7012327038060262
0.7026531245011026
0.6930438267329581
0.678584455649471
0.6699577388832871
0.6638448675474634
0.655707263458161
0.6484403021887544
0.6579229543130356
0.6710334372277994
0.6854647811266956
0.6832586091436772
0.678162601434977
0.6773378553106411
0.6818704403469602
0.6790402264524222
0.6736116827257992
0.669614446308836
0.6734603120489502
0.6864134620337945
0.7033314667389692
0.7146076021093238
0.7132065122285839
0.7116638122491015
0.7121533142449501
0.7168524939918901
0.7131670650969655
0.7124435792835357
0.7178093077584817
0.7232700359715855
0.7252563335027434
0.7268693015107213
0.7332818815600489
0.7363033415227116
0.732148014438136
0.7210528649963639
0.7108465515388729
0.701730771457031
0.7028908018996275
0.7186188212153092
0.7501641521039761
0.7693195361010468
0.780170389543484
0.7918062571343067
0.7966124975290475
0.7844133471975128
0.7660373840841399
0.7569798315170758
0.7494462791468127
0.7536987328589905
0.7672270567298791
0.7725867605509076
0.7779822900764463
0.7849006222736447
0.7834196163684831
0.7693663570561257
0.7613436965380613
0.7583943527438924
0.7494419322194679
0.7366403228430402
0.7328704744458728
0.7184186451288238
0.7108558382173282
0.710026553759013
0.721166278876257
0.7204066254377043
0.7235507245193099
0.722703659531499
0.7186852350480413
0.7166224513126613
0.7197664490100726
0.7170739357721461
0.7170179718769235
0.7115422779374363
0.715859021246885
0.7160080118971519
0.7293532380411142
0.7382517800486684
0.7502840268172896
0.7550307998519146
0.7599968098866765
0.7500552764917505
0.7225072348426267
0.6952014688292202
0.6600650473240398
0.6137175789894428
0.5827580991067302
0.5806959203874638
0.5988736468696997
0.6166719368577129
0.6460702003639556
0.6518425650043854
0.6531820495798001
0.6500039018790783
0.6573123459507649
0.6503119418677941
0.6332189564250225
0.5969497067894405
0.5402926491863758
0.47932688589431105
0.4058738114405499
0.35165293792029767
0.3376242914447089
0.3818090141871011
0.4289358815383802
0.4454283727268279
0.4165226085354885
0.36344465579236623
0.30267984127003994
0.25596654880391656
0.22629108331292958
0.2188129307456451
0.22563091314720898
0.23981416557520605
0.24812966738108724
0.2540683728080887
0.2593840897211857
0.25197820445686314
0.23574043654116786
0.22912272483986676
0.2221714280487735
0.21376614555007803
0.20668112943669653
0.21348624216473086
0.2208472402274902
0.2300780810639065
0.2316200528966103
0.22732878062041142
0.2216292191345336
0.2245678022893671
0.22476379678256855
0.22625849087051736
0.22306302081475404
0.22576308811767454
0.22375828573050255
0.22225051798588763
0.2230247251667431
0.24283957078584956
0.26753561039334856
0.29334275895063966
0.315518429151478
0.3383499208992976
0.352983856596759
0.35492775151420725
0.349518768531679
0.33445492980237185
0.3260114818107117
0.32899087734608157
0.3508615114810509
0.3816209429923099
0.39806885554256993
0.4089607877988553
0.41440190810475847
0.4243242847498693
0.418259090779951
0.4094894753520182
0.3966257333455846
0.3828412658806557
0.38366781041147674
0.4066765671947871
0.442992205259499
0.4650507487251486
0.48805500872755075
0.49921485802836124
0.495554328443024
0.4724170993636387
0.4540815539267966
0.4403636696553869
0.4317373663517408
0.4490421826517798
0.47049039971067214
0.48810640287022494
0.4878478323227171
0.48710888241833117
0.4780815893501166
0.4677491418028917
0.46230026569328814
0.45524170925929025
0.4636537611284367
0.48915090367555064
0.5212753546953247
0.5375233929763039
0.5472076488699344
0.5473990331724058
0.5343072416182578
0.5218915643432438
0.5134889525506369
0.5099594916835085
0.5119333083675841
0.5288650341949745
0.5421452690178107
0.5657997168269276
0.5872015824932234
0.5943850629991144
0.5743071600194393
0.5541096758761312
0.5358550245728774
0.519836216191062
0.5135446705944801
0.519166982735829
0.5251680872171701
0.5287841298732692
0.5478204712029486
0.5708316380037863
0.5864626727952866
0.5919729986820399
0.5873983162262675
0.5747678340410661
0.5563471496949229
0.5466834393617771
0.5260733752570552
0.5122442304106123
0.5094537239112789
0.5584373680024977
0.6214078580358223
0.6685715111549584
0.687601597576978
0.6997629098153939
0.6883227753565736
0.6583739860745349
0.6309875328668871
0.6066434380863248
0.5640727147087203
0.520784992266016
0.5049477548745376
0.5343462878644916
0.5870061351362866
0.6352720360083559
0.6528900749153101
0.6569278298384914
0.6515431394505677
0.6408393648937771
0.6230637280053216
0.6148293548245916
0.5773964145970724
0.5160669547976553
0.48337584294911545
0.5406323733768139
0.6061804070899652
0.6424590795117306
0.6363336243672523
0.6250917662495872
0.6011794856657975
0.5949991499815338
0.57485232084684
0.5199465658807434
0.4706184593565387
0.4875206394887413
0.5414789507408261
0.5844936152421066
0.60178877670811
0.6182805309581841
0.6164913011367685
0.6063885317864488
0.5861728368331448
0.5741304591108919
0.5728899655666208
0.5833083882350782
0.6040482816992154
0.6287091818235337
0.6437982233324091
0.6339148371371282
0.6175332378741438
0.6094120085165257
0.5979151616498641
0.5770739137792376
0.568752617918286
0.5919158222098866
0.6221425287951797
0.6333139790032575
0.6278402882570856
0.6216250606094559
0.6113982954016172
0.6016579254859801
0.5846191893808023
0.5646427095472668
0.5631615533466163
0.5885587520406894
0.6193574610819881
0.6412855157458454
0.6498949788820421
0.6440767073110928
0.6345740142410876
0.6256542187501354
0.6221677371865281
0.6161828004339672
0.6038280613931503
0.5676040961330491
0.5345279570948893
0.5194093803044031
0.5251050357293411
0.5345458335577372
0.5543218949555888
0.5723576497942423
0.5867848258084847
0.5891298543745042
0.5852320689345218
0.5804333096506222
0.5712118254995003
0.5524423839798394
0.5462061414311504
0.5552530019955141
0.5679478437543758
0.5721180458818435
0.5680912389454319
0.5439316382812638
0.5201087957089797
0.4963513789193414
0.4665083797140653
0.4407212317768194
0.4238327021099002
0.41411005232736625
0.40504007324033925
0.39819642044930054
0.38142345085727075
0.3655164168106983
0.34459549437644527
0.3265336382180732
0.31091805777282866
0.30205734746466195
0.2973517929155114
0.30211930815307064
0.3052700273952939
0.30046187401618907
0.2958634609879231
0.29216176625939644
0.2803669911149132
0.2604771720102197
0.26249085755034596
0.2874438351485484
0.3074256825146612
0.30857394133868177
0.303432714450546
0.2943221416079
0.26964447127622326
0.2463974062113377
0.22658572743055302
0.21831273939475992
0.2218758469937133
0.23945566292630185
0.26300789165626326
0.2836766622297696
0.30258085211551927
0.30603577797405584
0.29954134079040956
0.28805783539178703
0.2816560593891129
0.273805963306128
0.2641139864441577
0.2695102853837306
0.29527990324414144
0.3197594798506433
0.3246983603194637
0.3233544688585196
0.3166729227220281
0.3036483047273939
0.28427638107952563
0.2773195769538402
0.27558042422625556
0.28625855248503523
0.3072464586781993
0.33373470736789135
0.3452600827866732
0.336850825177938
0.31853024675494046
0.29978966734987766
0.28024590244764086
0.27629092735622873
0.2988350504615341
0.35146202756282047
0.40648351324042103
0.45287205668295294
0.47926049573116614
0.489531036274048
0.47911329008030207
0.4618467688877087
0.440074442129892
0.40952491883291364
0.3771848035945607
0.38189765628623923
0.41801374047916806
0.4546821052346031
0.4771999605119707
0.49208362656122795
0.48891001494463243
0.47734078469562063
0.46914406791414204
0.45011917843325533
0.4300669135908902
0.427008874053672
0.4464368164265817
0.485550045734424
0.5359153921992934
0.5678533691902264
0.5687413183716045
0.5583189651320258
0.5332616966393834
0.5111145528940438
0.49471766327840627
0.4999380459512202
0.5154499138850501
0.5432968411468164
0.5667427230619293
0.5902028533491498
0.610157082035974
0.6110313449134597
0.5922756445614414
0.5701622677847631
0.5553920556082642
0.5579754310208624
0.5769621163945565
0.6004227780178134
0.6148707323085354
0.625872954659418
0.6308531100080312
0.6301021054358158
0.6267456973007399
0.6265755061728311
0.618245116693378
0.609884131332355
0.6027987432126033
0.6020565078780975
0.6005610361443262
0.601714545458261
0.6046486639651911
0.607294576378944
