0.5200225666159547
0.4926527301199878
0.43594286504080826
0.3061867111104234
0.18156370131107405
0.10102743108828939
0.09237779377801504
0.0877084356648318
0.08521554517302736
0.09216754088808292
0.08875281282751749
0.07860311532372904
0.08849355901414124
0.09103238930602511
0.08882660450423717
0.10587662707999049
0.1814937008318006
0.26684493708645224
0.33262684189745007
0.36463223473275846
0.38210468840677486
0.4023208570958541
0.42877842029272006
0.4462912643841305
0.46866365078828653
0.500754946621063
0.494972195328626
0.47372572871295177
0.4450011849404728
0.3770896911974419
0.2311041799335989
0.1079910115837569
0.06998947848894511
0.08553527604865849
0.09206551321847659
0.08746460226960018
0.0837126642537957
0.08074827236057659
0.07525070778719381
0.0755624621314831
0.0807657002113438
0.08040516391190389
0.09843658287671626
0.18805194517612492
0.31113327129742946
0.42050397296186154
0.5008038656732251
0.5872753403494027
0.6532784748955764
0.6978036679916892
0.7226142467516783
0.7392997716285828
0.7470095926415963
0.7528338978129656
0.7468860050755295
0.5994711418908082
0.324312788789133
0.10022516390068685
0.049310250272620246
0.06708612201422393
0.06821579485781662
0.07219401341280288
0.07671487843899165
0.07835958619582803
0.07633994211047151
0.07433716977615593
0.0867589107789923
0.12240968076622667
0.20499201693984148
0.32299556821952263
0.42855120702706745
0.5411566687058078
0.656323230108317
0.7415035891308083
0.7878744456392731
0.828156496555923
0.8733353027270258
0.8939653814279304
0.913616027212731
0.9254886609726036
0.939251133771012
0.9596307688507341
0.9702572235552085
0.9939899749527509
1.0
0.9992303690323417
0.9901497090934351
0.990514267215046
0.9871651452681631
0.9707681317713039
0.9458294259234705
0.9071232371200724
0.8725222236744233
0.8058539297319656
0.6937080071284915
0.5245739463482745
0.2929016189141076
0.10552941965785503
0.032763632947493376
0.04577284315607576
0.04538536939946931
0.04759600060495873
0.05608582603757887
0.0567868602114196
0.05711422406691762
0.06384795890701085
0.06443177361080506
0.05538729537816725
0.04331504350826934
0.0803906327022564
0.1779293818332677
0.30748305018932764
0.4270403112637316
0.4988401181088258
0.5910485484236766
0.6789519287862579
0.7665119797285749
0.8026089140840622
0.8461088683177019
0.8752276990748576
0.8907530689730948
0.9004160451022912
0.9092315463947799
0.9197982376399447
0.9133997494318393
0.904107929636832
0.8954321302452457
0.8971073686196561
0.8896858265358153
0.854609473404849
0.7591909419315557
0.5815248860543236
0.31357790258698554
0.09978138943575604
0.01756356195687894
0.037109622600697265
0.046712440226441346
0.05061842210825401
0.06120323620218335
0.06995782883112014
0.07277872565058965
0.062481245613609696
0.05558357774215685
0.0467901253560887
0.04931195569931079
0.09699280919991068
0.20917976250602585
0.3589100301533593
0.5248806918336233
0.633024641522881
0.6885958175005747
0.7262442160903874
0.8020756942900357
0.8566672523368133
0.8898695438363627
0.9133379759664816
0.939647917776369
0.9415602435539486
0.9221617806222326
0.9022695526188531
0.8769582815607312
0.8198280350675838
0.7694823676877218
0.6298693457434812
0.35402569929578726
0.08995100075470196
0.012234516888044413
0.043593504364408515
0.05697166195102005
0.06365236749938569
0.057503102269870064
0.05624790490260836
0.05272807581659108
0.0642854982934294
0.055124237913041725
0.05338337425519559
0.05807851543549817
0.12181498393863627
0.22956767059802985
0.3657720911705076
0.4693210757919851
0.5655010298408734
0.651680720321469
0.7185472809131331
0.7566932257515191
0.7966816043918283
0.8199620912702904
0.8208208685605515
0.8164052955838885
0.8089026131370447
0.761002231162977
0.6386279611467255
0.3938264258479857
0.14820283649836433
0.022567637755089576
0.03179677030259106
0.050647376329244376
0.056499009774486665
0.05719133926291104
0.05996974640063814
0.06109600470603764
0.05991263455931292
0.05377279554195969
0.05856149633948181
0.05965848955103811
0.04898963529351641
0.07398839342177824
0.18286201672178956
0.3409084497585708
0.4682428820539096
0.5454917148745341
0.6017587428028779
0.6716196863073065
0.7384011011091463
0.7749864453233897
0.7876010323893372
0.8055453300969128
0.8142283559897817
0.8037445340719336
0.751390315221483
0.6075984330874187
0.34622119005565
0.11696283793747989
0.028416414939646733
0.04666642873163136
0.05536843546075164
0.05413504902060992
0.057670378428427024
0.0672454911760321
0.07409182722798846
0.06934676221802874
0.057261294814662585
0.046609326819095416
0.04474581633765556
0.06185749582918588
0.13708115475610072
0.2576441428358518
0.3904516460307554
0.5076951998739009
0.6102003612556233
0.679982010998743
0.7243809353619219
0.7714738868086598
0.8057141999650481
0.8338947229619684
0.8354214310249658
0.8271150030072684
0.6492605294430283
0.33362682533205823
0.05732113695157435
0.0
0.03606004882843777
0.04609761860484819
0.04692083184093215
0.04296168489287685
0.04358130655830278
0.03933255827366416
0.04177231828472774
0.03791639396505397
0.03415680532633153
0.06407649533480124
0.1517105326088091
0.29144512657261096
0.41880159109215337
0.532158114224837
0.6368281835225493
0.6957759100443308
0.7175847439722361
0.7371028146793299
0.7620860367713047
0.7561854608529407
0.7144504424957104
0.5974871928405291
0.37228184061320924
0.1486598490675286
0.041872693222915494
0.03991943445039121
0.04737794433564104
0.051169540871885306
0.05840335450950754
0.06191357952830779
0.06232613907557444
0.06126470177175686
0.057613623429988506
0.05867568922115023
0.056810561279348054
0.06221863480041966
0.1229695724534477
0.2650782417009417
0.413504757943321
0.5532337496854519
0.6457952465503989
0.7046472448446287
0.7290205493153119
0.7615020169686519
0.7681032755613754
0.7228647951850627
0.6120162924189719
0.44097755895548524
0.21952810531386663
0.0647490798059542
0.018887185102852533
0.05017155330881038
0.054757005482892
0.049412758090975756
0.04077269809656703
0.03977839609736317
0.037429978171891906
0.04342348971867447
0.04147908166765675
0.04028386980988751
0.07744940280714528
0.19441651582059793
0.3445631826197905
0.4708274332718645
0.5617099987997117
0.6408077084079452
0.6917945467949511
0.692819939548142
0.716409658618825
0.7412387056650033
0.6879605199990532
0.5150606006949203
0.26972713971145384
0.08156342069951208
0.009571078656942027
0.04838521994305775
0.0649710950207059
0.05592395214717385
0.0403285184401885
0.042645999053687
0.055621380847669676
0.05822508093556469
0.05492138056755646
0.053012025744792704
0.05735414888249775
0.11029779534967304
0.23228726234836236
0.3688141104491487
0.5488792073955021
0.6538964772236889
0.7128995194559391
0.7174637357487975
0.7780463619663088
0.8117769863620753
0.8239326635173555
0.8081729636396706
0.673299557393625
0.3960876520756302
0.11950151009278927
0.020248188561862692
0.04132330234498205
0.05078710081628289
0.034382195806014364
0.032422700309868276
0.03787107318834153
0.04049743334999076
0.039306210754764356
0.038659119936634324
0.03740487508864402
0.06627479501238617
0.15378961289791215
0.27353729096035057
0.3675093660958899
0.4282193816530601
0.46761003158360304
0.49620388053341946
0.5169735823322329
0.5448191440489746
0.5620316162772072
0.5819642840972218
0.6017534855231108
0.5577037430702672
0.3688527590688715
0.14525737277810039
0.0352321001592286
0.04605540347688491
0.06957181133104988
0.06639858426848749
0.05812330539298825
0.0641131453598741
0.07094985119825678
0.07158127397613234
0.0668680784538508
0.05977916790261504
0.08244180761382969
0.1771710952332504
0.32336193554155174
0.4477157610949827
0.5287767915861639
0.6179989324397155
0.6966863999947235
0.750946264225027
0.7815023690271572
0.8237941675946285
0.8552031196814373
0.8608420269129937
0.7832284863308356
0.6025242425594785
0.3426604803372954
0.13894892458149946
0.04168884827044371
0.03291250246321852
0.02932025093658751
0.02488460108849219
0.029477189156755484
0.03749337215918824
0.04048148043850362
0.03345915306328046
0.03134666825316284
0.02997338236851889
0.040737082617805315
0.10106156851568095
0.2125037228106115
0.3359993257173026
0.4490285558942648
0.5387388450378416
0.6273809818122691
0.6964528406623955
0.7489503818880958
0.7455055359417313
0.6691882907822397
0.51479754902375
0.2777262360962761
0.09136827899426277
0.011034190369705358
0.042119696734981574
0.04755198838434073
0.03765964028227139
0.024028222215916877
0.03729549694643587
0.04911620000912192
0.057210300618123
0.05479233450997001
0.05460000553148661
0.08065905563425518
0.16873056280857138
0.2946262136803962
0.40695110768448867
0.4869934788167057
0.5469949174277569
0.64322063543996
0.7081515802778732
0.6931454509921608
0.599785250313941
0.5103693614920649
0.40370537217404523
0.24009189894847616
0.09339630859306777
0.020011403521847163
0.02529794023628553
0.027879641287077293
0.027853128725642332
0.032343695185282885
0.03500808199820116
0.03094417321567601
0.036056778454153636
0.05229036984470387
0.0706492352328798
0.1357073147677017
0.23266740166206523
0.32448204971320754
0.38143018290064756
0.43762157627365145
0.4859997046199884
0.547522942040716
0.6085492710882301
0.6452296702608504
0.6491407496223741
0.6413267561840373
0.5788422556598878
0.44899074883481466
0.24924886974201038
0.08382502753364363
0.022630312880732608
0.0523108472836774
0.07190913055119318
0.05530459147690653
0.04024282884210554
0.03555537751749091
0.03860760825962212
0.03854828290754427
0.04159064368401911
0.0531355900382765
0.10028295808532599
0.19923400063429741
0.3120196912492817
0.39553529842048174
0.45224916290820294
0.5071267712558148
0.5623287622163031
0.614983996106473
0.6545091688129189
0.6907162403977544
0.7252125694440321
0.7403210413610021
0.7118813008956828
0.6041103679328977
0.4168340126382875
0.19351828828126014
0.05344500115303324
0.0347539640486364
0.07936844355925063
0.08742301727485631
0.054100183028923866
0.035219533976526295
0.03373776598510274
0.038624866212087695
0.04190864033636395
0.04675091925811957
0.06294177899714035
0.1314235440456755
0.2450004141692867
0.3621652606168773
0.44767462425901294
0.5145289334569146
0.5664874773797977
0.6114267860362746
0.6688312777465041
0.718294213619402
0.7263824185836527
0.6378097129676666
0.4834594315021115
0.26132239273673263
0.09518385882382453
0.040423000290498196
0.07018419375731667
0.0866433486544347
0.0824996457822058
0.07625261851398467
0.07120772816573723
0.06504631472600567
0.059118806590548634
0.054965065183668775
0.06515351956427112
0.11135361980510301
0.2096832623256182
0.3166464871073971
0.39448710988883595
0.44762076507437915
0.4866723267180963
0.5106173306257916
0.5374500943219979
0.5597609391804804
0.5682499527172221
0.5369089480767305
0.4520548554890249
0.28559040326576907
0.12497722846999988
0.05281077879962643
0.06609705136883699
0.07728005132620987
0.06402250816421785
0.060426148346861185
0.05999962424976179
0.0645851587392259
0.06187599824371084
0.068411439519157
0.07651598003122956
0.11080740721412435
0.1836088663332396
0.27222616696002416
0.34873280082956987
0.41765076966118714
0.4846095419466332
0.5363130493120145
0.5768883058009738
0.612549740067147
0.6122241785252146
0.5633999536648729
0.4565473141042342
0.3069268871502997
0.15612553748396354
0.0749771911792889
0.05933429704055056
0.06819048195266758
0.075861268593273
0.07676336078076514
0.07736515839527017
0.07229521814855577
0.06504294511564816
0.05856430406912757
0.06110046110239162
0.07606837207610172
0.1267514768631129
0.21429030140351885
0.2974287951842871
0.3598139825439777
0.4174779261050837
0.4703979794957064
0.5156931281766644
0.5568057235800913
0.5954182689944669
0.6065629292158591
0.5625065451756281
0.4313053721511769
0.2286220502482071
0.07219319283138423
0.037348988609244314
0.08247178064365128
0.10829550368076876
0.09969223659051768
0.08499128234980202
0.08227756228703492
0.08601671850381302
0.0840998768703139
0.09393720770263209
0.14289833326658016
0.22556838956062814
0.3110882282643475
0.39008695024092865
0.4633948807281426
0.5167251520185031
0.5522432698752655
0.5852498822737888
0.6063792984683765
0.6035467326760143
0.5717740964525708
0.4842848862824496
0.3051673732505579
0.13244222781171708
0.050186414528219536
0.06105347399127108
0.06617381100500991
0.055654961277372295
0.03686156974367387
0.03890783968734056
0.04177474846570851
0.05368263782644872
0.053402512262266645
0.0637476103129475
0.11119297760658159
0.21046668761037643
0.3188395216422301
0.4130116839411165
0.4864392973714042
0.5386445736020418
0.5862713258418012
0.6310553199025114
0.659569471490156
0.670976170659448
0.6492195944841751
0.5703466277387055
0.43560660183588923
0.24886795498551256
0.10251068400947749
0.051716981321062276
0.08924367827038346
0.10732338258072083
0.10164472211792337
0.08954017814019243
0.07796449504801642
0.0672657329077874
0.05624026427281363
0.057364294663205445
0.07402327783669437
0.1532762719528739
0.26104237388880835
0.3541254479985543
0.3962416456618377
0.43351205521335173
0.4617633965386325
0.4872610375010019
0.49816043225023077
0.47171175024469925
0.3842012001208278
0.2457668585766064
0.13088824769562987
0.08020403747731705
0.08051298765255183
0.08223382036565641
0.09025265620295325
0.12430860571178794
0.18051219346644087
0.23168041796583386
0.2648902610271435
0.28267979845155844
0.2829491608386503
0.27589095566776756
0.27558652714578674
0.2847913422353785
0.2941318904685857
0.3064495774725811
0.32287898783844954
0.3405109437421908
0.34549781498927684
0.33359638257899626
0.27335662006841493
0.18498914301730604
0.10959603813711138
0.09022840108946897
0.0940273598334994
0.10063550823082335
0.1045904848358207
0.10840631334526338
0.1163094387803232
0.1208253240041708
0.12593903888820743
0.11524254596503021
0.10139414835818891
0.08825655453704799
0.12044155580713443
0.20157471220808756
0.2959614873748302
0.3641272159600866
0.4177345660908271
0.46099685782125793
0.5022121808811505
0.5295142978888692
0.5679549455481359
0.5836775361912308
0.5471934245786778
0.4166983990934485
0.22766271418948184
0.08542336334948183
0.050759743101794874
0.0874674732212184
0.11351785462634952
0.10856044411987403
0.09293423477362209
0.08024549470173804
0.07762425641574883
0.06759389659009667
0.066666502622044
0.10985259061748118
0.20058668286840528
0.29519075802523886
0.35724330634065976
0.3901711460025195
0.42151337858530347
0.45647713649017757
0.4837123835752822
0.4902299964482792
0.4607975729749297
0.38709112933256845
0.24408203643775858
0.10880720302011515
0.056261216940369715
0.0842469999887804
0.11350127882771498
0.12565595730766851
0.11506715427114848
0.0873627320897796
0.06255875836075989
0.0637555340264401
0.09112982905750455
0.16117011045617
0.24819223521431838
0.3260504703170776
0.3800765883241004
0.42411714595103356
0.4574610573383594
0.48105933732730005
0.4971123073391307
0.49988912594485163
0.5139109773116695
0.5022519641746732
0.4357858578604099
0.30552950935381723
0.17639208133949452
0.10170288866531375
0.08930831883051625
0.11303111887529226
0.11205094940278962
0.10460166684191442
0.0955369669292559
0.10487958555948192
0.09876619106811749
0.08957020632617596
0.11948486504978613
0.20873146554427774
0.3019753187577844
0.363991221229936
0.40728166549364897
0.4589813814838442
0.49324752818745304
0.5166286596120593
0.5303036817901251
0.5557848305450833
0.5644295293161538
0.5290719867026663
0.43735339480707464
0.31189576433960414
0.1751135415678217
0.09443695160910558
0.08165553781903848
0.10202500491331133
0.09758495826485945
0.08630412371449545
0.08520577729249942
0.08247139284535623
0.0788359254264562
0.08090577787240094
0.1458680842968286
0.2286901819564401
0.29945541334303943
0.32634541732971156
0.3556439638124862
0.37891192683098396
0.4069106204099977
0.42267144292056086
0.41627641347165867
0.38366074060775474
0.3287978420598097
0.2603210933836208
0.19090592934724682
0.13052518381090958
0.09284812124440149
0.08857955059833497
0.1090445187972299
0.11248088758665054
0.10751497851518325
0.1004808796867478
0.10688388470816156
0.10209004180725956
0.11272035181083088
0.15440644075577695
0.2249920021270158
0.2841753633240299
0.3263597715482654
0.3537780513886545
0.3873658899953962
0.415845680521689
0.4490264617409289
0.4615081579832868
0.4639277624676835
0.4538855541683804
0.43734463868389184
0.3992486780345845
0.3253107350287136
0.21373094314524183
0.1231951817057364
0.08929533943553727
0.09695142346714125
0.09003346109849071
0.0843869424770578
0.08260727662834887
0.08307750393834633
0.09350355513873984
0.12086370921527573
0.18066910487776988
0.23826127915903056
0.2931379046130596
0.33579863980706914
0.3975247188348256
0.45101699195393513
0.4865507750507758
0.5069372687024604
0.5407172066020903
0.5752948152603791
0.5912346571825647
0.5797181050204777
0.5248790492961691
0.38532566171650484
0.20122413275243428
0.07518026131504109
0.057271312768512266
0.08128666755971249
0.09904478562132615
0.09310341555756962
0.09074950386582409
0.07862980788181405
0.07231052068252206
0.06132398031374549
0.060600497875279755
0.07826898990013337
0.15291360614815677
0.2540375798626503
0.34689545610451417
0.4057163100220381
0.4561226031333689
0.5258612641232515
0.5843450518900103
0.6122588792238708
0.5790534102983
0.5038491838931949
0.3735866983839596
0.21023709141820934
0.08998310947161434
0.05702483335152263
0.09190824528925728
0.10934182546397879
0.10309333439079103
0.0903275853733505
0.07731898515692487
0.07068276095292862
0.06661534527683521
0.07556601109877156
0.10515844967113895
0.16866448005215817
0.2471489983714231
0.32572568081819303
0.3793540764208379
0.414423309094599
0.4269009053708843
0.43153194947155166
0.42088333602353334
0.3771386291689905
0.28100434789395545
0.1594995233692658
0.09492436970138106
0.08813419157076133
0.09993910489223633
0.09583173100845986
0.09598885499129796
0.10699266249085249
0.13477117153789792
0.1850369325751852
0.2276962449950515
0.24870380811590043
0.24998588635603933
0.25177173819254606
0.2603194290368214
0.2725915133536916
0.2858611846847795
0.29377931676489777
0.2908072029914839
0.2523394956598075
0.18834402662327515
0.13426147891743428
0.10852570654142704
0.10403217435044272
0.10417608737896496
0.10672440916363224
0.10547646688872271
0.0980336665656111
0.08846610500443998
0.08279054729499317
0.08944465950114493
0.09460219693028865
0.10595861331747718
0.13299380977307634
0.19392010666802967
0.2588494758642627
0.3140758481136302
0.3459471759650608
0.3785760714456435
0.392919139898539
0.4054801670957323
0.41056944027918
0.4057621057065856
0.3514944173638794
0.26554524406879126
0.2008994678227324
0.16353214940322636
0.13939910992508642
0.1195945815113906
0.12174390184076674
0.12056232565346764
0.1093655697048764
0.10961608409058171
0.11513835388673058
0.11389928306695357
0.12134839074994837
0.1758665110259099
0.2611936297243612
0.33941179558890916
0.3891254469268189
0.42272450697288416
0.442610048124358
0.45992408698314186
0.47142862023531895
0.5043042747742653
0.5425666169132768
0.6089192995229922
0.6397375107657367
0.5940649800212819
0.47138400627109706
0.34826421262012114
0.2532203048149359
0.1752500244263637
0.1300455161426335
0.11659606723681788
0.11532692911568189
0.1108593108196646
0.11430911807341386
0.1350245586220041
0.12856706204471233
0.1018164520785894
0.07917370342472446
0.09301947687862328
0.16227172301181703
0.2540716750688924
0.3468312920346144
0.4076648403625684
0.4648100715722564
0.5076363188030413
0.5524346076159123
0.5867863181946936
0.6079004683322913
0.6058211142681438
0.5172449267981365
0.31616569167038505
0.11199533041238263
0.02543817192291591
0.05046253990469402
0.08863289429443492
0.1046470888999952
0.08735279796227564
0.0650913844107376
0.05252958231011284
0.05570562228870549
0.07419986092324406
0.1222073539142403
0.2024150823555547
0.2900196538127317
0.3584387791305189
0.4103237879579531
0.44883619176288425
0.48332528447303946
0.5216032334782159
0.5846881560941593
0.6411427753816409
0.6054804178663379
0.4751678750496692
0.27282914530961805
0.11235755515298758
0.04144738175934604
0.07586248735802507
0.10915252152901084
0.10539762319203805
0.08349510262468635
0.06156282012893759
0.048582681623514666
0.043899981913083426
0.05309667796103853
0.055242541084190605
0.08436275196525485
0.17181169544088104
0.29884667554249833
0.40174716404183686
0.4626661429664989
0.5084236984062426
0.5439004020089843
0.5667252607348278
0.5801853122571361
0.5450030065114086
0.4471140058211625
0.3095656736065108
0.18839716690965247
0.11035087565765084
0.08873084691225123
0.0966086553836405
0.09524764251048126
0.08581726633924155
0.08682221595744749
0.08485743272513523
0.08303325572969933
0.07780756783345427
0.09282497326646444
0.14232473422110806
0.21330128335146267
0.27431681601561725
0.3217351158897626
0.36506233981635267
0.39656210233586714
0.4117961183816685
0.4180860476428994
0.4145468563672256
0.4062577161808322
0.3691188027736449
0.29557493991756334
0.2051220002538019
0.1368083292766301
0.10210524730896915
0.11508556179493853
0.1264979449422447
0.11704567160984325
0.1097126985224623
0.1164453856012908
0.11351289740268838
0.09517002339878484
0.10629140177082193
0.1573647928997208
0.2302862437463957
0.2869616389893503
0.3323100782528893
0.3830886786781252
0.42473057648715934
0.46499218155131106
0.4940019363460641
0.5111538540506692
0.5109725096210492
0.5126774055208702
0.5075738825422409
0.5113400348263512
0.5027650777413597
0.4331701354794829
0.2638305142676062
0.10734232660459639
0.05466165728993562
0.0794161327928714
0.07884865447174572
0.06083387709657727
0.05437073988195128
0.06121997120823987
0.07008210388667882
0.0886265407744557
0.14703181879219143
0.22815411694914728
0.30720206555035495
0.36380909162149505
0.40139580782094675
0.42097381637142456
0.43092450298218105
0.4399730925597947
0.400567210353294
0.3130231845896327
0.20196181441879574
0.1319968191764273
0.10091696560630567
0.09489503204800177
0.0908552909317899
0.09115488293255422
0.09215170140423422
0.09049812202921273
0.08676368144723294
0.07884614312610838
0.07918236227874569
0.1001277903610038
0.169717702702562
0.24591266178901008
0.2949114093299932
0.3154649776273205
0.3440955421726186
0.3773248949725283
0.4046365257343428
0.41898540397478373
0.4173984108559095
0.4021564699296984
0.36956407756249865
0.31760787724377426
0.24805673903568404
0.157472431660198
0.10239877159917384
0.09516392228923697
0.11378772256782521
0.11068188599158957
0.11471260656186998
0.11473515582613616
0.1137698464580637
0.09446258491640634
0.08889589888942952
0.1043074903391859
0.16975895841536198
0.24738753026356802
0.3134123376116201
0.35134109101524225
0.39115771994249776
0.43018369520201477
0.4564405112274126
0.4799832188065123
0.506436173768092
0.5092585498582328
0.4463383239927247
0.3250529018383943
0.19124442115992357
0.1104774849611751
0.07990860504399601
0.09066018447357534
0.0985542802641986
0.10101700595674631
0.09002726823957877
0.0818290458661002
0.06604940340460136
0.05945302968028247
0.06400173392821532
0.07202119934094177
0.10733536633237052
0.19493384643659115
0.29310695336264125
0.3589305035004477
0.3945275210076922
0.41813534527758667
0.4284278461663939
0.3870749317214695
0.28538534373524344
0.15360360199372486
0.07979827724067019
0.06715344386502652
0.08836305063422432
0.09746326824481356
0.09337145124739221
0.08076132030520256
0.07262354070905332
0.07090782863381005
0.07303735453643466
0.07702117156462501
0.08679913755882689
0.1316649819765027
0.20462658976594414
0.2721242099953524
0.3199952471957226
0.3629449034541449
0.4088028051385465
0.4459198109839452
0.480016657513832
0.49672457364067574
0.4860720088569115
0.44088108452593683
0.365079189251838
0.2780637715409728
0.2044779062047531
0.15322376666548504
0.1194979304757592
0.10118617454983221
0.10402104852986005
0.10404963417772675
0.09573608009582668
0.08730192100720746
0.08858408439644436
0.09471644773460505
0.10415851824227593
0.13558770910046608
0.19503368800777737
0.2616116378456944
0.3087331303545719
0.34312941620801624
0.3676493383185025
0.3741401137909334
0.3500949481607322
0.2986236059391665
0.23760248226058145
0.17231367189041374
0.12141667017556865
0.10302003273051646
0.11158246580075191
0.11793598637973829
0.1161927830450333
0.10819552340835178
0.11018435498311681
0.10748835316524531
0.09837349914834861
0.07690060643143813
0.08237758518206056
0.12677505682389723
0.1987862535542861
0.2754146712733516
0.33431559245811726
0.38780257223143544
0.4263730775957334
0.4511227262406459
0.4680910765896794
0.48752556758450527
0.4919316688819228
0.4225826841583715
0.261572213820265
0.10793908085745915
0.04601521263488233
0.06981386602325368
0.09191212167144965
0.08996245643123746
0.0796679305221893
0.07854892753893798
0.08087381808581781
0.0911819106383962
0.12233425339079458
0.16782252841433565
0.21982466530042677
0.2670962269986681
0.30970779172739105
0.3481073016242908
0.3859262954123778
0.4073491651278
0.41994698046827517
0.431569710945184
0.4227505865028113
0.3540378843621605
0.2155362519919888
0.09333680221947074
0.06162977093990493
0.09309121255505617
0.12710893938821488
0.1220862563554849
0.11442101505637202
0.1056686249904478
0.10388296242243529
0.08194089535110721
0.06763459054853795
0.07272924696817933
0.1002950819907343
0.14003418237333026
0.18508253412625514
0.223711173399534
0.2560550787922315
0.28347740798440507
0.30229421059706685
0.3137334323044466
0.3151529031279266
0.30566948893162915
0.26638365224396854
0.1899268688212026
0.11621338103501222
0.09708997166460387
0.11664193805770832
0.13137449722565275
0.11583232347372976
0.1018872694748692
0.09581576147924284
0.09344578116320643
0.08722206364281511
0.09922298210716896
0.12989020158708897
0.17036083877256913
0.21529148382363505
0.2539079845553163
0.2726006061068045
0.27818245210255016
0.2808827027830707
0.2795562725735726
0.2734523837328479
0.25552866379061695
0.23208291959114719
0.19950057769950721
0.16152418903367724
0.12455808197981087
0.10144992855778631
0.10954190521757855
0.12387729496893794
0.12412717549405874
0.11122818320027439
0.110625344929483
0.11877624058141875
0.11934227581820317
0.10820171134927914
0.09874582444182205
0.09589329408793999
0.11189908401025504
0.14088751296611982
0.18538998982289384
0.22650096329924918
0.2655931009459051
0.3043600897337657
0.33576267561273904
0.34505418275221017
0.30837169625411115
0.23695040411926618
0.1543225403080971
0.10061362790254809
0.09780829700947757
0.11353618259995814
0.10960375083032013
0.09984950989041663
0.10188646058132265
0.10417561006548234
0.10228177812751456
0.11784030303791639
0.14936457678944026
0.19837216205830963
0.24849986384532052
0.29251786041262057
0.32570668370138417
0.35874932458259884
0.3900593247038592
0.42948516298862127
0.46634684538297644
0.4996377203563899
0.5320971084910381
0.558168193168314
0.5065638547721182
0.36532134064487526
0.18404544168316256
0.07531858818883656
0.06348064667070497
0.10322959634980308
0.12396387988067466
0.12109434872127424
0.11607201197731594
0.13044233719901685
0.12544007582562167
0.11320393431518658
0.07946577955081159
0.09297350885808217
0.12551296338247767
0.1901657045892039
0.2406892096726273
0.29817930312456054
0.3452472931314651
0.3961120507331791
0.43922672097945165
0.471555628468314
0.4870416298877011
0.4782134671386364
0.4119136596137276
0.29849429111808823
0.1816487403223426
0.10848259874887818
0.08462495557382571
0.09315108614060062
0.10689552711129265
0.10526189057276542
0.09777647833653746
0.08718355788592679
0.07886393297077476
0.0727885834302366
0.06903517846403151
0.07425051042086327
0.08962341732368874
0.13071297573400792
0.18504892280562577
0.23740164942271913
0.27487661900719523
0.29438724645121156
0.3025603305283282
0.3021726140732206
0.299321764323004
0.27723194014797053
0.23805701673376015
0.17906038096696414
0.1272822257680129
0.0978374045672957
0.1101224051827831
0.12247181575907753
0.1273256388598439
0.11368869436887856
0.09982363339422964
0.08856696899200027
0.09816382106590288
0.12628881520245083
0.17290548168173325
0.21661211708366457
0.24787049895098692
0.28684581063514264
0.34509071588896156
0.40288880690048123
0.4430848423291211
0.47378929431884
0.4830794295843666
0.45088483201016955
0.35748113495387873
0.24149861699066963
0.1395427016969021
0.09872132629411859
0.09664687519665953
0.10818646778955603
0.10451808651878715
0.09414726000339663
0.0872148727212286
0.08895131108622556
0.09367833067921795
0.10053466899729804
0.09678666516174571
0.08806416105302257
0.09051825431084556
0.13365959128139449
0.19105470435369554
0.2331040689734054
0.2619802443610636
0.2803460627635967
0.295078430825583
0.2922710864290021
0.2541245241926974
0.16542504748730036
0.08809125133492741
0.05540104850668756
0.07999817535392259
0.11782076652992099
0.1336257834113876
0.10781222325391926
0.076824454614049
0.07677050545033845
0.10339674576427837
0.1461261372078562
0.1961512081074534
0.24461297114992103
0.2786533226320077
0.3005505454529541
0.3248492531850289
0.3482612088163274
0.35061649091458436
0.30784786516898976
0.23688626700690568
0.15457927420494855
0.10978274476420198
0.1000632707391933
0.11280542628892896
0.11561026437354702
0.1046587728621259
0.08676070793272037
0.07860609422070695
0.08456811869847156
0.08992151137495069
0.10286655480006637
0.1315933425327553
0.18182439515168258
0.23391199568036017
0.2749308481380619
0.2993512080832201
0.3234192059234687
0.3398664328541893
0.3319995840650959
0.2896390898257302
0.2265654552275302
0.15497864198681974
0.11067810948104194
0.09708405952779357
0.10738843106248121
0.10968631862909445
0.10083011433514939
0.09430858980786007
0.09495641184587146
0.10548865368134704
0.10668413162977895
0.0963150316789266
0.09255219314063191
0.09833732641349043
0.13728136314499398
0.19499406693170865
0.26348150381814944
0.3090815724203466
0.34090592759324456
0.3591758567511957
0.36980855703411736
0.3548266903012196
0.2902906802989864
0.18506176086748805
0.11117846088842638
0.09885617892297784
0.11090348459930625
0.10791609255612572
0.09393497365246549
0.08388765154145705
0.07935635337543662
0.08627994517938962
0.1128594621315499
0.14377015059200082
0.18131404983388458
0.2234422068404323
0.2666153574186334
0.29981426371386355
0.3225920398243798
0.3430424714994701
0.35966486934261876
0.36646376840744005
0.3241775497688401
0.24121976533135187
0.15583672053433856
0.1102436261454926
0.09322399563585698
0.09786390471113444
0.09963188981688133
0.09482996051902692
0.08388074184474847
0.07959819411073298
0.07837640856948297
0.08189425061203134
0.08543901009903143
0.08266401862037394
0.09713803472437804
0.12915646103887835
0.18515004265299864
0.24110892833371098
0.28531332544961285
0.30897826377561516
0.32648692255011846
0.3363685145653585
0.3306045903085162
0.3006791589126868
0.23332510503453643
0.15159327871691722
0.09980251786991226
0.08942492171463305
0.09282010560139792
0.09838915228005383
0.10027699858161655
0.0959514146040192
0.09168258973953666
0.08716576585374754
0.08698040606305805
0.09970660516241775
0.13023637863908658
0.16478478310656056
0.20195946004134088
0.2395927941589396
0.2667793531726006
0.27988077986161203
0.294049863454297
0.30531692760345297
0.31349472052450983
0.30681643998767993
0.28215158923687644
0.23876205725686223
0.1786279407455619
0.13067917805830365
0.10731652874497098
0.10212859492938074
0.09516323654774422
0.0933795651455674
0.09414461640987662
0.08897683218665137
0.09070006286964072
0.09776743562090434
0.10460296854305032
0.10921630838002337
0.10997842651707182
0.1081128694696323
0.1274352650115263
0.17525517734253063
0.22746181543628557
0.2525338659382929
0.2627947996169935
0.2657296077598694
0.27734609395056775
0.2573560750870145
0.2045089857627628
0.12642200908496265
0.09247717085038173
0.08764181991878625
0.10096709067672562
0.10741966529454276
0.10921036569297683
0.1061087120857128
0.09387497297144977
0.09464595180192129
0.10342555723252284
0.12193582895456853
0.1402861551391881
0.1707439944516571
0.20288781896373814
0.2351293908854079
0.2571944662406606
0.287007268892219
0.3076648117412283
0.31220697325741714
0.2722564306094725
0.21798624536128977
0.16590743235082925
0.1383848681324025
0.12408374390099679
0.11826652367649458
0.10899765098053021
0.10331822993324356
0.10205618727963636
0.10429527367817427
0.10777429079027884
0.12185740650235742
0.13345379262985546
0.1405068813534533
0.14489937763110164
0.15587284764576279
0.16218051140639794
0.1673308779439849
0.17310745328066313
0.1776207344082887
0.17991884946369718
0.17693679555477781
0.1567519845086511
0.12643960232681228
0.11374454690523128
0.11287177541137293
0.11443910689132154
0.11568484688422138
0.12036873163267162
0.11339832666200383
0.11411189412552841
0.11711189197674264
0.11485923235289826
0.11383234502131888
0.1475246402931604
0.19195612403460846
0.22549761104873653
0.24034802934841418
0.25897118354258125
0.2724354048837829
0.28553447860155995
0.2963479568065503
0.3121491036296175
0.31930252903621054
0.3340167277126288
0.32179288752852453
0.26413039097551505
0.18333914837855822
0.12704404619138063
0.10044309019160055
0.09326488798673292
0.09774696458524898
0.10078366221885339
0.1035373050998104
0.10515625843288184
0.10701794669740218
0.10922896459971057
0.11542701418529812
0.11794307741535826
0.1232858838335807
0.14855703502924136
0.1961012308580802
0.24954098440300432
0.29322717797891973
0.3218850370028357
0.33390855828789967
0.3351674446407561
0.3366975420823117
0.3352345048193649
0.3322686043699307
0.3163628969423129
0.265178567781335
0.1751632472245245
0.1109900826558027
0.08766614024445403
0.09367066161397825
0.0872673240575693
0.0929307985016284
0.09232454444086369
0.09328391802263719
0.09255187113782766
0.10735094192314645
0.11558395810883965
0.11801964383943422
0.1248190593856317
0.133755780272823
0.14961610748747375
0.17632503997475815
0.2184689371033599
0.24155397345164056
0.2392144303981581
0.21392694553689953
0.18872680908873316
0.17299160838360347
0.1620108766877084
0.15507748745269975
0.13414263424351053
0.11585250521020331
0.10201805327847982
0.10638348847610561
0.11267196673107838
0.12149591799349808
0.12405567616563501
0.12371483194316776
0.12265511732450088
0.12320879977274711
0.11598520168772691
0.12469415427324625
0.14559027517436846
0.1780723443262011
0.20135749222355678
0.2265449034847514
0.2436977979008366
0.2555715679924646
0.27217993849936994
0.2854498453783369
0.25342863728373055
0.17345441472701073
0.10852245425400749
0.08930967950490233
0.09716566718358198
0.09785141728679848
0.09865731237756917
0.09681404671435137
0.10318715096338142
0.11777975127091259
0.1275228288591613
0.13148969562643317
0.13211642284548825
0.13265688006011297
0.13859933692356938
0.16484525219236118
0.2016962097329987
0.22501179494094245
0.23659917794469743
0.24742118785616532
0.24641782943460752
0.2330088013268984
0.21514872809719193
0.20630267978912678
0.18554332996069986
0.13940367994375397
0.09237033255919938
0.08183157590663989
0.09535684607821511
0.09991837548892134
0.10144976983489082
0.09806524022633341
0.0972928732609283
0.09627492934130769
0.10344612879291372
0.11523583463543528
0.12893653077178796
0.14395005546277875
0.15976250420237292
0.18157838084291805
0.20381768668194183
0.22898460989770797
0.25618034157978453
0.27754166568058536
0.25455156746289176
0.18594616045176762
0.11491231146440348
0.08766603000248134
0.0901634222252155
0.10297606638225447
0.10532059646844832
0.10024404212732857
0.09439591413457862
0.09676115614688131
0.09614144926650474
0.10192742553369384
0.11151506611633491
0.12521851967154415
0.1326062092647553
