0.9572727272727242
0.6795454545454519
0.739920948616598
0.8057851239669389
0.916629711751659
0.420647149460707
0.460287081339712
0.5252525252525228
0.5028099173553696
0.7399209486165997
0.48116883116882897
0.3163636363636345
0.7721212121212091
0.28575305291723035
0.31636363636363624
0.38360655737704674
0.6512059369202203
0.1565525383707184
1.0
0.7090909090909099
0.4206471494607061
0.3008264462809892
0.3008264462809924
0.0315151515151512
0.0
0.33238636363635904
0.0315151515151512
0.17963636363636287
