0.18332903792089994
-0.004445047978522202
-0.043692674213842445
-0.008617699607080616
0.004332579323898068
0.016203960434846572
0.03486414881791672
0.0111155150108461
-0.010025368633801967
0.010288233887549124
0.055847448718392076
0.049681627132947374
0.03946616390659624
0.010277894975329646
0.01621254683218377
0.010448101605691141
0.0178960105293861
0.003298566894158565
3.3927443469416106e-05
-0.006302700625273319
-0.018821585309618468
0.024481459014984382
0.05929954987334897
0.07667971957820464
0.08512656183890918
0.09544016662713087
0.16879980340050282
0.10230848818977699
0.06674896981097828
0.01332594576480905
0.044415742949860705
0.023270078930319443
0.04986871919576971
0.03851337988740698
0.0195854853264918
-0.01121782440645791
-0.07971932075237273
-0.09483637452119421
-0.20336148375945504
-0.34394432426011184
-0.35227600761470895
-0.33600735704896756
-0.3655823011966417
-0.400901031586826
-0.15598336355002543
-0.05766171265971927
0.002056177375149798
-0.0020562634256906607
0.05848796943858181
0.019683075360429788
0.0018509893784906992
0.1292843746303992
0.4329498560731914
0.6347402775248371
0.6222631619183185
0.38236317561467476
0.16879122810929437
0.03667557086301213
-0.0035266540205097785
0.022149927966035717
0.053037426088166265
0.03202274134980064
0.00955441118096617
-0.06458796413574847
-0.05982715327985158
-0.12489327430819272
-0.21667783683807326
-0.39938308585849386
-0.40004924766232997
-0.37665297400223663
-0.35902963571258184
-0.3473083242471852
-0.16659228599216594
-0.045933457976946854
-0.04503124400521082
-0.044915137521827166
-0.02525451834503283
0.06667070506365853
0.10974104631317615
0.07635152308086947
0.0355616985630051
0.16529578298410186
0.3967780254075438
0.5637320420817211
0.5319215321334342
0.36015771509895855
0.17020379682614037
0.14945614260983786
0.09051496076117578
0.07504936634794775
0.0731964822080425
0.022817315588591704
0.03333850687282825
0.01085066685316979
0.04528926578780948
-0.023194055786728434
-0.0013738832992070515
-0.0630926982972511
-0.18815393341289868
-0.4523786192888435
-0.6276916672756896
-0.7335133190059747
-0.5296879344029097
-0.23802845311787751
0.0017635172109686447
-0.010685783556078403
-0.01556153246765545
-0.01585362644030149
-0.010401912123307018
0.01277859000723219
0.2193759058414104
0.5108015744249733
0.6594477852477693
0.5727773003360562
0.43106755212764053
0.251055234042119
0.08127498823088822
0.03525672720743392
0.0372873415554961
0.004061121539736752
-0.01758163765987186
-0.0276487261222283
-0.008810850422063737
-0.021630980173559276
0.002464940297954688
-0.04490078267278668
-0.02445404251741913
-0.07462603432534942
-0.14940037549904744
-0.37446041734571556
-0.7066911828010456
-0.7618577172497842
-0.47523618159981246
-0.07494020149023224
0.025078727977775873
0.023762365203241733
-0.011472538009941574
0.00026452919314446
0.02181658255417552
0.03450007190328317
0.005688423642808621
0.07532902207895574
0.30631495108116713
0.5721320903348837
0.6881749879267495
0.5805379928112511
0.32369444502572126
0.10077036807300657
0.03571908185774713
0.04920440224323258
0.001860058313744885
0.010575735253439788
-0.0074338798714526705
0.03466218840536176
-0.030461163254505583
-0.06351811630410732
-0.126533940208339
-0.17579336912619267
-0.31729100559746964
-0.4338818994796322
-0.621332688075402
-0.6337871942997331
-0.4174998229249854
-0.06148919146497547
0.023633913039806328
0.011715482353735089
-0.05126285424047204
-0.028740695997089175
0.009365659263322527
0.011579870257866541
0.10372936193270978
0.20270208788874935
0.4541172565361062
0.5397659363401117
0.5795905395966541
0.3580175632180593
0.21654491305074478
0.055703053323838396
0.07016975081369715
-0.039529967288020294
0.06242197340329298
0.07191258182341537
0.12380607169587778
-0.02458354720385867
0.0017308047675141658
0.0016571372030324727
0.024946322544834035
-0.015171293436537827
-0.0718869619701187
-0.12876392163138517
-0.1645015238639492
-0.584015043375321
-0.8756329757214824
-0.7062254665481332
-0.19538515455885755
0.0021313459478536057
0.015920374608855575
0.03882167383010088
0.01370245154660908
0.0024210932816845832
-0.018845614565062625
-0.031637076321700874
-0.027988056540348805
0.12116147719976707
0.40318071521440113
0.6322846068077004
0.6730651395201381
0.48427812600592
0.2988758455554379
0.10876478132538105
0.04596904627847417
0.002390840130987902
0.04243011755730827
0.021574210106471425
0.0036452509755211596
-0.013889171946716317
-0.021796195811538712
-0.04598902508694308
-0.0745725997427724
-0.152333652263867
-0.2476626395750097
-0.5474693539491116
-0.8688800921029232
-0.6954255479015418
-0.17187838151006776
0.14267294211309478
-0.013503131471447388
-0.09689116490781373
-0.08026719791761729
0.009661523666442646
0.0248573214355567
0.0011701102861324311
0.025594940084668914
0.3187371914443362
0.6067909140355207
0.7435159717448772
0.5580879492617432
0.38468471166390056
0.09514166699924483
-0.14690766381243223
-0.0873006095693829
-0.033274712903042056
0.10045451110101179
-0.027749870683470738
0.10796110672543789
0.0008218088258955042
0.05833456601720923
-0.0013283429314832058
0.05492168620427695
0.0450603239485791
-0.04359476848893007
-0.15442350769909396
-0.09909826934770308
-0.4960902900880192
-0.9364065844560134
-0.8421911538852922
-0.21629278486892348
0.0018930439463380067
-0.021556311367000928
0.005297023671010039
0.0043153929078128105
0.007571249177901517
-0.028175926276592433
-0.02398722177232196
-0.001788789324515049
0.1885091185109605
0.43815737354258233
0.7057374999057221
0.7712557567394414
0.5458720624306423
0.18013437652987843
-0.06649283604709048
-0.035908629015822216
0.041506512134281505
0.08800238903967463
0.06326870094385197
0.016998247697597894
-0.03256203780361019
-0.06192321012389016
-0.037875024182394704
0.030536707897496754
0.060313343584236574
-0.047579798671733065
-0.15076156220125822
-0.17108354591417987
-0.540481938551632
-0.9452870061540389
-0.7868848262657726
-0.19802112678829303
0.03777564317071346
-0.009851475608318904
-0.03431205772158999
-0.026530275937600514
-0.03122185263589498
0.00014603384817223265
0.061638361216324065
0.015403352962549757
0.2081981878789863
0.5556340200676365
0.8439760453449533
0.7205417493715798
0.4195981858511328
0.05096128183564659
-0.14190107700070267
-0.4176148069268265
-0.11579726270249893
0.0448121182721296
0.24422202770800797
-0.037257662723475415
0.08248125270951348
0.040336131411297875
0.059097996090240565
-0.2374580138649082
-0.03695159083706779
0.11371118180392024
0.1462592763115898
-0.24225107271213034
-0.5491537163727288
-0.8352477876996882
-0.6922844245023622
-0.2664293005806931
-0.008823151318397929
0.0030029265331043215
0.041135732861846096
-0.010814826637934307
-0.007145965610242171
0.02098638523165984
0.01272196839367785
-0.05873809155208787
-0.09001626146856442
0.28075746282758324
0.674635437611867
0.9595589051964106
0.7189305393638147
0.36702402412120133
0.038595349283083155
-0.012326839554563554
-0.0034247529327613197
-0.000855026052680434
-0.028177681983335083
-0.07620463697887873
-0.0927481359705443
-0.09967157106471901
-0.12733734275164788
-0.1445437699534053
-0.17253231799365926
-0.1440066753998003
-0.13982537773357773
-0.25853012796881947
-0.5382763945966778
-0.6360933546210606
-0.3477894767043955
-0.03197083644292673
0.04129559514879881
0.004018849553446252
-0.022227814786288547
0.011629921756773784
0.04071726481978095
0.11054452098866448
0.3242642240774154
0.6455107905238795
0.7703925639296191
0.557939444062344
0.28461140892898684
0.08009702447593725
-0.04031129819422192
-0.061293711122214746
-0.026073259934012136
0.020570383665105302
0.014194538641051985
0.017604378524123273
0.027523928921567003
-0.006024285022533258
-0.016654187596061028
-0.02564093298751359
0.005398786130280982
-0.1080588801316509
-0.20516944487135957
-0.23854599496857168
-0.488535036301379
-0.8640784170909249
-0.6453970197689352
-0.2154811013938916
0.02933050333354456
-0.163254809569948
0.2698421016432169
0.07220249583866355
-0.030789109330472023
-0.2607191740934968
0.07064260432373624
0.31531640436318836
0.7189780019869315
0.8979107522544111
0.641180914315771
0.283631993095665
0.04736781320050678
-0.013800075569727
-0.011621993175918404
-0.009260398573924565
0.012164242371868575
0.004679562759884722
-0.004988264254229956
-0.01705255082309255
-0.022155595637346044
-0.13882582736260235
-0.2803414064708346
-0.5153021275934976
-0.7925146457568182
-0.7575258327948621
-0.3540123455008879
-0.018455458788401977
0.026778732513030767
-0.0018971607372621727
0.013962601281069149
-0.005308234266392631
0.049597921115851644
0.0008897126587977338
-0.011229195435527185
0.2270937574803938
0.5679129986066278
0.7224794024547586
0.605236519761869
0.3777504262887358
0.13300277842827812
0.021644338562360775
0.0066776340525246105
0.021681351758282397
0.019266652780919217
0.03043490244542212
-0.009844683512901579
-0.04242144719837502
-0.06030563994338949
-0.060659845696280364
-0.07835587960192557
-0.13298495501468813
-0.23397623578985285
-0.126287368921219
-0.7100221513419835
-0.8388331763780442
-0.6335599293438822
0.11852895690338103
0.01789556644164955
0.015132996000334123
-0.061229723730810225
0.011524503169580196
0.05246692822665965
0.022200952202400235
0.0903860575767693
0.3945949993211653
0.7531736990231579
0.7943536094172671
0.5393961665205195
0.24137046345377228
0.05596522632325821
0.006431643156892665
-0.00452944372820716
-0.005421514073028734
-0.0036597516564633283
-0.0036516322352361523
-0.01314549409577828
-0.06692277408711199
-0.22779415412511203
-0.4752636462193554
-0.6136470714681385
-0.6435926690466613
-0.5012450803688393
-0.29984412147100264
-0.04151729620035586
0.026228664279590856
-0.005196061079869142
-0.025359241495464882
0.026844125715462835
0.019636744751534388
-0.012812306598102507
-0.020976154418767438
0.0951506090749322
0.35258967031498684
0.6385275228082706
0.7253240593608434
0.5019733745369914
0.2697142597577784
0.09267011081243667
0.03391716121010887
0.023359600628419904
0.05474323422886232
0.041702160283926704
0.0014491033706490121
-0.02237184952506838
-0.02975961282948616
-0.03920156861015196
-0.03151752897316101
-0.02682753145197283
-0.01480975705433004
-0.10255588873222767
-0.34721145986364393
-0.6620918718277515
-0.8272017024895942
-0.6225721666986982
0.008659020978607193
0.1597381519552359
-0.06743212659948766
-0.2157346292528859
-0.015179366699336953
0.02603189720579719
0.04020306664498699
-0.003440364301620262
0.06974499973658863
0.3384405747490134
0.6724394098754252
0.6692801166988779
0.5155340564043611
0.2465243894321467
0.09039909167596226
0.060998639895112595
0.08011903845293299
0.04984456241789132
0.02376970463472379
0.0075100316757904274
-0.015472186400908522
-0.02633715391576501
-0.061217196787061785
-0.14699733022703174
-0.26654544769520266
-0.4156159211428996
-0.48508396409697174
-0.5373169871308946
-0.4797720101572189
-0.3832714732050777
-0.09830821001107719
0.011127456659531078
0.009469988476538354
0.052134706096545254
0.05291092410316149
-0.004677868349302084
-0.053028619282120416
0.03348922615445528
0.1615321479718091
0.4379380214864138
0.657483376905013
0.6086592644425469
0.40092380261326066
0.196968913723781
0.05524996514775929
-0.0016228449212102951
-0.0027633497099462147
0.010434920547330659
-0.00046450943089742635
-0.055437150052351516
-0.1483546468690205
-0.32516680283882937
-0.5290660906092445
-0.6458374068152845
-0.5459875307405857
-0.2492504881308071
-0.054702287499412215
0.02308347602712953
-0.004291602304386511
0.027383825038070592
-0.019539405676224437
0.0386583420124722
0.006475960158063784
0.10346496134088791
0.3335038887498356
0.6529524887575985
0.694009500222376
0.5310376469938151
0.25568975731354726
0.0687852576561574
0.021237184603554
0.0603647309555411
0.032495264606384605
0.010408349331443795
-0.008534706392511868
-0.01757933165167178
-0.03386273915985373
-0.013306515669304828
-0.01684764129292916
-0.015705284311848918
-0.01852413573934776
-0.08126841662127111
-0.3258977789120211
-0.5717841603611344
-0.8379928741300784
-0.6419315176711031
-0.28718490287011866
0.060470378528500915
-0.022980418489321277
-0.044410294189278825
-0.054453823415190145
-0.0024051634178749496
-0.010724581692460499
0.023659702166518064
0.03177955762210704
0.251162657117032
0.5567067124594441
0.7934820255792168
0.6897594137125378
0.37873757637525224
0.0638220034717727
-0.08943491213334612
-0.06547132188030841
-0.01911642358086088
0.046823982421300384
0.037052736343927264
0.017027082598871857
-0.011971497159464014
-0.024535351449845966
-0.10671893006688198
-0.0981273169041943
-0.23348791557394577
-0.47425111587872004
-0.7616718680767108
-0.6560940700051747
-0.3178467234024778
0.011547517599249844
0.0331608257974216
0.0007406846975683152
-0.054784519944488
-0.009989247958803972
0.03340788249524178
0.039257365475459355
0.13566497232304794
0.42675921629706
0.7124378510737261
0.6617250354849157
0.45622423035102144
0.19023221909988114
0.029462022225820988
-0.03141171194736263
-0.0033759583937580315
0.0482758836238049
0.07694439665309909
0.04095892651481671
-0.018797017165353338
-0.04066925196087426
-0.09892625370629259
-0.0769124506567614
-0.34158681932237056
-0.5649365337486155
-0.6136872139370153
-0.4438161119627522
-0.38361543698666256
-0.19388410161878297
-0.0029732466851238
0.008486843247416574
0.013407591384015517
-0.0004403291723858218
0.0381031409001703
-0.009969115298746428
-0.013304118155070727
-0.0311821607065272
0.3100778122404857
0.5991640095063756
0.7124049033244324
0.528482258756843
0.3314470481388633
0.11235299214261103
0.003029418616187304
-0.021868047846830243
0.029385217173329686
0.06571133801824859
0.06943601146388932
-0.03561897235191966
-0.20086950961670608
-0.4410241506486777
-0.5733988688560179
-0.6041830840177567
-0.49199641172509817
-0.3114621099936261
-0.0521400772932682
0.0019267770116989102
0.03692848932412838
-0.003272366078437896
0.01881913282173586
-0.01990371794829642
-0.023355566064153087
-0.06180198888480795
-0.005658186013129961
0.34549744383372916
0.6578875588022277
0.7523079101455244
0.5195825086492418
0.26733650421930316
0.04256541809243632
-0.03380379639466086
-0.06041120033194541
-0.025331334290351042
0.014327887822381343
0.04243507638464151
0.029977615291037058
-0.005364515325453275
-0.06636245152659642
-0.08236839406451349
-0.29482245196944
-0.5242830835688002
-0.7547297872361722
-0.5913012440695126
-0.34805785705503367
0.003076399738654622
0.06528910546789261
0.038395602105019404
-0.06487146890722562
-0.035983934532585374
-0.005199520807048587
0.037083680574552115
-0.026577195545433877
-0.01791376561293331
0.041366844147248644
0.39107317541772585
0.6902688508863168
0.7766975680598233
0.5070587905799733
0.2166283487458418
-0.0014415464503317473
-0.043406570217271935
0.03312519391929324
0.08510934620261411
0.06434601375387616
0.004621432591289171
0.01971413403317728
0.044545578015149474
0.020102779838187767
-0.098752215449564
-0.3281237932204354
-0.5674211395803416
-0.7772011715698609
-0.6051031540220969
-0.2873035446388641
0.02206526239745836
0.010686348937144709
-0.0014788912655585161
-0.03207511452133921
0.017040060037451506
0.03344892044061804
-0.009787900627220415
-0.0322074466153983
0.1353484700622019
0.4837942397414396
0.683074852860351
0.6597981764798617
0.40476062991968426
0.17400720760871405
0.010808698361734181
-0.0185702213689293
0.01933490840334202
0.06125814893185076
0.020836400485622034
-0.029987899875994664
-0.041114006582272884
-0.0531536267652104
-0.10964889214259288
-0.1170543390883217
-0.08870109985713662
-0.12210329235813978
-0.2979822453349176
-0.5718034850165511
-0.6448749816952165
-0.46799680453942627
-0.09706897215120804
0.028479298506892663
0.03368870456011703
-0.023780819772455518
0.00622864022090839
-0.0011407511146521534
-0.027504781057865618
0.048996338703325024
0.39571636059276616
0.7605825147268878
0.829602425798336
0.47542965911504964
0.1534551150681568
-0.021153547342888632
-0.006642032707715768
-0.006350626383151061
0.02161450504536475
0.011426751134765965
0.008024855960478748
0.01657814679545291
0.033177171207500106
0.02014048344052838
0.0034551025358959533
-0.012037309174962494
-0.17980971130953596
-0.48761849901916005
-0.881855547544812
-0.8205972865013197
-0.4321045793223436
-0.04000068817922339
0.25210177784608623
0.1448565601166266
-0.13973409532290532
-0.30745009632896236
-0.07033723999329104
0.050063082917153556
0.056879430607224245
0.036509081450036555
0.1126509014076869
0.4300787465403741
0.694881143498642
0.6871518368386317
0.4911825271850755
0.29326214821991076
0.11286551795114749
0.021291025220030364
0.00018349831714843573
0.007361922289969108
-0.005450503358455844
-0.005695381507812761
-0.014476149713599696
-0.00896389532398097
-0.08193482679202274
-0.22145456142002978
-0.4598119300899707
-0.8424062208867704
-0.7834559464324692
-0.391230391697589
0.033411698051623966
0.05544765338154083
-0.015702006263653884
-0.051310036485124416
-0.04471414808748862
0.06283565873111277
0.0007950625378157406
0.057403464416186815
0.35139663845051966
0.6702135770287753
0.7175813189373914
0.5010103231367452
0.26892160792248754
0.08189465799044013
0.03278861166346997
0.0523396337917441
0.04520051161868979
0.015310899257747307
-0.051658351719613936
-0.16043282518754656
-0.313485299266763
-0.4477420212042809
-0.5641649408732439
-0.6278683322574484
-0.45035222030073874
-0.18010105472780705
-0.039285670365049784
-0.06223209063876281
-0.03347681583696013
-0.0018575587874330008
0.02481238592900448
0.05658072838379063
0.03975078952566716
0.04919349928861462
0.229986806991183
0.5582179061402984
0.7670329521615524
0.6836029222303898
0.3858607310993759
0.1251488389936168
0.026246177085154854
0.01729766870291785
0.0004817892667004932
0.004794426817795873
-0.01419726617239617
-0.015476778836043587
-0.03808083163144028
-0.06699746508503973
-0.03441966850909207
-0.41238080908079344
-0.7096169493193129
-0.944679587540371
-0.5302112837242967
-0.2447808972742717
0.036220503645596945
0.021273135735405804
0.019682336524410773
0.023593092746584984
0.0003954524201774568
0.006481995906873308
0.0067233480210450265
0.03408673785838042
0.2387203182812508
0.558029850858365
0.7567479473833784
0.6466354022347587
0.37889116991924043
0.1551976566002458
0.028817037757262413
-0.00911209111155733
0.022875967215997377
0.04627488450557383
0.027256663773140836
-0.050338580166211684
-0.05068906755700737
-0.03835875183934212
-0.08475900914240693
-0.121156942844661
-0.3399497176202927
-0.5774780647145551
-0.7760265914364655
-0.5315377311185743
-0.2240640647814177
-0.007381555928273743
-0.027931052335814673
-0.03474168348642126
-0.01533756450753771
0.019000748879324496
0.045363639220053854
0.011508105113564074
0.031037044901687967
0.2781885950419049
0.5817248394142563
0.702273546738449
0.57304080849344
0.31221710223658844
0.0726523383559911
-0.017133573202899297
-0.029937429834429926
-0.0820601011285019
-0.15809097130479782
-0.32585298497015763
-0.5070582151028241
-0.6803667353524484
-0.5681357259423413
-0.23716314640905897
0.018464771904192375
-0.0027178255786319138
-0.04086460607614533
0.026831391702537268
0.05082609305778511
0.011802001187766854
0.012361109534954475
0.099938690502887
0.4062534718048378
0.6437695924684079
0.6718583553716849
0.46684740456764784
0.2838279869482783
0.12344695207243553
0.06649222008314494
0.029780265013167533
-0.006783786360949479
-0.02334512807066277
-0.0010251244100772732
0.012182028322826905
-0.004086056858598974
-0.023409722327983967
-0.015508740577866019
0.0015822881404685143
0.004977021301271603
-0.07367840043549803
-0.10979376356040034
-0.2185766350646082
-0.7877092963133051
-1.0
-0.6149598426415367
0.06657272483780381
0.034459019114346574
-0.08538014118423475
-0.10749639403310388
0.017775380584956486
0.039773833928172825
0.006234206972625156
-0.021696847082397976
0.011538955596204962
0.21415621666550475
0.5364388583382882
0.7042709152124776
0.588554626038316
0.3319338840034925
0.15777604698291586
0.06879055589973222
0.015653361450977447
-0.026751174106359386
-0.066732619180973
-0.13535201382137288
-0.23549890232202694
-0.36792775062384775
-0.5615801383702659
-0.7203644506239166
-0.44895203554490953
-0.10190694011685379
0.057692807265549914
-0.014334625849912717
0.01730034394952265
0.013976236045388914
-0.0046956694274129605
0.019033330903354257
0.012826967206477498
0.23306457042304368
0.520258449965807
0.7199444367002185
0.5971470817274905
0.4180293673145171
0.1445311079205477
-0.020513930999023905
-0.04831673977338823
0.033797677510009415
0.07781295749246987
0.07751371642704487
0.028452486459275877
0.0005961475371292699
-0.008454421080202985
-0.033921340409836215
-0.058805748900184876
-0.07043259644121909
-0.3192905257550786
-0.6806312204641835
-0.9049385878546361
-0.6739004785819974
0.24667388516448013
0.1942569262070106
0.2982410498451355
-0.24380902316167394
-0.09831778113161864
-0.48084816182039586
0.03938277730229392
0.009012013510955052
-0.0076161244770609135
0.028654620832564193
0.38330686953186544
0.6342101407607081
0.701654009474347
0.44610020859909544
0.2072302776781999
0.04355211906252357
0.041341983127953494
0.016169054836177244
0.033289400103704216
-0.0009600455041675874
-0.015830057769397127
-0.008319124920572008
0.012150698467771106
-0.03381290827310675
-0.0808105141221994
-0.027789151891086116
-0.11263452241476825
-0.7701341734611264
-0.990273987250913
-0.5809660295444522
0.03635612122654793
0.06147136231513261
0.01816160280678475
-0.001084073483989778
-0.0065254969956694215
0.01926841357836717
-0.025199633699975993
-0.013460663351037665
0.15026485534990278
0.5418487993077309
0.7656018347269958
0.6893192940805432
0.3832776107161306
0.1363734432440896
-0.013432763632357974
-0.03075132309748174
0.008731740905289024
0.046948342190494215
0.03169646156714576
0.018988963550690734
-0.007103579135895902
-0.02640540853765374
-0.03966898420246913
-0.02562819916473462
-0.031764950420554106
-0.060033577181106905
-0.3778169839206562
-0.7503135982093261
-0.9043244894911657
-0.5424819346961438
-0.08752172532786114
0.11349730026166324
0.019870836679197396
-0.0715897390136731
-0.017165132333599602
-0.00554716805968168
-0.005467029119758827
0.017858173171098304
0.05647749739540073
0.33430000228666384
0.6102614929908111
0.712630854420047
0.4729240088211611
0.2671167488571949
0.0769166381241929
0.03055507298808205
0.01176996910137033
0.03297854799039212
0.02860938222533819
0.003994282404844408
-0.060183557438761616
-0.20383431903761698
-0.3844732710847602
-0.5414014094974776
-0.6349804062488748
-0.48849339855537244
-0.3051100379598792
0.18710284794277826
0.30254193070183855
-0.004641114065788603
-0.39846097259949725
-0.21308946974795362
0.09313046032913957
0.06937769837746711
0.03040568595367609
0.03573726223461436
0.2697931262909863
0.48520676575201865
0.5988061875376168
0.5010578704502138
0.3297315848400738
0.12871535663279918
0.028734843008757605
0.021757718677086892
0.03688026498587528
0.03862773527835994
0.03955317461078241
0.04002932523384928
0.0074480126287537075
-0.029856726732690984
-0.07014339323276647
-0.11721444615661959
-0.583909180718546
-0.920907597144712
-0.787667885960464
0.07698026648872294
0.18280107282466385
-0.12455046849632802
-0.37281166281894257
-0.03604428403935
0.04687778766806277
0.0014366690084401707
0.009231657284866667
0.04958891608154414
0.020240230666086573
0.08477758199942384
0.3499512511637664
0.5793641050354071
0.6123515590369607
0.4616895458140819
0.29370097412149104
0.13720171668442221
0.11360647403211789
0.11506909115877531
0.06346423367493666
-0.0018283868498805173
-0.0070435767829324135
-0.000667890873082244
-0.007462712795817369
-0.003951353710538105
-0.03303287114430141
-0.21703131151388574
-0.5399106461930525
-0.8492718337570109
-0.7298768604929476
-0.35089933084703784
-0.021630329705156846
-0.016072365420807398
-0.02474246899250045
-0.01733420193265012
0.030308685531861557
0.0483188531963262
0.010502397480612734
-0.0317860213382847
0.12672463587905142
0.4938617087820355
0.6965021355536571
0.6381595733329621
0.40608283061239164
0.21538177089749785
0.06146590534310987
0.006673460808870456
-0.00021662762971404585
0.005105698872900212
0.03497626983822755
0.041992361658626604
0.021547491870997377
-0.07385750671700733
-0.30707548433353704
-0.5769009337927115
-0.8139001078802462
-0.6921913356901638
-0.2005715558347094
-0.045853001562085494
0.3121329628047335
-0.019920300634353395
-0.10910880931836252
-0.36624176117826746
0.06899828425114647
0.07041364046455896
0.036714307590611936
0.05334704173250756
0.28642361913607944
0.5933476885311846
0.6319976630964056
0.4846242054761686
0.3341528365850534
0.19033921527400152
0.09057091097340822
0.04574040333532326
0.023974125273552898
0.0442455682874735
0.02047374692338334
-0.01847158773396984
-0.041139076418503125
-0.04532593926514783
-0.04847969356348014
-0.047161647396322136
-0.026910145663122456
-0.05553537250980921
-0.22468479086343945
-0.7425400390014918
-0.9406699047621909
-0.5628106229556826
-0.07892204698266772
0.07030475384016363
-0.047454405556680034
-0.06722525794820054
-0.10213982124502151
0.0370243454333203
0.06138116230713121
0.06545054238539938
-0.013588622463069714
-0.008737067642930278
0.2446059640271963
0.492356316744695
0.587828860458026
0.5144035743039423
0.3810976942327498
0.1928608595110111
0.08606645041474821
0.0652840834518162
0.027359443685628582
-0.012007650013859093
-0.0018449163580162788
-0.017384901977485136
-0.08307557414370496
-0.29908259775466683
-0.6081396412960476
-0.8421431989719813
-0.6179625663444794
-0.07701852531069098
0.07801322751864762
-0.04779496364836822
-0.11807594160878827
0.028700895681102914
0.029543484146457574
0.051646684476483726
0.024100529280598654
0.0018626213194989495
0.1808254898636832
0.48938100842740007
0.6506865551482676
0.5517091651411302
0.36781921178106336
0.17691940067138942
0.07340819470713042
0.07215075275649925
0.04080544679946216
-0.00920481222422498
0.0071620138808923565
-0.010557408505666513
-0.055751930629731154
-0.03835513948073125
-0.009251398514725588
-0.1761199341322203
-0.4544448847073858
-0.755196473809224
-0.7817643466802969
-0.36249406488283276
0.10985039611480367
0.0776208315912913
-0.045931324820398634
-0.1446380100886124
-0.049431615474818336
-0.0871024746632805
0.057655590057021394
0.036251810332939956
0.17761449329968734
0.4680297796567196
0.7120669367343282
0.6662338313148533
0.38077045787002667
0.15751025227022422
-0.037847193160263984
-0.0392111081949204
-0.026809192726227143
0.043753340452580426
0.048440639506444866
0.022806960877669407
-0.14450914544655757
-0.34347808183361017
-0.5082858279497728
-0.6374131692641696
-0.6139130731169596
-0.3203764668205999
-0.046062360628943526
0.050732762228691476
0.010759443513129784
0.03874462383340204
0.016995960539186804
0.054589591599697375
0.0031902637795379004
-0.03432926254333065
0.028306559495828776
0.41737704071614967
0.6933119987429932
0.7428989857680532
0.4479035614829494
0.19904042228063817
0.017662018561922586
-0.03143356173689803
-0.0357453917932509
0.013559746470146287
0.05316723052956762
0.03296058558112936
0.0022618468311880907
-0.022818992706442387
-0.1057953406077609
-0.2513010130452456
-0.476747674201105
-0.7646421642434176
-0.7506592916195037
-0.3571000527592941
0.04444985739349754
0.044765408561774654
-0.03902588435617608
-0.07949075863240593
-0.031720293359450376
0.01782391416900479
0.06300737919902381
0.01486141189910365
0.06421461460134834
0.3217826435450052
0.5618158014215292
0.6284794034727301
0.485079116556134
0.3014885829477803
0.07604679503797113
0.019873339280269537
0.025630744024548843
0.005300796440768138
-0.032432647047436404
-0.0010881782520196668
-0.016792878146240975
-0.14597613190479725
-0.40847022335784433
-0.7239635453429691
-0.749016052092746
-0.4110957457928441
-0.08292295925761371
0.021810342073919783
0.021241690506209335
0.024442089475004376
0.012869176466775522
0.03961790635993228
0.030209293905758813
-0.007465520190610284
0.03744715478498698
0.34567806707663384
0.6022816811838215
0.7094253248014979
0.5118753830227609
0.2799039500184337
0.05223752443762907
-0.011912578962629561
-0.037970153682893346
0.029343096297107404
0.07734192782499787
0.053800429624117095
-0.027715527859784355
-0.0564525464932688
-0.07134900258080122
-0.0492505460861395
-0.25261371209190864
-0.8096000487329189
-0.9398438247435675
-0.5091893965220086
-0.04517660137968345
0.004674641611125982
0.0539727031158225
0.08144290925056205
0.04720183491648135
-0.03218316099745345
-0.026742021206769592
-0.06787074999124686
-0.007522547982862416
0.33004986237112327
0.6950393826994958
0.7731881568091702
0.49017256204436116
0.21491576993843128
-0.02601287926936312
-0.09677213923221317
-0.015462368633686732
-0.005335848644281259
0.032198827698696614
-0.014698152058216575
0.038642882944837996
-0.037823553933138715
2.216435338788266e-05
-0.05602480659314878
0.023203045200075434
-0.663390892026276
-0.9546856269857921
-0.7459490189478966
-0.014879503657581167
0.0012675126586654528
-0.007505510391852628
-0.00885304066160673
0.012432364442964928
-0.004139829587546716
-0.0025814054465536323
-0.0020184736556601783
0.08553753861260269
0.34318312590094235
0.602341601557794
0.5858083587282191
0.40028751766902554
0.23781614626900124
0.15356315011881588
0.026881644558346945
0.06690673507782317
0.017716378355556686
0.04099128626119705
-0.02533586471399578
0.005763193617469055
-0.06831054387872218
-0.06802039207504638
-0.007032989676312286
0.035684974868644484
-0.49126940415155024
-0.9003155601587803
-0.7642516889048699
-0.1990318631220111
-0.033613474452341634
-0.038005602906733306
-0.020170185242388
0.0028978248212503475
0.009264957990087702
5.917099132939321e-05
0.06718841688550252
0.01377120209655093
-0.05112446875624376
0.02815156924131965
0.3203553210175389
0.6220701444865759
0.5847246726246783
0.421940370141948
0.2240756041138934
0.16345476423814512
-0.009917117184907972
-0.0002544973054337579
0.0018939667056404566
0.04553675176555453
0.03227359504568351
0.04158492667768092
-0.04869591584249348
-0.04249260261164544
-0.010446499229239138
-0.15877571967717868
-0.5915149050711834
-0.8790837997421584
-0.5916571463659355
-0.16788603516577577
0.01618153897582828
-0.02957288647629026
0.014260314410013093
0.03361641116923701
0.041739061347990124
0.03128892017538257
-0.01446773737371888
0.05425865882576678
0.3045868743820232
0.5346235677524144
0.5421297710605004
0.41517217781102195
0.2676442663927122
0.12029656126057768
0.06368649372671714
0.04623111592357471
0.041554068964813305
0.03588410617472483
0.032061440013384866
-0.03312937229873333
-0.058485703859264694
-0.03777895797403339
-0.01936209264122617
-0.049114502973667026
0.0360279816522918
-0.34245706929241204
-0.8080744899901546
-0.8658819496838815
-0.2655093311430089
0.03703297061304871
0.03849763650364631
-0.034489723638068105
-0.00432390392477226
-0.04566999987925028
-0.03629097288474219
-0.03336679179574528
0.003394067894772552
-0.01573491037234586
-0.06013140392433935
0.025591754213263207
0.2715186530842666
0.6683983332283785
0.6227837071683949
0.37978989156229254
0.13295981868798268
0.0916703821738041
0.021828364448621924
0.011481560668243846
0.03379460012256707
0.020240343446157338
0.013663640067488362
-0.012425147652454536
-0.0246779701851059
-0.04977290897334247
0.0021459356255307256
0.012270753503104026
-0.6938698363908516
-0.7986339564159035
-0.5247269521592361
0.06979222035216183
-0.18193670910460982
-0.019668633419244068
-0.017215392523019943
0.04048888075823685
-0.0055847358278351585
0.038142481494301786
-0.01601441486960365
-0.021249308058493923
0.17278056163301714
0.48437227505895264
0.6610753358119001
0.5970399892653598
0.3810644410012185
0.13698884772305525
-0.019855834627233063
-0.05111214018485852
-0.02481583249043122
0.006988924035078882
0.020619815013540974
-0.0009180699506666123
-0.027338151157456317
-0.03125953267672757
-0.040666159086445754
-0.05107004525341103
-0.03676794456331895
0.014817454088162787
-0.5731331504040047
-0.8950280154431894
-0.6834892509664812
-0.05233321572955692
-0.02536283288107416
-0.020836379370001896
0.007945468494575692
0.025664817303879203
0.008068276132827377
-0.0023503454816023775
-0.019092790807691728
-0.034012063115254995
-0.016686720525407473
0.11761246085208683
0.327711896565237
0.5001413344109049
0.5184160919771219
0.4193511870140156
0.2504861415913259
0.11497063290688736
0.052166884880427075
0.03095885943148604
0.04573627306276643
0.03240581800248917
0.027391753723632787
-0.005892603021024561
-0.02507780495598444
-0.137185553653453
0.052060445085855965
-0.665054230918794
-0.9567854614423628
-0.7715243465408709
0.10217088504228697
0.04571025829797986
0.03327693917476979
-0.0032668798292953788
-0.0053914762352305036
-0.011283448639055267
-0.021119534929724033
-0.008863257485996645
-0.02721742955534361
0.14418954260605496
0.48495624743249227
0.6494293218247038
0.5224566569179335
0.3143278967821285
0.201432877751139
0.04811820707193173
-0.01373310569120553
-0.012442495628320423
0.0040916216137127535
0.007573792765635095
0.012087704874397035
0.025408603120474008
0.001952600851990328
0.03512919942774917
0.0014978332995664045
0.0003231170049354885
-0.06952679631615323
-0.09730120183287008
-0.5274350215920549
-0.8169893683681302
-0.6847595878588496
-0.2221089857501582
0.2982090336072369
0.05531631234602794
-0.1559715518071285
-0.27314993643100427
0.05883059130670015
0.0245791957747127
0.00663725122166718
0.06452213337741158
0.31750708381748444
0.6250498020469099
0.6609812203966196
0.41478167111534214
0.21088947180816087
0.027508629936356405
-0.006327022053198581
0.023101184238627937
0.04716014123785016
0.055648293162924245
0.028028902368893823
0.013812289569931416
-0.05622075762580017
-0.2379585155340219
-0.58199997955669
-0.824709881715518
-0.6086755931449634
-0.19256066939962307
0.033545908639000525
0.014446235077588437
0.040997341482017106
0.045519687393935596
-0.030596937605249234
-0.07637196283065803
-0.039581004140600416
0.014426022516523461
0.16259781106303858
0.37854904655764626
0.5463133018327317
0.5325078379590161
0.3959133591881197
0.2083083025055006
0.06503209567622423
0.013435897921145681
0.03181507067017393
0.049594303350327204
0.03820392201801217
0.026356139674978424
0.039970183168540355
0.045152941437767866
-0.025938947213991207
-0.1460019988607786
-0.11749384596756224
-0.7143330216597462
-0.44367577409085207
-0.5954040527444153
-0.1118919135781291
-0.3851072234564644
0.06495742979182391
-0.12354047535408762
-0.008003251208481868
0.022638779644116584
0.01376433119476701
0.03384262986409245
-0.01441128320537654
0.18141749969431417
0.4664974532794224
0.6704562252874615
0.5686867947845973
0.36691647943074013
0.1734505725475226
0.028346097721650632
0.011406649422345164
0.01577724946388869
0.055261956021785616
0.08395818503042538
0.04772403843804718
-0.06537579446053855
-0.10924855138792373
0.01886199395646966
0.10000909541463346
0.07213704737697903
-0.44878877730447225
-0.9743311521986087
-0.8905751378349696
-0.2842933203441734
0.04162902554101735
0.00604442546765202
-0.000334729880001014
0.045754576577823655
-0.02541856131345101
-0.054764679092645645
-0.0916537141122087
0.00395169196995036
-0.012317564036022109
0.020922230720092815
0.22844705818350483
0.5080980200268094
0.6320046859877804
0.4943692375612257
0.33986075231855917
0.16688848070367499
0.08061066915543233
0.009630769765491747
-0.035592824202891796
-0.0655768368866922
-0.12444920250614387
-0.27353717400312116
-0.3986320974255748
-0.48834176512519123
-0.47904523429113405
-0.36966034842228535
-0.15590504024802873
-0.05552512173507769
-0.024407081474357852
-0.005820259481004451
0.0072096622508636505
0.021182110183176395
0.02296414445098629
0.022583311502741416
-0.01631280152732726
-0.042060499923697967
0.06591355543473901
0.3037518723144259
0.7820664834682912
0.6846579841440367
0.4059888411048167
0.05824325543639041
0.10539648198505497
0.0037746273610790824
-0.0030434702397812504
-0.01082013515638222
-0.011897313997628571
-0.018885437647101738
0.0034070474497641078
-0.06559806464687826
0.011273632549527936
0.03888725854267475
0.02467956652498006
-0.656044878740815
-0.9440539059180686
-0.6605253941065335
-0.07591167212270714
0.056106384416222614
-0.03204773545259311
-0.05699423070894211
-0.07244886933978845
0.010866400916214644
0.03658019992767698
0.022478519555189886
0.019334365497713692
0.16126025145935932
0.48938267763914933
0.634576243617974
0.5513981114915639
0.3560630684842434
0.25233633215812873
0.15360370354808411
0.12729581317050023
0.06817216618200982
0.027102385467591136
-0.02964026017148255
-0.02408341888925015
-0.011684761661867011
0.006855433422365721
-0.0928040355787324
-0.3451117098790183
-0.6041835996133876
-0.7657266598089115
-0.6012355229123066
-0.3000749589431324
-0.0027912658037014784
0.03288044144814666
-0.01536530506961093
-0.02735530811532618
-0.004957966371053287
0.051891609394522226
0.015174386452946474
-0.020628501080976316
0.020923303275816568
0.3357357108195475
0.5774678813882392
0.5931656441315134
0.4151080135099719
0.24806573020252798
0.1429884160002527
0.08952908531364648
0.0893138502808419
