0.437156764971371
0.43783455892614737
0.43932239388137195
0.43762650926373853
0.43620708887578635
0.4359037743611801
0.43705077627569244
0.4331375083938637
0.42923556858705925
0.4277117767534124
0.4321912786719972
0.4296763589747199
0.4290546610324449
0.4300790218070621
0.4388481048992135
0.4373607219134227
0.43250823257569737
0.42754807034413383
0.4299399067804591
0.4302386037444436
0.43181366832373247
0.42640551270006216
0.4269749245749851
0.42463906380440664
0.4231870147989464
0.42036597232667605
0.4207603742076671
0.42263062448321326
0.4263174152900846
0.43176565564415775
0.432687346497146
0.43095829053498325
0.4316632831781527
0.4323686422964786
0.43230660199159654
0.4314509896995716
0.4325347964971729
0.4348824240937477
0.4344645100744087
0.43288883154292634
0.44086755207425016
0.452939152978969
0.4660648532993423
0.4840921689628388
0.517654291494954
0.5522868468969759
0.576542217857924
0.5927429051695065
0.6110002002724864
0.6303732092075515
0.6421024247568234
0.6499657531770868
0.650817211440183
0.612123017603435
0.47981806026413615
0.2626125681957988
0.09246026117198507
0.03146389596223403
0.04443996765395041
0.05113015718546565
0.06955486355504273
0.07458002111229445
0.05895461519723545
0.03224113133664006
0.09110205991260618
0.20880391962605177
0.34233272216363814
0.4447960400812293
0.5515104597018383
0.6519490066137267
0.7393115623985319
0.8165348723377094
0.8849199060617984
0.9450158670977152
0.9651102626814946
0.931266874979735
0.8252917425937019
0.6235294832768246
0.31214441468094534
0.09727027485111994
0.03154122017470189
0.06054094868157692
0.043956075403104346
0.050150121844490816
0.04622496488377276
0.0739198597002654
0.15422245200306184
0.26663830643644715
0.3620395896977288
0.44314311360151326
0.5297211581323177
0.6061159119436031
0.6877304487022495
0.7559157170185876
0.8086474350611499
0.8369160031246019
0.8578537095738514
0.8592251735802305
0.7917562933936605
0.6295056794914482
0.36106865337857896
0.13821705564192074
0.031240557328462797
0.03174919912079084
0.030736438241950673
0.019036941661950066
0.013377419064721197
0.02284342801293728
0.08898625658023965
0.1769680950627164
0.2943503762002875
0.38663224773780047
0.46776800362273757
0.54043769297621
0.6247540175120037
0.6976133469961756
0.7466757882462568
0.78454362855141
0.8106290451944382
0.821331344898234
0.8044952934132443
0.7283216831255231
0.5736644819357917
0.33029718443725575
0.1285433973940694
0.027362358121620856
0.04960206753830618
0.11970772639006164
0.11890827814951162
0.06846951015873017
0.05449122316693607
0.13830918299482783
0.23414424305858406
0.3368371628701476
0.42299156245383385
0.489957830502191
0.5645212157673895
0.6447174475246269
0.7193175144791759
0.7785433203909186
0.811990923718531
0.8167421333273134
0.7546355559126687
0.6247252894045136
0.3512578044809387
0.13240829359772907
0.026727058503049086
0.044991860250130356
0.06186813377500654
0.06859381624974978
0.06889153142811229
0.10393922987572922
0.21825334688366926
0.33251525166566004
0.40140446226107124
0.4618899912876084
0.5321752394416599
0.6093177013380328
0.667574984784942
0.7156672764267361
0.7658455691093862
0.802833647351241
0.8308452217170362
0.8446716034584977
0.8319738859789546
0.746920448579671
0.5684523814353316
0.3261988812070998
0.1592142447657155
0.08187038081097575
0.06010830814219084
0.05282489137814081
0.08696266016229316
0.10044124664862407
0.06820955113556937
0.0993624616260667
0.19958309633763352
0.32349525832621534
0.3958443303528181
0.46869631366133585
0.5391508989634392
0.6166168922155042
0.6858933459752103
0.7480789208200916
0.7918514578270268
0.8166334568570466
0.8352007613026781
0.8162449436753291
0.7077412673095557
0.42948075395452295
0.16168134312377946
0.05129135966527083
0.090495250911745
0.1004413563361025
0.07235398964329949
0.05180821703284129
0.06201954768117909
0.15144763473562906
0.28552188876798695
0.430023945547671
0.5564752400470595
0.6898461766297977
0.7963776993713457
0.8679078206657738
0.9185487061384034
0.9633517745396625
1.0
0.9738312221514972
0.8445147586751829
0.5026949822816594
0.17520989984628826
0.013739911194866204
0.03672121936710429
0.040523999370254166
0.04249532518049033
0.04040234981220342
0.025711977404426267
0.0766690137407321
0.203811832139052
0.38102721647551463
0.5136333377988466
0.6269827012333603
0.7228502757529848
0.815702142226062
0.8800330630210154
0.9304420737662632
0.9601918210218353
0.9188833354595831
0.7625364989387887
0.4460701341693544
0.15205510687015353
0.014740625381365762
0.03978945908616032
0.057718699029325554
0.050461928619824736
0.047560636861033935
0.11272410598507608
0.2469857660169196
0.4089030547196691
0.5497325427538794
0.6731713728130668
0.7792319701669583
0.8659780161607243
0.9238402563878106
0.9287701865224827
0.8644928524802059
0.7020033984749098
0.38898322555951337
0.11329735185439037
0.0032135730481057793
0.03556287811790466
0.037170691297675515
0.03290918715660457
0.02317458428248989
0.03506358522907368
0.11447305476395873
0.2405369797757973
0.3697972484287573
0.49400765544991393
0.61850600018963
0.7186078355361929
0.7940898699328071
0.8495506750857864
0.884015834970878
0.8826696561447328
0.8052896999053706
0.6298238807633779
0.3403315029091279
0.1114645164005479
0.01958679015272777
0.03984755170649187
0.03917447257136104
0.024473398742792654
0.040804659566675165
0.10839517535750032
0.21754108795868987
0.3367553042917604
0.45617651788353897
0.5579932097857433
0.6338064757873945
0.7039479285012952
0.7522117094772189
0.7625220813339587
0.7160922832379356
0.6014116846928529
0.4375681757041384
0.26826068966549765
0.13857687930293774
0.08599602084996387
0.09108584888495987
0.0849191675170297
0.08588072102567641
0.0897228712632877
0.09883330453159275
0.11331030305098864
0.1912808174798292
0.30627945548760765
0.41235483241688525
0.5127480536400798
0.6091403174045334
0.6858580262771176
0.7331586605831456
0.7749622855742113
0.809452789914211
0.7647322964260613
0.5881152470096707
0.3096183826861303
0.0987495007649855
0.035305652487202965
0.05264983884962173
0.048028702660280226
0.047339075612157576
0.09050567740171285
0.1754016376294501
0.28606582451938867
0.4010444398540434
0.5136900324287392
0.627330280419027
0.7332184677119863
0.8196283683063121
0.8644262292903966
0.8294540129689548
0.6676680297422201
0.34577424094099735
0.11290854088842822
0.03718928257488225
0.0741668459255674
0.05198618454210927
0.03331781616267766
0.0328185554217115
0.09547593106562403
0.2089682719269301
0.3450240527447526
0.45769067764619736
0.5601484250740836
0.6455339921782701
0.728688705559035
0.7824312726812154
0.8066213852148043
0.7682310109628556
0.660208669883608
0.4240016029954769
0.1793927111983608
0.042292572569593664
0.040106060002873783
0.061368506346760505
0.08920903219123177
0.08039300198559102
0.0605704197026078
0.09022203842206779
0.21932711450900932
0.3483883945382442
0.45843201860575805
0.5376038518152851
0.6172693367109531
0.6772212891232923
0.7214579988155568
0.7383763127549645
0.6989759452164281
0.5524142597694707
0.2970533709663953
0.09543321780329118
0.021885314524605723
0.06096258671918975
0.06560904697271049
0.05324098189239768
0.023346172900985833
0.05003452434680662
0.14863746287785679
0.30011521478548203
0.4358986603063432
0.5346947544874326
0.6116043048208537
0.6719806140290464
0.7005586260267584
0.6853362615326495
0.598638995416089
0.36628941125721
0.13433914126066315
0.023406818201023583
0.050980840885751215
0.05757885081270904
0.05768404841335389
0.04644589791222651
0.05161047363516675
0.09719082785006178
0.1970591166712389
0.32857689344203106
0.4525142629230247
0.5604181329284337
0.6451341728802382
0.7167462594062933
0.7623821495480723
0.7974034375184369
0.798332957637779
0.7327642788654688
0.5696386714469688
0.3047554132724837
0.10535009575486302
0.039532629694751444
0.06599695417229909
0.07889724389187491
0.08911069664116561
0.09606757591952815
0.08079608412219226
0.12872111430072355
0.23989727844378977
0.38282146763433733
0.4991737105462132
0.60863068734045
0.7093262392480372
0.7770402640247054
0.7832077543911796
0.7262511379795326
0.5899409416733665
0.33653688954069005
0.10743415619892704
0.022574578634324594
0.05264966776326975
0.05464539967213812
0.05617515076340325
0.053206921748132706
0.0815170438521375
0.17601954339682443
0.3394725010362696
0.48138065195091845
0.6010321738426067
0.705534782409746
0.7821604060104662
0.7968018515947062
0.7511724654828277
0.6225604370933768
0.360928651860086
0.12940046483400094
0.03376073738228142
0.057872477539413714
0.06610793116921429
0.07623820636452275
0.07592453186819932
0.08170652176717105
0.10762053916273787
0.18253293077446808
0.29435482087739506
0.4197824004590981
0.5121635554994012
0.5926659642452936
0.6622518738794833
0.7345690206044758
0.7824687803517272
0.8238657832254386
0.8101647966047645
0.7291547822022609
0.5433706938332499
0.2792272474513075
0.07768722725699584
0.01892540482024373
0.04344974174367389
0.047671192176052396
0.060094956052754736
0.09253473214868954
0.1410448418564569
0.2137163959407118
0.3096561481833917
0.4036966507769916
0.4886032190285595
0.5711229716592222
0.653448423819952
0.7153154902767229
0.7549484611223907
0.7719571016516088
0.7222642568417013
0.5796424049099629
0.3147012072002242
0.105240857497744
0.020730618815716702
0.049432298536715276
0.06474536031890234
0.08033984038596363
0.07892873437703998
0.09946841487719411
0.16283466452570963
0.27492382695804723
0.39166336721961015
0.4946157140476898
0.5771111364990174
0.6509779251043685
0.7209367172606348
0.764685818788256
0.7931286986208469
0.7724731105648631
0.7029897936276882
0.5679636488879074
0.3255686069003975
0.11547485908889767
0.021477133605488984
0.059189227005533675
0.07207798985871312
0.1016041901279638
0.10715075321624412
0.12816178201472622
0.12826654135101204
0.14272907084437092
0.17826708503830468
0.2781152670303497
0.4052837984482417
0.5364759448267491
0.6522850363030864
0.7086521012694981
0.6856612034616183
0.6521706106566353
0.5846852506997682
0.42799202209613474
0.20443398922830708
0.06773435522109511
0.04765918933490877
0.08237675008460354
0.10019923000686576
0.12945168319567554
0.1550618961349161
0.203459404230081
0.27291891141038405
0.3876364562229791
0.48290768445522364
0.5793211995557273
0.6632079755438862
0.7290110351681831
0.7571635951794806
0.7332318034269195
0.6186924667968957
0.4079512842184606
0.1928462015979283
0.07513546172694477
0.045230321866577404
0.060811755248547913
0.0694221457248219
0.0698140137436064
0.07596840628917176
0.14783349202374968
0.27159949435116587
0.3867566846654179
0.4741845666454094
0.5529818900131719
0.6297073342418074
0.7088700121718815
0.7513398870254406
0.7761432675678904
0.7683036921496483
0.7291039813038643
0.5906761545183824
0.31996843401769515
0.08535534876148866
0.0
0.03192407326940648
0.05661831259886386
0.07007071962178993
0.10510140969284743
0.19423719124427086
0.317419893296225
0.41650023288001964
0.48482075834942806
0.5661013555302926
0.6398256156653035
0.7094491503211054
0.7074401159550985
0.6776105089627082
0.588367639646164
0.43169522312659114
0.21312879502843207
0.08752115231609923
0.05485636850813103
0.05556136349318783
0.07992749432154028
0.1699711793924309
0.2821787950484115
0.3620695372293276
0.4168421612747556
0.48623258302558015
0.5755318497326718
0.6681112290529778
0.7350600434955038
0.7868695464956845
0.8279892978762216
0.8581362433742823
0.829464861460505
0.7312549190237317
0.5579100079639432
0.2945123359019852
0.09181285528188735
0.02732506475592319
0.09179531466118494
0.08969342106743287
0.08485114627300604
0.12146720315453848
0.22962249092278478
0.33140848941166895
0.4272234033965645
0.516194779214789
0.6062127018962995
0.6744075563217926
0.714114346276497
0.7531775345665715
0.7702234247066965
0.7015388342059417
0.49472524815556496
0.23292057561417573
0.07092235506459758
0.04790353826981749
0.08348519431960558
0.07002290986844359
0.06473029016405789
0.12316507009469135
0.23789559091105872
0.3433196961420858
0.41621786558691076
0.4975136913867111
0.5908130281725188
0.661182027662407
0.6965884777838431
0.7153674596604357
0.7664638773457687
0.7993457888026939
0.7770439989399089
0.6665021173483798
0.46102564450403627
0.2149756368137298
0.05740694434754625
0.017003321981289007
0.07485396334701647
0.10633755242148192
0.11840133505015524
0.10915240142453049
0.1731599002811962
0.24503039892376585
0.3286320893461848
0.4287280424258823
0.5280645842957047
0.6051097429575514
0.6651778916255264
0.704381052815662
0.7159570569811761
0.6993688022959392
0.6148797021067212
0.37321744281949415
0.12587045985912018
0.013311318979891991
0.03675276232803694
0.04516435386687137
0.04501225286636427
0.05643543554455634
0.050478080309855816
0.09355795120271035
0.2061881540643014
0.36019193253321385
0.4541077505843269
0.5311462555791351
0.6085309430244507
0.6862961583242463
0.7358498203807676
0.7621074560550788
0.7253555586718085
0.6080804022283616
0.4155615977842987
0.20461902931541823
0.06948597051466596
0.02529127096266712
0.0521479383391929
0.05710614048211187
0.053104572640938076
0.06487453575874251
0.13692407008068644
0.23339451836945488
0.30956909695501056
0.367219058705342
0.422550442020445
0.4769382725742726
0.5313751899143258
0.5958089761930501
0.6507851400627473
0.6549028900637123
0.5783055084415921
0.3505824694288101
0.1251641588776898
0.02213029696068879
0.047547455704489636
0.06102560471094573
0.06021164479624512
0.04813815141966299
0.057570638167215506
0.13671951575167335
0.2543986047495527
0.3665998720442015
0.45986307929511966
0.5480086912103036
0.6239999037507332
0.6836847191319386
0.7176758115595397
0.7449922780864731
0.742668779831741
0.6906850736462609
0.5506520287934126
0.2989942125796929
0.08393816736744157
0.004077435015628129
0.034384939283652126
0.03430463546701178
0.030018221731582813
0.0185692765124785
0.06876785552234395
0.16644689229067972
0.288643844627815
0.3812334268420013
0.4905233748274616
0.6049366726511249
0.6855425485939936
0.725171236697047
0.7461771337247557
0.7636312893476567
0.6964702852557377
0.5253851789980547
0.26468909960690323
0.09214035779141876
0.062180358677176785
0.10390656541501497
0.10336954176936528
0.09385249120352492
0.09894825921445076
0.14672878755311788
0.23838942279658173
0.3553396060015116
0.45489279539168503
0.5674579980374407
0.6686280361086101
0.7244406835442921
0.751399853181406
0.7545768104357367
0.6882331536229415
0.4892272111716933
0.22494068286487054
0.04746574873752658
0.013326301359332703
0.0672939178346836
0.10420952736992474
0.112253649334741
0.0886059815332607
0.14864272579711688
0.26883862803617614
0.3991815979751678
0.48666836594316565
0.5851535686534431
0.6803545552710959
0.7112870911992389
0.6885245737473484
0.5915633833887638
0.39537376045172073
0.16190780843534314
0.032966655314238445
0.021585516932079208
0.03857597222395081
0.06399858974734692
0.07785979846138372
0.08256426312432581
0.13565484735810443
0.24886897257082177
0.37471952611885206
0.4729677173539521
0.5867363783242994
0.671917657125107
0.7368960619916022
0.7889594888756306
0.8466351498759183
0.8261053834965973
0.7200606073684817
0.4897476013685937
0.2197655158480721
0.05344358577253615
0.04203045617336069
0.041504979736929445
0.057143858921883485
0.07154649513912406
0.1063851301990489
0.11243486215896989
0.12581748830108716
0.1539813872845435
0.2253994674005532
0.3222823845747583
0.4170755098218437
0.5109355874782403
0.6095119823815117
0.6248054401897147
0.6199873867275514
0.5337265814257005
0.32817469913128994
0.09778699313007115
0.007335447838569937
0.04813684703147345
0.060732268363178084
0.07639219055589809
0.08601549913581093
0.09843811047019824
0.11603801003346638
0.1745533303054204
0.27858480928709634
0.4020218951367403
0.5077196826107829
0.5915836686329454
0.6531984005635464
0.6884868330594942
0.6826588497465537
0.6178916075429666
0.45669203272053843
0.23211454072584314
0.07235857662915222
0.04009967088430569
0.06326514868760283
0.07796269075467986
0.07895830697245589
0.07779070967947993
0.0464325556367546
0.07509447596133713
0.18052450271063797
0.32188435945207017
0.4304640313995569
0.5310671855423017
0.6291454768685029
0.6906253102379224
0.7318617830939643
0.7658692104177642
0.7990155353941113
0.7704609512347724
0.6522331636652755
0.4180512197168319
0.17983206541319774
0.05900553779142263
0.05709538183041043
0.05445968972021504
0.028653086562986686
0.018589994004885424
0.009570576178787076
0.032608260004628874
0.12854489729461263
0.26611309766643704
0.3766635034393184
0.4605772426553087
0.5448522939710833
0.6354492568293273
0.7088046342159998
0.7441351861226465
0.7371927123204302
0.6737835140115406
0.5339249800992006
0.3255333070015003
0.13710888329031354
0.04176749763607199
0.017757690138773395
0.02575754217990111
0.023417614188682014
0.08938924315119055
0.19274681940665528
0.3221230386276091
0.3858380003009551
0.4303049900166914
0.460046084421991
0.5253262836756574
0.6043904244155626
0.6768450887988374
0.7291585712921281
0.7643792966532206
0.7660963212241881
0.6875534245159434
0.5437287320942068
0.2896546159264917
0.0886034395674284
0.010031285860623594
0.04371675003006887
0.052762052978676956
0.0710633311897412
0.06775719733029867
0.034806651808397336
0.07206433452109093
0.1967023841373601
0.32936550564754996
0.40525598605819096
0.4719748986919137
0.547181375473961
0.6343062017489528
0.7095051598535258
0.7644600447188271
0.7929981755908196
0.7493241859793226
0.5961451236819603
0.3145870983313688
0.09195629273949404
0.0018790587275958031
0.03166079533467597
0.03973448994510998
0.04249060564983578
0.03168088653483743
0.03423165376085065
0.085672455815199
0.17832121104109352
0.29215891769459296
0.4014788876129067
0.4975369569966483
0.5761342388524633
0.6388763780912412
0.679585747842385
0.6721065498630288
0.6186900243308268
0.5090464583907315
0.36791946789138563
0.261976622741536
0.23340257413290055
0.2472541408999224
0.2641172893864742
0.28624922359237354
0.3172793951068057
0.36767955629465193
0.4490563650019778
0.5652823032656497
0.6752957532874279
0.7533682990557473
0.7933366372842807
0.7658743190048741
0.7143454168721192
0.6536766233746525
0.6045796276302665
0.532513188883392
0.4493043645702014
0.3156015498734539
0.16694203028625473
0.1038209877003866
0.1157531029233695
0.13968730543091035
0.1612618491178285
0.20922618269861187
0.27062242526814906
0.3391000955549091
0.4145217006109332
0.5038843506964447
0.587407773953522
0.6485900791023759
0.6772662840569853
0.6997298670831926
0.7325825529728593
0.7753143783775021
0.8082668715352237
0.7912528175985613
0.7044948870868992
0.5521253328268663
0.3623295458574039
0.17939453103098496
0.06430469187308291
0.027242399699591066
0.03554459599183353
0.060965615461207955
0.05982777618777432
0.06115962186671063
0.10729983155037205
0.21751735812346937
0.3164876752347965
0.4041879480351616
0.49079185492035104
0.5746042379269163
0.6588634824341942
0.7055758931109536
0.6880098485863763
0.5671299534562391
0.3626526470803863
0.15919425130616713
0.05997325070263601
0.06328030962759223
0.07068876033376342
0.07054762916868434
0.0618216807494994
0.06399381564835843
0.11673787238938799
0.2261505316380655
0.3289280559241062
0.4011328420346173
0.488479008754059
0.5868380129232561
0.6729388900556565
0.7456921635003965
0.7721525652459109
0.735266124322383
0.6023921587676059
0.40020744505787387
0.1778597258995962
0.06163693724910738
0.0369954083212352
0.059340600252646356
0.050089838231534484
0.05697464169736004
0.04766160420398236
0.05074653672755158
0.07072440700231881
0.13803517404825663
0.23637054345184239
0.3468038754271445
0.4586623790254768
0.5505396105163696
0.6481356694159823
0.7189642381538105
0.75411308312993
0.7242191824118234
0.6290827305096093
0.4426183089234184
0.2205335267596785
0.07384261517692094
0.038977053487653
0.05262950296902793
0.05469178492161578
0.051282353296315676
0.04271344116971099
0.04729751178466905
0.11797419891628441
0.23263233196112687
0.3539903585966219
0.4402603205088984
0.5166597184941691
0.5887288773264961
0.6698279532076395
0.7271101303814107
0.7447394198617019
0.7004897708090879
0.5691951981122778
0.3305100917040977
0.12256549455376625
0.03297977407195854
0.04880663288566334
0.05133138195270269
0.05295001400938333
0.04552329816689775
0.051687151949631305
0.06306071833134413
0.10206292986972382
0.16691025091553413
0.264063106184068
0.3731212137836429
0.48432349183806295
0.5480330457819704
0.6015011004568185
0.6587327424624488
0.7161196470805277
0.6933142386420587
0.5888651970160377
0.40977644629113347
0.20850766192827663
0.07488059801085303
0.03017957273091703
0.04115342823640801
0.05260341647517453
0.05042786835575428
0.03940648348185878
0.03858601113435975
0.09278289108747989
0.18183951643161625
0.2769999507008042
0.3366620810145845
0.3830746905985912
0.4284196444250144
0.48669249729164904
0.5506151039409553
0.6058540581799979
0.6432210674246139
0.6855410385476711
0.712983561038737
0.6633414366169357
0.4974905753110633
0.25973598033874395
0.08995753163764421
0.02454930707345594
0.03737825093914667
0.039913925427208695
0.04122905448480251
0.041296113924495996
0.05105776999096443
0.08974712853525739
0.17536755870337928
0.29598029854371816
0.4001410701633872
0.4791694176627044
0.5604488733526285
0.6371457564626836
0.6938034974456321
0.7348195296631973
0.7385517874567761
0.6547326450749603
0.4779123931782791
0.2639105945758836
0.11154830859593623
0.051126640590246415
0.04630896783126366
0.038871704928812666
0.04712651132701784
0.07094353806056408
0.09697862425195138
0.14937223523365195
0.2333624163054588
0.32528735063278846
0.4036470996333825
0.48579093474420865
0.5650500312789243
0.6045265967084794
0.6381403371045223
0.6900185986955162
0.7366423313158067
0.7053772721952098
0.5810146215111932
0.38662353742322697
0.18660647465573932
0.06469460314641373
0.027748079047562886
0.0333999205493007
0.03810073231311509
0.03557108611440745
0.03316128161601218
0.050187049302105026
0.10308543117555555
0.18851032792457517
0.29058004859179476
0.3943105889357547
0.4784644217253648
0.5512168657431697
0.6219632027527653
0.6968490443408863
0.7378796660328333
0.7190497927545417
0.6103548216925638
0.4258453003437779
0.20922136452405338
0.07152182412945252
0.029725618570716334
0.04650935040792256
0.04872717514873227
0.058386493882118765
0.06971900773082516
0.11030045235219031
0.19096186732737144
0.2997780577090338
0.3815600823380408
0.45011824782470167
0.5356684511323485
0.6178728174434798
0.6777234659319802
0.7298964187697256
0.7550781134252046
0.7099348474043596
0.5797554600874895
0.3847538769402006
0.18240351695923124
0.06370980804097749
0.03503164395071964
0.041579966897893096
0.04365055600707525
0.05540277471576249
0.10610676205959828
0.19485726135914258
0.2975165854034536
0.3872597182099092
0.4696298539864359
0.5157175083706036
0.5724539495786075
0.6552814110124087
0.7358854361912286
0.7601552382088232
0.7281418137344866
0.6341016050605385
0.47470333059370934
0.29174397999917256
0.14184843911948153
0.06517198916302862
0.04561915510121444
0.04029825677278835
0.03079791789490286
0.03642228644873338
0.05116067627246274
0.06677829327887909
0.09344720502098917
0.15930573777717083
0.2580922081293022
0.36028378851238374
0.4512832193919681
0.5208758789946907
0.6106305889632387
0.6897822310287877
0.7077184555465283
0.6162805709749535
0.43010985213045816
0.20992940515942127
0.07491955758039641
0.056522703168643634
0.06360296911767885
0.05062311184983622
0.04078305923227613
0.044192830188535925
0.04322115696658375
0.0853441582206
0.17324389215001387
0.2921107353056749
0.3986733858636238
0.5010215478127088
0.5918144751700152
0.6627310471857714
0.6879914598521978
0.6491925739493833
0.5223402434094345
0.28895842917946
0.09605064016659527
0.03410636554708632
0.05789283217015689
0.04870169374761361
0.03561965040500049
0.03554608572713376
0.03508943529162538
0.04644404379379648
0.11281842870167731
0.22130063526751853
0.3444793269447367
0.46478064873125025
0.5802214053437157
0.676637157274249
0.7564747488685336
0.8114815146024984
0.8409984573569091
0.8437255884425251
0.799932700267907
0.6667033680771862
0.45229031157965194
0.20928520169155423
0.06383592530459084
0.026983601405257428
0.03621491714251488
0.037767801157901425
0.049620005690644675
0.07328434911059843
0.09113015750951119
0.13384692239739085
0.20161418662487304
0.29495435474475734
0.3836870492270466
0.4805559122761327
0.5637339165580134
0.6579851823368236
0.7364840178606403
0.7490465335615802
0.633207359170627
0.41454326542645387
0.20357823178877496
0.08363001122218014
0.05204885753976332
0.04812995970720384
0.05156152937996281
0.06458778615499598
0.06827841838465595
0.07937384414562265
0.1287187711709976
0.23436077078866563
0.3673931637548821
0.4903600780194861
0.5495533547699252
0.6161554815431654
0.6968258835711642
0.7988197357341748
0.8317484780485812
0.8219408196044623
0.7313925019302127
0.5536646688411297
0.2892858120722583
0.08861260360754578
0.02431954817124076
0.04622449861253124
0.0407240130048099
0.035269710699004274
0.051525449976907924
0.06913798073576338
0.07920384058715704
0.10719552930185289
0.16922649068419604
0.24916054121010328
0.32866022094667774
0.42155134177875925
0.48417123520178934
0.5642572842902959
0.6411884365348774
0.6972171802906417
0.6356708769501149
0.47056738651015
0.23958920147957125
0.07952918583964255
0.03114387170607926
0.04168250321727509
0.040421090702141775
0.030706500741723798
0.02993443000332167
0.04520277855472504
0.0825446368543843
0.14777938885919828
0.24490880284372737
0.3568949833787064
0.4533825142602301
0.5203973346293733
0.613920321090011
0.7157587176398403
0.7674495372845579
0.7134554083641187
0.5674976338045805
0.33626773822667666
0.14289843771406624
0.06405820762081624
0.057040651928016835
0.04672746656734215
0.03821135248030994
0.03470264358732414
0.04249663380133246
0.0854900189124743
0.1663359842753462
0.2572880880380436
0.337206094132376
0.4215342725460302
0.49662560898597496
0.5676843177555935
0.6473236502664922
0.7242739620115245
0.735859748067262
0.6646221393900873
0.5104612795312469
0.2809353229336552
0.10548315586722586
0.047171433488422544
0.05532334053895639
0.0485522433805067
0.04692743029076674
0.0517630828978871
0.04939140813532703
0.044632502552768974
0.08454528045756556
0.18055677088325692
0.31569196264017163
0.43601902201956694
0.5343304023265033
0.5924336260134114
0.6407034945401301
0.6635950089724261
0.6503099725714323
0.5391192832064571
0.3105269845143722
0.10664750951174433
0.03530458118766453
0.06110466222257778
0.057784509818765734
0.04441729986228465
0.033677271704454115
0.027735987985499474
0.034082242134556226
0.029693670612501437
0.05607563486897584
0.142783835469635
0.28289632195454756
0.42193004233916853
0.555207890418988
0.6542600586390108
0.717537061322642
0.7598866460927648
0.7890257212961375
0.7703696822071389
0.6914794606930696
0.5428842945625797
0.28718188339563894
0.07847476015418713
0.005419500660638334
0.03601550062349172
0.035776342934975496
0.03565357234510724
0.04754166685763324
0.05816836809851183
0.06049191884538359
0.08199260329024846
0.1440099197366829
0.23507967691172402
0.3280371887352396
0.411381720012068
0.49000555712923366
0.5602200295991847
0.6298862540946756
0.6896069676258726
0.7462909271737856
0.7606062219186122
0.7187601923189096
0.5988215739950882
0.43452006510052193
0.23136739495186223
0.0942153340478704
0.034054059098563925
0.041768218800352745
0.0357252731461324
0.03988372727927492
0.05174698577686058
0.06207276525232951
0.08814544247515593
0.15432050628878247
0.2477451212543274
0.3177728471330789
0.38619223134192493
0.46992527468165024
0.5427543953767974
0.5954222979484072
0.6476808652336736
0.7181084425517013
0.7596838882053514
0.7323673887457284
0.611217473245113
0.385579526958779
0.1786083253456709
0.0693133694530076
0.06191698572691274
0.05859392462886114
0.06193522203321096
0.06387321297004937
0.07041588976538853
0.08784705346540884
0.14113643232169196
0.226301024029216
0.3223427305086276
0.4018906585519205
0.4755375098842377
0.547738041560123
0.6186965572815325
0.678993199986481
0.7314069309475599
0.7665901647065213
0.7516829983341079
0.6647921256180354
0.49670078502832754
0.26795145657530767
0.09191916965921795
0.03347479223827068
0.042733725785050816
0.03617842131781193
0.03289116628330819
0.03658078971807957
0.04917874991290084
0.08184180617200157
0.16178171114442289
0.25669389317007535
0.3442738359771753
0.4106620313199563
0.47810994669800533
0.5398772251290134
0.5908740236711295
0.639035159066404
0.6820454588824281
0.6985911781191463
0.6553413832722846
0.5450332919799799
0.34236764335275593
0.1424519435149094
0.04789412557340209
0.04280926230578306
0.04673397339692087
0.04539777644140821
0.048260065658408534
0.03907905408704142
0.03186854659230282
0.033169131960415224
0.06412215585035377
0.14316031857111222
0.2536058093774334
0.3463004131298885
0.4251431255063722
0.4965440416803002
0.5656940195447268
0.6200277407073708
0.6742804296722723
0.6896091395527073
0.6272096764751769
0.4263112139881942
0.18724869284783716
0.04060310473081301
0.027797937997132562
0.0422449932264439
0.03679027022908567
0.03267480994181408
0.02695794085716233
0.03044933325689588
0.04330779910775837
0.07860852878111838
0.14170803368358073
0.24699034179974427
0.3558997557563467
0.4566820492925494
0.5325492593786738
0.5960233237760051
0.6219022965198612
0.6096268635297967
0.544376464997017
0.4383810371885822
0.24901337114023817
0.09500940388349144
0.02709217476206545
0.04177080698859368
0.03105944073188942
0.026983444610900822
0.02816564212838027
0.043991606179545756
0.05603223868666545
0.06506917256717715
0.07279388946752141
0.13918272142390098
0.2496762532497148
0.39376945316919815
0.5161896029440123
0.6045454579873141
0.6752018341321058
0.7559603668742855
0.8337282091785315
0.8552642354231244
0.8047149001503623
0.6705683608110276
0.4469787704115268
0.20354739562686547
0.0611068949649537
0.02631793543913244
0.032581202073165456
0.025342886286394993
0.04355878401231365
0.059001743413824435
0.08001117968086266
0.08308938548631772
0.1157844936692925
0.18231490857436145
0.2940191597619808
0.40567698323541673
0.5168245733835609
0.6019131600312483
0.6648003600750692
0.7085173035889525
0.7612368913995562
0.7805211950830203
0.709253291257103
0.5230855982331055
0.2569414200345117
0.0765509403553924
0.017284039561429283
0.0381378326672589
0.04142205546412289
0.05042846116585551
0.04569677137862872
0.030178998867044098
0.031089261706540076
0.031570946587019366
0.08259911543229911
0.1804035798461038
0.3036195882284182
0.4001952031463193
0.49028829125795864
0.5638400943895308
0.6309796013173428
0.6709113439101803
0.6594414888341879
0.5447504220387666
0.3051641648974846
0.10010131288373782
0.02411275641738942
0.05065325883678897
0.04531948897409225
0.04613106211358944
0.041788898773321224
0.03537090557782146
0.035743721841840714
0.04637979707711783
0.05864310859553012
0.10456014208690306
0.2093307396693201
0.3376883042538182
0.46260983157864327
0.5611541874675862
0.6064160604388369
0.6529638936059269
0.6998788955794344
0.7052081762441408
0.5900716650750973
0.3661565199256558
0.15776097587217564
0.0575752477307249
0.05680813103073715
0.043061203711881255
0.03872047495584901
0.03691362263960513
0.03993228929645576
0.052625820650613886
0.054691572963562925
0.06799272935988376
0.12238023889651602
0.23776236780556553
0.3640635359812282
0.48747798929373004
0.5666218690466029
0.6268993388890028
0.690471065562031
0.7420649192394727
0.7298220881060069
0.6107299152845597
0.37564103805566657
0.14285709730711801
0.03343683473211001
0.03497469775018737
0.051233164561943455
0.056754462748953384
0.04985551861734257
0.03639178611475482
0.025320522748472005
0.04138698432102567
0.07961495200802958
0.15997525522329115
0.25377309559200334
0.36406712562096816
0.4636979463033189
0.5514107431095141
0.6164750861248206
0.6818934617926583
0.7263595131799151
0.7060695072020241
0.574799712179879
0.34344460110547154
0.1332965422197246
0.03899599149822066
0.03986851092085833
0.04407658820188749
0.039623325274211744
0.04102398966634226
0.04444402772451668
0.06588543694992363
0.09900277058357276
0.1663792680984114
0.25810559735285127
0.36663222331887646
0.477366351544049
0.5646791856473998
0.6301366389151932
0.6881728925599239
0.7342514815005073
0.7272030953811917
0.6018830186779397
0.3507749217430533
0.11905095209249413
0.030803758482377017
0.04398893761053177
0.04553825151894344
0.04412737725698341
0.04324388747741454
0.042588021774085494
0.03557560290505674
0.03907258587481947
0.08648342839630148
0.17699945034454523
0.2883488526158318
0.395693602268196
0.5162774886821412
0.5738757349887423
0.6173925495105647
0.6561681562212218
0.6817726543319347
0.6004931182490292
0.4134314768300062
0.20178108561245506
0.07862775744318422
0.05482316949091524
0.05743752501802142
0.048872537556382274
0.04645847029660614
0.04898961435815538
0.06707431449537468
0.10478045339961031
0.17449784482713718
0.26303288490497595
0.3521652665132809
0.44816275398251204
0.5190593532296767
0.5165941759024903
0.5532684594587144
0.6443040604775843
0.7233859966970192
0.6774053625176555
0.5504565823422818
0.305365866193964
0.11415305918460174
0.03624667918510012
0.051785347784742385
0.043040517269139544
0.04729114056566594
0.04957414377558464
0.03992281728059743
0.051663128426914486
0.07304805114455143
0.09353409306131344
0.10995278014333439
0.17270358712856032
0.27932801376148414
0.3993966056587951
0.5233118000426298
0.5402581538193956
0.59062308588316
0.6679741769080564
0.7941215865945944
0.815532972601653
0.7830694093349843
0.6429829204479435
0.39336432561043544
0.16775813109246818
0.04689986436230645
0.03534802542384583
0.03824302272808716
0.041779821356409126
0.04327368178328458
0.04143863580558197
0.04446213377000923
0.042755721111751875
0.06035531026796678
0.11946406074886852
0.21977457688974283
0.33749706708807053
0.44649864794237953
0.5512478705528645
0.5782503044943906
0.614607395909672
0.6457230384885663
0.6351363012268192
0.40407950549045846
0.16696500798788588
0.05595428498831503
0.08274652041529997
0.07687799023239639
0.05867848952806145
0.04646305287036668
0.0458185973732173
0.0544309783531556
0.08026513199518491
0.10568756523448301
0.15286903043201408
0.24477575104756077
0.3665215965268885
0.498086388184733
0.5578487995011143
0.5521439036980589
0.5845589655348261
0.7159022255571251
0.8274268725683686
0.8505360282749053
0.789469928064189
0.6293622564732282
0.3691586092760909
0.1452457178756226
0.03747951631992092
0.032163623269789415
0.03966004160660595
0.03678676925509828
0.042178436534710914
0.06257548841866052
0.08960377894709283
0.09821664915464393
0.12881160737307165
0.20781244723229195
0.32754649441993633
0.4461720877004332
0.5471860574389876
0.609334881722523
0.6818413225287322
0.7480909751256317
0.7738759608137067
0.6874090767029027
0.49658078416661433
0.24925046443511667
0.09209418365604573
0.05744779525092413
0.07029770657645015
0.05993289483729921
0.04621071175241042
0.043787090936409846
0.05479944255036694
0.07351581852373655
0.08028894404956641
0.12067397186796965
0.2120168921696143
0.3390806888398514
0.4520240115011136
0.511141339857601
0.5699385849202953
0.6470037851516554
0.7214529380618384
0.6958470829045118
0.5663670521835096
0.31798788383914967
0.11039036282882302
0.032334807997715445
0.05773388419341233
0.059006605833233076
0.0481824591530126
0.03499362516276799
