0.08695652173913289
0.1818181818181848
0.1818181818181848
0.1818181818181848
0.08695652173913289
0.4000000000000037
0.4000000000000069
0.666666666666675
0.5263157894736846
0.5263157894736917
0.2857142857142918
0.8235294117647152
0.6666666666666672
0.5263157894736917
0.8235294117647152
0.4000000000000069
0.6666666666666672
0.8235294117647152
0.4000000000000069
0.4000000000000069
0.5263157894736846
0.5263157894736917
0.5263157894736917
0.5263157894736917
0.8235294117647152
0.4000000000000005
0.5263157894736917
0.5263157894736917
0.5263157894736917
0.5263157894736917
0.4000000000000005
0.6666666666666672
0.4000000000000133
0.6666666666666672
1.0
0.5263157894736917
0.5263157894736917
0.6666666666666827
0.2857142857142804
0.5263157894736917
0.2857142857142918
0.4000000000000005
0.6666666666666827
1.0
0.0
0.5263157894737059
0.5263157894736917
0.3999999999999877
0.4000000000000133
0.4000000000000133
0.0869565217391162
0.4000000000000133
0.4000000000000133
0.3999999999999877
0.4000000000000133
0.5263157894736917
0.2857142857142804
0.6666666666666987
0.2857142857142804
0.4000000000000133
0.5263157894736917
0.2857142857142804
0.5263157894736917
0.4000000000000133
0.5263157894736917
0.2857142857142804
0.08695652173913537
0.1818181818181823
0.2857142857142804
0.18181818181820325
0.1818181818181823
0.5263157894736917
0.0869565217391162
0.18181818181820325
0.3999999999999877
0.1818181818181823
0.4000000000000133
0.2857142857142804
0.4000000000000133
0.2857142857143035
0.3999999999999877
0.08695652173913537
0.2857142857142804
0.18181818181820325
0.2857142857142804
0.4000000000000133
