-0.016851012562321844
-0.0035762135944333077
0.002416487943176061
-0.0015083917973331695
-0.006833665206489757
-0.004291927880607598
0.0024476422739151023
0.005540297565282902
0.004767504743313486
0.003228141999237937
-0.000949755399654329
-0.0014672152712713557
-0.0028446016067440213
-0.0010387754848672484
-0.00011788206573294493
0.005035859157150967
0.0006864334698551254
0.0014406034523165082
-0.0012401403873331428
-0.0017866729850201566
-0.012171528631130354
-0.01137530796574402
-0.011446590072437757
0.0005838223957231605
-0.0011556027826698106
0.005305081646809316
-0.004175161535100038
0.013599738078131527
0.005172752643605809
-0.04304400412782572
-0.03310594752317761
0.08688484293138299
0.2559181060096114
0.32859561756046207
0.40115790636423054
0.4430501674856311
0.36091752448170367
0.26795110686938944
0.18334605121566327
0.1720509572371748
0.10958832448050058
0.060681097993207915
-0.029857768011475567
-0.11041406092202155
-0.1702958514324919
-0.19027453216484602
-0.1331946940367752
-0.046588570956706564
0.028409758733681602
0.08451903886573897
0.1038106879740022
0.1222136808604322
0.1407996171816675
0.13363888297797616
0.06915943394652291
-0.003580742478072012
-0.16227333434286614
-0.36818149091222463
-0.7796497080717887
-0.7629862098559366
-0.4388063432404755
-0.04725597060174265
-0.07271109484754373
-0.04439725888351896
0.007704463681920699
0.03814383374171295
0.030734274491149367
0.01973682885864041
0.04008203071377176
0.7714393342119952
1.0
0.5128001003219038
-0.15147664591559257
0.114729269082554
0.2658340230838557
0.16112231311088954
0.05559473279477142
0.043472347882347356
0.03956365012377407
0.03423092730590451
0.008155842057972786
-0.014479270224634971
-0.02162683449350742
-0.0022980997837283483
-0.007093163240116606
-0.025191198589748595
-0.04361923990744047
-0.04631869065864537
-0.05698784578105758
-0.09123585004311234
-0.17438978877138583
-0.3766432049465932
-0.7773818606083075
-0.764245072527279
-0.4298277921516375
-0.03354188945095394
-0.023469145516395812
0.0014250276550390728
-0.009490953143344596
-0.014564163738757066
0.008676001162907534
0.005477014413312885
0.010761380869101484
0.0056415799199869675
0.04104940950129392
0.8419361121456389
0.7954348295862088
0.45158763437371036
-0.0784394865888917
0.32136224615377695
0.20055819043106585
0.1277618714001139
0.05751051752939089
0.033943521945998145
0.025553552776543045
0.00018392939316835995
0.004049086360156732
-0.003069751537586251
-0.008017415600250825
-0.03247986048086786
-0.009604627389277306
-0.009258393559565306
-0.024912791443471572
-0.09679266764801013
-0.1349853772480751
-0.25049667260501224
-0.4982793939109968
-0.8013623488412435
-0.6452003897732782
-0.2867876507902013
-0.005126317420709846
-0.017287129419668968
-0.00010975804513927921
-0.02108753886930096
-0.0148860271810282
0.013804216217865633
0.023236485359222018
0.0173761464302983
0.020478139586089156
0.025042387510517152
0.0349695529244747
0.012632051776533747
0.17177072693548937
0.4318822837045876
0.5961623079292355
0.4938975238554306
0.3417646418224045
0.19636826796114115
0.11204368134724138
0.06697476769915563
0.06215323057226752
0.036791583216750974
0.023316026334192358
0.005749668748140612
0.000419427915376697
-0.006768164343250929
-0.004464227593448011
-0.006073235755921778
-0.007577328391127573
-0.05491699362303233
-0.05980157818285176
-0.07869556805228259
-0.22145277627582477
-0.5006080693874382
-0.7500961709248388
-0.6039561943657263
-0.2745685878628316
-0.03178241702006236
-0.054924200611641286
-0.035690911736489334
-0.009324817184915358
0.02241514692192531
0.0025767292559223266
0.004779294581418643
0.017003786205289154
0.05275518978493123
0.01644256657266365
0.1719089105853775
0.5382909650231326
0.6281540330932096
0.505774292488477
0.31778253275531615
0.23989668504333134
0.08476338858014879
0.0459124730518847
0.039900464750181025
0.002791755408831321
0.04410552669361547
0.028799147434788792
0.017935439093763245
-0.0007286085170154644
0.01603620995611388
0.0005475200766575334
-0.017844414083243988
0.014977814984618684
0.0059750434627510625
-0.0188701758371469
-0.022532779650215662
-0.009285223133777937
-0.02851310190237483
-0.05923973938571859
-0.26762483679984295
-0.5278958009349023
-0.8459865046129542
-0.6677960017490393
-0.32214593288519316
0.03425553988345712
-0.016236375371333833
-0.03418205016213327
-0.0002705012150395004
0.08706165499982264
0.07883534763937293
-0.012317551997597853
-0.047918130773210464
-0.03698171561269172
0.0013615733048166793
-0.014336508108914587
0.0399678602319538
0.002264870839509277
0.08093065004297217
0.8490420662601424
0.7587554885945628
0.3960436378878167
-0.03596662684859306
0.34183931617926044
0.10380281656004832
0.07233427386611588
0.042283635199935964
0.03275043842802843
0.0030974731909529547
-0.0004401941239873431
0.0005001389947111445
-0.004910953441357264
-0.0003308057419622214
-0.019829496798445433
-0.002959666468856508
0.003408614710562211
0.008154360539613511
-0.00822075156553799
-0.011060840509299223
-0.030400907049881232
-0.042734214202504665
-0.061838212287564726
-0.18768434663002007
-0.39664291705530796
-0.7817861367047565
-0.7213607089883524
-0.4185593863087371
-0.027240615807363092
-0.019991062119222493
-0.02636648602589868
-0.010273365982448233
0.004072575756440991
0.023190787418737657
-0.015202220642966058
0.017790922274008296
0.03348380151419922
0.05290568583842654
-0.02213359481135064
0.023904065024854367
0.828478407751347
0.8299404964758356
0.4669521952121408
0.007863330969047094
0.3165187831051913
0.11722083610279818
0.0425355101250665
0.054536962890722226
0.013697118485690255
0.02903233617110444
0.02337241313477028
0.03203020538368475
-0.022760060764015443
-0.0028276632033980564
-0.0041652686506636945
-0.01428982289152891
-0.054600239305081726
-0.08009404178152242
-0.10052977411951236
-0.3427007170458807
-0.5449332495310475
-0.8438099885101864
-0.5843479480621437
-0.2736281091260144
0.06017370469363101
-0.05090291853163467
-0.024420402396597537
-0.0007489241484375282
0.01232347598338997
0.022063666995721903
0.01142180775177713
0.01204044643706328
0.014454445647618996
0.04134619342212272
0.04562440627226372
-0.02006119487535168
0.18612161983652428
0.44887891215954007
0.6254837699354786
0.5040752220145951
0.3808369652933809
0.20461258146596864
0.10593227528133697
0.07350020878480858
0.045743855960592425
0.003772309114208852
0.015099780605383237
0.025896695788385278
0.02449753377893227
0.0013449655586832232
0.005316524775905048
0.0037880411577466844
-0.03160911052472095
-0.05099796538792036
-0.1653965617065291
-0.566395758509846
-0.9522605693910133
-0.744717415077132
-0.2387435238334384
0.016381503800257876
-0.025590202802935027
0.0013440026809054871
0.0025873852455160027
0.030377557054539407
0.016962022658159843
0.0015794562039951649
-0.027539503572154338
-0.0011376767836288636
0.05092882804805469
0.026584209373915188
0.07278098225046935
0.2574425481424222
0.5739552739198067
0.5507274249850256
0.4689963761636728
0.2980950503771451
0.22686893280652953
0.051369406325065765
0.020218368978818183
0.0010096908711011078
0.024693797457436554
0.02652579102199166
0.009639393824852849
-0.0046208539279650905
-0.0008232758248164797
-0.004525085165653102
-0.040451143748927706
-0.07782998630679407
-0.13474444773966818
-0.3347739850554703
-0.4567267487718902
-0.7079757239779287
-0.5660130156319487
-0.3130874682103963
0.031399165278166455
-0.02955485017845387
-0.0339877968866531
-0.013753130074035134
-0.006208758346165023
0.040828142366853996
0.015708994805994497
-0.015064369212799494
-0.04782409490691119
0.05693768656069825
0.06096019963836104
0.10669339857215829
0.5993761491398589
0.6506225370783943
0.511626570895709
0.21561844987641895
0.3016097500344408
0.10270493096354243
0.04358248637399012
0.0218768176559541
-0.010327205645190808
0.019884631123401445
0.0022238716442738306
-0.02380575282926111
-0.040278928313510536
-0.02532057266570793
-0.06431370368798135
-0.16059802632576206
-0.29536768855285916
-0.350773849716089
-0.3723699127699343
-0.46285377999906885
-0.4980300441038885
-0.32514123897682445
-0.04610142497687029
0.032440897306334156
-0.01007226209211197
-0.027987533248823263
0.0030490389057748683
0.0027979751843530626
-0.00767502551128932
0.00396876055733187
0.04488367943286138
0.061392148415464635
0.013275501375480753
0.0057737809646054225
0.26728948946978415
0.5598315611997609
0.6165194620132015
0.47243765326242465
0.3224393563503428
0.16937186281817856
0.052435316393834336
0.041456239864483935
0.019593687243624154
0.0036953369686696033
0.0003127126693333736
0.006620032854311628
0.008719063814786843
-0.014567580117627758
0.013452592330564192
-0.017730562442333956
-0.02153433793966249
-0.15175440114072442
-0.3456387348832618
-0.7847443170005772
-0.8183663613204605
-0.47911752271152747
-0.04616747571655449
-0.02226362750658507
-0.012043112069760291
0.03280139404643188
0.06326827411533996
0.038262868101050174
0.05279792527496332
0.02290892534648654
-0.04887488141519604
-0.056485925002453
-0.02031549413857591
0.013573330268981509
0.3630624080622469
0.6417799022134201
0.6677606110366441
0.40241041705218655
0.2787391531286878
0.12415336433832837
0.05896673994239078
0.05530860083724108
0.04506474338500814
0.025334515756860698
0.0021646016878350133
0.011222552536111631
0.0038757079264057576
0.005260985297448862
-0.01573489390390034
-0.044687103682129685
-0.09893566898313308
-0.20073232644298303
-0.3237108694214744
-0.5708961742514618
-0.7181541001322321
-0.5687683236622179
-0.19929359577272665
0.013926983990071258
0.009937857239088403
-0.023773727783977794
-0.022918424481845535
0.025271685471369505
0.05247862478601631
0.03673343233184002
0.027103312832777872
0.030734360973078325
-0.018724560121181105
-0.08737195066751678
0.022539435906840325
0.4244889757797169
0.6529125529931731
0.5801682054685823
0.32712855006195185
0.22172667290841694
0.14219090565682546
0.09005612232823193
0.06638804242014397
0.03544309302466265
0.03402425922137085
-0.0011713700074207963
-0.010320056203208102
-0.022232891218323163
0.007567600279011201
-0.01886495936775901
-0.03715206477752108
-0.09101273717568396
-0.2108011095742412
-0.35470813430424336
-0.5940484099629297
-0.6819709576469266
-0.5073081756280996
-0.14137290436328626
0.00347529266017058
0.04462248107253482
0.03208431786638068
0.03578171485475633
0.002714192887651246
0.008053372808586949
-0.02250704499875023
-0.0231824461958388
0.0068407829078726175
0.02296503531772501
-0.010863404405299478
-0.06527718618182
0.48312014616165605
0.638135523027778
0.5002274643702702
0.2021593907134337
0.3413877584486369
0.20103822298783952
0.06932349516206703
0.05686370689931086
0.05583117326162242
0.04411430788239438
0.025459435697715648
0.000851470361767065
0.0013528252688196952
-0.004202076170278973
0.006701243402698783
-0.013616741679115207
-0.01736959614382981
-0.039513818654145584
-0.08612669368562992
-0.2341552862016203
-0.38885503514649933
-0.670729450389075
-0.6809339576139494
-0.48162386328266943
0.13884680150360432
0.060529395019208454
-0.049635336679899875
-0.1364364427490621
0.21709947949810354
0.4875837695373494
0.18542830048411404
-0.30790220014712105
-0.13754080355693435
0.047269863117185285
-0.1466715570076694
-0.42811038230095483
0.1131454733185952
0.4128115992314218
0.6187206993874437
0.5290912153493534
0.4012778915600881
0.26358028203629064
0.14455650762701222
0.0765278634009334
0.07272614081562773
0.04714239908712908
0.001569987457045933
0.004464671624058712
-0.008158253646423017
-0.002758824246966471
-0.029654026330907083
-0.04385013443132481
-0.0969966375824018
-0.13527536228877163
-0.2568451046405084
-0.3571802335784309
-0.49372261572242787
-0.5733078255355548
-0.4978100786699672
-0.17877191774620213
-0.00807898865724758
0.011870315683348356
0.004420003344777908
0.03756392701826407
-0.005689283267158223
0.0215103466837542
0.0410911298958176
0.02235224868369062
0.016494649870845934
0.010865653055236802
0.09340272275487807
0.2739581764735748
0.49497909759210446
0.5304093527231427
0.41622724984441317
0.2782261399159308
0.15704864173229377
0.08396216959428365
0.03775271049504242
0.040503430718093016
0.021309887726638357
-0.005741712816805887
-0.009393382171017038
0.0009110095785583689
0.005932824932800179
-0.007908643311177372
-0.027680769621232698
-0.0350104480291384
-0.07983536443534778
-0.15600572377136085
-0.3241255713787066
-0.38462182074744333
-0.6011296649701137
-0.5589858733123207
-0.33707549096247025
-0.029430231177760974
0.001994818048133643
0.008716735583558522
0.01964525111793219
-0.020581349782704837
0.013757323699478234
0.013158540815664348
0.04167567167765647
0.006586306986346936
0.030541181343969253
-0.01802902017743869
0.09236585890945131
0.28424257890337656
0.5419278544931913
0.5662044901327216
0.46211161384987537
0.28641825689627365
0.15630616794825924
0.04432052838173922
0.034927842694439305
0.020442113640293726
0.005444811119752717
-0.010919239059266108
0.011293945056944794
-0.010366136740500733
-0.022945016598633353
-0.038051014770046916
-0.04002021310793139
-0.10905907638202192
-0.13301455276361024
-0.17822806060842983
-0.24589716990018046
-0.39033934356808003
-0.6128219256112245
-0.5525850697242843
-0.30102870575463747
-0.008341154045653288
0.01711804124265032
0.031691327817435014
-0.0030652086038636425
-0.0004246810116066395
0.029070927376995008
0.041280371280590575
0.009084436888347874
-0.012263055856917103
-0.011166208913134001
-0.031652859788447195
0.039422008473345004
0.3912454061329347
0.5661914346014443
0.5055615071019847
0.28396231284030454
0.27757625533724817
0.20930754565885828
0.16153991678791613
0.07662927122980498
0.03644920111144973
0.02205506422549327
0.014936325124881139
0.011643254882213763
0.009567982360643082
0.004094408772616152
-0.010555299938398195
-0.005582568291392937
-0.012697882257360509
-0.03226480100158441
-0.1066680237864075
-0.2682666011425889
-0.35305861916159087
-0.6689704235739379
-0.6648315420596203
-0.4679245174705595
-0.07235774354728393
-0.04493849481877491
-0.012979679831127373
-0.02206505380987728
-0.008335652217905642
0.021781203591313678
0.01867797498457519
0.014725096959391957
0.03255051695565832
0.027392465088047994
0.005679210408818295
0.008687394994543388
0.1689186392022886
0.42233484189781245
0.5423619559374413
0.4736368849331271
0.3494624896856672
0.25359510513159955
0.1363504533373412
0.06396075743581842
0.039922683960797685
0.02658364961899313
0.019163635559916622
0.008195617102403388
0.0042084011790730425
-0.0043572274238394045
-0.0016538897486558135
-0.01735592994686439
-0.03989671686178902
-0.0927529558708867
-0.14286552510438716
-0.2263570762579133
-0.28487573190450416
-0.49527566782644294
-0.6365481549698686
-0.4968730335761582
-0.164454211358164
-0.004815003002187233
-0.025847699082931632
0.006833117911220638
0.05003964877507864
0.06409951653041088
6.613493427239132e-05
-0.00020801163457275507
-0.0012004541663660569
0.02446156412928845
-0.03715899992700997
-0.0031550325953366505
0.20657605953492436
0.518688072102416
0.5611330459492694
0.4293069176100662
0.2879251283813192
0.21949440212616422
0.11241604229800757
0.052993050591200165
0.04295879453447388
0.03656796625447816
0.025212124499935002
-0.0022459584473512005
-0.006285837176492987
-0.010700641446712329
0.004980538925408952
0.006303098547866126
-0.07358055855388589
-0.14672828423810222
-0.2523820805486226
-0.33699349335724954
-0.5059063611064
-0.5944984605986953
-0.4592712817379824
-0.18407121006622038
-0.007014513800142336
-0.021199228640828894
-0.012491467775199022
0.0174804937734519
0.03944269380340086
0.03796040266360609
-0.0012703219380895158
0.03200639265887484
0.037170840145532485
0.04063624673341058
-0.04204907161377298
-0.007573069921260372
0.25870124872246647
0.5557530003849788
0.5775284018617498
0.37437923770735904
0.2455632927713162
0.19819412138314935
0.14078003883910678
0.0559377238178657
0.024886152458722704
-0.00021449183912099668
0.006728106834943351
0.0010301153425412556
0.015063146897966718
-0.0016142612460985494
-0.013291334460196308
-0.006801094429304007
-0.003907756954693234
-0.015940751027631452
-0.07140699449378739
-0.17190202809549482
-0.3035163815300745
-0.44915405178199014
-0.6334537917720688
-0.5766599112055425
-0.2951788751963074
-0.0029661256919585534
0.024455806379895775
0.022673228986661752
0.04159565510585025
0.04008512145305438
0.0025333115572058976
-0.017349355989595985
0.018544459354619954
0.01765226248034958
-0.010720407847529352
-0.0385359235746269
0.21901431818153627
0.513237196390209
0.6402129397900133
0.4738858602090197
0.34422706016710447
0.1551575412543254
0.0736483773176109
0.050820996074373265
0.09460736322446624
0.051305234474624345
0.022926281308877704
-0.0032163623274403187
-0.001226688397360844
-0.01746005665107749
-0.03172160330500506
-0.028336428436149908
-0.025057607291766062
-0.05959022344338757
-0.07532417359001202
-0.08736798130605784
-0.10123129541860106
-0.1885264373573799
-0.275401162381063
-0.46161516399925745
-0.6685344163608461
-0.48795381108255176
-0.17788665911909005
0.0271458901950917
-0.01614507361170096
0.07648136461818529
0.10050700867963507
0.0696021928021921
-0.00337099218121343
-0.06590781279303894
-0.03748477319880159
-0.0002322976209572317
-0.004217419265987659
-0.02076423076523651
-0.0022836135658317307
0.02836834669627289
-0.015601637920985342
0.025120897807116273
0.0038131037917401387
0.013534345464166691
-0.07126660637550432
-0.03755682381879146
-0.10408598703465734
-0.014383365826724418
0.23797112122868708
0.5481765054441496
0.5809153837820296
0.3761964131887455
0.2058699129829504
0.14834158595754718
0.15395280937615127
0.12180149710681058
0.08710705646696548
0.05915621195212593
0.025963528951814096
-0.0063238289583968915
-0.009205361038501862
0.005087854802192522
0.009026684273576491
0.006983400371779926
-0.002214291903408874
-0.0333538953264343
-0.061812694389466294
-0.1406707349595102
-0.23751650358911164
-0.44342100162070636
-0.6578788449320891
-0.5930034740674448
-0.293706898717004
-0.033732768924557954
-0.014537524815315367
0.006115778885400137
-0.008130132461408706
0.014208262035307014
0.03561536448519481
0.03605412734691429
0.00976584931818599
-0.01103034364931562
-0.0040507245803445
0.016062274616143287
0.060878152194330855
-0.0035567759574979506
-0.011916923922047783
0.2171095113923375
0.5491203191546052
0.569246926289027
0.4121684046113518
0.2728060151201478
0.17457032374432319
0.06914944456341061
0.03340481467818474
0.035180565738008665
0.021547426555536042
-0.0021833832115415314
-0.02106146587735124
0.0010185734272236144
0.0166441336021562
0.010324088260083051
-0.025076573757977314
-0.04340320513814583
-0.12222071856905786
-0.22566233479793085
-0.4333424535572266
-0.5962288222512729
-0.606537559540899
-0.3415917242971537
-0.10121999152433331
-0.0011165385353759474
-0.0012125847922949931
0.004598614742603994
-0.0025726963392594428
-0.022634926731611063
-0.017781342076158804
0.041242390272289285
0.05337337757751229
0.029127390541753617
-0.02122998323081868
0.023667904192782075
0.21267884745197943
0.4476939138171048
0.5555193814041405
0.42394792276466287
0.2854620779844162
0.17363787626645583
0.10631739508407918
0.07109913489852535
0.06493047689554977
0.07219197858445282
0.03963557850807392
0.01747566427924414
-0.019557508493338673
-0.01663751177448211
0.003118014282940843
0.021021328181108315
-0.034204271199574546
-0.09356489522348009
-0.18355430375461482
-0.2876096445323367
-0.5335508202405342
-0.7203398486085453
-0.5342842707581659
-0.1734485614829338
0.03572629909114848
-0.0036222232284511277
0.00983348567801544
0.007560627716675631
0.016773190216628174
0.0012490805773239038
0.0020014525831580712
-0.007532435862986765
-0.013225289783124934
0.011567702938426992
0.013730206900282363
0.10931008863457123
0.2962669119481791
0.4769824604879716
0.4974807206393166
0.35728604576527495
0.22964111591312766
0.11563170159341818
0.11821067537409129
0.07329125290791581
0.08506390574770138
0.060964644452595335
0.05140818983660214
0.026842890718783034
0.009470655385916694
-0.006611656853946532
-0.00367049307358616
0.003076050398300241
-0.00016432578164623956
-0.003363201587670012
-0.06313304357471346
-0.154593108468266
-0.2942617322552464
-0.4582688624348285
-0.7418578989379814
-0.6027814957361647
-0.27092880163358823
0.012556308203198764
-0.03242420769310785
-0.003629692762675929
0.03500834358772803
0.03204038168189749
0.04367604734116922
-0.004808615042743591
-0.0022857442730771517
-0.027545237928720857
0.03580001154824701
0.02258103144548798
0.07640629991416274
0.2733075965647309
0.5075822128523394
0.5205199533258168
0.394635910678953
0.28081470723330426
0.2137143819062456
0.10437411590711851
0.03157339798549575
0.00301162333172244
0.012850449391482936
0.018569959628817505
-0.0036458821255206104
0.006222598498216153
-0.010534303033767728
-0.024720186551159935
-0.007401526621754765
-0.02625350233748678
-0.025089552870596527
-0.0886142992345844
-0.21315465430990424
-0.39613550686530113
-0.5922400253417881
-0.6397693733951907
-0.4247822589900243
-0.10584887949920332
0.015426789894224755
-0.0014606370065892065
0.02177676081877055
0.030995590073870066
0.014878321668102991
0.02277768295730857
-0.0011216810094732909
-0.006217790235564151
0.012078102164542035
0.030817129577527143
0.015722524080508494
0.2159558577449855
0.43061259331956786
0.4712899617190203
0.34286293963024916
0.28687698489595925
0.24226023109328915
0.1471717403403046
0.09019190352618242
0.0646506085847891
0.08699577429877747
0.05085856972219498
0.009673405521438729
-0.026825599795310545
-0.03123877500219512
-0.023510832886222972
-0.02792351592668912
-0.0365684440446647
-0.10688516305006836
-0.14063123508191316
-0.19432938314212872
-0.28490887664946535
-0.41195592477136894
-0.6025389889060837
-0.4543064013224874
-0.19780265294832272
0.0446230861355575
-0.027501028759688156
-0.0070773970206280705
-0.01206089990601721
-0.003630149109591489
0.009100560800409442
0.03331431235691312
0.00908346613684258
0.011834772810030897
0.051860536382013454
0.16594087974422145
0.306913919569969
0.425515725911554
0.45937549751451046
0.3578769157923554
0.23517503707860457
0.13644915808200037
0.09899663435209688
0.05941837933167062
0.02887662100888832
0.0014840443532047947
-0.02135115297380804
-0.024370762873816194
-0.020251601907729958
-0.015558548284470917
-0.022222545603868975
-0.0461581463542993
-0.06369694697872919
-0.10791560080452736
-0.14111908294666026
-0.28053504552940256
-0.5236282687313455
-0.5959846589457646
-0.3845474558058789
-0.12512382074381995
-0.029901191369429276
0.023003056551281664
0.010183059855676413
-0.030750349977208213
-0.038421574914093336
-0.015496387880446388
0.0049055633082949945
-0.014319096913134426
-0.004078069850848789
0.065591411711311
0.16363396559865595
0.25958419081615536
0.3439299787818289
0.3832683461478294
0.305720620739482
0.21132304855791925
0.1352740717361713
0.0696674215860704
0.05233789686817178
0.027195530297490392
0.01674046643285509
0.0003627517487981935
0.00429214995298146
-0.007249393676974677
-0.0061262164682323655
0.0026813778948917783
0.0020762116413798838
0.0022794418994646023
0.006418484606344108
-0.0021477072188760223
-0.02166146784738081
-0.07734703200602604
-0.2329996265381413
-0.5196622175341644
-0.5895045944488545
-0.4046584414994524
-0.11564900027464521
-0.01683715200278451
0.035068798306091824
0.01873883804437126
-0.010413844249074084
-0.014235956739022974
-0.0034088018759004628
0.02089741320069213
0.0130577158835639
0.014577391998443087
-0.030256565406641102
-0.018312152280211796
0.10986029181582306
0.3625223678427761
0.49473378140833946
0.5887768894683747
0.3067271095104626
0.08847749584441904
-0.03047451076420078
0.12321415734406527
0.07623892906498245
0.054599219726114936
0.043428477939421006
0.041389970563419136
0.028892638673413452
0.014179353682968411
0.018355043428488548
0.02256467744630813
0.015843651836232365
-0.008933073948516597
-0.0033857901453910755
-0.006246653114998308
-0.10409525572650317
-0.28917444719547797
-0.504151734323634
-0.7270448365005585
-0.5509483487431884
-0.20938817955870645
0.06659616018993754
0.01684003689693415
0.02207240956818589
0.006084363139016733
0.01130117429464013
0.0025492785575692194
0.00036023874366639016
0.025696967017092388
0.027606122976435513
-0.03674403736062077
0.04337498671379896
0.3311125982507872
0.5508010009368659
0.4934849780756065
0.3242514186614932
0.2511373665715351
0.16867946175742266
0.1279722484273437
0.06230962440174339
0.0412551186040498
0.003315506198374329
0.02162083655446858
0.02765155376107178
0.01691314323693392
0.0009378445003979887
-0.009104908140740994
-0.0014560546488168397
0.009967109870933489
-0.0032964009381603824
-0.035391571821643306
-0.07491336295405554
-0.16998574569701894
-0.3791098055657173
-0.6824335486484142
-0.7261545184054604
-0.4305904746725752
-0.06586634652908743
0.04265993404619668
0.015781204202167363
0.009096915688544212
-0.0006634294397914787
0.0082423414657716
0.005912693052805942
0.003801421286899929
-0.009432989168678404
0.014899711534200938
-0.007771849562148734
0.14113845732714528
0.3981772093184634
0.5422058464686863
0.3888447500824896
0.2280291074419429
0.17237525426665998
0.1323968453999907
0.08402195382633315
0.05549886667628343
0.0531579108538665
0.03487579075234339
0.031768235471653965
0.033080738925551315
0.013652735761588618
-0.0037107644103207948
-0.0031380243985989955
-0.0010986656421029673
0.0004822423990675157
-0.005014776137139246
0.002710617728743231
-0.024108615306185896
-0.06760454060453987
-0.1654325338768652
-0.35685559227118396
-0.5161925270744946
-0.6671850610281769
-0.4466120211822241
-0.2058614380906828
0.001624397873820779
-0.0645115225476062
-0.004876112156348244
0.024397876058870987
0.03976796442318052
0.00429542183970649
0.019605268272473733
0.04710190353467719
0.024825126022948327
0.16410689354595798
0.4203273717664731
0.5576027794505638
0.39785532235093923
0.2536659853424735
0.15654901747253258
0.1442274944798671
0.11522267807198579
0.08690902544502048
0.02576046272294991
0.010020374728487559
0.01424832136999033
0.029689586228352022
0.02560435066711542
-0.004009684300875556
-0.017916985244621923
-0.008078049085580907
0.004935253822655543
-0.047605480921219565
-0.08733348852505252
-0.17640749874801342
-0.30779164142462345
-0.4877028687172785
-0.6601685122926361
-0.4843100926092427
-0.17157126830431424
0.05213549512173442
0.007716071417220646
-0.014773944584794507
-0.0018364779890646264
-0.013291425713422091
0.02327289635445047
0.01088655748563479
0.03133153438221951
0.0247988200694156
-0.011771815389239096
0.017008321124278178
0.2092641935648093
0.4339686412912923
0.47012439986027066
0.353929013414373
0.2301920632267151
0.1367092557786636
0.12757836568444944
0.09282963208635873
0.08960520905516926
0.04293043347945994
0.039156488045268875
-0.0017249047720108688
0.023466874602610783
0.02800866058053404
0.01067002775258337
-0.029011068070935096
-0.05756080188649372
-0.07247611476129391
-0.12838625162394116
-0.24504066161723753
-0.35954849811621203
-0.5439163180378674
-0.5537803203278696
-0.34770157371282606
-0.050387290578120685
0.029007396997524148
0.007199817546513285
0.017923712259580327
0.016496667097664626
0.009142414796654027
-0.0006548105404234929
0.028744489761009663
0.03307888958091886
-0.00524901166521488
-0.05228718430467762
-0.03209257081758576
0.20934525501338255
0.461515050854925
0.5348496830395242
0.4014851681335924
0.2730941937705339
0.1849603186452596
0.1358169318314472
0.10389206793736307
0.032318784385904804
0.011301629626211961
0.013604093367949443
0.03350662141615357
0.009273382120632294
-0.017640022916074544
-0.031265293139189236
-0.016652663642662918
-0.0057600992976011185
-0.03615224216786589
-0.08450226813198579
-0.10426349624266164
-0.16500649884030555
-0.3327944401566919
-0.5158162313846865
-0.6005268450788662
-0.416827285147788
-0.16133290692626676
0.050120309637654
0.03238547292524373
0.001072582278444478
-0.03563008792741624
-0.004959748297143065
0.010139758415353754
0.013604820118793139
0.022611466949926613
0.05143031182222177
0.009671505287349409
-0.05136146961117517
0.1679961456062457
0.4630568384388592
0.5658121708514072
0.39575956079311636
0.28593816188215043
0.2157160293321534
0.11360513952929284
0.07945258964944339
0.048909572636287625
0.06648293424293816
0.02118390696142393
0.014938932730037217
-0.005849145671975692
0.009331142377574275
0.0037502088606962912
-0.003928473573794626
0.004403827204562337
-0.013999051381446281
-0.020001753036856116
-0.0554738404627654
-0.0997661140664523
-0.21409010523145167
-0.3341144583979088
-0.5543151816654599
-0.66995845397258
-0.45200312806481313
-0.12151484647522758
0.04463058664894163
0.015727560846802068
0.005122167013175977
-0.016783061382552134
-0.005551328407078836
0.006525645035903404
0.016910194858538927
0.015422802388182505
0.027961942791585814
0.0374327255691008
-0.019328148357627604
-0.003352063536499708
0.2422394442013134
0.5124544807882266
0.5155907856403846
0.3211426375554873
0.21916386394773424
0.1696656029928172
0.1368658165048126
0.10723384318164221
0.08466975770566808
0.03959035227647327
0.0185822710263985
0.03939884076765576
0.02037610070824561
0.01172981781589575
-0.011603592606150135
-0.008718004560695526
-0.012082964066434157
0.008314525882723698
-0.006388532865233806
-0.04813153204787583
-0.08040959324119898
-0.20688254936282344
-0.36801602941346656
-0.4832149313461588
-0.5958340515190828
-0.4955054786035023
-0.25662158848989763
0.00537375811647509
0.012389983269033957
0.011757271755949403
0.0037135070953405623
0.007149109729069192
0.0049710258687433555
0.0018418338499201611
0.010529124086110658
-0.008969855316977493
-0.01116215769428888
0.02736566894219116
0.23042810978799297
0.35651731637713735
0.4207250232273541
0.3612602269142384
0.2949830559831495
0.20006436161992439
0.15225549785897877
0.13473465368361467
0.09410462796956282
0.07761730464462238
0.05349563395766491
0.04212345403698697
0.032770160686544085
0.03105666878654567
-0.007364817423519626
-0.05084354494694224
-0.07689938878795131
-0.08424433088099192
-0.1609732120378435
-0.2724174920988291
-0.3737454936919357
-0.45472594497160873
-0.5245130661005013
-0.36146979102930316
-0.13027251293726255
0.002304983973104727
-0.004961589852556114
0.007584311096179683
0.005809253870100412
0.0051801638589612
0.01707566787086456
0.0024781132622707946
0.00993912733045746
0.01272072548772935
0.013987109556350609
0.03288210828072998
0.21338439054950517
0.36095711107717127
0.46005450497615047
0.3514754360171426
0.2602808218925098
0.14409412739670913
0.15317789752710495
0.11005480822638124
0.07206782547559833
0.030172948968773105
0.04484741711415859
0.059096462843425436
0.045032216750733704
0.02453826117693856
-0.003393677077608994
0.0015145090747991034
-0.016675658220996915
-0.00787951805526705
-0.02606193455387743
-0.03275415517828033
-0.09981511106448228
-0.16496152888451937
-0.2988099506473168
-0.4053542591223559
-0.6410924895547223
-0.5386063419948941
-0.26594318781858334
0.03149229111243771
0.01064367559078894
0.013890268222743198
0.007918005060489256
0.0017596785594731043
0.018955222598888467
0.015127648939909
0.02085544465724045
0.01921452914152106
0.038508252570002253
-0.024470111036797706
-0.027211549830482722
0.06346652195502547
0.3153530309808776
0.4019494641117146
0.3855212999188296
0.2561262405952675
0.20770936295928377
0.1291404282339291
0.10048462996964015
0.05993757271604147
0.047639615683103036
0.036423605979540995
0.031015435299171487
0.025648685895346503
0.011640529591418819
0.006979126442191852
-0.01197428768169098
-0.05985818609441267
-0.11488026765551618
-0.13757408151621012
-0.17120521144166445
-0.31982167178778276
-0.5103184182885209
-0.4722934284063609
-0.266235834875588
-0.06847678090885745
-0.03463583819426452
-0.0017343681769734559
-0.010724900773916645
0.00255965606047153
0.0024252373417492233
0.01605314859790751
-0.024340754019589125
0.005668886112780784
0.021477389563328047
0.06131986777063081
0.01748131739429589
0.008939683443790397
0.011072461067481701
0.17685940933802463
0.3558035995083486
0.44627044635222884
0.36579468218778227
0.2568924899597119
0.15000584355840102
0.11119216572131657
0.07156018422493368
0.056243741742024296
0.047681108171908904
0.05444180425462869
0.01979934045527531
-0.0019916228412258483
0.005800544342016755
0.0029105200961383293
-0.0033943317466942754
-0.01165442917548476
-0.02780037885040331
-0.08841366493239332
-0.12885484390611315
-0.22398149334569212
-0.3479658278530504
-0.5402610743801521
-0.4959259384575003
-0.306146385035525
-0.056058702110961284
-0.005591830446755996
0.0077675796182089816
0.0020554553596712584
0.021554801245961586
0.013617619597776603
0.013807637984406039
0.006950692343735081
0.018278716076283407
0.008021540026812038
-0.022716032020705584
-0.022897215135715774
0.05862840360578863
0.2958871044639571
0.427651066731816
0.4158369992619871
0.2811570308398105
0.20918918731245986
0.18218690651912284
0.14126245026727374
0.11026981393223757
0.02350774262734625
0.010284656866755539
-0.0015330981799261151
0.006063086240134307
0.0014749794523282345
0.009353470445184324
0.00803448843915088
-0.010420085447765202
-0.015592807128004052
-0.02577637323451602
-0.07363082662462148
-0.14292190726159879
-0.3033848482531288
-0.43316734265763635
-0.6077674749096418
-0.4491032125188476
-0.1929028329778034
0.04956304848427447
0.007032896164992588
0.015483910742783269
0.0016471476889870552
0.0008622968081935458
-0.0055921375190465614
-0.0029324937695305846
0.004288261536155804
0.011152422815637447
0.022404926421326913
0.011075272693920649
-0.008979620544449576
0.014239360131058663
0.22455485192902866
0.38033068095445566
0.4175025896673063
0.32697996162086534
0.2908503198230868
0.20819430613270484
0.16113083777071946
0.11769496439294941
0.07995212936133297
0.060731075231328153
0.023228298456161426
0.007084652898401844
-0.01243974271221712
-0.01593173287366698
-0.06835684664392107
-0.1124043640277549
-0.1739072673363312
-0.2490794457604504
-0.3378153055545904
-0.3869465482471587
-0.477987138096064
-0.39206420231745753
-0.1727551495152939
0.03467829134040056
0.03767958993266923
0.02356798437796566
0.022461536420341016
0.0015999498310998114
-0.009136730927317174
-0.01579315385338529
0.0015890504996024023
0.012448803467355395
0.025461399678342895
-0.004772667774054016
-0.03238814801896613
0.08090545951336331
0.33864896315271614
0.49444444102636936
0.420750491688964
0.28971247884300455
0.21225100630743038
0.211256462989907
0.1644399841569798
0.11690886665186756
0.038730045076453494
0.03208429993800746
0.004203287252644186
0.013729529302299863
0.009943037720548296
0.01573762297728146
-0.005930038470446485
-0.008558458696625897
-0.011906028761228198
-0.024601665108982394
-0.1448694071666957
-0.29114837139799254
-0.41082303869199593
-0.5544266937635318
-0.6080261082127024
-0.3909651549394373
-0.08055844227200497
0.02687238201364613
0.013509028027251714
0.015957876834587804
-0.008804006304134065
-0.013252331021411585
0.011062507670621894
0.02866878745548346
0.004319966385103928
-0.01265256599743072
-0.022297582011989944
-0.01041411167097493
0.011401694837949117
0.036053272554847034
0.1744757023250607
0.3569951686944874
0.46388372898051
0.39455326139835484
0.2863185959511614
0.21446843849012903
0.18411604430915296
0.14997053609243702
0.07852355621111534
0.06093335149487795
0.03998176697494837
0.031286886267724724
0.0013342731826631482
0.02195322687991112
0.020845199624537958
0.01786710534526362
-0.002625899454955408
-0.008063378256831184
0.010656041406332894
0.0036741261117423504
-0.00602818815739408
-0.03267447473139065
-0.05303824109316929
-0.12236536402483345
-0.3293139202167306
-0.5429399929308865
-0.7399598603663119
-0.5347614685747464
-0.24315290236860523
0.04194470965891686
-0.0026519139640461212
-0.014849459838725192
-0.008152233252743219
0.045199333125952916
0.03703025611499142
-0.0069977422694978125
-0.02746499281758157
-0.026400906226253337
0.018649378567846767
0.024446789812521103
0.022978084172037172
0.07460692458644345
0.2785791001465292
0.47637616361917706
0.4812222215458503
0.32690318117404404
0.16320297097232178
0.11356418566061419
0.08488682616793393
0.09722663486258942
0.10045148796403275
0.07904820742968308
0.016677812609459098
0.013142289081468148
-0.043680870072259494
-0.11114696816860713
-0.22766744184665652
-0.34385172709726514
-0.6651667210398171
-0.6586580279927785
-0.35029623304399066
0.019680863120258983
0.04944604988322789
0.024238692951421028
0.017281016062096675
0.01013647864256866
0.01349851015580723
0.011190746902136544
-0.00885407505467351
-0.020934471580163767
-0.032273535015631745
-0.017027794882867507
0.11920962327923891
0.3743237195418907
0.5127980913646577
0.4455745775785235
0.3213488981282361
0.2080234010871479
0.15430804665664308
0.12108467690985233
0.08742693012742311
0.06999036526148507
0.05286405980963143
0.0293320434707618
-0.010703095765829456
0.006792036787327357
0.011473224239561224
0.003183444585109007
-0.0209036207654606
-0.02989483489989336
-0.09835940023174636
-0.23147704953551
-0.4158922958978006
-0.635077411986124
-0.6587915575527171
-0.3957169241614736
-0.08132261724936586
0.003994883890940319
0.004007852742678297
0.019483434628236485
0.00557962562161357
-0.006644640043537543
0.01059151861818091
0.024517345436513235
-0.007122173042411894
-0.013065810605660038
0.007532878815630625
0.05733380993009068
