0.5965630114566285
0.7426035502958581
0.868778280542986
0.6813186813186816
0.7426035502958581
0.9302884615384609
0.8687782805429869
0.8141025641025633
0.4716599190283405
0.9640198511166255
0.48214285714285693
0.4716599190283405
0.5159651669085622
0.4930069930069934
0.4716599190283405
0.8986013986013973
0.9640198511166236
0.9640198511166274
0.8687782805429869
0.4517601043024766
0.3916083916083917
0.8406593406593398
0.9302884615384652
0.8986013986013973
1.0
0.19444444444444428
0.0
0.596563011456627
0.7889812889812883
0.7211538461538491
0.7889812889812883
0.35590465872156
