0.007952835163094765
0.0222124577423605
0.028366448280503175
0.029364970377256553
0.038789426615475464
0.0504926649225061
0.07131250692078395
0.0848476956016642
0.11224684507609513
0.16483920673491181
0.22890920791261118
0.27214152227740723
0.2930239810606834
0.30940753541415683
0.32558394839165267
0.3333147013481079
0.3330369787243714
0.3283640786832893
0.31980822546311655
0.30405181348359284
0.2919653026386678
0.27942300660475566
0.2649133402302438
0.21355524513014282
0.12961134226408055
0.03391099655918707
0.03051803198697441
0.028127090850637936
0.02976233149167913
0.03938391097887201
0.10349959145082223
0.12090570505208104
0.11360885525018162
0.12122364259535365
0.1330367858266979
0.13667280619710775
0.1186857589989948
0.14106440171029477
0.13117447763482465
0.21519948945868345
0.2017516557784777
0.2219561473109868
0.17178974264658584
0.2622886133382031
0.3612429012178186
0.3157623046154037
0.21087247997536004
0.09258629082919807
0.0968928396561971
0.07553886959770675
0.1675039064204207
0.2642144899776986
0.3421648315835955
0.3942374456753361
0.43249905210842005
0.46464479442545986
0.48691574081110445
0.5062290831280518
0.5377424779944362
0.5575970056817492
0.5548707592171704
0.557996252057627
0.582208936614992
0.6073071250291852
0.6270733904633987
0.6480524886546988
0.6648347416610976
0.6782359653288145
0.6867113499492632
0.7010986932103506
0.7098396941595696
0.7180739483035264
0.7195851199950036
0.729459694639364
0.7385172580835809
0.7471429556940341
0.7528284514961183
0.750373608860099
0.7274095178999354
0.6761209258484129
0.5910022526807539
0.4735018008534686
0.318630503434725
0.15945960931203776
0.0711661466554215
0.04449515265525553
0.04284262490519653
0.029237985898013324
0.028445169880697535
0.021362504694113316
0.020127885947543205
0.01746190410066948
0.015434461293851726
0.00995462591825255
0.011810334882325454
0.01057200708887703
0.015777031975703775
0.026547183176959168
0.03417335638416628
0.0458420805546882
0.06021179721222845
0.06804182418770463
0.06326911750955776
0.054828846694471405
0.04781329409150265
0.07572858318706481
0.15777405887576468
0.24185718648329782
0.2872762020427827
0.3065147453431681
0.32560905754885905
0.3553071366006159
0.397501958040673
0.44491423867448887
0.4865699302566138
0.524904775000097
0.551783556859778
0.5805750291367915
0.6106425890671445
0.6437995744177274
0.6744998364371022
0.7111540800494437
0.7446722708000255
0.7652132373388378
0.7816267845506558
0.7996135925578857
0.8162159773265869
0.8263400498540738
0.8377317276066595
0.8522758910305497
0.8643623355844856
0.8701474016343848
0.8683641305887427
0.8638130332760328
0.8617948301588316
0.8603677303391964
0.8555823390045348
0.854422017942085
0.8568531170715596
0.8575662762079164
0.857113187500097
0.857916483284387
0.8594287427890698
0.8580192740524737
0.8551201148614845
0.8448185530935152
0.8028331903455614
0.6760721884034019
0.48368644541638944
0.25867664165249304
0.12079534454783135
0.0676892433200886
0.07700879549694359
0.07169164696053315
0.07509275817775346
0.06953295316962847
0.06096646822347128
0.06092835905344373
0.06189660998259995
0.06372155338294186
0.06380507625057551
0.06217709733819283
0.06160145297477933
0.06390473497146414
0.05385803706894574
0.041355100849819866
0.037743289855474725
0.04624419673103593
0.04599679264171011
0.043018154110273675
0.0463889154154659
0.054691607870212704
0.06428351909114434
0.06045667509029601
0.05667710644074565
0.059170968398014945
0.07286171053592351
0.12736686111827877
0.21158010963215987
0.3147290924331634
0.39883970877918257
0.4787093613174832
0.5399876342540862
0.5773896893162772
0.607188168307178
0.6393623361440575
0.675013074598251
0.6949426555756502
0.7201958098882154
0.7443987689755536
0.770740919702525
0.7906979380135093
0.8159060541485366
0.8391452852429908
0.8607187480064674
0.8742242089190679
0.8809531074006243
0.8792683907543334
0.8819299004683202
0.8827592311386934
0.8900962577131538
0.885844276829121
0.8900465201804166
0.8928085691522408
0.9020174294508515
0.8972708852702572
0.8960843245556583
0.8925034110384794
0.8843681979267249
0.8757393480597829
0.8641980143717136
0.8307501653948197
0.776965239857874
0.685123331380167
0.5434667378689223
0.29797119945603984
0.1320662244869978
0.06997879665375771
0.08938453814304376
0.06939550678795715
0.07161984731723721
0.07186382225230126
0.06266453421603879
0.05861942941282554
0.05486161712846604
0.05442316160656404
0.0521517735899582
0.05548135783899253
0.053049945693995876
0.04734054868890285
0.041592061778137034
0.03911907948880869
0.03975229757001925
0.0406576319880885
0.04794906846368709
0.06189359780728425
0.06375808343573962
0.05862912432720388
0.05196316201932058
0.05007867029683728
0.05194856722015886
0.10507532119851266
0.19331702285787922
0.2826836813217525
0.3449297016435854
0.4075763859705539
0.4645704053836225
0.5211876480462748
0.5607396906973161
0.5906412291333104
0.5989875848165706
0.6110690084350499
0.6245272083323177
0.6509125540004387
0.6755399741960508
0.6996045008218748
0.7209854235139816
0.7332564461343263
0.7394215847489573
0.7444390917372237
0.7593622630470312
0.7711540447524865
0.7770847508006594
0.7807339521907048
0.7899182338528485
0.7975344511324021
0.7988749744122373
0.7983316046456607
0.7963575177195408
0.7936762389858433
0.7911141136748296
0.7898420112400195
0.7860211170336386
0.7777194792604618
0.7717496876335599
0.7611985287823889
0.7343354800762716
0.6678892714768706
0.5481815601606053
0.3800655305804812
0.20991209170645966
0.10036968575515477
0.06573877505115208
0.060007668582259296
0.05278751487003636
0.05221691823195468
0.057913466006097376
0.05948197775111864
0.05229540476497184
0.044273135765807846
0.041804272966642964
0.04174774510353528
0.04577414295911041
0.044279891860264424
0.04304321143739911
0.04130044269467551
0.04135238544102259
0.04423604845660749
0.04400375170445099
0.040390350471458954
0.03261379139581577
0.031280939003372414
0.04094810247419832
0.042568192890023025
0.047116853196067864
0.05058410058015904
0.05535824648186975
0.06242059952953648
0.07019037721763949
0.07680852538358147
0.07450396912072627
0.05206714030157041
0.011919870102501414
0.008477530177103242
0.09693437909324355
0.2155077698582304
0.30817641672294527
0.3649894804865584
0.419042582905166
0.46385622744374416
0.49718034538393924
0.5582116914279047
0.6008148958070366
0.6211777345336259
0.6159555110282006
0.6318357981782582
0.6204523940489897
0.6242814405902087
0.6390043725882536
0.6597026904898947
0.6493325864633486
0.6411710114915498
0.6212236494665421
0.600969061290597
0.5822535248296133
0.5951841247489116
0.6139756466264545
0.6400567043502949
0.6633298001215697
0.6875874412921461
0.6998563418422422
0.7135957747275807
0.7286760103347066
0.7425428677982603
0.7497527535809904
0.7596287893311434
0.7666191174897219
0.7781516885627194
0.7802117066714391
0.7732189727886756
0.7240235027798525
0.6458976518236431
0.5301665035256089
0.38347589178773056
0.2151696875164173
0.10618666490876832
0.07255589561434413
0.07522217929234919
0.06909161292408125
0.06379681920473558
0.06445048179569496
0.06282446130235032
0.06244393941455528
0.06180755819838848
0.05994775949967286
0.053977655785515694
0.054141577095451046
0.05360219702657979
0.04912045311046953
0.04365901182212894
0.04738569868855472
0.053778942836155086
0.055913698659638196
0.048269528041166576
0.046403353044444914
0.047869010654219946
0.05418321753188526
0.060747597139328716
0.06580594767831283
0.06170927054383567
0.05791407304641369
0.06376907430050036
0.07051229298509691
0.0831017937172431
0.1294882376390509
0.210223764975007
0.28352608272416663
0.33045419496316997
0.377670631672795
0.4315930566367456
0.4987920607021959
0.5561837085280225
0.6026717555654251
0.6494041663176479
0.6949897643715011
0.731342289331969
0.7522525828615814
0.7817575625120001
0.8048969274644753
0.8236044974035723
0.8368163964499319
0.847627946978488
0.8633914939589191
0.8758439456512097
0.8897599030669071
0.9057945407519323
0.9184393476971979
0.9270307094735625
0.927653356011663
0.934023243055606
0.9379847064901634
0.9451686363951496
0.9468184240947157
0.9495097441349251
0.9477713585715448
0.9479818539971093
0.9499951267806439
0.9554483190457831
0.9556875916344559
0.9556533402761463
0.957031779922135
0.962816689800515
0.9601348597582562
0.9566795511498098
0.9530808073736852
0.9517088932716424
0.942222483025979
0.8956168186396517
0.7861303916858885
0.6440474311174516
0.4967533124355985
0.34937790725510376
0.1862372247034351
0.09167935830155051
0.05867828556167791
0.06395782740236913
0.04947826169055744
0.04662535192601127
0.046295603303574476
0.05198492497918625
0.05916098559440746
0.06089395465796023
0.054426703060697836
0.048940315253452396
0.05039143949078492
0.053122813149139046
0.05141065495937653
0.04798742272874881
0.045722813931236325
0.05044497278715967
0.0548372948160164
0.05647051738465945
0.05625964293610879
0.06305406006968405
0.07045896187204921
0.07545825956701466
0.07550303495365249
0.09581376973477948
0.13065679587510484
0.2000133860332564
0.2709512479794021
0.3314465934013447
0.3590284885007115
0.39275903062088047
0.43066005874832947
0.47146234792461605
0.512239975136372
0.5588556564612821
0.5996003837039973
0.6281163000083644
0.6663183301010449
0.7031243578027659
0.7363399787701007
0.7581661199172345
0.7834170342021692
0.8031598077980362
0.823297558211842
0.8398718399174894
0.8526662200449796
0.8640418881997066
0.8810321264608848
0.8951161226878503
0.9085035250293066
0.9186679201652873
0.9294598591912643
0.9362688928594635
0.9405711465951444
0.9446213122575922
0.9490676595939802
0.9537307139126381
0.9582075573005376
0.9637064824602298
0.969482822637588
0.9724188877349228
0.9766302141453412
0.9780666076903677
0.9778555263635106
0.973372452119225
0.9798395662798014
0.9839906662165577
0.9858515135826438
0.9886949467916
0.9978115575166245
1.0
0.9960472923784215
0.9978804295761174
0.997036608603029
0.9908983376082788
0.9899129037389132
0.9953902972351781
0.997968526226798
0.9988907377923333
0.997883363545171
0.9957632632015515
0.9917786980429023
0.9808266964176499
0.9596631054861254
0.9084476156834558
0.8115247418382091
0.650925347183798
0.4401174791896211
0.2142757042452265
0.07505940915768547
0.03582005146211712
0.04461940211175273
0.03792398859793338
0.032855256702898905
0.028847624482822697
0.02657005140286572
0.024845971001276012
0.026944653528610574
0.0313220845744358
0.03704188614870244
0.03982817836811955
0.044646627984959095
0.044653695543124775
0.04465507450413829
0.041189362027464364
0.038488086058932065
0.04514343045668542
0.0614154802635119
0.07069585731185607
0.07048278504703226
0.07423466797262056
0.09324277182532148
0.13115671147898875
0.20189263688366776
0.28314528438163405
0.3443545158273763
0.3853527564745162
0.4228841313945531
0.4682346582855873
0.5169123845693715
0.5638324066666756
0.5869363168753361
0.6054733062300315
0.631743472312777
0.6636064399020586
0.6898154730318133
0.7122599639346431
0.7344442875202545
0.7531636269633376
0.7664189915169533
0.7745153831369301
0.7835061222290696
0.7960590340602041
0.804265623942543
0.8122932380829198
0.8185073280618057
0.8210538638886615
0.8253088108547534
0.8283594756937144
0.8333937840487692
0.833730187236212
0.8374444352572619
0.8406948134565693
0.8443909873162658
0.8425505771942624
0.8463539367825943
0.8559427198737377
0.8591786903571433
0.8582588867821348
0.8609961196992421
0.8645961530163983
0.8640494263773627
0.8659870713246305
0.8702620025484219
0.876362882701281
0.8827946284741346
0.8872191026394505
0.8841578407959284
0.8748389199561161
0.8601773341472343
0.8448316709384617
0.8125326857679251
0.7214519530217666
0.5461359007792518
0.34791491686922943
0.1984111904544451
0.11973108845180812
0.09050014647546208
0.08236304567550169
0.08293491291919013
0.06973967920187243
0.05748002863688794
0.04683501144705154
0.05064162224703081
0.05099966118947914
0.05189776457648113
0.05575430801263987
0.061035747490315415
0.05795826257267423
0.052139997713829773
0.051930921072383195
0.05975703077324402
0.06108846978154849
0.055896657592366235
0.056492587385437
0.057110686947309995
0.05693785326215616
0.052454957204450155
0.0603140753899361
0.06168941715577118
0.05683705806162166
0.06178676772653605
0.10446032266771356
0.17731485191987054
0.26761163836877055
0.35563557027797355
0.42926393168554294
0.48259967914361573
0.5331282039777284
0.5816292556437199
0.6188513868435472
0.6433849093265511
0.6626463032763514
0.6805116929651905
0.6940265968754065
0.7057818476969435
0.7247745957141588
0.7388596380132183
0.7474626377415425
0.7514540074063246
0.7598042882686559
0.7720543088302348
0.7811839920308324
0.786842622624739
0.791144321591293
0.7979982824790024
0.8021889682114969
0.8062969005759546
0.8116862301636072
0.8184678712856288
0.8268131999083875
0.8353010047448773
0.8367989797619075
0.8381355120612428
0.8342925575969529
0.8396905329290626
0.8404025828297914
0.8444468023538088
0.8426579438349453
0.8468300446498377
0.8521008254922706
0.8555024465415254
0.8597599976982824
0.8637099804788652
0.8661231208536798
0.8699563132481358
0.8695327718543032
0.876166540711237
0.8730973300914748
0.8570764411280509
0.8106146738012994
0.7538500116697386
0.6873041563402994
0.5845769108288315
0.4405396322152562
0.2956184469008465
0.17589914431876247
0.10409810952512376
0.07081716659254045
0.07075308482032765
0.06903185626359262
0.06784803618538351
0.06025365129855864
0.05778289890824062
0.05154323216208055
0.05050172825573947
0.05290803155452377
0.06226764025707858
0.06134219472304153
0.05842528709299941
0.05970492539799707
0.061831674627109715
0.06298962311649407
0.06326130763650495
0.06342327805723566
0.06403394726841706
0.06674155140345137
0.06670647088315212
0.06554978331506597
0.06272284046233226
0.07389975416756991
0.11148836637184252
0.17970884702092607
0.25319932508381127
0.31151632500670823
0.35886491503520856
0.4066390869818084
0.45654447159864436
0.4980923909392802
0.526750543503709
0.5441086198490104
0.5597442440744662
0.5740055273617727
0.583415270078106
0.5933906293552802
0.6064372104129571
0.6203174095553153
0.6285915415604503
0.6397409631228863
0.6488429459557962
0.657610033809438
0.6659742612203098
0.6711924469274785
0.6750428093691424
0.6832609744658988
0.692459071598683
0.6967521844406749
0.6946704242795151
0.6896128803627831
0.6792977234283785
0.6740009244135337
0.6722455444120352
0.672588282572849
0.6668591657439542
0.6645835078079869
0.661607840672835
0.6529524736469715
0.6394020293000259
0.6329989065548823
0.6399655627983935
0.6419728597860361
0.6330659759014317
0.6197187447947027
0.6149962275585805
0.6152522064013203
0.6113089226395384
0.5932543681305068
0.5667650094960026
0.519316996231339
0.4275855936675679
0.2739361234124678
0.14434471128478513
0.07974126997778458
0.07539989457489635
0.07790951860088909
0.08772048160212567
0.09521145031362013
0.10156990659742883
0.11192902714376537
0.11978519470676935
0.11673817144968117
0.10930015555749227
0.1147750601859592
0.12455456174655158
0.12030006473497712
0.1205710910690802
0.1310650358972453
0.1365406449945113
0.11771292660480609
0.10402813030569877
0.10732829274128469
0.11298463032226429
0.11744112188164853
0.12218094719442699
0.13494809956950998
0.13243499983555515
0.12322899958962667
0.11029731401851815
0.1128872634427696
0.11978590124434163
0.12160825901022233
0.11666705743361878
0.10248044829416597
0.09076064814315479
0.07073146057621299
0.05220714925158423
0.06332734142202959
0.12898739238745863
0.21825318927171125
0.3044233098467427
0.40723313501342884
0.4946751542818216
0.5573119676898102
0.5988339344408845
0.6511167528142804
0.6818154745013637
0.6930031685336648
0.6984156499725629
0.7106610823914397
0.7280497622836368
0.7414165161687958
0.7545016828593146
0.7614739828531826
0.7716026539271945
0.7852935173134133
0.8016458870651707
0.8140450772151949
0.8209488795790213
0.8297611080702569
0.8350289387078588
0.8371140799554592
0.8342752875079583
0.8372795007837851
0.8439293053647922
0.8505387117766726
0.8551631612621402
0.8523442829392712
0.8531834262694418
0.8457340656647554
0.8486954676715532
0.8420773602872273
0.8438759508097509
0.8375004741131544
0.8400000372915086
0.8363982816480617
0.8268450653747687
0.8051249161645454
0.7876011983704428
0.7764248467517115
0.7527746547437066
0.6925770818557196
0.5878260412845873
0.4430039852905254
0.279557933433882
0.14797234548724866
0.07289514804219727
0.056319466236409085
0.06066390574235052
0.0665320999264726
0.06746150517869073
0.06444266352771767
0.06853857968212826
0.06268240503727032
0.06359881896658653
0.05547013446649723
0.05293671582971261
0.042372948207522604
0.04826522846279931
0.04961009908943421
0.04911250870238654
0.04716974493570273
0.05446197196699643
0.058269757384955004
0.057263671031767056
0.06137445957878186
0.056725240440145444
0.05575514519192337
0.050172473100740085
0.05592646363378141
0.05254906530625238
0.052810350063762064
0.04807618529833768
0.04839763369609736
0.04862880995059887
0.04098441822208039
0.037854310791099986
0.036835545173480824
0.041799881681058706
0.03963003582375167
0.04338006657093654
0.044389633387395724
0.044006792555763605
0.038437977713597145
0.03409778258933254
0.0286327128957045
0.030003911088676845
0.03229540687823705
0.039670912731947144
0.041110617288458245
0.04248951226956169
0.030722460914191396
0.033594480190685394
0.08445304030063949
0.17959101421193055
0.28811020155756667
0.3781199026360179
0.4570571128515505
0.5043821966841923
0.5551989966231231
0.6010627503729457
0.6420278332998713
0.6644749236008665
0.6842847611621791
0.6984910853148522
0.7001684288224822
0.704180879132569
0.7128893480949644
0.7281954538366279
0.737367005748538
0.742827533801691
0.7455407604365045
0.7522218697052453
0.7581795410795793
0.7624210940015084
0.7652302525022028
0.7741080666576913
0.7762252519183394
0.779642198115193
0.7754460739123373
0.7848300100869423
0.7836323085093116
0.7928445077858396
0.7937976052509874
0.8053581231223773
0.8088836759288971
0.8166575419809504
0.8245188657412394
0.8289195454938683
0.8320380253129352
0.8333110069194826
0.8395067189594829
0.8442459686881529
0.8393448640854132
0.823506937408352
0.8105583234612809
0.7910756467591878
0.7458720675646335
0.6538406968308691
0.5225726888142457
0.35162183903571925
0.18987061472800817
0.09401016029111231
0.06763584431836697
0.07274389255138738
0.07455168926783316
0.07623992230400845
0.07707078636191
0.07404628597914384
0.07129053392041171
0.06603597557795592
0.06841888938502345
0.06743275837593868
0.06762090306276126
0.06870766625326745
0.06792683272342173
0.07049057985537623
0.06878442899167353
0.07283711193961086
0.07266034495620156
0.0793727273806771
0.07652924078882412
0.07938128149027467
0.07696505418376022
0.07607332757697757
0.0711025407511488
0.07432390034098406
0.07242017549921344
0.0671950232745689
0.05848447515505775
0.05759271036306178
0.05853794148461598
0.061513540003145316
0.06179862122738382
0.06948317340298005
0.08975164742058565
0.12361849718678487
0.1726047803008516
0.2316433432278995
0.28966808203867306
0.34081930361558616
0.38565393195994696
0.4301627234471225
0.4676554669113419
0.5027042617378279
0.5349233812085633
0.5576607644435065
0.575530261696531
0.5900983025202795
0.6062036027503428
0.6162262642515525
0.6256922995646294
0.633894181078864
0.6406285270009954
0.6458126289007396
0.6562220282784015
0.6633155668214877
0.6720609433190198
0.6728257602429247
0.6771912423931167
0.6786118232508864
0.6865748786476108
0.6902673607933867
0.6890449855736553
0.684170597550106
0.6843296232225152
0.6820909570658725
0.6790139108472135
0.676188300023376
0.6750434447928928
0.6744153218282833
0.6756171147306976
0.6783066877404899
0.6750705369927499
0.669820708681289
0.6602790537867735
0.6509614567076429
0.6436228974629328
0.6378889826136507
0.628674229156026
0.6220385985142943
0.6185178904089672
0.6163465846569987
0.6139952548275552
0.609451681929826
0.6024921712801791
0.5878684483591399
0.5627573695542091
0.47703271162614697
0.3252984290605437
0.1739333458256192
0.08644406023748026
0.058372621830846357
0.056334412992212674
0.06141917494931153
0.07142609873324157
0.07077277035347704
0.07192970481091196
0.06889967806543572
0.08082199401641203
0.08593272127778316
0.0871409100600856
0.07837655530364997
0.06875797257558143
0.06902360363298635
0.07375932274555465
0.07138854441488851
0.06483716369465274
0.05811801683205462
0.04899214705383437
0.05098316049502566
0.06317115495526425
0.06953368987766488
0.0661417952662446
0.06915061837558027
0.07216796360867611
0.06887687295442994
0.046643874476192594
0.028228594347915605
0.020380499416581998
0.009890243829091766
0.010276926145654924
0.03886008843290959
0.10407704733077738
0.1681964532110212
0.22654977177886296
0.2683891457230589
0.32579801034487943
0.39922893714888846
0.46308763199444974
0.5045281462703054
0.5521954616351987
0.5864614364092429
0.6101549497621984
0.6229480060029181
0.6434672110761472
0.6465879353885904
0.649109666866894
0.6543531818489227
0.666182562576696
0.6756392897883053
0.6801342551464781
0.6813847126861825
0.6834861003517329
0.6876880933230384
0.6884329466651999
0.685891320109789
0.6852367176134043
0.6844464492782814
0.6873676265551142
0.6879113943001595
0.6737622316135414
0.6446279772517495
0.6164044589076817
0.5953059722521863
0.5667311994653237
0.5134643518872334
0.43523963766786006
0.3582292204049712
0.29526599150153654
0.22704850520959743
0.13903702577653398
0.06907635495540641
0.03795941937478637
0.03592911305588341
0.03480241596716557
0.047430596334767046
0.0602601413225137
0.05740909233392575
0.04955287824893028
0.06816662963444356
0.07179573468323194
0.06108467405189332
0.04025162346299956
0.04862608141513697
0.05448621807378041
0.05863925243620363
0.04959281878587451
0.04727919467196258
0.05529588394206925
0.05396921663577582
0.05787828905944549
0.06413164340213115
0.07405398384687599
0.067498179364039
0.06117872352997168
0.06181019517714877
0.06994283175992426
0.07481565008570026
0.06443565979502379
0.05573606016480171
0.050962980704703
0.04285285795214563
0.05087674663552466
0.09107191901966853
0.16911601930089384
0.2382353109350753
0.28849156520703906
0.30604256318607914
0.32014530166793115
0.34176841283598713
0.36450329647781265
0.3822862266276343
0.39247059969809944
0.39796789318666403
0.39307722724489996
0.3884963318605664
0.3849296486371553
0.38254173755711335
0.38587538693671025
0.38727197094618904
0.38929379118286245
0.3886870954750713
0.39289822255022994
0.39279644922707896
0.39618626708026855
0.40587370735934986
0.4158799748893144
0.42514395866373605
0.43491053510081523
0.45384477396627465
0.46747596613479914
0.4779125925773413
0.4783979016148766
0.5301186552614168
0.5526717885351425
0.5542929742991494
0.5301863891734747
0.5588805730432791
0.5727932636075784
0.5879601506302654
0.5939706836331557
0.6045435438272835
0.6112618189614991
0.6197232035219242
0.6293611934381815
0.6355835401435204
0.6357260949820595
0.6334397317105465
0.6292016445440337
0.6148035032492436
0.571383012799147
0.5074209412404915
0.414984718696022
0.28725519260618965
0.15022471706629345
0.06545663315160664
0.06009360155522656
0.07711970096365685
0.08176419314272122
0.07549582348713009
0.08163511828149694
0.07853997632574077
0.06675465827694822
0.0650621103919007
0.0726469442533809
0.07416114077060192
0.06196020004296802
0.06362811864555577
0.06396703306879364
0.07287727088201743
0.06939822347142294
0.07902510299019322
0.07303244796816813
0.07371133803504504
0.06585976267700318
0.06797710206486592
0.05857142842299619
0.06110839155203921
0.059099810176023684
0.06060758135248404
0.0602489736835709
0.06458549994284558
0.06792996708649243
0.05932812095564007
0.03924365721682771
0.03989723274709045
0.08922485371980822
0.1637495356199892
0.23221053023156424
0.28331502649384327
0.3332657740617937
0.3821122951289213
0.4274182228685382
0.45492402427161027
0.47368248307573974
0.4854990589725617
0.4944392089389976
0.5054958312005898
0.5136466257487547
0.5204025674170565
0.5239299408162149
0.5270126022652303
0.5277341587899689
0.5291453328514707
0.529544503101189
0.5230947594852261
0.5138826645416413
0.5016719462110711
0.49506794009057803
0.4955404292349977
0.487814640818123
0.4724374049695027
0.4419086109179082
0.37208826544417634
0.24117633333587407
0.12846551767085748
0.07116044215463802
0.05448540978965855
0.04008546935482802
0.0537168811821809
0.08557220434221112
0.10844224030178792
0.10708931691955667
0.10643824224261557
0.11064286158724869
0.10877671422225035
0.103922152463344
0.11470403074624115
0.10799075493768527
0.09740342992892306
0.10243451811328168
0.12686409983993308
0.1312143216829295
0.1298665926163611
0.12992253311665156
0.13735814710612
0.1330391852473637
0.13661365169706705
0.13760997879493084
0.1255987140366832
0.10411973711832129
0.10596096136653611
0.11570405330980396
0.11549873814717977
0.09826077655392014
0.07723816703117416
0.039575492287640804
0.04013707915993756
0.0923835804838767
0.18021136816567512
0.24076179953169585
0.27815791465826156
0.31267943116026303
0.3485881276152661
0.38250985091128975
0.41323946161493963
0.4433594841724105
0.4601678717306868
0.47198608254066493
0.4780494014960361
0.48585002124754934
0.49242577425299033
0.50072942391809
0.5081906215462092
0.5160458032893014
0.5045821464367913
0.4842828899958426
0.47719859349709637
0.48020464038391975
0.46156058521533366
0.4205637768419814
0.364548011713286
0.2914498862326971
0.20936698939335374
0.1430590482510712
0.11217642644316034
0.10078614790922293
0.0936975309042999
0.0797049117957281
0.07540777523314536
0.07151330645951444
0.07465166414241385
0.06963939390192883
0.06926065311826486
0.07161287021382219
0.07858497045297035
0.07999368654875512
0.07443861778524434
0.0646347197149471
0.059647945220080933
0.054864023855268985
0.057234548611559855
0.054895632702267584
0.05824430088789683
0.050114651951431735
0.056458663623774226
0.05603188140275982
0.05521777845965447
0.04456415332221217
0.044511863454348266
0.0485656347551205
0.05368423311896076
0.0551315668351855
0.055762200108384674
0.052236931258038195
0.049636486817478835
0.044821036845378706
0.047280440496259867
0.04407048474966954
0.041520301644934116
0.03554291224054898
0.03457508168069099
0.029743874104729208
0.021829279179023935
0.012735532288187669
0.010737681977806671
0.02283918752185752
0.03815360780780547
0.038364667268394166
0.019568347041665643
0.013889018162629774
0.042285012965955306
0.11399723159222326
0.18291938839344252
0.24218934602450598
0.29040311845086225
0.33306691644455694
0.35901786869027735
0.3779239405943655
0.4114941964628132
0.44519590790155333
0.4699626056962802
0.4807475614569264
0.49368150504365926
0.503294682002276
0.5029009966304412
0.5036159949374714
0.5076686841147191
0.5086076730546073
0.5054732930962599
0.5045038570275294
0.5038884863303151
0.5005364777848209
0.4980757746170216
0.49957369279445457
0.49880912441558856
0.4943874795180719
0.4788694171036704
0.46152931899241006
0.4407527886900736
0.40534291659994437
0.3373525686325224
0.22963457683995747
0.1190184487380482
0.05341033053963468
0.05330035026692718
0.07172870394404832
0.0929255972593178
0.10975713114386312
0.13185136649183113
0.14297699780151507
0.14658499295649116
0.1249658921881453
0.10693976568138282
0.11416954989528764
0.13592285843747132
0.1463848787953154
0.14510763598316617
0.1412363776632812
0.13455085603865297
0.11866119790010221
0.12536800586181687
0.12331550697389804
0.12078208829061754
0.10740062000473276
0.13066445867350945
0.133282475489064
0.1239234154639956
0.11770264527388213
0.11129216896029341
0.09870637048494901
0.09464827132224535
0.08380127713350032
0.056378603124848485
0.025714772655207014
0.04011092563000338
0.08680733554002223
0.15950314652908343
0.21512277013127182
0.2598087938189304
0.29590764293030347
0.3260996614169102
0.35480485001176054
0.38988415088916534
0.4335620268782657
0.47262377853655396
0.490241910287105
0.48863095436047915
0.487908686338522
0.4927022213775048
0.4999282712677131
0.49603862135412613
0.49112213649324704
0.4866513375227675
0.49010297834062055
0.492915021294785
0.5018400467945977
0.5101822324552111
0.5159255110949443
0.5168340554162606
0.5249527327637526
0.5279050278022888
0.5319869817182259
0.528912990917474
0.5279343262062742
0.5170423954982811
0.5136864120742962
0.5069245363137203
0.5121815559655551
0.49761299054883834
0.4666353292260308
0.42410823457379826
0.39064022096363615
0.33269418196922895
0.23315498372476098
0.12914953637608326
0.0688289116897418
0.031080189802937478
0.01291281076184062
0.0
0.01523631469725224
0.01776043250962002
0.01574653306572183
0.010594347158680765
0.004678695564800028
0.008040488017087002
0.010004807015281744
0.019398008448336168
0.018311516530281145
0.018175428518890212
0.018180069817601754
0.02550783718193142
0.03638387677983047
0.04102438709237946
0.03580014848805141
0.02814273638522472
0.02218780982677221
0.019117590607641097
0.015370113277380458
0.013368941325630105
0.012236293084819177
0.01892147128057383
0.025083162286728296
0.02767229883203011
0.04092849859443634
0.06737068719689543
0.08642960041970245
0.09699367775522148
0.112146900646523
0.15113788894659447
0.19351948270661293
0.24289651071906593
0.27679194095847465
0.30297708320090444
0.3242513948121309
0.3525310702424876
0.37712755283668675
0.3960985487006412
0.4120777472640945
0.42859898445178124
0.4409292266657824
0.4553817070401088
0.46904149403362566
0.4855056724914128
0.49758255051202
0.5107507031114613
0.5187665820586481
0.5293088205207156
0.5367988362463679
0.5479599217234209
0.5599171685589333
0.577888148759005
0.5905698943657536
0.599996014311791
0.6034689529174804
0.6057097893929327
0.6101320258769433
0.6113109097883717
0.6126525357246775
0.6066056889686872
0.5795846784915988
0.5162535988630049
0.41932875635083583
0.256261876251199
0.12330558200722797
0.06704214592572456
0.08337015489553366
0.08007887091683885
0.08199296259207978
0.08650395975543865
0.09032670678096959
0.08786979912055733
0.08053074774248126
0.07887404243021785
0.07194600779013355
0.07745109614916477
0.07890913706092743
0.08055949585331632
0.07167855109602972
0.07115658178796183
0.07688470993116112
0.08349031307612724
0.08382425984782038
0.08834773075943837
0.09129928717247322
0.09465711055378845
0.08857131383243168
0.09417420953034843
0.09762761874796273
0.10564987850547586
0.09854836519172404
0.08488844211706943
0.080000278406215
0.07812878343343863
0.07619144672753232
0.07274006633132853
0.07131879374941712
0.05943770826575053
0.03426017570591293
0.062302219835776496
0.1487154993811942
0.2475417746583823
0.29962024193008496
0.3404854326185291
0.384688067112687
0.42635399190248197
0.45760630031851196
0.4731523568364607
0.4755385548318515
0.4746420560144998
0.47860088420244107
0.47642881335042864
0.46112754429783026
0.42595601190773486
0.38604854039524195
0.33737283368255644
0.2729677118515625
0.15507702792969064
0.05093893561031563
0.012519748946654807
0.03183052560958576
0.060970817554599946
0.08317585207134917
0.09452022478469818
0.10356559703832412
0.11591463807171866
0.11174425305156087
0.10246406236369779
0.1133573202438089
0.12420795673023505
0.11534768513394231
0.10792601002964426
0.108829517005201
0.11281477416059382
0.10439272816149636
0.10746498788333748
0.11094254363520441
0.11163289456808907
0.10846891899685412
0.11230998549326666
0.11680567713304611
0.10619515483682376
0.095569902138917
0.09005131450338384
0.09718989515956826
0.10080888432514913
0.1051444921555618
0.10951759255494638
0.11109257243314777
0.11221211551472582
0.1030863955801123
0.10401491629334457
0.11272818227431165
0.11229819105347473
0.08066527047750152
0.06423489174111467
0.059098001454663186
0.06385093569121948
0.06392934542151117
0.05311924764678563
0.026328323422630303
0.0043663713547724345
0.0025166706864963627
0.03959968497930617
0.1120056229402773
0.18718254897600167
0.22248468593604778
0.24461740561073164
0.264798285110321
0.2848454156978071
0.3017989792133669
0.320201908478719
0.33697669195849406
0.3415083866349961
0.34355842281041193
0.34552563603789727
0.350614041650087
0.3586087662163211
0.3709174007341254
0.3813454236065873
0.39061567307876355
0.39922630823342325
0.4125515032028294
0.43287494808887234
0.4549065132458449
0.4744704107549446
0.4907734819246196
0.5063044935637538
0.5161045021740973
0.5175196957380571
0.5186299534409942
0.5230533100084633
0.5306243949879164
0.5332817955975808
0.5276561989843096
0.4960391314234638
0.4347846009332144
0.3613568048399731
0.28988696141739
0.19540210934204294
0.122317845790825
0.08568560597281591
0.07914839888286017
0.06218342033624917
0.058851164812846905
0.06321841630858423
0.06513564841377856
0.06700250215126978
0.06022264198129564
0.05755570137708253
0.06259607148374895
0.06921775544315159
0.06673988195806455
0.06176943636172968
0.06001702978030819
0.056236156397906134
0.05210981296921421
0.04877293011637846
0.04822008077885401
0.04852003528795293
0.0527082407177745
0.05200793440948243
0.04759119254747121
0.038990644019536586
0.039692635810195886
0.039297018228428876
0.03736722192358691
0.03985191882873466
0.043891703523201764
0.04616744194745223
0.047315336448101146
0.054018147916891794
0.055487707958230305
0.05184685255700873
0.05090273724335252
0.055262659511098426
0.05042979237432745
0.04183029076910088
0.05740023794123641
0.11451142274757864
0.19569354528802815
0.3043465563387607
0.4234751621085703
0.5238788603849868
0.5874529921260946
0.6402256998216338
0.6781028159482717
0.6975443923395906
0.7059062497650446
0.7159484248081609
0.7243077167240586
0.7241115993736369
0.7295495486013888
0.7334622868291015
0.7333439664507938
0.7278985525710882
0.7183656969597644
0.7087260093334035
0.7067004254664433
0.7150432177192134
0.698425649637257
0.6684410265675299
0.6555834721092804
0.6634118459806495
0.6658942816369179
0.6600820375766948
0.6602986813229368
0.6547338318353899
0.651294103295088
0.6588339100689092
0.6580354307416775
0.6509064262058202
0.6456234895619256
0.6571489969052423
0.6509380161927755
0.641635602880495
0.6210486618644663
0.6141533359014613
0.6078018878942465
0.6060554014834333
0.5931948104626883
0.580311234933618
0.5759404984487985
0.5808119452608738
0.5832962399095053
0.5641859473315387
0.542868887180915
0.5183967434035166
0.4868639782574703
0.42599100925504246
0.3462982323786536
0.2659573824327965
0.1852212850399332
0.11203178294474536
0.06781510050149665
0.05379573705089092
0.041962493191757606
0.051645610236087464
0.07239412284640626
0.08932057276607529
0.08204629122634786
0.0841258024596782
0.0784117876485794
0.07027107284806941
0.0491282757058252
0.048132958367941785
0.05533147324949263
0.05616811191707035
0.05288731845343729
0.0510714687361925
0.049543264753271
0.04337493016218735
0.04070397692585612
0.03852759203484727
0.03471171442234253
0.06186175441096797
0.062486017153184976
0.06946247310485383
0.05242124177491135
0.060878631283198044
0.046321875820051
0.05089494144669943
0.04037595984553336
0.057446671393587376
0.09506176806451722
0.17998048697824107
0.27497937101373804
0.37730995234787534
0.45917729380980427
0.5231283990116945
0.5759264641426773
0.6205826091307873
0.6578685679208949
0.6827081134622663
0.709592380716358
0.729587716161163
0.7483287560086385
0.7643271893553385
0.7757725422450239
0.7915635074095398
0.808729116659907
0.8264615458370211
0.8356805493520661
0.8459877209348567
0.849700233368056
0.8547149167463453
