0.05808505796664779
0.025067626800584324
0.004067373701407264
0.03838952145178509
0.04767189816438823
0.08480741496516438
0.055134153428549465
0.11160752513697436
0.21422939903031943
0.26098234449354485
0.17610224057142057
0.08506247778790708
0.06673666845186808
0.0658929000586958
0.031490401033086625
-0.0011312736090113202
-0.019034561977346376
-0.03485135931791654
-0.06418207060457463
-0.04923311813755843
-0.05108971069290089
-0.05910358480775691
-0.2092017453031066
-0.3419365720809246
-0.3898251932543931
-0.013820880795423072
-0.009739244760999698
0.0066609790614238695
0.03919248206870042
0.26116841424677106
0.07090195493485771
-0.029722942620762798
0.031018027433008702
0.04811958419984168
0.014810942772795672
-0.07326832623679548
0.09115702409899942
-0.040285555246372166
0.34226696080538455
-0.0547783221118612
0.08230085020334885
-0.20434752089070204
0.3686375372713017
0.4030797810801365
-0.18526037946125043
-0.4272575596206419
-0.48182622751874044
0.017542269219394675
-0.08698312888512216
0.3746098092750026
0.3939402898419531
0.31752243690391424
0.2121122625217032
0.1558545897837637
0.1309422669139341
0.09071833455558992
0.07867084852868247
0.12836646673954696
0.08087530965194502
-0.01110507540057053
0.012731363106078138
0.09862779875308032
0.1022348046585769
0.08051578273887004
0.08545612815177288
0.06836072506610624
0.05458846117674996
0.0345235790240496
0.05860531459797885
0.03560553892640625
0.03354135964014229
0.006155597373568727
0.04022303096911225
0.03689502262555862
0.035135863023083524
0.023159263255212722
-0.009999540732551864
-0.09354178535636706
-0.20891863201710664
-0.34672187412425615
-0.47862561000872106
-0.630851780117796
-0.6483657306023557
-0.35965404189187444
-0.10864146115482481
-0.006731396263828299
-0.05541705195596052
-0.0032294518362382383
-0.02885048434025859
-0.005029088327029753
-0.010859593881457652
-0.008258572925296647
-0.022321527352497175
0.007559033357876799
-0.005044196735525786
0.02120211601594471
0.043871066948442054
0.031064406532639956
0.04753130849529707
0.058533514500670035
0.03189478320501037
-0.019441113712298855
-0.03438054666757776
-0.028577108359377885
0.1137099650610078
0.3342035306185973
0.3425036892773154
0.18500953562381117
0.07836616267962221
0.07777865263513369
0.12097197058550897
0.17187612334156743
0.1931288891860687
0.16968003512987068
0.15615291826204344
0.1094878629300193
0.11727900418536771
0.12247701169943055
0.13506145800017927
0.12505425645553728
0.14930716806223648
0.1365327898310308
0.08367144540225915
0.06685884117459254
0.07326735191813971
0.06762805090485544
0.04123933409518782
0.04640278933878959
0.05924410487423735
0.04923284810825574
0.023564852083663865
-0.007263965191264748
-0.018538411500806144
-0.008220936031052627
-0.005813139533456779
-0.01949278331328918
-0.004726444602420277
0.00990282408059811
0.0029049779925425056
-0.0018456087257168103
0.00327214005388108
0.006160028465118109
-0.0057413211894126156
-0.011809417025384851
-0.04196231766397275
-0.17102291560728974
-0.5163474772766288
-0.7836628894796933
-0.9165535358343968
-0.5616448184600749
-0.21632206259662107
0.037962205900382025
-0.021658839793119722
0.013854065288552002
-0.022647275156480948
-0.034894666524447365
-0.0001552336562770957
0.0039440673155036535
0.007433713101835076
0.0003402215297826585
-0.006631399181050036
-0.002344826171322781
0.009382174566492811
-0.04092415677885569
-0.050929382668038654
-0.014712328450835966
0.03462754121936057
-0.001007774279423842
-0.012133167676664097
0.013730438145573022
0.03382013582985391
0.03907163153735054
-0.015588242562731275
-0.015395671440650597
0.010158481793160042
0.05576778391337875
0.2220209415402357
0.3430337229683112
0.4201664252957793
0.3426156617337755
0.3253405461241957
0.24961053603158861
0.15235329857313304
0.12138093907346213
0.13105805524973663
0.14521949638952275
0.0811810312571994
0.10286604178562998
0.09858818308393362
0.1073019530101125
0.08129279432125326
0.10268258355323545
0.0946625394689239
0.08787720910509443
0.05501306052204737
0.027409453243258126
-0.006862514313631064
0.01084137712315785
0.0033781903970018317
0.029886598436346334
-0.01731999249974817
0.01711739194309959
0.01125091311101122
0.037511314291679046
-0.01933454355741208
-0.004833329038360415
-0.014586470859427113
-0.03313792651527727
-0.03514870340506831
-0.04701239689602331
-0.13624626008738383
-0.21908718131768415
-0.37410825903989253
-0.5770230873727819
-1.0
-0.6757962936581666
-0.25290654255728034
0.07904722674286987
-0.08142319605608635
0.009060614883921384
0.0009938059837719785
-0.037472322697738036
-0.016477304758223597
-0.015307049197934852
-0.0017860019971710822
-0.009252257826314338
0.013562707781004666
-0.009904099116079897
-0.023256622266962644
-0.023415850845720156
-0.010073430683571942
0.0025793465954790542
0.0036877835903747842
0.029700892011062196
0.05680155913931432
0.00759478416801032
-0.02089227014753195
-0.027153089424673222
-0.00767627686705205
0.007616826502878106
0.2164061893825683
0.3594431989674646
0.3640255910214283
0.2535525522143929
0.2551846144821063
0.23215908436272353
0.23062432428987173
0.16111104465174203
0.12180074077641634
0.03399799335343945
0.04921239586098002
0.05482054779599898
0.10747790301486136
0.10031718032363168
0.09802429315579429
0.08709291757534002
0.04998470725649942
0.02511303730604726
0.02043828177369101
0.060787953240556476
0.04803257029308414
0.024158101147231707
0.014864634256237014
0.03741119582669249
0.03102385211882917
0.005460479194455322
-0.002213359029208883
-0.008041233412558798
-0.010921904125149963
-0.010436545313929716
-0.005181774149681855
-0.015564006706935694
-0.03381583969650359
-0.02431731210064495
-0.042979024871016645
-0.10942377560010166
-0.27066157303293237
-0.487616647089272
-0.6848027897654947
-0.6931019601173032
-0.4462093554102514
-0.14106533637185414
-0.023345053461843433
-0.029410529245871026
-0.002324264798336336
0.023204282289489345
0.006389165991209527
-0.02927374172503363
-0.03267786066919017
-0.010056650377949724
-0.00023026024616629826
0.016401103994009
-0.0060866731367350034
-0.005037486346433827
-0.00709898336234752
0.0002115832600579591
0.011746295000828313
-0.0009462361461160673
-0.014718806119054198
-0.031676987394224275
-0.005429232649441184
0.039378163584249566
0.006599266228211395
0.018528484613006477
0.014123463939535438
0.019446976236616564
0.028767744999864907
0.03164936413237601
0.026958323596135408
-0.009387365154389591
-0.09139403902901429
-0.16353564084552935
-0.014022006052137425
0.3603195784657018
0.48299611280741983
0.3774758900459597
0.23142198074517764
0.22017957136027203
0.18254362107065705
0.1357422548516929
0.24860470556218822
0.17353962786679294
0.08294586067931874
-0.021272172762025445
0.06468666295413338
-0.04636908761300407
0.015597214376985
0.05997229967284916
0.08431239946540295
-0.04224151727395284
-0.03324530875209783
-0.08125346046598861
-0.08250491355928515
-0.07623574987137746
0.05267142532566554
0.07654526839481197
0.10623841839428894
0.0948004836329583
0.09881092474185438
0.04997606322874142
0.05596612050126576
0.061427737972832394
0.05648517098600775
0.029368703925707198
0.040228982628365544
0.028474359264410925
0.046976703314264304
0.008391264957553237
-0.028484158726351138
-0.2003925217006774
-0.3182373556003886
-0.4714185400118665
-0.5975286259221918
-0.6855774461703268
-0.44393076677571935
-0.1369913665716518
0.010860823358511797
-0.024972210932637597
-0.021567779820261805
0.0026626251343925753
-0.006623421769115549
-0.0015500154921555766
-0.0025922312897455613
-0.007575692457545778
-0.024318583354930295
0.0006677160448418007
-0.002197107419378356
-0.01825590780624583
-0.02224660099180849
0.015180263114020903
0.026042200965982518
0.008695701100248962
-0.031137717075800396
-0.007601665630204104
0.005970200596110362
0.025720251041979718
0.02673930308421031
0.020604653639272334
-0.01668737917178454
-0.015459333892411081
0.023849725709636085
0.027467785069296157
0.05128199401723042
0.18895025230068968
0.32886759514208536
0.2985892054212302
0.1911566806565669
0.19233113976277202
0.2196472706288537
0.2737280054044519
0.2337787814673169
0.18936412180011816
0.19035951143693153
0.18568809172077852
0.14807814918138795
0.08517585967059318
0.12018540068453186
0.09425574534702365
0.07620329909065002
0.053817267441086614
0.04403970271090128
0.06421113427291493
0.0507237393102748
0.05668517442583073
0.06531539346371985
0.05150727800192922
0.03499599964996211
0.0025362845374948643
0.02594705828514881
0.016136600527113413
0.029262975414665247
0.006720234959184386
0.010962806320671478
-0.007081128946859224
0.0008574307579085285
0.008200852840545794
0.022212999471981472
0.0009746514752151959
-0.000139519270008433
0.005614927484630515
0.023564215935569854
-0.010924149822016381
-0.014074832605043384
-0.014659100525371886
-0.00558834637448815
-0.03864188452056082
-0.18984322357802652
-0.4459813309096691
-0.5787598482929543
-0.5999869473559596
-0.6003180592741931
-0.6645362421100026
-0.3851714251639639
-0.13442636454097312
0.021505652912567026
-0.05898097295544117
-0.011621024899230756
-0.0013431959886872277
0.023174847544655923
0.02923092069865758
0.0070590654101346725
-0.026343662451352633
-0.022348217986830586
0.005911000447152648
0.011125960479821046
-0.00697429452621232
-0.013944172887046184
-0.009224643397403798
0.019235212527493925
0.017891657246615962
0.006652758657863029
-0.0008589746677839932
0.02767633651308226
0.030163080967733805
0.0203641081515602
0.000182387781575588
0.08273362079178256
0.1419293660715138
0.2825167031814052
0.288957845852335
0.2464213639605928
0.1123519200295147
0.13739778057978308
0.15438581235519588
0.1662037910752737
0.16610333318227058
0.1898840265133879
0.1659693186529088
0.11615655619943763
0.15561191188913187
0.14992544442831998
0.1353003039569292
0.088906467662259
0.10285691727100495
0.08042009123059063
0.08202898734533245
0.0675135760625193
0.05211654847255192
0.04633757594239887
0.06920793090993985
0.05736966267500718
0.05453216147228003
0.0414035839579549
0.04395981733821247
0.027735875414354294
0.01752477362111981
0.016497919630768552
0.018111723598454223
0.01899445647283287
0.01823594602509611
0.022399287560347644
0.023529308168700747
0.01195974931486151
0.017154390819663006
0.005850996536689044
-0.0008598173645912648
-0.01826132675676413
0.026343102617612996
0.0169090646762575
0.007579964092693973
0.011582423156602526
0.03713554545212346
0.008914388006900262
-0.01610093465295857
0.007467089665038416
-0.0034372151060006375
-0.025003594910251784
-0.004014060197331853
0.022311580616396463
0.01050214194639913
0.0037565308579429802
-0.0041034319958516054
-0.00863600355968151
-0.016230702946412386
-0.044611815335045296
-0.08620763973286412
-0.2086208577710952
-0.3948050317812024
-0.654184575787762
-0.8587034589590875
-0.9199424820689757
-0.5670827909442292
-0.15983735569799404
0.03584322023333923
-0.027273055783842495
-0.02064694099047121
-0.01632466417102795
-0.00927745202491868
-0.007022858389752089
0.008548760359974615
0.017831000408907165
0.023299004174353658
0.01134966540504245
0.019627442714400672
2.878894749524262e-05
5.617051219857256e-06
-0.014117211657203288
-0.011003360737209611
0.027109838495556777
0.06628246652474293
0.03780263017544789
-0.0008679272389278556
0.015282896584778098
0.0774274920659921
0.1544384060858343
0.2881352787996874
0.33097402919525676
0.24932930285191302
0.167001978578486
0.15288006927813647
0.1847305543075272
0.19828354762974898
0.1911237263236733
0.09411132421397539
0.07550845719859195
0.10700873120783562
0.12979041409580186
0.10675971261716757
0.09142524971301356
0.09036548578044733
0.07625124091501531
0.053994319568134434
0.03297979129200986
0.03662282072523464
0.05113295301530869
0.033428672208849514
0.03269963353417543
0.025312435488889798
0.010373043206075558
0.01733207451996761
0.012426559189969604
0.020506720356716843
0.0013703026524129183
0.01512959479859487
0.013240070350447504
0.01505597162209944
-0.007496715149699577
0.015492581302781368
0.03905888943292002
0.013181382050060307
-0.0037467221643015295
0.011149827548000453
0.014664353333793515
-0.0022270328926139974
0.007892790882451033
0.01741347827104683
0.024851287287340117
0.02619903324693733
0.018022625559387953
-0.012469724962470534
-0.037959634215995484
-0.059722412487286096
-0.06250892911529385
-0.13156648540071106
-0.37100769054699156
-0.7141313173181657
-0.8074321235795221
-0.6089875497588557
-0.32049503836727994
-0.119069137326573
-0.03314561581268159
0.0023294404753157376
-0.05374938299337325
-0.049938384396889364
-0.04336134684425033
0.015505824768094114
0.0014584336023499833
0.003658328753378342
0.015709220057893186
0.021513382735260825
-0.012535807931733289
-0.023700083905634165
-0.0008516514915026918
0.03187882660294297
0.005423475379276117
-0.021148295495500097
0.002427456714380172
0.0025177629127967863
-0.0007040196586511827
-0.01826060093266039
0.032013283159011245
0.005602308598871771
-0.019765569368468107
0.02016211657822502
0.1738261934088816
0.29676518654132006
0.36781436857329414
0.35855613702097555
0.29991730963246627
0.21725750212359538
0.20582257893882702
0.1975638823399643
0.15162039783072548
0.09993469796482127
0.07845924237289749
0.07277276729482374
0.055051525569832636
0.047883765617630414
0.07736494170119555
0.057373923738565334
0.035043405611127024
0.016258420379392572
0.034013982153467286
0.049899157600884134
0.037188794792850755
0.023049830683236586
0.017522513828006864
0.027918881671008214
0.01707031321052457
0.016733226155618217
0.021952861638521313
0.02762429478704539
0.033993809731575925
0.0345741714548604
0.006101842121915945
0.005444222359298094
-0.01565386682435992
0.02198807916024745
0.002900459639031343
0.01647369866744954
-0.007286725169950134
0.016994609522701064
0.02146996591672729
0.013856142035191149
0.017342682414035127
0.016089835302584652
0.009829671001011066
0.015614102069786018
-0.0017252508806095994
0.027021952821710497
-0.012502103458191405
-0.06525938950661735
-0.18925707419013504
-0.2312248218380616
-0.27106747340359666
-0.41844852324242016
-0.5867205552685887
-0.590321055328852
-0.48766386287937247
-0.2924738887632459
-0.13556638604408588
-0.0002610302925547734
-0.007011241702650039
-0.004822165347128195
-0.0309349201860116
-0.010064347426806435
-0.025416619733698204
-0.004242455537377248
0.009801820898012287
0.03812537190314644
-0.003769704085133525
-0.01188171340668608
0.005212470716455901
0.008663087088514388
0.004716780178045196
0.0011066780348323207
0.0006597693048836593
0.002487496168481601
0.011029137851298625
-0.00014289677330200413
-0.00471164394906786
-0.011515251442081735
0.0455279708034472
0.15311321927591548
0.2778888817699997
0.2993556564734405
0.2375481049468785
0.19286945227033195
0.19460301500978444
0.20328428345164506
0.16924103635136936
0.11673594049693942
0.0707062802750698
0.06369005451805894
0.058091822684453516
0.03832958748320821
0.04063356646586686
0.05314386217372091
0.05653951689750613
0.033703797871954655
0.04541598447986944
0.037075960287316224
0.035711801160710106
0.03407079193758734
0.021255725219709917
0.015684042433341833
0.03347582261529837
0.03746747167891138
0.017487539161594425
-0.008479828898798326
-0.020601367949206296
-0.04201769613041058
-0.021575948178483014
-0.007150353985440415
0.0013961074935599192
-0.02333694887464557
-0.009269650889296165
-0.012121064009511608
-0.03525671823536807
-0.05519629576386352
-0.026082440383801215
0.028377934232738586
0.008176511070708894
-0.036281245444164056
-0.0543685282144741
-0.01923667235116853
0.0010427026266735444
-0.016062547561048704
-0.0735433100974155
-0.10790158878550399
-0.19327444226243568
-0.37365812493703787
-0.6258747969451712
-0.527876852530512
-0.26315525620002017
-0.017684131577114633
0.01022268690591072
0.03996391569746441
0.030513665380330863
0.025900496297877725
0.04219677723395035
0.03200126411173631
-0.012411725593007584
-0.030297967695359935
0.022301442477780497
0.039835760860734676
-0.0173302416780336
0.0011039969844473738
0.042745969625384676
0.022304312056609484
-0.07669271104242689
-0.0557435641705737
0.01344286114900967
0.023040490338634537
0.01815304501334329
0.019307174963021628
0.05200563911516017
-0.01023684483311611
-0.03749966417086172
-0.05267584761299774
0.010549883883819177
0.028100868334190725
0.007423180794495342
-0.02012745978418971
-0.05778764547481946
-0.047739361076696255
-0.0815867681198227
-0.07545681458973394
0.045296921656244694
0.26745924341401406
0.3636147420900466
0.35100483345690436
0.41878490269661306
0.35618577768743503
0.25514440634208424
0.16913532123440686
0.21296850733581185
0.12504798207556378
0.04557188332068456
0.022047168245459225
0.04988046828892372
0.07083094057275012
0.0544480521787633
0.05330103665066383
0.028400923450353492
0.04125806578601759
0.05576827780549071
0.06660964128910649
0.050506784075114955
0.028121905629971
0.03589567675325938
0.02145794857070614
0.008493601395287565
-0.011563519507740875
0.012237343681474012
0.027087272640461933
0.026922714989487378
0.018837203785308024
-0.011482401436266512
0.0034181612244177494
-0.030344179176723895
0.012062956524354806
-0.02695815747655527
0.007326367453156956
-0.025969827141516244
0.010181705111684893
-0.014671369046997305
-0.038914011778196214
-0.08847472076536267
-0.07138100312288159
-0.04552568120376195
-0.09633654509936745
-0.24520841917192623
-0.42669223745713963
-0.5899172625715404
-0.6657801315385341
-0.535999915914241
-0.30581898934060514
-0.0675192792217257
0.01769661287544291
0.023903465708827162
0.0037858335765555725
-0.01229693081385469
0.016684279400311256
-0.023854505392310422
0.0037329148026100357
-0.03311133290910833
-0.010319611725585391
-0.0430303853605033
0.02400157776133009
0.005478187649883531
-0.0020268815892318798
-0.007913641849639271
0.02970411225571443
0.01551060944966872
-0.004098185896543388
0.016744860511888116
-0.0189381003365424
-0.003951579953320714
-0.022740421790454136
0.023438269266481626
-0.013757473351100153
0.0010643157069120817
-0.01928411732461939
0.0013093859050873548
0.0009416719179341196
-0.031138617744089055
-0.01275016015043114
-0.004149833533453944
0.020221697468197724
-0.008838636625883736
0.015275351932782366
0.0041123631939954455
-0.0015594614635652717
-0.02268397575845529
-0.017679323837506533
-0.02226138091535089
0.0055854301949314535
0.00933416470366323
0.030043339693226253
0.005864483590287638
0.005616782243856128
-0.04793183383879146
0.011698865466400402
0.20716694257968873
0.38753443148644906
0.4420413831029353
0.36664495681006964
0.32154234136332527
0.19277370227825266
0.20699683695865276
0.18682112940354054
0.16686691412707916
0.09143583808535083
0.08069326917051614
0.057867952487108666
0.006832480616445992
0.01634429014892604
0.03547302333351909
0.06234779597468805
0.03735934254123019
0.022242881025271763
0.011052040506945847
0.02721478896086445
0.024267941539184146
0.017277515303741213
0.011442808773046273
0.03616283299029652
0.00862412927882795
0.013918567396148484
-0.017092466241886213
0.038224467276559024
-0.00487871016057476
0.03752491526356821
0.0038823412894157514
0.0470905416291017
0.014360964884788024
0.03166601764867704
0.032022267333702746
0.017925701546672553
0.012702796308347182
0.005185355362370786
0.025237574906880382
0.019304830382292457
-0.019964129020123546
-0.06451411206677507
-0.05274480355440578
-0.07936061416043892
-0.18413197847419574
-0.3748800134158778
-0.5347062878016934
-0.6963501287384156
-0.6588764315369396
-0.3904773791679648
-0.10743297472229235
0.02080709191720324
0.007363867906248696
0.006876837954325143
0.0033844364882274275
-0.012319981056760779
-0.011225263304368313
-0.021403885286168517
0.009706546287859599
-0.004016899921929404
0.0007663873976648745
0.004426814424132152
-0.003180642446269027
0.010443151629268503
-0.0069498243215856195
0.01650817352583247
-0.0007200415313128279
0.027342176839021824
-0.01158264060616279
0.01161748486302042
-0.009842245289405725
-0.003632353616475766
-0.02024797215446122
0.013121866127023605
-0.007754620935590135
-0.02128410258868731
-0.03548149255918482
-0.0036325091598863176
0.00385029857432492
0.012120784506987795
0.0011612480865497397
0.0313022070595536
0.08256147606038569
0.1379530152977471
0.19954042110399645
0.24048731520227484
0.2363576103496787
0.20835906797983442
0.18262909637465302
0.18130183454626192
0.15272270814618596
0.14276754295849625
0.13124116095564234
0.0926183155178322
0.07278949902124851
0.059341366926372395
0.06560322983539414
0.040826247051193996
0.038558889396829076
0.0334094931714774
0.027431642813832546
0.02111688845043593
0.042401582712902654
0.028894775803033075
0.035623362257705425
0.003115400503200493
0.017782327851715334
0.005786585234720845
0.03243666034912733
0.015040933817566758
-0.004979215620918459
-0.01985530187254006
0.0006477741853773611
-0.009118968805362802
-0.012534020938023931
-0.011509825563857632
-0.004663446178634151
-0.0025585921791911968
0.004895375737512817
0.010955689977831789
-0.01318211633768065
-0.021384618007317082
-0.03886691772975712
-0.03795424201746773
-0.029892841605815096
-0.0233564931010587
-0.0375353194489727
-0.027029536604335307
-0.014341230509069849
-0.008844583351720515
-0.009577892309753304
-0.018507761595601743
-0.028348827415114013
-0.05956818203531758
-0.10228731229607688
-0.3491902886800826
-0.6180734833167817
-0.6165695890585261
-0.35637831202048675
-0.11434602269400083
-0.00830242721236517
0.02071223774563027
0.04076214113146366
-0.0026612637605893546
0.004712649626605325
-0.012342492108269647
0.04856428767730031
0.02081800465463459
0.004921428674888069
-0.0357006681795411
-0.03918027508871547
0.0010820198978855897
0.01929044879261255
-0.009657113713728733
-0.026686353497870085
-0.027369731059212005
-0.037173261221849795
0.008110181773824512
0.049646500865286915
0.025917110198959686
-0.013816522423783817
0.01225612134863119
0.012290835314576396
-0.013405908211295385
-0.09056375778547286
-0.07501268759233641
-0.031968381104071915
-0.042730941895359156
0.0015751093444021946
0.11643047556808993
0.2656543549405503
0.2611835893017702
0.23769604508944006
0.17042824572164464
0.23384891225704976
0.2991130807457463
0.2601216105938555
0.1688035332282163
0.1941677460741351
0.13957880862346403
0.09651300999657414
0.052111155760402844
0.0835828023836437
0.012711939013713525
0.010272005326885261
0.021358901330455732
0.04818572591685492
0.03852097383417746
0.01830976394615057
0.005093605968517037
0.00855977945316571
0.01711637204680558
0.0030340809734347805
-0.010353045810290666
-0.0026664537393090433
-0.003219074123432517
0.0118991053593791
0.002214980152229137
-0.05763511132663567
-0.1186752905985384
-0.1149655041656849
-0.08594244437963033
-0.11639630182934772
-0.21697684578082732
-0.31864006460190686
-0.3136937549283455
-0.25647402519203594
-0.2778766845742521
-0.35850541318200574
-0.28497736159860126
-0.1267515319495877
-0.008270237137621629
-0.004589480916850639
0.05143955140383717
0.05225978879571402
-0.011613445226008557
-0.03200145361413066
0.07582113917772736
0.014782773944693937
-0.043630367788284156
-0.08486121875607026
0.03411246496078234
0.023870644234633642
0.016916944353741564
-0.036849686592328255
-0.009424302082512504
0.03265513223553034
-0.005404038357969149
0.015923191309063528
0.02547237470429664
0.04041759988344689
-0.02670437322494865
-0.02574163210835788
0.0025722326819442856
0.033127431298146263
0.01984890787538875
-0.04228178792080374
-0.035436895050985726
-0.01944263219998085
-0.03303572360210448
0.03268445828080437
0.1637307653083939
0.31790435290914465
0.28155009284909305
0.20471351372359287
0.07149212605859853
0.05744600725954661
0.08807944660766365
0.09260813369076584
0.07243687712120801
0.041484961952087576
0.022392641121320035
-0.01992160824340145
-0.01865979078050902
-0.014528505269259785
-0.009726902148526877
0.013579266658564295
0.005688836622073607
0.00823566998302484
-0.00247131052447403
0.017153578848653244
-0.0004145628218294195
0.01380806296971745
0.039460759008944545
0.04075946795063156
0.03773585391536393
0.039783111742967524
0.07712661088616704
0.055525213438286335
0.04251248926972377
0.001976854816477759
0.21067899637160103
0.09186779287123494
0.006603728012687294
-0.09819561398762654
0.1168827101922356
0.05667186725365774
0.06178070331029629
0.024483267768320723
0.04306742298649949
0.027366180166244244
0.03446655126658503
0.03925932820843517
0.025346068387087525
0.000580681993085211
-0.009313257936556888
-0.017263397917172518
-0.05864929924133936
-0.1768687558674604
-0.26054270465431223
-0.37652913426472323
-0.520292657518767
-0.5581790871874877
-0.34529378604072863
-0.02184573956435619
0.06935400748422621
0.018918845568807692
-0.02553353798654018
0.025007765249242996
-0.0126077320010225
-0.04800624127421916
-0.00689441403289647
0.030896015098751756
0.006167918679949537
-0.0496992361104119
0.0067940892668375994
0.0013805319046894405
0.036294907316151405
-0.014171530094137581
0.03921407118437296
-0.024410443712206173
0.002765386577963656
-0.03198255825259537
0.008624757099664215
-0.03831301254058414
0.010334049838316843
-0.008181742890321303
0.006141745736839499
-0.0014607502491961724
0.017664379105666685
0.013623331671394729
-0.03503870655435685
-0.08181192973468512
0.0026622705018922764
0.2009308246154318
0.30356837595495073
0.27886858984964014
0.20816873737368116
0.2034690646146637
0.19897111525089517
0.18454888440140346
0.11204196044006096
0.07641058947711654
0.048133566798061654
0.03641675129509117
0.045037976384707266
0.03320139584148802
0.027519610792029227
0.014368380875525609
0.012556893982449652
0.002939183862173011
0.005748267649282153
0.0016259776136823007
-0.02627234554916609
-0.03752449027440974
-0.04973906413742843
-0.026900717476116522
0.0019246343435581146
-0.03147017850842426
-0.06263753691017862
-0.12435579990152536
-0.28440576120087935
-0.5332558504103536
-0.4591155358410704
-0.23342613835951978
-0.06792397317191054
-0.05865662784719536
0.05552610819520416
0.1297592753251988
0.09315866230169302
-0.005510989694468276
-0.0026520835415183423
0.017127070299590867
-0.0076015530753145094
-0.019774541689397396
0.04391883596989079
-0.027345815944180698
-0.043126343872517424
0.020493603333423652
0.09951130633405243
0.017720166611257627
-0.0054898312013386
0.00022786768611797315
0.030288183799747112
-0.0175928323857876
0.014560209414852442
0.004058432606575479
-0.0489266111958716
-0.0874923310509987
0.0075000314063479985
0.039687450151864014
-0.0008363295070515248
-0.07021700559082744
-0.08563336693879374
-0.1534149051628996
0.0022875644743991174
0.21282057369234972
0.3577571643444348
0.24664575070270872
0.15232910287629625
0.14061973070950035
0.14627026090635042
0.13817653679300204
0.12517380520361812
0.12269071263859643
0.06846718138724253
0.048140226443148436
0.02469828573900171
0.03177499600173736
0.026785631412904215
0.033824034924556434
0.030392396034387995
0.03199724847903923
-0.04669598855694157
-0.08268686499226659
-0.028857129317079618
0.012244812701105863
-0.07594457841930678
-0.16699614436334348
-0.22817426944227898
-0.2977574499037877
-0.33435596170101467
-0.27009835523270154
-0.1257970796844916
-0.04639708977023866
-0.028874728440080835
-0.05699744768900563
-0.01750392936003548
-0.015863704891778765
0.012783766675308731
-0.02041695043783438
-0.0015427603536603616
0.009581506494026048
0.028400109770722663
0.0057382553870108256
-0.02262798256710964
-0.03993513745170085
-0.02031309622612977
-0.019486795547243103
0.009656080805442833
-0.009527325524583364
0.013640444169692083
-0.033115261438245835
0.02584165770732626
-0.0017384520459050388
-0.003316161867415292
-0.04339641040450594
-0.0002129972226866437
0.01651260681550424
0.020850066754500095
0.005895560162035735
0.002568817654594566
-0.014359808219478744
-0.01059263421800353
-0.019615223980162824
0.010018119542135957
-0.013075413782843914
-0.010387900005117742
-0.024348260840208056
-0.003942354985817769
-0.019679410905776847
-0.03223926176773521
-0.03704241205207806
-0.008138031034279137
0.049294197451762986
0.06238166438768108
0.0008597282946696209
-0.07656481396055866
-0.023134142949207046
0.11566806870259158
0.2921121055392209
0.2807470850460321
0.2414298769511015
0.19639368087114087
0.17378644951967978
0.10570844754855226
0.0770118757608062
0.13674487155847992
0.13728034186129004
0.10088451283002424
0.04393137174862203
0.05268504539981042
0.039158255261036376
-0.001603635546209625
0.0029124696589294557
0.016508198900266537
0.003824871710332308
-0.012767563836847042
-0.003948894855676911
-0.0025066471724603696
-0.013654050770800417
-0.010023412986269279
0.006101610591854517
-0.0031143880813843043
-0.018011100837524843
-0.06321117896774238
-0.07063304784829995
-0.08463098937217721
-0.14423835283954387
-0.2769514607351548
-0.4387777981178908
-0.4505830485435436
-0.26724770080373167
-0.0004479929591327938
0.07506594130492392
0.08634329345578971
0.06856146548877322
0.08999852091328184
0.04531907741220568
0.01469678503447271
-0.08806311067039711
-0.07342751164970877
0.029449758071553783
0.08860979178203804
0.04261592868643925
-0.005202712930779198
-0.015769159573785708
-0.027232762223909173
-0.06472483468039433
0.02731946985706633
-0.00836063621028816
-0.010319611914980343
-0.05450798972721085
0.09476277580919641
0.01066421342106676
-0.03812313692368013
-0.025339646619774867
-0.026112394363793756
-0.05126691326739248
-0.016530235901387223
-0.044184078695975244
-0.11170334982843128
-0.12490585640734404
0.05864120003102519
0.19021286583011457
0.2961186645551288
0.22656062901084825
0.18202377108991105
0.14704482755471818
0.12298398040876161
0.11692753677082486
0.14289180611669255
0.17791718852195132
0.15911389636985987
0.0717655883461207
-0.006562057856695336
-0.002942082070520018
0.019525955827845273
0.029434546700617327
-0.015844075777236566
-0.020026778868016067
-0.018211324732752103
0.014059892249642965
0.011454558287878898
0.03635514338677223
0.03398100720910843
0.02339463550687544
0.003700858790306507
0.03307056983592983
0.01202586025645156
0.016627405704914246
-0.012521575017718107
-0.0039864867505409
-0.04436712283411436
-0.013670242016133463
-0.02754378268660828
0.021413911168489976
-0.059343503800120774
-0.12618421305363997
-0.17322960297841067
-0.13632839857915927
-0.2360370350069449
-0.4054623513241409
-0.42365514265991877
-0.24570965760234148
-0.15376540906140335
-0.0740028888449424
-0.052598963082270446
0.0620635095682467
0.010281725805227343
-0.008203405474975485
-0.02098688204416623
-0.0240967784267098
0.013693904475906118
0.008001444795673596
0.03826220832272368
-0.004425709424616021
-0.0005543400595821245
1.890583731805703e-05
0.029848882027356503
0.04430239208505675
0.018902625858497998
-0.02128038105336982
-0.031191654855849075
-0.024256760823235968
-0.012506211880591004
-0.01526495086015539
-0.008151561387583446
-0.0046137223027901365
0.02723136330287053
0.025098993839108182
0.010546572707759185
0.053997721702429564
0.10770944667022488
0.07763445863830759
0.043031646944852335
0.06172504392245672
0.1588256493464139
0.17263692054856372
0.20113207894398363
0.13806943481964248
0.10666239562523777
0.08665864866125493
0.11519425409188702
0.10019115929037106
0.07727633661531286
0.06508956809056068
0.06729750485282414
0.050225931981152286
0.05887064371010045
0.05564169142065681
0.06706508217716782
0.049193879850869454
0.053639070936159224
0.032651831471192994
0.04294268861350053
0.03050978349371929
0.04546349619715925
0.04870657492521462
0.07320287902686205
0.05165774371596944
0.038396298388872284
0.014146646526213747
0.009127809368510162
0.018013510602267406
0.004802058396050039
0.005464970748468657
-0.024631187984446544
-0.11006721609595725
-0.25797242604908344
-0.3948130509368478
-0.6642356156605973
-0.54158334242461
-0.22918313076175226
0.06651041023136228
-0.013406695697902603
0.007796849130601455
0.018375067801730764
0.015571553968943896
-0.01000795239007463
-0.02989484625880816
-0.006748413119741486
-0.028220613233438403
0.02242439269821561
0.005939174785777802
0.006722561245138937
-0.03617558516419514
-0.002126186534559535
0.0233329215684801
0.026907222785682437
0.0013602967037691807
0.018425878290343943
0.012022851543929021
0.013677736886884312
-0.02478984653122496
0.02282280050439824
0.014067095638236918
0.03267782302430871
-0.028927260184285385
-0.05564224573271728
-0.01991141567156961
-0.007623335987591476
-0.007891535294006614
-0.014058831449715913
-0.005789402899539259
-0.04839633974806776
-0.1025580046081919
0.11422628822973978
0.3519953156952678
0.40255833534116225
0.2121361048285861
0.1664600137038657
0.18005473655418872
0.16972171901435226
0.12730295881577475
0.06332520997511441
0.00971992408015679
-0.0036517927093402034
0.01612586612993094
-0.008847699905484592
-0.062328094235512194
-0.1432675013871112
-0.16255884636639445
-0.19827532112141155
-0.2623474228792909
-0.48021517899688154
-0.4241954578589437
-0.15649647611537537
0.07866039760954993
0.11869988405250216
0.09044984955859056
0.04621009728603645
0.036845363105595906
0.05030250697520288
-0.016987620415097403
-0.03780187105581478
0.04437252892877859
0.04419891520870643
-0.03609137523872926
-0.030231405231547843
0.003680339697405195
0.016233521721647354
-0.03430630981542906
0.012514523651642094
0.014165453980749903
0.0028120711983109174
-0.0128881184223933
0.015646176387746426
0.018312722377132114
-0.04322083555904706
-0.0432808382856847
-0.022479380567202452
0.029078250066520137
0.01474156796892383
0.017660637983246026
0.017813359980620024
0.006415513244695413
0.004560339828641674
-0.0371726508498257
0.003782230500949859
0.03549256347915086
-0.0017515235658323192
-0.12885334202193774
-0.06692740260213842
-0.020924576958349334
0.0193605727716399
0.00031939370792079583
-0.04403378507248201
-0.1091299841836592
-0.08945967902242698
-0.007534559203130131
0.15105371988652744
0.294937897564559
0.30622522316180484
0.1437995052304197
0.09015528273048086
0.08220466909522915
0.0816598571081616
0.06905854022914125
0.07496237766407952
0.06833029874278211
0.01845937692309803
0.008350604612488311
0.008013234131273484
0.020727079787621484
0.032565661347330556
0.05013791532579252
0.04247744354084459
0.03776137656963753
0.03507450770929499
0.05427876634970098
0.08278539405412337
0.08974324054688271
0.07969145849077527
0.06640882875132663
0.06326392625926769
0.039919294149704625
0.005764640665606346
0.004522516825010137
0.018018073143264444
0.03084001048817481
0.010824639123157096
-0.022915270271878375
-0.12878876644864365
-0.2495138236982244
-0.2991003281279677
-0.2911248158912419
-0.38487400906017427
-0.2977009848069268
-0.14921753794320183
-0.02662861872039485
-0.06910503814566132
-0.013573588933409242
0.01778953509286415
0.007809641338448927
0.007604430408635755
-0.027617040268047184
-0.010863499277644325
0.020531412258045008
0.026972726275238536
-0.010093354449968872
-0.020246582192359905
-0.00713824207458436
-0.015400986131338426
-0.016808221670213504
-0.01359243786835398
-0.002251973054576205
0.0012218328326377293
0.017060209961037815
-0.0028526233626052946
-0.01799112884317774
-0.03503342090669851
0.0028594889960024735
-0.0016115061981354095
-0.007860820271187495
0.01012114892682506
0.016455633860327917
0.00926997874976927
0.004675826322832838
0.027303190567634684
0.005986096736579864
-0.014830637757246953
-0.0038457534493698945
0.017759680261127515
-0.01968617095045586
-0.03502915637824793
0.06342252601735805
0.2326363451473151
0.3306867532716696
0.44258649975138104
0.48525772215648805
0.4089838003798593
0.25896247301321695
0.21496401945516058
0.15428840935975388
0.07919319641002322
0.03406113805372371
0.04090573339148662
0.034050687723046084
-0.0007988631960058713
0.02215090857825084
0.015938123572463353
-0.0004819654934370206
-0.022181315045108944
-0.03883107478430651
-0.03926624365021705
-0.008251000731236026
0.03398347809783564
-0.06768989851868251
-0.12213917720695786
-0.052373882398723086
0.031888049461019224
0.010111937969697171
-0.023675558821961658
0.0008824752891338121
-0.022667823307599255
-0.014011368852321567
0.030712602039801622
-0.003252520727642381
-0.029039242757511477
-0.021519481282832365
0.0469479299616877
-0.025299770222386952
-0.037892392555973396
-0.0838587175519503
-0.028087377911557375
-0.02587194882757109
-0.007114126888432269
-0.05238625151352572
-0.05247987646683945
-0.01780373082572632
0.01984332116000635
0.010119510377632845
-0.077843746984205
-0.08683278029588122
-0.09968467832699071
-0.12844536951628205
-0.24795957350578374
-0.3246200619025639
-0.3272599187148628
-0.3288699172082947
-0.2981296628376979
-0.18011195938268335
-0.05710638792558523
-0.04820146197211082
0.03944314877138415
0.08451686227968984
0.06894809587619663
-0.029631013201926827
0.008470668130159887
-0.023275432409240356
-0.03316033706004609
-0.08612293844088803
-0.004054319456549605
0.029322385767534924
0.003407958747382627
-0.01336396369906932
-0.007396670949640359
-0.006224976603653776
-0.025126055776657566
-0.01087984430836896
-0.008865272685113522
-0.015543572144628075
0.11059280410611487
0.00254286797329543
0.028417852303026382
-0.06941564575922865
0.03445027784604065
-0.0592953972086686
0.018627897094233695
-0.04284795426087627
0.06953573029642944
0.15322110093776756
0.3459073817093543
0.38696786365098645
0.4168327538484216
0.33347791976669694
0.26049803436483865
0.21506731027501166
0.18190206338091666
0.1518803927401757
0.10118125038831259
0.1095102071015168
0.081448875095959
0.07633963520737072
0.06516791893704703
0.0466214293085719
0.06432281933351892
0.06992228600708165
0.07223116677293047
0.03755263160644805
0.041985168648793085
0.015122525065834655
0.020426780098360305
