0.5427467138870524
0.6225023446700766
0.6877399345441041
0.7287022921760861
0.7488776661074668
0.7542294708786496
0.7626137089987035
0.7667436900242897
0.7580523048961039
0.7362568247128944
0.7147829464018519
0.7002704553186843
0.6994235872537259
0.7115654659428345
0.7319194018916853
0.7411178938895754
0.7052958478794878
0.6189233516226258
0.4333012466615425
0.2126899431849842
0.0629497959548051
0.042735701813526976
0.0601257906466678
0.06651455083359897
0.07129233810942869
0.070431633700797
0.06986913529220412
0.07366476241604791
0.07836393518962512
0.07552061671480922
0.07195384108521419
0.06727789506234635
0.1421975333461229
0.3053774124276504
0.48760095817429316
0.6030706980736146
0.6778731006924655
0.7327446758867849
0.7690998528056402
0.8093253038006164
0.834574095849093
0.8516181496764987
0.847516155785233
0.8382026613135197
0.8154616686182071
0.8014286181575092
0.794763716924483
0.7832720383222656
0.7645476768151156
0.7405508373350463
0.7261077321578514
0.7230754310929158
0.7172383256225611
0.6894456775685189
0.6262985104806973
0.5381283757588061
0.333558735875328
0.1349392010760774
0.027532433037097997
0.04189352873205141
0.045235599531353046
0.051279238064976966
0.0536825101947057
0.05305310468733875
0.05162189973234635
0.05627067591607387
0.06202925716996623
0.06034337504720793
0.05798210408421511
0.05676783493358769
0.0604298631548686
0.11509107649509037
0.2622347569477883
0.44464960276674587
0.57417012968791
0.6455782797819386
0.6961743118708045
0.7346564378503017
0.7606049051933239
0.7748371571357556
0.7878164024047938
0.7886747036991416
0.7908281040395023
0.7887046363585747
0.7958809062506432
0.8024352156780612
0.8052659477879641
0.7981229897964398
0.7904349621926284
0.7907986559934694
0.8005311988026825
0.8112513714283472
0.81391487475917
0.7979247839626536
0.762841696128764
0.7080638461624835
0.6616283420343144
0.6282546523241138
0.5828707771105024
0.38653979442826414
0.16318389884505308
0.03527417295426579
0.049814444486908895
0.05368181554682009
0.055148028356962815
0.05728475791174601
0.058501320385986315
0.06395106280211293
0.05620336489382705
0.0543979465445676
0.053241084565414425
0.055848740144430344
0.052059309647982825
0.13376735002493678
0.31169492944029953
0.5183090233866238
0.6690165986644889
0.7764450254154401
0.8559904123058216
0.9141348336506298
0.959856006915417
0.986285093483149
0.9984577403773504
1.0
0.9931518336114189
0.9780089822056608
0.968617177924478
0.9561319630970905
0.9451161203430412
0.9353177584339479
0.9220714597761466
0.9071012851188204
0.8983502186646505
0.8834531597987001
0.8546400907777657
0.8162057446015049
0.7553219485793826
0.6549916331382968
0.3917879201275866
0.13074143022463258
0.002078459007516668
0.0422526139926571
0.04829359858189875
0.043229223697409856
0.03843374603433037
0.037009140142923676
0.034632556789603884
0.033482819383161624
0.03792298236318633
0.03960629013790576
0.039588225630523693
0.04296430364129316
0.05083642235081838
0.06781734314551714
0.12280791045891613
0.23907671824791304
0.38412470180602165
0.5155030487718818
0.6135474759300966
0.6847715782173315
0.7319156089107989
0.7466273762791235
0.7342787619794853
0.7127061220818884
0.6970466774668062
0.6895320024665531
0.6842891731000472
0.6865095811647393
0.683249491409598
0.6743244134923344
0.6657712105831636
0.659204478656043
0.6581941686008732
0.6513439120521203
0.6545141704581459
0.6420009069191113
0.6270430505498525
0.6054254204207286
0.5873100886154227
0.5534200515471426
0.3807766241967397
0.16632724698979515
0.03253236307958604
0.04368194742873711
0.04025461158633702
0.04443519337728047
0.04681679137848558
0.05228866399245265
0.04795649194807367
0.05241057345699981
0.051251723228649265
0.049600434407249115
0.04981199029738051
0.05514998460193038
0.060535589865946766
0.07030639752881017
0.10796465870530758
0.21940788902320996
0.3866704976396807
0.5610458395101079
0.6984524094796076
0.8056706003155136
0.8764494246840588
0.9097986063714535
0.9301940046542287
0.9390524897358193
0.9358604507034423
0.9290696430761441
0.9353346486194284
0.9404654744717783
0.9299805412768419
0.9113593821847357
0.8934707530333975
0.8852605526417688
0.8769255057941613
0.8602955664864993
0.8226417144403209
0.740771771178618
0.6325509437138955
0.4622180938315715
0.24755290623918158
0.08364884950699819
0.04014674261493859
0.05323242271319958
0.0583257010725326
0.05771246254617528
0.055190600152498395
0.05020785983632363
0.05301579594265911
0.04864119343301727
0.05159372922559991
0.055024288282952416
0.05890801443656966
0.048205704580600875
0.0352462220763018
0.0255941956076875
0.030023065462549358
0.0918770435537776
0.2582117531842212
0.4517954257964449
0.5856411345812541
0.6594874007685197
0.7217309308999217
0.7537859453338116
0.7578563408147959
0.7552907568611945
0.7519786433210548
0.7445632748252229
0.7410358628922965
0.7389231814235184
0.7346169368334655
0.7249744579961886
0.7198141409907661
0.7141699690804342
0.7080876793060689
0.701093759264189
0.6998170855943916
0.7044193889670121
0.7149524340751926
0.7260240164670437
0.7271873182640389
0.7016011328830059
0.6327672762725272
0.5274684478102672
0.33164216313452627
0.14296070124801014
0.044284636988952505
0.04578405026206151
0.05133845226838187
0.05136584040333469
0.0585079369643392
0.056184467127055056
0.05770466559143498
0.05140995262592936
0.049765274005577634
0.05199609158392921
0.05414542582372068
0.058325086922515
0.062374274062267095
0.06728049150640936
0.09947450543599669
0.20702251031405747
0.3630310039407066
0.49864880043048204
0.5758919002035319
0.6172841376112281
0.6476314387220985
0.6688217887909031
0.6823332266058667
0.6874095813200639
0.6858380406973047
0.6820250543858343
0.6760310721512884
0.6718944426602212
0.6683879691389674
0.660768340723502
0.6543184295487333
0.6460264476003841
0.6450791693508485
0.639623889619451
0.639814687719711
0.6183902390855671
0.5737319621509639
0.43825666166952143
0.2432942181536217
0.09098040688915926
0.050523576828179484
0.053904870986158156
0.05450097252709241
0.062282278574244655
0.06222408838720008
0.05154031977767929
0.047739628620574494
0.05256743045406796
0.05849478245536412
0.06262019556329794
0.06505327334919901
0.06369733692969905
0.07144222760215209
0.08236222993193908
0.10688842317927057
0.14187011257179538
0.23889635624058278
0.3660961104772466
0.47824473357844766
0.5256631326616188
0.5545996068991559
0.5736230458798579
0.581978113510607
0.5758323162209985
0.577323282006645
0.5822760135739092
0.5863737309890341
0.5900646242667441
0.6003157203894924
0.6097643773504421
0.6105469940662211
0.5987012633945407
0.5946694486640778
0.5924140803872476
0.598726551366483
0.6017139948634971
0.6116969564439714
0.61126615642979
0.5911161939493974
0.56575585839941
0.5458731033476938
0.5144299081107956
0.3835568975111762
0.20870459890540843
0.08393382896958639
0.05655595113036932
0.057166327380614855
0.06368563166904237
0.0710333345856707
0.06902723557389455
0.05985532334727788
0.05261787224443498
0.05820014660487469
0.06476216135416067
0.05866775551719653
0.055212975508987544
0.06442991126634233
0.0797281791597506
0.08361896365497422
0.08398665664957773
0.0909525869385408
0.09810227457765361
0.10365586541157477
0.14161534609818593
0.22225164119268823
0.32374276637519334
0.4106116718475824
0.47812896418244116
0.5186783610821519
0.5422005028503118
0.5608896001360123
0.5719922845164892
0.5833933953878554
0.5911735896107253
0.5949014227959987
0.5863033962562325
0.5764359264343519
0.5628286304228168
0.5495994780542599
0.5395271381418796
0.5311760694728297
0.5236696609348737
0.5249251981217941
0.5374799825781442
0.5455595818463915
0.5502964637488156
0.557334731082212
0.5736843452655601
0.5745122149064924
0.5524928723962105
0.5011792158026475
0.4158153091522955
0.2619404767251337
0.12601257735685958
0.06314121460244095
0.07163302292441638
0.0718683303875386
0.07738064426950189
0.07725798298985821
0.07417197701952132
0.07089614310465323
0.07295304300138718
0.08583380480124288
0.0896874137838457
0.0963627022932786
0.10498147629723084
0.15846401179340774
0.2589745593119697
0.38537274816655176
0.4799320491954491
0.5301981168473083
0.5547359799906261
0.5697744525361819
0.5847300599257613
0.6029477739132191
0.6346901544000886
0.6633620772660084
0.6784890343554196
0.6849084238199035
0.6860830525315083
0.6798335124661634
0.6710774955710328
0.6771022065939737
0.6828415100758775
0.6823426924180132
0.6777786124716911
0.6737432487174538
0.6691983316269836
0.6610451489668983
0.6527547522485064
0.6491045731352011
0.6479432169014621
0.6273495885849816
0.5749260879030784
0.48202359210011514
0.36523479107788537
0.2172249218877105
0.11987231688143928
0.08201126391142025
0.08374417132354674
0.06764850601221377
0.0573501406617505
0.05381987015772581
0.04766522862359672
0.05617147860752333
0.05706127302670005
0.051719008797896135
0.039128535921322566
0.04228209190273226
0.0459307662238592
0.046283648798546094
0.05124163570299048
0.05967714909450337
0.06655339825885385
0.0848964662979441
0.14016426613103436
0.258832520844489
0.39155484125520496
0.48321985483975305
0.528662467694157
0.5606579608730665
0.5892517732359327
0.613253747535263
0.6377134712908088
0.6590056746890628
0.673254875739614
0.6850556625995831
0.6845359306988321
0.677863892070168
0.6802469385620488
0.6875602966969808
0.6945115903862994
0.6959821728243375
0.6975208675554174
0.7018199846254425
0.7045037072854254
0.6852964412713554
0.6157428656343582
0.40817527217988353
0.175084085634336
0.033746299314700974
0.03203871865061133
0.028004358983459703
0.03373849708720148
0.04201259970832679
0.05718733783532642
0.056283164816510835
0.06425542664362878
0.05823871312731887
0.05043380690613893
0.038868373314644725
0.03445991009929277
0.0249839818178707
0.019949681487797667
0.021694722707033456
0.03073721417972143
0.1156105741565736
0.2861875151382728
0.48193949566422356
0.6109754349602808
0.6862217264901656
0.726495167803097
0.7575663842283223
0.7845320210564157
0.8031889781779208
0.8121415551747484
0.8114806406852647
0.8059816807451432
0.798911083806027
0.792563030196473
0.7850331532454141
0.7794601272273443
0.7795614705915237
0.7739863111699028
0.7693980178875578
0.7721251134782722
0.7889678306922765
0.8040312646530273
0.8016926161767263
0.7262291952244364
0.5211273073045144
0.25041780635033944
0.08167434134706993
0.043500521507431986
0.04930657527652693
0.03868487430628775
0.03883021160284187
0.03812675211141475
0.035863060979235445
0.03277198300431722
0.030647122154453376
0.03047140393502461
0.038449589863133155
0.047015423658757466
0.050626763562499205
0.05177012955051216
0.05865975097688414
0.06481258247323056
0.072144396208927
0.0977918522507345
0.1448370700894654
0.20659704665083947
0.28912637827612897
0.3890667052773203
0.48147932431174034
0.5520946787096127
0.6022764016675766
0.6474312004911699
0.6808903461061162
0.7063244862157099
0.7156595304419321
0.7112582436446175
0.7031702237229872
0.6876042052360677
0.6772640399644875
0.6680244404482852
0.6865407403652722
0.7024446393740378
0.716880907733997
0.7208966457800713
0.7279884205891233
0.7180121456171511
0.6905652439245032
0.6477337982755249
0.5818229731804284
0.3811508156557494
0.15939321126817949
0.030496252286881072
0.04520575670539754
0.051741452627299594
0.05525246751801557
0.04841067867464574
0.04371646393690861
0.0413295676036087
0.0444240260820975
0.04224892941851316
0.0453539762630187
0.046219504180589455
0.044908046592342585
0.04359626790417874
0.05045972806143101
0.060854361244836896
0.0782721298108746
0.15706027941702913
0.31084036384207386
0.4665675511563909
0.5617396121333214
0.6128417006413949
0.6652784673971788
0.7146188820795175
0.7603123517893989
0.791413676813504
0.8044377748260022
0.795455860633227
0.7788103434797078
0.7580419844513857
0.7553284091928757
0.7480617312107462
0.737381600317998
0.709792584983542
0.6925486015158032
0.6742768349833471
0.6578372036200256
0.642132007540288
0.6342539251674807
0.6009075082024541
0.5300302126052041
0.40486388566428516
0.284135631628192
0.20194699025910318
0.16101432207343122
0.11849055942719222
0.09120985715425853
0.07098627365049542
0.057764697704748194
0.0410358729598868
0.03667835628358057
0.024028294504192003
0.029670906724724267
0.03317389716485249
0.03866848815812467
0.039373511748725123
0.047625207637885116
0.04424424299722778
0.046589025403767075
0.05330884415625294
0.06461309113417614
0.060007866224030905
0.058840623844656464
0.07872098834522363
0.16311737372846996
0.29687774163069275
0.41737329050750294
0.4828727656244424
0.507660201394294
0.5211446205222037
0.5256485670587625
0.5337719371440838
0.5436308558654183
0.5572453908134424
0.5689634426696027
0.5861496746718271
0.5989284792560249
0.6106693223086381
0.6139738554132435
0.6153355413505072
0.6163994968824613
0.620856971092948
0.630596440135751
0.6380074403591547
0.6357934725363962
0.6277260726602065
0.6294940093616671
0.6364118188433074
0.642758625225822
0.6471668921049741
0.6410202654507973
0.6194792962100477
0.5747825728722544
0.4484133908139835
0.26896828553911606
0.15184901725983205
0.1156066425222158
0.10351557853781573
0.08161483161562567
0.07331023229436019
0.0678370636363202
0.06788467816874709
0.06999723783121034
0.0671871108437487
0.07085023988539382
0.0704134338073502
0.07151381518506264
0.07731336516401897
0.07886941562671508
0.07252999315488894
0.07129386395662635
0.07897391734118711
0.1029094083312866
0.1673483015325533
0.28381770452080446
0.4116258032971883
0.5111963068882891
0.584451149239028
0.6453223886032265
0.6952199834841545
0.7204125578937061
0.7314891572097499
0.7341455064884137
0.7358786713885381
0.7260083398423716
0.7158032934676567
0.7124996413945057
0.7165191914202134
0.7204499786432568
0.7298197131805495
0.7352971087804736
0.7357529892735957
0.725737801821953
0.7107060273385295
0.6813184481515766
0.6462283551187171
0.6100931830812045
0.5639883762361798
0.4128247804213361
0.2035575813593937
0.05587128689708813
0.047152930533596565
0.05831556514989772
0.05661277028563404
0.04755969075309412
0.05089729884525965
0.04955748801907889
0.05034062640790205
0.052812282345211785
0.05562593661521917
0.058656829432380354
0.06632055613901429
0.06285063130405036
0.06581793245271896
0.07949221238441401
0.09276112986015185
0.10552332899241242
0.14905584931067314
0.22016420206442705
0.31779811773765454
0.4143348949146697
0.49928598720908113
0.5604530518792682
0.6032009855157436
0.6318112175778635
0.644738502689675
0.6551284192589899
0.647151769219276
0.6494230382764211
0.6515963520716496
0.6607596982088666
0.6616401505487239
0.6669614173774371
0.6691001287526112
0.6720085807809457
0.6701439975101383
0.6707360119330114
0.6642756401553322
0.6433148603366186
0.6125839851637376
0.5762539287286833
0.5293306885272874
0.4803342804811208
0.43471472998130156
0.3865862924821026
0.27309402209496897
0.15040477878619335
0.07742018409755569
0.07119515415681625
0.06852467706492754
0.06356006683216366
0.06059331933977067
0.05532308393476627
0.05128509499019527
0.04539313933776394
0.041710576364556134
0.04497007416650385
0.052188111817678184
0.05275174241601163
0.055547748287011645
0.06524785671974798
0.08080984479019777
0.081565569875319
0.09652912621897419
0.1684373024437014
0.29338564496089814
0.41423336495968943
0.49994678919835567
0.5693003809781099
0.6209258200774171
0.6522679469159381
0.6660892023131685
0.6758298880583072
0.6842922179878153
0.703364956073054
0.7184951079972693
0.719887218743926
0.7092822013869067
0.7039150348871026
0.7014883001474455
0.7006485886692485
0.6991271536145072
0.7004971235574955
0.697987352022175
0.6875882599521809
0.6793618477129028
0.6818332987087024
0.6813375831201685
0.6678189839825609
0.6562571517567473
0.6388203349368862
0.5965124544284593
0.41982098681804614
0.20919008006142886
0.07095197351838556
0.05584961115885058
0.045195477368296114
0.04253615950823439
0.03628182564902654
0.04304496437491806
0.048580297564428325
0.059597106045973604
0.05602404240401856
0.061147728104598995
0.058937239795555714
0.0659887652608359
0.07921580276098002
0.09201395220855098
0.09637890068133786
0.09746338312999077
0.12729994474332015
0.1996088176349725
0.3137337101998795
0.4229800566764367
0.4962050705279149
0.5349444782765491
0.5524082548513973
0.566543156605354
0.5823432794867713
0.6033220502491942
0.6226485777905123
0.6404046118794399
0.6590950395446047
0.6702094181208896
0.6834273980609167
0.7018151714169629
0.7214185070592813
0.7415519336265378
0.7573699643439398
0.7651038727036356
0.7624767124232751
0.7575282179718207
0.758405968049572
0.7651644347810769
0.7619416199927409
0.7017053635194899
0.582421342208685
0.34622426481058516
0.15276969293196951
0.056756815483703246
0.07481037151359665
0.06567720913774454
0.060316891852275144
0.04830801285628254
0.03755321567156574
0.03579597675420981
0.03730857538584237
0.040536036044998724
0.044868509038947825
0.06396200672250164
0.0748978733904285
0.08917119600414765
0.1029991246053573
0.12972420416785796
0.17788557663090215
0.26384222930738427
0.3487735714787475
0.4071016963715263
0.4497008175772088
0.4908513127016414
0.536060657113678
0.5726817364694637
0.5975706298363922
0.6090827651505728
0.6232230733884819
0.6343126723561909
0.6549606083028298
0.6708958387806067
0.6767303405055947
0.677253807342075
0.688114882862789
0.6877524757673796
0.677655432930429
0.6727341520689885
0.6843511235128711
0.6898846695238955
0.6936946926892971
0.7063539420690154
0.7079873792138427
0.6673200235156616
0.5838447824514225
0.3978039136161953
0.18767885716655514
0.057668401643427854
0.0500038695374128
0.054458024310664634
0.05328093317250327
0.05464446717160943
0.05017734028327791
0.05023270988070636
0.04425552388625869
0.04367760740942305
0.045048833527056485
0.05731685150482772
0.055454987761123745
0.05484626165696467
0.06766975657998767
0.08608048619164038
0.09335922696092588
0.1313856215704177
0.22481869119134962
0.34578466620618054
0.4365435142814316
0.49919363400896805
0.5538868420450238
0.6172925215089169
0.6658896659750702
0.6879344759938474
0.6894385055703701
0.6957185548693584
0.7082234356542892
0.7283988226879887
0.7467910862053504
0.7644736973948347
0.7723284908735853
0.7735902328217765
0.7766888438800676
0.7819764010115604
0.7901784787198052
0.7979221200779688
0.8006712258777865
0.7617462296367565
0.6839972080261039
0.5886054719671476
0.5237539755748283
0.4967924565250512
0.48248089137795513
0.4136619837786086
0.25446006009581396
0.10974724318998459
0.043746617110722426
0.04428794686738386
0.03184162283039261
0.022300529726424177
0.018708590254931202
0.027862013854801207
0.03612930239106971
0.04166851524398329
0.0513448546844428
0.06625875811980095
0.08368665444741015
0.09447523763744226
0.10244561353736863
0.12831954233394027
0.20060504605660617
0.30804992470151876
0.40473895758022954
0.47116855571740923
0.5109942585343372
0.5460751023202227
0.5815444416123342
0.6220716308921294
0.6535485128113784
0.6706153810501989
0.6693746859246807
0.6665811014409342
0.6600465892925651
0.662119942490652
0.6666043422982655
0.6750662597356313
0.6709966912768951
0.6710989498203662
0.6648892015414737
0.6673615752884253
0.6613977209541814
0.6679973179470986
0.6709335267180688
0.6684321070984611
0.6274498336736218
0.560742745925912
0.49997136119282715
0.3989346909076127
0.23081137001882696
0.09102216594474812
0.04464749217114003
0.045142177591538026
0.035428167099015716
0.02577547461990732
0.0212944802762178
0.02615844868145577
0.04299397975576746
0.046743465726461514
0.054278745648460885
0.061093526217202564
0.07593133620395826
0.08629890822120015
0.09401995021782719
0.10251194577517142
0.16624137916392656
0.306433591821486
0.45954316835027115
0.5538999503738115
0.5971330565630665
0.633135814494631
0.6584719944393732
0.6631969308600253
0.6621928863531542
0.6650988861151039
0.6623073976301496
0.6532298641175034
0.6409153363068651
0.6344400252974591
0.629427565091817
0.6279205635581958
0.6284604865402419
0.6296337139400835
0.635432811485819
0.6346412247593697
0.6300509386906207
0.6164542904099025
0.6125275725880412
0.6105345407532219
0.6067682584446175
0.5899961911139906
0.5503004199863369
0.45916304797439933
0.27115333084850496
0.10951099875932235
0.039003124129717424
0.049207868219602845
0.038562656079343546
0.025568394335076357
0.021538337248067377
0.01858476693344996
0.023316334235994485
0.01676892097974068
0.02590130113349955
0.03238542906935019
0.042550761578810374
0.04230786214818483
0.055336349776134754
0.07154379601537879
0.0929700386356242
0.12823234434776223
0.20550600761247975
0.2964668804025173
0.3723767628082399
0.4180609906114319
0.4659871936671603
0.5070630291458847
0.5430375645386764
0.563326940728799
0.5775969749098739
0.582748082545986
0.5922468463424775
0.6021001212260991
0.6097626793212864
0.6124082368225034
0.6168653850166921
0.6163143953598067
0.6090604008652772
0.6092204085534266
0.6185239753418137
0.6241420665909796
0.6251400342869561
0.627355537464026
0.6309702875682804
0.6330140216423031
0.622730289825449
0.577412837050277
0.46330623540091087
0.2633893794730162
0.10531691279546897
0.04194357874665439
0.05653753771871335
0.03693611018128725
0.026519191631295676
0.01527246395015038
0.02478900175939104
0.02492874327462207
0.02523992235227403
0.02457235254961001
0.02932349030151852
0.0334508222776998
0.04507581142885124
0.05626192622743339
0.06248154246051899
0.08004536510799128
0.10314436752338955
0.13586360444098003
0.21091823572798862
0.33382558264579626
0.4389688772921225
0.501658602395773
0.5416541067896435
0.5678435183744974
0.5764023443445999
0.5765645189041269
0.5799737807040447
0.5824520855274945
0.5909081689953449
0.5946912361426342
0.5911046251016928
0.5835198418265737
0.5859435740332736
0.5895871740830013
0.5896604461705905
0.5956168797004807
0.6087562660182049
0.620279723692695
0.6196355649630592
0.594150526958567
0.5343372266401056
0.3959027486519375
0.21641586898398832
0.09300342692232891
0.06321466084702695
0.0645996756892498
0.05600254862295887
0.06447429516651647
0.0720812629398603
0.07819146815201398
0.07372439014368887
0.07406872232103977
0.07625283015741537
0.08370690281432933
0.07724304114215332
0.06864580485372604
0.056045641108171826
0.048385496016097464
0.0585653058885907
0.08396993242819606
0.1044876951413709
0.10023983020698704
0.1030047925340702
0.1447506253942867
0.251846205146171
0.376867662608344
0.4616608922924086
0.507049166006338
0.5370936272507129
0.5627113053507091
0.5830228322160017
0.6048081963129005
0.6148462419862615
0.609683809037273
0.603633900534868
0.6035369327410949
0.6047117772246321
0.5996282395108175
0.5973278818754684
0.5963615185697537
0.5941980574922989
0.5979845966633827
0.596534368490894
0.5862077391312874
0.5509548526843357
0.5010437486505809
0.42537432331715974
0.3257207858912723
0.20711529880619375
0.11044531518002919
0.06100863205612342
0.0399868288068505
0.026842447039851444
0.019121221101914932
0.0190545742091255
0.02405204237699287
0.02484607795642605
0.021333322966782056
0.022416238663128554
0.029702174959173325
0.02426102878880157
0.01362487125729482
0.014946931742468465
0.029242847044366645
0.038664243248883234
0.05469974210781711
0.06740274194024276
0.06920082427222807
0.06983205414924154
0.08807488611744725
0.15629573856721216
0.267457688239401
0.38931947994625543
0.46744191733658896
0.5097674206021136
0.5316429568484344
0.5471888679776983
0.5582781152782864
0.5712887826209306
0.5854864438423172
0.5957031802475179
0.5992632040113129
0.6051630233569255
0.6076717640557118
0.6008713683187472
0.5913880767642008
0.5901096382171119
0.5950043206035683
0.6076299185010262
0.619762442646818
0.6278131311000236
0.6287328588446185
0.5900818856327826
0.4982505187703022
0.29315059802067833
0.1276788907939154
0.05513645883971694
0.07676964316346807
0.06695510736477768
0.06498214949719097
0.07266871370867062
0.0783160676709369
0.07536749369720437
0.07642513706196671
0.07338755317838487
0.06823380838623697
0.05911806556064774
0.06904206168696825
0.0688562511486432
0.05834758037322317
0.056543475285467944
0.12100157167004848
0.2602202178252297
0.4061581679378498
0.4957415985617736
0.5379780146136233
0.5729461931205617
0.608247335820581
0.6360981635571811
0.661603138513108
0.6769436925600131
0.6838740392771335
0.6825608014624676
0.691235647538504
0.7018864123889852
0.7039596375409831
0.6909647293344433
0.6754657753902289
0.668131006554034
0.6667286302386033
0.6649334068409459
0.6374590867686423
0.5900863274269877
0.5360140031139791
0.46980453839158287
0.32289547760563847
0.15285783208285622
0.04416850352290375
0.025756458191666987
0.0269417489975263
0.031455851706364224
0.03456989995733054
0.028984692183295583
0.022409634319738594
0.013064665345960838
0.01573827309084208
0.019429572660960428
0.03122242403759327
0.04194444159339861
0.04864971043053654
0.049365562975754895
0.055671643765541345
0.07351845036724627
0.11218448717656714
0.2050695638477366
0.34554377023921035
0.4840855897140109
0.5851065549030964
0.6552325350944733
0.6949951933476234
0.7046399207413262
0.705061113087033
0.7179153189856895
0.742499018464764
0.7647384707727316
0.7867014257076951
0.7830033514374739
0.7669641302663803
0.7511464666929182
0.7516291799434204
0.7470965110614263
0.7424762304876975
0.7163461773742117
0.6716268943107563
0.6204081974137848
0.5661850143917815
0.4902911727149402
0.31048015711687127
0.12976469821378184
0.024391890126660907
0.02612899647254508
0.03251971565712126
0.038162245173855094
0.03821789203288264
0.029626142290658623
0.025853760797780963
0.0191286666165638
0.017639501038493162
0.015783530898179687
0.02946875811027512
0.05661307684828123
0.08601317301394316
0.09565964455525369
0.09564131978375985
0.12343256440770242
0.20353175546316066
0.3310365202061563
0.43706305176794136
0.5011801037394361
0.5334660970188397
0.5549318940354568
0.5743868334316792
0.5851416288457266
0.5928485903425017
0.5895523350888145
0.5777970067034174
0.5788614920321451
0.5871884129088862
0.5952047247571255
0.5878393501712409
0.5886000984144978
0.5887427309293674
0.589824362681589
0.5926917021892291
0.5928534502687276
0.5633836869340539
0.48974229213745435
0.2924808336664835
0.1107139694909274
0.025684182608426094
0.04332126606298716
0.03832413300982771
0.04294903601728345
0.0492811808688064
0.032381291482709046
0.02055816711087392
0.014397154964224244
0.016889097116254387
0.021409026319353326
0.028292837453231058
0.031103764949148145
0.03819142514006961
0.0600526879722426
0.07074553750158491
0.09792786390835545
0.14280341858763784
0.21412541785008404
0.2661069586620583
0.3058705766424195
0.3373443821057665
0.38111586641988215
0.41976488992291866
0.4515657933891272
0.47486793950990547
0.4873436822524832
0.4851960942130333
0.48303631934108543
0.48114932786896975
0.4800628792591427
0.4785954814366059
0.4844116233342431
0.49112514518027606
0.5005744922419386
0.5054873628274977
0.5127309936989715
0.5256199330609785
0.5409768227785928
0.5621272708878746
0.59008799389943
0.5994476079042321
0.5657437097989928
0.4038822781811004
0.20298964876910247
0.07177199316119397
0.06450933104016432
0.0735833849878989
0.07525427081320796
0.07534766636549217
0.06837672936748748
0.06508828805817116
0.06943806404743658
0.07993692147996168
0.08448168928797167
0.08533685590175143
0.09092417371494112
0.09466834695481569
0.10486831076729891
0.13832936283689715
0.21911576850905282
0.3260032466803534
0.43129109937752785
0.4844467332004639
0.5025634131588177
0.5121810562874288
0.5351287296625834
0.5585697388712996
0.5862307816337241
0.6042318087771068
0.6074456172049795
0.6015772372143445
0.5953022177408027
0.6018825484593437
0.6077666998084982
0.6126430968875642
0.6098048599015722
0.5949776205537405
0.5429248759550573
0.47031503475151537
0.4317709585192225
0.42213538762613545
0.42456625539680043
0.3627422545077795
0.22166622220244397
0.09696814252781955
0.07732595317024066
0.101145590534495
0.09489344378698174
0.08429530378543118
0.08658433649263558
0.08997951535132805
0.0849016263603096
0.07905252254383098
0.07808204442598303
0.08381617209654596
0.0879376444718262
0.08919007110529108
0.07976558936061028
0.077378652609468
0.08575354968286784
0.10849454478711484
0.11387703390324797
0.13653827512147115
0.16195922093924264
0.2415985266155109
0.34101576419233637
0.42136012815858315
0.45777842861039975
0.4890081152985801
0.5127833085011579
0.5131742932098433
0.5201196708811464
0.5340849624589811
0.5404356842547835
0.5373752512589497
0.5353838283337139
0.5382672545159614
0.5423670185044229
0.5531957797721179
0.5600403834901602
0.5655421903218908
0.5673079089280437
0.5702606008944252
0.5741716287262587
0.5793661190417505
0.5814675425361201
0.5861188529970395
0.5854939657247931
0.5676984819115937
0.49790619615775583
0.32215681144141334
0.13768109172653015
0.04030400802164716
0.05030218973554107
0.05797385380439897
0.05699329796198789
0.04764680149786966
0.03472009158759152
0.03370089412118891
0.04220577985341197
0.048442468501333553
0.05793025029310211
0.06826565152767577
0.08585348863917167
0.10167482906865966
0.12817724193716443
0.13343648783687467
0.13485468926584976
0.11636635097506502
0.13577751164581114
0.2142134011660128
0.3567610760372437
0.4469019402722276
0.4810952767477711
0.4898317113889845
0.5075304650861472
0.5244451035503119
0.5387596589473856
0.5541590704008352
0.5609904907274014
0.5657739225949355
0.5710903827002615
0.5827140538408495
0.5885108105501976
0.6006451843389002
0.6158638106616654
0.6284911161503345
0.6281957297244384
0.6327802690940174
0.6386588218910877
0.6244100699345889
0.5795355551248729
0.46396110148782743
0.2676124774780193
0.10231760083408419
0.04609617739729225
0.05723963081837939
0.05850915589348469
0.04833635142937188
0.046043998152133496
0.03600756302991928
0.03656232279200787
0.03632817675282215
0.025068824176382686
0.009085193345004098
0.006304861722455958
0.023337487376757407
0.03897481298344938
0.08045663983822264
0.16277416084677948
0.27831618832716215
0.3830034344719507
0.46798888182319487
0.5287715038834386
0.5747262712460879
0.5920631318944998
0.6016550819681278
0.6090412416845419
0.6199725587624654
0.6350138847952327
0.6510655233242106
0.6570824531707135
0.6506291383951494
0.6456336147076753
0.6527004631121249
0.6726119085868609
0.6944546717700821
0.6886925692021136
0.6308247044626093
0.5362926685099711
0.4201539121770299
0.24252204161071547
0.09474300507466987
0.02711565515629998
0.037694612223854194
0.023465007342761593
0.019098768129412136
0.011421664159929214
0.005801230741504858
0.0
0.005257591329802466
0.010058427695152016
0.007646092677644904
0.008956348382510115
0.0194317067122462
0.038727617716646845
0.05661100074511926
0.08629314116799264
0.14726409148087552
0.23774374740278195
0.3380032229129801
0.41496259953123593
0.4656035737742514
0.5037181675134097
0.541458752623521
0.5764705457303667
0.5936453933358475
0.6016904330137782
0.5913401797408846
0.5878704818949348
0.5783625239991704
0.5397543536511888
0.45479212713804956
0.3636499788895504
0.3005981580922792
0.244547316446704
0.1589939682680921
0.07708076806844215
0.04998271080342442
0.06074612863248215
0.06912075202116671
0.0709845352546666
0.07625242107627143
0.08590586946467849
0.09523962680386121
0.09972612641647463
0.09339708515519489
0.09912945397734117
0.11112423802471548
0.12384339506183217
0.0904885957462487
0.06565303388236755
0.058349351974218554
0.06600745284787635
0.06671588640796981
0.07332792200705013
0.08420357251112831
0.1181272448321449
0.18526262595956272
0.2474515897150776
0.3024210648425967
0.3665357955948132
0.42649955102095305
0.46337560865750044
0.4751254898704855
0.47782035257866873
0.4742396810204284
0.47477538377243583
0.47669874189504113
0.4809209304151685
0.4797938809118887
0.47851212841194396
0.48776355397572974
0.4979296475717692
0.5084892986065478
0.5152872183812821
0.5267633940421559
0.5424351512356472
0.5327158419196507
0.41542016308189095
0.21941528254592121
0.07665182343147298
0.048169880106265245
0.06046186841502562
0.0605992918990601
0.05851681830365109
0.04836476502801946
0.03791866953754636
0.03654482373726314
0.039571079238454175
0.04438057230338386
0.052585564973098874
0.06496053408573534
0.06305424220772449
0.0700236342672896
0.07975644871852565
0.08525665876167704
0.07983590271234628
0.08084264361009462
0.09939810780554985
0.1727619699196585
0.27930377389045213
0.37927053822194856
0.44861410486010256
0.5050494691306963
0.5438376510547253
0.5736089991920871
0.6000477240254092
0.6103333653269772
0.6117943994922411
0.6139814896311067
0.6193622377737789
0.6114520889028845
0.5858209671666812
0.5493714782329547
0.5232643463279919
0.5235530798042586
0.5389749953374506
0.5560039841932785
0.5748556277953948
0.5948640590337771
0.5958248637956242
0.5632231794938299
0.37688395539685043
0.1516152062097015
0.022699775803648067
0.04725821233445282
0.06253679591105532
0.06423848561720194
0.05750603496234224
0.05949227874266118
0.062322966551854396
0.0665794911696231
0.05426912894114974
0.05249511576640908
0.051686409714400604
0.05679388040499145
0.05679001155847431
0.059101311704555806
0.1243940683539332
0.27678793479808594
0.45498595066238595
0.5911422216854114
0.6948580815388229
0.7880653314578777
0.8563471725740226
0.9039881573554968
0.9313458814116626
0.9540558105659872
0.9684307157456896
0.9747562749168379
0.9720403171699811
0.959036618608284
0.9277765079997101
0.8941533430702558
0.8652580392938972
0.8454475243134749
0.8318447186988976
0.8302725255129317
0.8194930202227225
0.745143637751295
0.6161478969680676
0.4331788087371694
0.23486080170004148
0.08574416488801824
0.03494264225233525
0.03929892471875179
0.037646347506687355
0.041533760155773425
0.03861289157867444
0.04011333511047216
0.04069690242679721
0.04047931706944718
0.04521516027861654
0.04855357247128898
0.05516852233022664
0.04597628277369994
0.053294496755956246
0.14247233160531048
0.32884756943900345
0.5218369274803412
0.6411603629021788
0.702858929737002
0.7466514688422039
0.7897147265771529
0.8265739928375826
0.8420285870799334
0.8435528652768449
0.8472272135273591
0.8544501790310894
0.8604098336247169
0.849969697509018
0.8231087768236354
0.7855420542446004
0.7619828824467572
0.7516484373892722
0.7394024967327846
0.7151286212780377
0.6695443264657887
0.5959337971569053
0.44619170656708795
0.24307887050197946
0.07665144564884557
0.020904337174876247
0.023765266042149364
0.026214742294282053
0.025586115648930145
0.026535002450628505
0.02243924854097318
0.020857459797802427
0.02471759063884895
0.023257860614435025
0.013854184176921396
0.009753905500303908
0.01691054880944294
0.023227075544470635
0.027271697922553365
0.054829827534618056
0.1358935279937224
0.27933301429065555
0.42084374140319164
0.5119301121191124
0.5484748163244588
0.5740761717821603
0.5996917612607264
0.6219483491648053
0.6411198550911172
0.6504428632358329
0.6534999339301443
0.6545974437755604
0.6635348928197399
0.672675606033731
0.6726310328153822
0.6617018222530847
0.6477499185058206
0.6333561860028436
0.6149154450255803
