0.21390374331550716
0.9384164222873903
0.5980861244019136
0.28409090909090806
0.7272727272727266
0.36363636363636304
0.17152658662092612
0.5980861244019126
0.36363636363636304
0.11363636363636366
1.0
0.13223140495867558
0.8806818181818186
0.0
0.7754010695187172
0.21390374331550546
0.4545454545454554
0.0956937799043062
0.36363636363636304
0.45454545454545203
0.5594405594405624
0.5980861244019147
0.045454545454544595
0.45454545454544865
0.7272727272727304
0.06163328197226329
0.7754010695187172
0.5227272727272775
0.4228329809725118
0.21390374331551013
0.7754010695187067
0.19230769230769554
0.4228329809725118
0.6388206388206373
0.9384164222873935
0.23636363636363736
0.7754010695187172
0.5594405594405543
0.5227272727272775
