-0.015717070908198395
-0.015990778244587875
-0.001192662789041538
0.018151237864366135
0.013678055304949801
0.02461423798060406
0.013882401413713464
0.007740135936978547
-0.0014891654088674596
0.011536404219667026
0.01906153921857682
0.02463885763495489
0.0057251813218753
-0.011365519288588977
-0.014894140268224252
0.009871355844997992
0.03693495421403257
0.06755307378114914
0.0957460513315811
0.1405483141101635
0.18829027249061797
0.20800468684008735
0.16564409053211712
0.15016052090645793
0.12344892434131088
0.0752386117869025
-0.0658854218414083
-0.17767599442036158
-0.37201989787783823
-0.6104894499654121
-0.7251257121457594
-0.7195955362403877
-0.5633634598821096
-0.32393319966970996
-0.06149412216298796
0.022149548341414166
0.009323269768392808
-0.0006969872069324984
-0.017664427708984812
0.021917754502671482
0.2427630748744327
0.4693184278485725
0.660416270240417
0.6686625077662068
0.6216920354227831
0.4216952313871496
0.2766295872349513
0.16938515038257765
0.12902715354263572
0.06947075476790159
0.0366623633841987
-0.004366037919797108
-0.15808430935467518
-0.4151450826782855
-0.736705873831398
-0.8658477960976424
-0.8554789012848222
-0.5469652680355722
-0.23470175963534706
-0.0026474582688889737
0.012329632675980416
0.003562005439602837
-0.006647140354885324
-0.020368791591627244
0.1887786560104201
0.4193346071852815
0.6820047014362189
0.7218846231170912
0.6876750659585641
0.45343180878270795
0.30198472167649587
0.18857767436957507
0.09851026338069405
0.013929854152627923
-0.030672113764635644
-0.01959077825484211
0.00019002187641922754
-0.0311520879490889
-0.18146224499267313
-0.49893419738373934
-0.8304193851408163
-0.9429916443794063
-0.7415248644978135
-0.360895120655268
-0.08195445015123987
0.02011640074170826
-0.012982978487785478
0.005114491172339119
0.013548399034604879
0.04505503681472038
0.2722146825903247
0.6046441440015304
0.8330089311595184
0.7895782441782887
0.5870402435922784
0.32366448206240567
0.16977688813322353
0.08568436617072361
0.022291291627762777
0.030398248849308127
0.05382177029598452
0.0049098679437175425
-0.04160949942315223
-0.033459269001294714
-0.11968438327067293
-0.41655707553100174
-0.808701728136745
-0.9260081321327437
-0.8506508404819844
-0.4810571337254283
-0.198847895566051
0.03619961762697029
-0.0064992526201105676
0.005870760323550387
0.003422209317622487
0.00174309943175237
0.20278571645681376
0.4517282923808665
0.713783989403471
0.7505135573910214
0.6847114477934237
0.44853577953910745
0.22808609582665765
0.08766573892110081
0.05454908810650069
0.04946240325635296
-0.0008722603202292164
-0.1430559846327988
-0.34117456317737704
-0.586491628067904
-0.7314784588452634
-0.7571638684421694
-0.6782614792109334
-0.39227573778422525
-0.11180338262976196
0.0294283541287574
-0.013741680229664656
0.0015554690514616926
-0.006256127034741854
-0.02472474710854338
0.15971558836290256
0.47419804499273394
0.7738777566838877
0.8218499858964835
0.6775553922363741
0.4373223692686607
0.2578703862384502
0.13944685556829872
0.044048890636172656
0.009658456692438672
0.008663445962263856
-0.012320236779767749
0.005931183553463525
0.017039149758429635
0.0033714193178067202
-0.028066040449452132
-0.06195642296974727
-0.23936775902688398
-0.5769693469108055
-0.8610803891244806
-0.9237281379421483
-0.6835676606270691
-0.3350052912989245
-0.05198114226744801
0.0073575195859384695
0.02551401077929228
-0.010789889759568095
0.11747338776389267
0.35981334720646113
0.7077964900548517
0.8452993567714421
0.7700452409125699
0.5122143891236947
0.25703053772692114
0.12204073485680078
0.024177579900809237
0.03011795922545143
0.022079802186501296
0.03527129522628961
0.017172761945044426
0.028700151924502988
-0.004358151946554594
-0.016396019093518885
-0.08865885375708794
-0.30385628960673966
-0.6639558117637263
-0.8892512525587958
-0.9134523889932461
-0.6591272658691905
-0.3039062331983567
-0.041747164218113766
0.018584818403846674
0.012131104420291788
0.009894134617205575
0.021131889179731404
0.23703404388785437
0.5360288705484426
0.7560262514386488
0.7796259107325566
0.6500856206603213
0.4228426581665845
0.21027389240785246
0.12224576139728803
0.0801111095743018
0.013903651905249934
0.0026706790731476355
-0.029163266535960113
-0.07294954450385167
-0.33092122286212994
-0.660662942876192
-0.942710928658031
-0.9737510374783758
-0.6047028581076648
-0.20522037789770056
0.044769141361969154
0.0011791081836662843
0.002914802619681936
-0.0094457397684298
0.05925947536597446
0.23097857705603647
0.53865857865701
0.807633388630197
0.8287396590738266
0.6233192725238097
0.35860063410158244
0.19222494492288691
0.15397059942365213
0.08147546040280705
0.006611410125907838
-0.07957287726974797
-0.021782846144577966
-0.011178590766288375
0.008377430823493515
-0.04243701528797482
-0.18896051710085124
-0.5161886456689736
-0.8629710986280561
-0.9332346063170476
-0.7479395847134925
-0.38144323899604576
-0.09207189256236714
0.026550810407096455
-0.008021491766967873
-0.01672319733206154
-0.0004750725735874253
0.12340021545431185
0.3445101621318818
0.6123063183012923
0.7421317160986747
0.6854167108344519
0.5200053451600608
0.32500510851863545
0.2019795075106403
0.10495772244511234
0.08341757204471827
0.025944008023535053
-0.013483631543375155
-0.06546045044623848
-0.13632804970554097
-0.3800188208835766
-0.704891137374674
-0.9093731838688156
-0.9154472784382444
-0.5509450875691642
-0.17705893963738517
0.048159883017843956
-0.013326401573841785
0.006200517099795103
0.015686372798738822
-0.013186276202595057
0.12188077947773816
0.40441106687230116
0.7361584251723122
0.8584803168381433
0.7549673904323826
0.4874299080596033
0.24106309552922167
0.11537114933605669
0.03612253541797459
0.002772761991631047
0.014072525687840367
0.004393233952837632
-0.017339343260804375
-0.04707554035380072
-0.0665704560136743
-0.16703972545871276
-0.4317178439711072
-0.8135669796266501
-1.0
-0.7766737386037711
-0.36625314699698086
-0.10333751361421126
-0.013494270445369255
-0.00300677035744379
0.0015141073345215587
0.04764465407532666
0.2564921569116348
0.5490152535887367
0.7520349815127358
0.7649881556589745
0.6277700795580577
0.42176405793210237
0.22088427325055343
0.1378785183998124
0.03828695172865341
0.009384607460973537
-0.05038506359098719
0.007972975498224025
-0.022389784860295033
0.001218187009760427
-0.02462994231723222
-0.008473569294637849
-0.12084409271108076
-0.322849589927153
-0.7018121939594257
-0.9677173101571449
-0.955095283895792
-0.5157758673534742
-0.13872370833758205
0.037289625265311974
-0.01462078566852096
0.009061792185739204
0.012218683617689137
0.09687768521669878
0.255078877275035
0.523193054662792
0.7621985404306193
0.7851137112162243
0.6055337101203234
0.33101091104379854
0.19544428277209244
0.0873060766840974
0.035441686135580214
0.01999141700977711
0.01109202484781599
-0.01609952771224763
-0.025903275475852246
-0.02879866470620804
-0.10908680308602893
-0.2465613456815012
-0.5303157310434164
-0.869336760104444
-0.947599508403436
-0.6476790714071636
-0.24246228176042972
-0.034469733020669684
0.011770787063822027
0.006745811173045221
0.015682041165055758
0.03120634089652965
0.18301626833392007
0.45828614279703234
0.7126873647463916
0.7542300848473259
0.6108313840667164
0.38497036097638204
0.21824370786291905
0.11012176449694674
0.03152933008847789
-0.0028098858801164093
-0.03513330621186941
-0.030873001977371473
-0.015723473004320858
-0.010509742015776907
-0.04361078067909943
-0.0919695712717351
-0.236097548452187
-0.6050091569489533
-0.9688585466600201
-0.948917900931505
-0.5044091473410492
-0.09494310739337421
0.03315847637150393
-0.0012298663204423658
0.004177611243105105
0.012778380255948837
0.04306259166982612
0.19031849230953957
0.4383043144657868
0.7052538128313153
0.8202729565273806
0.6873533557222846
0.43264198696000816
0.23727433798653064
0.1608023848158397
0.052626479299657476
-0.004137784190916377
-0.02398039516555242
-0.005800509899485146
-0.018124114726595007
-0.04213989265176759
-0.1441814861594093
-0.4038781970633301
-0.6881770723737896
-0.914541804375706
-0.8536685759883521
-0.5270087659350237
-0.13285639160314808
0.002916834089303643
0.015082017725777924
0.023474910870753762
0.0027597568657604958
0.09074435311103694
0.31500956050480067
0.6250019914192397
0.7508949884528504
0.6932283136837079
0.5100640879560207
0.37157327516242744
0.21577388292918573
0.06561206722594708
0.0010308860436602555
0.012963965676104406
-0.01036784582605631
-0.05401532160741582
-0.15759355738704012
-0.3198712586577469
-0.597724935194386
-0.8552525325348358
-0.9284432777687397
-0.585687743986608
-0.19826146583341342
0.006131091824575365
-0.007261724114519801
0.0002261546403842103
0.023596350461040822
0.17234356855761532
0.3769672968419077
0.6395216158208055
0.7722430643784234
0.7212927139249444
0.4874333473004292
0.3068024790887374
0.16601355541639876
0.057258912174235295
0.004418106946551215
0.007473803496352571
-0.014835727787211333
-0.10522226285853123
-0.15575733396369829
-0.2550131965360309
-0.45960347802715823
-0.7908916549175261
-0.9690409018386686
-0.712341400555768
-0.26641381486520155
0.0008959363787032534
-0.019526262426878233
0.006570091722146781
0.017107055016258636
0.095332988369447
0.22463701665393843
0.5192869816909539
0.746586420521889
0.7723949859993193
0.606177413933885
0.375764747149585
0.2092728722901569
0.05545962199982205
0.04992039217199183
0.0385230635561804
0.032149309966129413
-0.003963310523729622
-0.013684319003518792
-0.06746725722668653
-0.1774826228435662
-0.2482722298505372
-0.4148278313988456
-0.6811126407659528
-0.8653077005850939
-0.7741354025433049
-0.41955278979905347
-0.09510264040888868
0.04500313127763832
0.0054946642827534056
0.010566120535849854
0.02281833713248652
0.11174358860971574
0.2679382178318658
0.5251597928253294
0.7160264046960259
0.7302132258446902
0.5257710299754845
0.36790260197867086
0.23640901381523546
0.1362032332133065
0.05003744171318966
0.0407932415193563
0.006533975062257736
-0.02519903722149439
-0.07223259941774168
-0.19039476069290884
-0.3586862562107541
-0.6185624853252263
-0.8365081135754225
-0.8670809541806436
-0.556747434202954
-0.21062010093172884
-0.009714978726849675
-0.0025763492786823263
-0.009478288423448031
0.008640049115637136
0.043988495332963826
0.14990750604903258
0.30061721444783407
0.5265462374595616
0.6488302589243802
0.6501991346720024
0.47702645785262426
0.34056082269996646
0.2561559796299162
0.17376340357156778
0.06237850637083424
0.0355246104905719
0.0348071309110605
0.02849726480273115
-0.04378066509450897
-0.11074512509128183
-0.2231830855961221
-0.42353698628345765
-0.676676038683674
-0.8323528588119508
-0.7916532431474192
-0.5022259132470205
-0.1759336758459678
0.011999354521053818
0.0054808724738961345
0.011826995535786899
0.009640472372450987
0.05082282449864166
0.16258297520122592
0.3499142435175082
0.5885141180097556
0.6795835934836851
0.6118104686656755
0.4585792520571729
0.3348730573150815
0.21028746313151486
0.06255392136816287
0.022573510924499288
0.02408072336409045
-0.0124316416646933
-0.10058666056867203
-0.17989863810472365
-0.31481838341466517
-0.6254198644234311
-0.8378015240597194
-0.8415782562315761
-0.5119060589664243
-0.16554125264619113
0.02655763979406694
0.007549908669185509
-0.005231739158355922
0.030609902408062033
0.13740493771063053
0.31654231769367525
0.5402167221734188
0.7260010762280394
0.6980804659638635
0.551374290585137
0.3301069246349057
0.22559498094413116
0.08820435028190762
0.05919947108196027
-0.0071138694006513915
0.016790581102513646
-0.00883856333677448
0.01063030886107671
-0.035126940261680846
-0.12976651032420158
-0.24392479685603213
-0.45151826085680224
-0.670593549496839
-0.8472068107632249
-0.763678799384312
-0.45056721886894185
-0.11227939342208626
0.036725954923250204
0.005179632174414664
0.008862710414486163
0.026584697268176836
0.16609792024769024
0.30928159699609264
0.5110376383274651
0.6193055480866876
0.6475280773188091
0.4856845450557992
0.3630990928867082
0.21922768129253192
0.10311984949040491
0.017724959369639644
0.011052146459926809
-0.04755086107301373
-0.20873568026732736
-0.4102739216624752
-0.6548281250458045
-0.7702354749267256
-0.7796092306420376
-0.49957400813294983
-0.20622040347429652
-0.0028863373667533665
0.00859349935765239
0.01377635230739842
0.14634653300038472
0.24426319477293512
0.4749440399413881
0.655838980019173
0.7576730339942354
0.6188996541317059
0.4165372721972717
0.23700423863891262
0.11117980482547624
0.04796576113519781
0.04720290252274001
0.06545193086104122
0.03977866893983571
-0.04650701114456318
-0.10523581214566229
-0.17233795363024954
-0.33122000022073284
-0.5231023608618173
-0.7023519511504047
-0.7246408347610028
-0.6437463467192033
-0.4039380801571166
-0.17774527020395414
-0.020291264142672846
-0.014663556244115175
0.0011509594731509835
0.007141780413523014
0.12432790688395894
0.29180091308897693
0.4880698607052852
0.5853021189078227
0.6094154923343031
0.505572387820349
0.37840263655486384
0.2580960228790403
0.18016048398668955
0.08487941443554761
0.038412623073985734
-0.022566286684440502
-0.03207237625390993
-0.130318505092206
-0.2697610760765995
-0.427249136721209
-0.5189694484905533
-0.6041004484058426
-0.5852332741772525
-0.5233415071452003
-0.31418226313445985
-0.12699585662586643
0.02019012095404739
0.0065599871330918194
0.038972899580909826
0.12835247847161546
0.21791115604049438
0.44786121710374427
0.6156563211221803
0.6573749192624464
0.48635263556682345
0.36405339458617053
0.21490773856844278
0.13936359199678788
0.09172069361409439
0.03675315230347171
-0.005048249292020608
0.010887597742278262
0.02655561467086492
-0.0028861302026771253
-0.01663776001093713
-0.12895269055983355
-0.2452263346216527
-0.4393865736159661
-0.6279751926386555
-0.8066056000908706
-0.7145810228809697
-0.3916885432064919
-0.08004417816852545
0.019388021025365607
-0.00734606084994092
0.03947014234531879
0.13592345148767424
0.21276156189640077
0.36089101425113546
0.5281177511026623
0.6282457934304173
0.5533147289353445
0.4194678855961925
0.3008934733000139
0.19382818587760578
0.13327487945716324
0.06493050568391565
0.03096115973554814
-0.005219933412286178
-0.02013063629201294
0.004709213681647433
-0.019257378451214398
-0.07163645868479376
-0.2155544370402219
-0.4177846588161395
-0.6812615279099734
-0.8703048572496456
-0.8004504402251265
-0.46299563424691415
-0.10232620120465262
0.025806078179629263
0.0028232012443149814
0.030248196659789495
0.13521332210143555
0.2658420389914885
0.4298774890317228
0.5614339622249037
0.6071878381499478
0.48765890889532804
0.36690431909679055
0.22174923937211005
0.13268310977983677
0.05335237287715731
0.05607610852980603
0.012794075557613718
-0.04795427457741487
-0.03093750328334389
-0.002336338793351653
-0.06119234273136531
-0.27521004299488433
-0.4833738076487297
-0.7116175148649238
-0.7673269602143221
-0.6297113791304741
-0.3050770697489435
-0.0784486144259557
0.021003622587889865
0.006794520128574304
0.033705182499345156
0.0931078741834398
0.23323767066607068
0.4422453858838018
0.6225872175786338
0.6537908793474864
0.5585240107808783
0.3842595681209818
0.2523556998166258
0.14493063625906855
0.09431805510435262
-0.05369774170238269
-0.02298834959990235
0.004941273243592403
0.07762071127994169
0.03270357085879002
0.04453934338041365
-0.04057613549047781
-0.1272452076270754
-0.22732595634431038
-0.45796188296554935
-0.7815047649897318
-0.9131286938646705
-0.7016029889946703
-0.31783237644284495
-0.05121542593995481
0.02203131297312294
0.0026292580092426468
0.04331274742933819
0.15686367411595828
0.2870517025504887
0.44116009003161477
0.5825354792908849
0.6329975991005353
0.5384945814544358
0.4055247744239634
0.262573047301703
0.17223644360430668
0.11098377310072731
0.05864001975829049
0.04232047019847852
0.0336529294715256
-0.008826276000739946
-0.07574922176287946
-0.14511451001542933
-0.2645861144313945
-0.46640530695750326
-0.659107583508223
-0.776858382694954
-0.6804039091563643
-0.43055520512647844
-0.16506740649037127
-0.02382585694340542
0.020285392699419584
0.06133965745777825
0.17256087207313664
0.28898282601503333
0.4573686354929016
0.59138315283711
0.6348746632244151
0.489165351934715
0.34169239961957787
0.2509631587131341
0.1808496816303974
0.07311288548537544
0.026793245422938296
0.03275637291888319
0.02241009807569969
0.003533018638860941
-0.049745661029804836
-0.21469367131750816
-0.37899991280693474
-0.5770619979324275
-0.737096142857848
-0.8211975059063751
-0.6252671104084393
-0.2937709857149008
-0.053811228264898384
0.0032266162066854074
-0.00894430641336061
0.0141897459768573
0.07509243115914026
0.20239113752113708
0.3786730769880518
0.5483915702519636
0.6444883813804093
0.611773487878245
0.4475830492825645
0.33122083330680874
0.211890629490053
0.1434844738449323
0.08407978746076004
0.03211635751275424
-0.08082352914483999
-0.22406079217778357
-0.4580218644248341
-0.32297004505827165
-0.36308622884581276
-0.5130763734933832
-0.8288649097448647
-0.5649357461881582
-0.2745637882072939
-0.04487459409721375
0.004102090262345628
0.0021816864526512676
0.07566531673604236
0.1722488510014495
0.29399406429889874
0.4727631554976755
0.659231155836115
0.6721074178516939
0.4802829087002562
0.33157540527519497
0.21855963434285527
0.15088805591121765
0.09619293407872734
0.05632773632015997
0.015563372716942052
-0.0902550735203263
-0.17367344964728437
-0.32146312970236346
-0.47925002518596144
-0.684108779079125
-0.8304671850284175
-0.7139617764365709
-0.37732670685488034
-0.06495659553677709
-0.002982460929597088
-0.008935534365785694
0.040506622834581126
0.1398670687270132
0.26033950604050954
0.39070991015345397
0.5515026297668604
0.6671975589468542
0.6096983663442177
0.4497505490358331
0.2875000914094018
0.20263940322770863
0.11944801547613983
0.06570455862027197
0.04303054285759446
0.051261666622012106
0.025076002128159715
-0.032017077081002564
-0.11360649727426252
-0.2242163043448244
-0.31846878309139437
-0.42130753811614513
-0.5905977742285363
-0.6832989851416478
-0.6747003185119272
-0.41972485941497073
-0.1727819458333565
-0.01003769637918699
-0.03748724062570051
-0.04099134585704158
-0.05652309941904033
-0.017578255978222927
0.09328628685660842
0.22968042175445993
0.3545767605411997
0.4906921190652071
0.5951124255913768
0.5377275750981929
0.3740240433415365
0.21317115626399127
0.0470255851858272
-0.16107758873678146
-0.3330258654811669
-0.4560093409060949
-0.5562521213000267
-0.5493087063737718
-0.4911214178527737
-0.323295068447644
-0.1250970866848735
0.02175943490419267
-0.004518823847745371
-0.007844038547416618
-0.004740857780442476
0.09697739352650811
0.21407556847317172
0.36983341603159525
0.5064808323761333
0.6450080625637509
0.5936482570312823
0.46050005417995005
0.2909059302910714
0.20203255803588052
0.12263809569372772
0.06117376381697101
0.002014233667290647
0.00059780492558645
-0.0598599105803832
-0.08158561743922267
-0.15932711937158853
-0.18128917699485658
-0.3776903720833305
-0.5442395460994304
-0.6688378564330508
-0.6575018695629968
-0.4874722030405593
-0.24953489201355578
-0.021595487359780226
-0.0014208890742263463
-0.02601037685223369
-0.005822034743395361
0.08658259216405004
0.19709941819707683
0.285601029148421
0.38440847987236926
0.5111170630660874
0.561601373481122
0.4914791410923859
0.374483999495447
0.248508490718023
0.1811218175763874
0.09209950835633833
0.06827994331202239
-0.03431369780822559
-0.10021554491414965
0.004880940081797881
-0.005263868811952893
-0.09595076345241783
-0.28073277768514504
-0.30071501852973603
-0.5728649628085279
-0.7784361586246005
-0.7998938320785689
-0.45405863292072496
-0.1382713047512932
-0.0014311890083296844
-0.02375550280624271
0.002591929794160465
0.020759439754579785
0.1072448100085257
0.2057209449414064
0.4103554193621404
0.5328759509264006
0.6298376373492451
0.5707481688209479
0.48255461308122394
0.3101266485055191
0.20017240163386418
0.1340735797061214
0.11259908381368837
0.03138414835992858
-0.0024987946736325507
-0.020028935442315324
0.004302093376257035
-0.017572118197438806
-0.12426655106687758
-0.2560719177138807
-0.28381159388894445
-0.3121294839666807
-0.49399818093413783
-0.6893864762563535
-0.6656790427899818
-0.4333568933464203
-0.18551638442148183
-0.06581185675912805
-0.0162830830634385
-0.021194975888720338
0.0054594219919315845
-0.010040204698473271
0.10702978847323175
0.2032607603255976
0.3014870950733353
0.3672259929384536
0.4465298190162794
0.46130676693887734
0.39670130992290553
0.33662537197575343
0.2625535212722577
0.16008123314327916
0.07936069561441421
0.04795444652959981
0.01532821256687226
-0.01285050158493449
-0.03702927441668128
-0.04036543580594436
0.013580248059127076
-0.0008182224405444807
-0.09104930112168891
-0.30284976281333853
-0.5566788830602227
-0.8498498966678335
-0.8758820138861787
-0.49087057245407545
-0.10283673193606739
0.040501711656522124
-0.013970692273577338
-0.002217295318431436
0.00167574421020109
0.008460359896516997
0.11979494393958853
0.23506523387038744
0.34424320906336214
0.43576788681519285
0.5440852320445198
0.5567630746108115
0.47967317724133035
0.3760918243284697
0.2732881503650158
0.12198505130109687
0.03366788266618967
0.041770041258271384
0.09316191930342474
0.04045390936721116
-0.005158016582437681
0.0011971616740394605
-0.01285674029737195
-0.1380198201642116
-0.28536059722082846
-0.4642029941788685
-0.6595840757143104
-0.7649138717631805
-0.6730353310878463
-0.42495801935965105
-0.17370545387941244
0.0015393533075373075
0.02972258125856181
-0.017305673798772115
-0.000793908841069861
0.1225449114588485
0.2813491516371726
0.41304804951134916
0.49442859883647544
0.5485754063520774
0.503295263634438
0.3967439533399122
0.2749092908843765
0.20040688698645723
0.11370625830418128
-0.030126915252871752
-0.1605745488712454
-0.25206542755015005
-0.37353704305197105
-0.48287395828613905
-0.5514450805975601
-0.5541031487806916
-0.5690374195850745
-0.3163998252750463
-0.06204758154177324
0.07222370207728533
-0.03116077594545407
-0.04011413271087011
-0.030330745555447874
-0.003541349256099604
0.07132169231271902
0.19114607572468675
0.2544441117877322
0.3415537682475289
0.44846417132205557
0.5605141351650027
0.5067951217825658
0.4276879181259009
0.31808188593950987
0.2033749669473659
0.1275514190894051
0.10440876094869628
0.07330283042591479
0.008182840410632972
-0.07351102423260923
-0.14065443719451806
-0.27534520465296114
-0.4354736413477843
-0.6322016869251523
-0.7369983609835312
-0.7727956585436461
-0.5035577699542375
-0.18784393570935892
0.02504065669651105
-0.009619943173460075
-0.012860692619808723
0.003706441097918737
0.12048400769228211
0.24186848637338532
0.2952026654955092
0.37307261485410836
0.495424660389081
0.5387005176335373
0.429490644806874
0.32788456845520064
0.2294382263781996
0.17909287848415534
0.10466022920940149
0.03919997524928383
0.011408591530782178
0.01872216600548639
0.016290132463320072
-0.04723142874095295
-0.11929836878989708
-0.22820974390385412
-0.34141876498062806
-0.5551574013091205
-0.7180145272225121
-0.7595820839931473
-0.4657770783571276
-0.1455274207240837
0.020762168287334796
-0.01863575837471826
-0.01903574614542576
0.020298431291074236
0.07193178658186034
0.17233640258387717
0.2649228928411538
0.3380950309754079
0.47549680737365374
0.5458883777034923
0.5015692167151056
0.35224519882595606
0.2970773387590404
0.2466226524604199
0.1891053446841285
0.1237398216242713
0.08147624552734802
0.05337918175567049
-0.004478212203047191
-0.043316514349234676
-0.11142202783589841
-0.2537186160667445
-0.44213372252849487
-0.6156708078544478
-0.7552398722519361
-0.8216376939195357
-0.5340344843848256
-0.15943670859218365
0.034701079558272355
0.00515782856220738
0.0034669951245266404
0.0018567868174120157
0.07439487580417499
0.20658385202136315
0.26905089776251917
0.3401280094817025
0.4721600203315646
0.5270290828387236
0.4566775761033391
0.33199754055915665
0.24260124077406658
0.17377366687373189
0.12129234647925939
0.11776694172739387
0.07875819068726761
0.052520327064601045
0.01389059065270965
-0.0034551615952943234
-0.10394836334452107
-0.3293459920968222
-0.5340247058432083
-0.7516358643365176
-0.8715905035011564
-0.6738018948043865
-0.2343626902603383
0.03895831807606535
0.003715776845623303
0.006556152155181542
0.00722517326557945
0.043348651328444926
0.08717073704079671
0.24777271514954466
0.36141013655322146
0.5135008693688724
0.5350495698580514
0.4878309862016843
0.3724599896131971
0.28935827459363
0.20917541608768803
0.15388488536406572
0.1418737934557584
0.080185315346977
0.06683984788244829
0.025625919943371638
-0.003293136315319377
-0.11975427715309105
-0.20840493468872676
-0.3299240198037676
-0.4843656085531157
-0.6874424377531149
-0.7866848906259983
-0.649118225133041
-0.3070208732462104
-0.053385223576805745
0.03494546057499621
-0.014591763298392547
-0.01030057354582149
-0.010438677241521317
0.09864481630946466
0.19892688786398563
0.2850095032694043
0.3563136720830762
0.4684335818917905
0.5269319774329224
0.4631505160091885
0.36128341653865625
0.26811152292639323
0.225617720634965
0.1307791771482713
0.04994619625769995
-0.018208904721217577
-0.044972650707594916
-0.1646801229927115
-0.306151862313237
-0.49045807036571515
-0.7202354917470253
-0.9159072827176563
-0.667095829609856
-0.24517225096826448
0.02082087472966888
-0.00961620946272909
0.012370498370512467
0.010652937863559458
0.030192137459105955
0.017272456684612456
0.06897654606314779
0.21181538704460282
0.40328295363129063
0.5362330245805975
0.5448520619396972
0.5080463824138763
0.38053644129923747
0.29159250758946115
0.19430975180022675
0.15378598951120173
0.11314566335680112
0.0927397642839688
0.051806655561085053
-0.004554332627532098
-0.11209020345552087
-0.22978848314921985
-0.3571754465012099
-0.5585898874993175
-0.7123152377270593
-0.7656670669486586
-0.5150951039821619
-0.22129479968031926
0.0064602948227930924
-0.010400203521082434
-0.019406156673169875
-0.004210721784448441
0.10014036595848896
0.19905321013926972
0.2778982014546667
0.3769752530994246
0.5159315481141229
0.5633493913287861
0.482553459055731
0.35766657963955023
0.2634409081488803
0.19015571732715222
0.12353775298473878
0.05135203047680359
0.04700913819939515
0.016401075872855674
-0.050548894375894646
-0.19759017706884127
-0.3350537802002012
-0.5161195387175669
-0.6230512100899402
-0.6785469823132498
-0.5759490892334529
-0.3654413314388477
-0.16479326173945294
-0.04457055709692315
-0.005211378490942389
0.03182851507138156
0.01576464068950135
0.11081902516184558
0.20513284682592167
0.2878574599043388
0.31019892331391685
0.4182921500383206
0.49282481644497084
0.48860149113054296
0.39605835504140874
0.28322411999629216
0.19689631334306448
0.1335095565529505
0.06988114720227166
-0.0011238814371912357
-0.05257931121933491
-0.1852555416396773
-0.3440586355971687
-0.48873991019384855
-0.6057108163889325
-0.838605381798227
-0.7162622671022992
-0.31806365659765456
0.03793872422794989
0.005478710494779984
-0.014758976903180709
0.010388806543076909
-0.013452183878042262
0.04584494704072053
0.25620354831257
0.4860984367628881
0.6056901973014269
0.6200262576146061
0.5437766551406384
0.37579749306531435
0.2460461121143477
0.1737096130439896
0.13574436306683868
0.07943562407238848
0.027549161195919047
-0.021990912096609194
-0.12625951944329875
-0.2783192471252111
-0.4073153334425004
-0.5415938657703331
-0.7156786601357795
-0.7389489484442008
-0.49489546686237545
-0.16793743445076875
-0.0008035867011796406
0.01535181979118098
-0.014685217210734727
0.015546547757147505
0.13363950106861802
0.24819743840468317
0.31913521626410507
0.4376973248613214
0.49560711377303496
0.4877916934378726
0.38882083647280685
0.3173747018368557
0.22510654913799036
0.17147928460697398
0.08997275489877209
-0.01887042622294731
-0.13335768182417818
-0.19856390403439275
-0.26103178785679854
-0.3708165542379948
-0.5958477016854353
-0.7568753698776632
-0.6718843876355806
-0.3634664794685665
-0.10082323699959636
-0.0076993561210579025
0.0007879419472831752
0.0008807931398849797
-0.02024848630507757
-0.007676132570200161
0.13501182881458867
0.3369600411061179
0.4434574040534049
0.4631394748767568
0.49921504930769744
0.5106269887204234
0.4521876614595206
0.3554066387400938
0.2989642227756113
0.22243420639767766
0.1062692426688127
-0.0021134403204368917
-0.07692789325527717
-0.18106633380952983
-0.3502651262710398
-0.4341339754173943
-0.5586617244171
-0.6242394344224039
-0.5861111374339767
-0.43886002593752266
-0.2828766044294912
-0.1280822028182755
0.004110283170466614
0.01728228546593336
0.027050528167493707
0.04879428206741594
0.12110919379611539
0.21541524737709727
0.34180318049381264
0.466691097399015
0.5240724197687454
0.48157892039031536
0.3537091256452885
0.2764624452936905
0.1952732334948192
0.1775183985743633
0.09956652234591831
0.044395122778243507
-0.11657708522831077
-0.2765364994626601
-0.4559256980594649
-0.5532748188033011
-0.6832687490403386
-0.7172109249577548
-0.49280396268046567
-0.18026123932392057
0.0073925876298470816
0.02200695231195114
0.026947398583207095
-0.003963849134145483
0.002767822165601579
0.12631300124795614
0.28047117990059245
0.39302686977135826
0.4941836737834247
0.5349002961912241
0.4984098329085924
0.36748462929711273
0.28711047686573477
0.2309438438773471
0.14944927382338008
0.08157675730189361
0.017959298071039388
0.018030284191303265
-0.09809232922310458
-0.23744492604322145
-0.33718716454075887
-0.47158348502885583
-0.5927352005257017
-0.6582199583331838
-0.567114114328151
-0.3611168374875188
-0.12967786969759437
0.0019373576539710587
-0.014208677436730538
-0.005147459826301228
-0.007870968221818616
0.04531834311022082
0.14931293957598923
0.2564893219783503
0.28006066112129785
0.3400533465015779
0.4180227546142124
0.4342110689760764
0.3740934116314263
0.3289731100856254
0.26340181804865387
0.17167325222844385
0.03947447590782166
-0.10163987819225453
-0.28532022769193915
-0.42823902177581985
-0.5441976936561943
-0.6508697468141744
-0.6669917906938813
-0.41273977136975826
-0.10408420755984707
0.04669296048743058
0.023055156902433316
0.0076219882706785366
-0.014019927227884702
0.012748923361655898
0.08899451734110508
0.1925076080294189
0.3148901348669686
0.4615045837695776
0.5068305274917905
0.45649406606443466
0.3722240335064439
0.32427778998716333
0.24429216803763942
0.16775512147942598
0.11661235151998298
0.093146843931544
0.07469167452942438
0.001538270240496964
-0.09144119834446485
-0.17799011987073754
-0.2938520113046922
-0.44011740643765607
-0.6002257257521746
-0.7164183855245237
-0.6520460722967143
-0.33207643068232623
-0.06583477565173877
0.010752324393534586
-0.01518606162681883
-0.011258089298639322
-0.017317003755441658
0.05056645303475441
0.16951208705365053
0.27376912474899556
0.3680609884668985
0.505329009922733
0.5265341059949156
0.4704776404856697
0.360667636881875
0.26303335096662395
0.15621240115952695
0.159167094920002
0.1457408018286435
0.068589061478206
-0.06998964208287896
-0.24943151739228892
-0.45128948190471296
-0.620464162076726
-0.8149703982440025
-0.8248096716010592
-0.4749964601942211
-0.08412024018136223
0.031786294850368164
-0.010788577585633318
-0.002359365238140237
-0.012847208344473483
0.006979301809572247
0.11219017100689163
0.2902473395914835
0.48276100086991713
0.6076131354005195
0.6176116145796221
0.5196447562807521
0.3367001486099399
0.20718141988554242
0.19030547627413869
0.1716732047200329
0.08481454126409153
-0.020004209270712763
-0.1156418821075683
-0.2552170026961049
-0.37271060609933065
-0.4438061777085685
-0.5661581253463454
-0.6417958500246731
-0.578459651457549
-0.3235488916195723
-0.12082571743127324
0.0005007390257782941
0.01136658983334291
0.001394103561118992
-0.0015743010389261982
-0.00544965774807435
0.08169279067212577
0.14019364343624877
0.2062589349937673
0.2772972004150813
0.4053657522549486
0.4361109367599757
0.40933008930708736
0.3521105749872336
0.27500046180397825
0.22069578820708405
0.17100973204417214
0.09567761459125233
0.036240822454670155
-0.0007598199405325418
-0.0632144872863077
-0.16271797453365833
-0.302173186669131
-0.5592188421619325
-0.8229712447958116
-0.8594828628671384
-0.5035749532010713
-0.12679623843575905
0.03250762436541122
-0.0016503593357225304
0.018429959730240062
0.010796056494159758
0.00465813370249979
0.05555771205430694
0.14797237182916553
0.2795955566967922
0.34071173975045393
0.44068880211520167
0.44535990435065165
0.43146124290111465
0.34529580412456495
0.30956331503144946
0.2218147962554346
0.16547846766920563
0.11560776311741956
0.05904317553191995
-0.0890390312065443
-0.22720968206319067
-0.35174185972101196
-0.498837612907137
-0.7150366569134842
-0.7337671364873126
-0.4662167655464304
-0.14332953563267226
-0.01672613978514343
0.011680608098806401
-0.0050260576041655574
0.06266051289166094
0.18074926688976886
0.2889599483701756
0.3099210563845064
0.45428382278692075
0.5456341580098917
0.5531530904740207
0.416310424297227
0.3110152644209754
0.18963700199615652
0.143705027783319
0.0738973851690021
0.010998826817932652
-0.0924732598118824
-0.19878419469709935
-0.33508131111058254
-0.3955766930808147
-0.526312755443192
-0.5843486498627621
-0.571652905250206
-0.41125184199241865
-0.2630818293114488
-0.11350370081281122
-0.05448367248626104
0.008872838700697059
0.009357752381124807
0.013661875217534192
0.032754727780360024
0.18743700500902893
0.3016323370947538
0.32637797735568236
0.3084394245778728
0.36327276176710444
0.4055060096325241
0.373004000793561
0.30825701836764186
0.2695539184965938
0.1983918297481278
0.1298765821545271
0.058920268288057215
-0.032199312509993604
-0.179490811416305
-0.3076941136576057
-0.3859502031373959
-0.4612179338339012
-0.5103904357063376
-0.6196900009447514
-0.5513390621054413
-0.29364118535628614
-0.021555579397082764
0.030807206200236793
0.014686250845407164
0.014601715749286995
0.1058865671092968
0.2176464681953349
0.2991597691991355
0.35383287077216363
0.436855288434873
0.4713078567606516
0.43640398425872673
0.39911485530973884
0.2919017038159221
0.19278575913995258
0.06336654996989441
-0.05967860371946649
-0.1918381270956232
-0.24489472461972003
-0.32419855452216445
-0.45015327551797707
-0.572751394942321
-0.564080075409656
-0.453434252605174
-0.26294712756442906
-0.09473010858072756
-0.006281510949513809
-0.0016698020255860784
0.04443307765333889
0.11174797054787232
0.20111528139488735
0.2449944525487822
0.3697857325475044
0.45877011980106586
0.5224670137719437
0.42920697746436187
0.34996719204256294
0.2602073977814684
0.2172714271366936
0.14824334211675796
0.0684041403146463
0.007802323660238217
-0.041791066166194636
-0.1218115155925391
-0.22342261541733652
-0.34678179512372176
-0.5049224242036646
-0.683597481264412
-0.7404843785852808
-0.5593306418222023
-0.2447211944465693
-0.04725892771052561
0.0006726589582561352
0.007637275203522597
0.01649184432038344
0.021435220042965244
0.09700147586931138
0.21380572023598954
0.3087514923792817
0.40899429245869345
0.5042884017250248
0.5208940591018828
0.4733142692102159
0.35742631650184903
0.2391270451566524
0.15402583643241097
0.12678148278301085
0.0038628681975327113
-0.18820723131232184
-0.3348933274503999
-0.4025496932338606
-0.4895133861963718
-0.6060924147528813
-0.6360653419233014
-0.47201007229783837
-0.21968178949660955
-0.032729783791930436
0.009742774935650103
0.0007073190778542253
-0.005922400004359703
0.06854794926542113
0.1668560935007655
0.25188746471380863
0.26378536411171666
0.3510877186211803
0.4624069028103323
0.5059665331712372
0.43688881351470144
0.3246676136850065
0.25677328341300876
0.17162510766694283
0.12990935698303374
0.07989993601186864
0.05465208258600127
-0.005768224507254622
-0.13987757472047993
-0.27399470033394735
-0.41402634276186356
-0.5243434619995156
-0.7219530876607946
-0.7611272338983515
-0.5401172531357117
-0.1993860533820143
-0.019848239869269153
0.011194190945695735
-0.005434676053917953
-0.021146790335845517
0.06882118709540289
0.1984124138008341
0.2935722504736156
0.3634174363273771
0.5023711786881532
0.5141820736727752
0.45588126126820677
0.35598110352621953
0.2718434152350078
0.2065598904386709
0.1809837103764536
0.1437113352164373
0.07929204924875323
0.04543971024554994
-0.03311830411481945
-0.18091132856274603
-0.35761799853040704
-0.5205941692410936
-0.6263028906188767
-0.7554012529746627
-0.7341240773104591
-0.45151817964159346
-0.10382445046981315
0.03645637719493302
0.018557202388190055
0.012129498839241873
0.05354544510471222
0.15928118112614373
0.2567726022390814
0.3588017258105039
0.48904764739346474
0.6610341734725113
