0.8514428616651653
0.8415315748096348
0.8359838623459473
0.8376164232538421
0.8384887730518897
0.8419836042007726
0.8403967018301441
0.8371190015463457
0.8347513245672927
0.8324650301795569
0.833304011937579
0.8291818427912961
0.8280023230070753
0.8274249938661838
0.8256042836348748
0.8180147646306813
0.8120937332228824
0.8018170873423898
0.7757997087243088
0.7311224193829015
0.6780503723089306
0.6218893895012727
0.5523591868057651
0.4665893438435146
0.37409847744968716
0.27417602644100314
0.18117388639577178
0.11559293160535679
0.09254293950736422
0.08260602107247751
0.08322818192772916
0.08168446779820276
0.08330395270451836
0.07827912304062733
0.07734282239615431
0.07471705686447079
0.07169262273883412
0.06862352551483254
0.06588592226255578
0.06847313105859305
0.06774039945573364
0.0682853823204964
0.07633530563469905
0.08877690285472775
0.10619130027412599
0.13509079550683598
0.19821751324943904
0.2798026943840838
0.3607053640289057
0.4238484703891736
0.479671154480246
0.5370737007147061
0.5952698035799475
0.6438498883812275
0.6834576903558914
0.719846394071687
0.7578802098065746
0.7940932009028687
0.8292822178122184
0.8614834833824293
0.8818246865298089
0.9009754260553994
0.9187837732530104
0.9310572336651443
0.9402618103526936
0.9506538196136483
0.9632547550159825
0.9706488231832694
0.9806279556533013
0.9885934183127372
0.9941178358175471
0.9972174926034231
0.9983131737407265
1.0
0.9981153021456681
0.9974734580899651
0.9946982089254126
0.9880261065841125
0.9762880337337001
0.964748704684931
0.9593149153791538
0.9542269798994341
0.9384158155495297
0.9172334907488477
0.9018104326058111
0.8874995765059427
0.8523178880315168
0.8021901494504734
0.7426035650409635
0.6910828563738028
0.6522241306460641
0.6259431483283654
0.5881451791192496
0.5313546505719257
0.45012964822332735
0.364516150848617
0.28594958292674916
0.2316916919567834
0.19511515781695885
0.1619792216083732
0.12067596400911514
0.09038936041525995
0.08167748556683571
0.08341109602437694
0.08318321612635743
0.07838762919154958
0.06930106112289763
0.06519131017739799
0.06882895017793339
0.07316279475363249
0.07377309419364778
0.07162734539170483
0.06878291185312842
0.06752832386229207
0.06628968584362538
0.06483821989724314
0.08627112869048818
0.13758155275306372
0.2055836794667805
0.27927234407040463
0.35081321813790867
0.41245441487733847
0.45407719291013304
0.4933707174918805
0.5317856133681342
0.5707023216056917
0.604129119728189
0.6388769903769101
0.6808025514104695
0.7250671165539742
0.7605983030858194
0.7892333280238354
0.8173502708959479
0.846000157381881
0.8713607827526935
0.8927926982288031
0.9118954694576605
0.9254445504654084
0.936959178381965
0.9456903531405993
0.9526084800366755
0.9544929286117744
0.950752595988295
0.950362534300034
0.9491727046468736
0.9480074923614153
0.9485282588746334
0.9496792709332125
0.949207288289437
0.9436933519344725
0.9454057563750151
0.9420718129718684
0.944145778414169
0.9399802491904918
0.9326176643502688
0.9168442295830308
0.9044911799138569
0.8932885502009396
0.8749744382290632
0.8506466796229363
0.8139131965888992
0.7665909154103352
0.701544064748842
0.6436252932722812
0.6019629314019184
0.5786405564827046
0.5448833320946375
0.4950744399724233
0.4434868834372581
0.41276029535398484
0.3988167774161823
0.38419959318566677
0.3633776382685099
0.32579309185057687
0.2719105612827604
0.21808976286339263
0.17574879032329926
0.1411767096799502
0.10949427696009476
0.08618652715339631
0.07776816921917515
0.07182423562062071
0.07226624262228332
0.06917517678345
0.06854186402147426
0.06159469086824069
0.05983255730860205
0.057951627431155124
0.047075851482442796
0.045992936859193576
0.05187617088188496
0.05603643771182959
0.05227641652712458
0.05407854338320961
0.05550361866293066
0.05611305646457695
0.05820324404782495
0.061162278015828755
0.06191595192404735
0.06740544913912531
0.07418950294082448
0.08054741643167825
0.110069100905633
0.1684662835399054
0.25040053544061974
0.3266181990687375
0.3972285045550597
0.45224909369384275
0.49731087758662135
0.5386877884190457
0.5799353256944191
0.6210243444929555
0.6593996768638885
0.7048258714099332
0.7427883498633187
0.7664589266199711
0.7830732592676718
0.8026010118893725
0.8221569439375489
0.8390565412515945
0.8575936687983401
0.8702426715759124
0.8798593204005503
0.8897648526115706
0.9038968046147924
0.9160052897508055
0.9266398223664463
0.9342008889065472
0.9421880793472889
0.9497389994898668
0.9541595275122023
0.9541377338244852
0.9514605686225472
0.9487962922969967
0.943421135717449
0.9379240500333997
0.933367321709517
0.9345994414337906
0.9407707077788645
0.9464061223336709
0.9417751109541119
0.9372083622767707
0.9341599238733651
0.9333839694975826
0.9308584678418185
0.9317647511611256
0.9287826298856439
0.9195148896848149
0.9063412523151337
0.8938480125851773
0.8867700626343205
0.8834410027376611
0.878814681555159
0.862966050165117
0.8384760386123639
0.8117993836456874
0.7845409412430027
0.755716870358283
0.7293420245138252
0.7140013155802384
0.6997437912176854
0.6776974439749943
0.6445452177409466
0.6111197661671395
0.5816685340547952
0.5566036450107948
0.5337466876845179
0.5151721536511703
0.4984895406184702
0.4738886248138574
0.4405417005171399
0.39852768486978435
0.3661112610043911
0.3413044733010907
0.3329126074089627
0.3273421741550751
0.32293020082840174
0.3066006946873043
0.2867615140548776
0.2728373028406105
0.25944841022654097
0.2447525863016348
0.22629228432146536
0.20547444473100296
0.18366448328884974
0.1651685830534495
0.14347017372622475
0.10888015048625471
0.08179316122975593
0.0686976091536414
0.06545925346892315
0.05761080098824981
0.05584140437969447
0.0565459706488925
0.05935426673414444
0.055406093115459604
0.057070180159190624
0.054940464875487934
0.053121544332091486
0.04932554035437274
0.04890692546428048
0.04782027165599782
0.05092674071260269
0.05628940744028292
0.053053961884586096
0.05174222489825952
0.05289358461409898
0.0640452610782638
0.0947183691813995
0.14255411118618092
0.1900214097947551
0.22779118959393815
0.2693821121028159
0.32157449206678596
0.3751670229008526
0.42252269492194017
0.4607509767644715
0.4971459115772335
0.532557014330928
0.5724679177975781
0.6113544273258662
0.6445448546923579
0.6724497233270017
0.6988547876666883
0.7184676887698492
0.7336921684169979
0.7464372722919631
0.760277188836146
0.7745393936945346
0.7908487270448339
0.8058933888891058
0.8175933336954002
0.8312413294780492
0.8398994175389497
0.8520211638107402
0.8649016100821609
0.8778481380427985
0.8825335286746465
0.8934409488639848
0.9005408141266878
0.9034542678714376
0.9051347651660185
0.914399654464472
0.9199735880930984
0.9253831486192639
0.9283308082685144
0.92959840104273
0.9261609576039196
0.9249743539960479
0.9247033048974322
0.9266389799691747
0.9259720892517119
0.9229761840493421
0.9137031942371561
0.9056903513842707
0.8961202298557652
0.8894787423050957
0.8826115280681065
0.8667684727297429
0.8403498509946846
0.8102742728155308
0.7776951937157643
0.7420201055500617
0.7019562079944772
0.6604517800054432
0.6230148401988926
0.6001165450136634
0.5879739703264395
0.5706343073377629
0.5317723212906591
0.47619030924738226
0.43029405845789775
0.40564149782591935
0.39075076586916
0.37658225346739277
0.3526192028046995
0.3064775087011454
0.2505344500313885
0.2074457581056334
0.17511174800510293
0.13295311578071706
0.09311603835214087
0.06001069865697736
0.04419559735153967
0.04087782483296278
0.042828967357856365
0.03802686898057501
0.038361816578818736
0.04507117922035924
0.04867143104160982
0.05044767057672119
0.049685102648470966
0.04869939919847778
0.04774503544493885
0.05291716940268789
0.06012170932002291
0.060052166730889193
0.05315967443865733
0.048038008747756045
0.04892165543811141
0.047374067487079945
0.048251567989695945
0.051104512190987945
0.05118217942843196
0.04675098966178576
0.039035724210080405
0.03154864774943876
0.03393734434075112
0.06036970468345457
0.11461516488507598
0.18585920014241117
0.2508423968315609
0.3040721888482172
0.35237677105475684
0.39971586891649313
0.4435564987064414
0.48475543551849676
0.526953758592898
0.5684406311562817
0.606484648869967
0.6418245364260399
0.6793959930537761
0.7131142229718465
0.7386604188945778
0.7635079085215938
0.7903557251406256
0.8132519585517041
0.8309889213453285
0.8464653542821013
0.8596826256896343
0.8695018072810901
0.8792667037011487
0.8854268821364439
0.8916184544987987
0.8979808769999732
0.9018618045275856
0.9021514926893303
0.8987532926718605
0.8971875710463023
0.8966916957490978
0.8994797381388069
0.8991905605118661
0.8962670548208447
0.8915814069658207
0.8883505528764111
0.8843373226699843
0.8765146338448305
0.8700850262006801
0.8632361794482645
0.8516057191447727
0.828270244155622
0.803548809351911
0.78010429631048
0.767560474500174
0.7606947220356608
0.7583258173734512
0.7512213894147439
0.7403367654486226
0.7273916229625677
0.7183735936176601
0.7016132667900629
0.6724794898705915
0.6324432815003935
0.5783906902651651
0.5099579598899338
0.4405090798138979
0.3840334378272481
0.3501133245305276
0.33264634351671213
0.3175771334899214
0.2840525716046337
0.2434566570857675
0.19776434669708984
0.16499127531431873
0.1459963365574503
0.13726568814354995
0.1133657729814398
0.07730690870520482
0.041996474874009794
0.02723252393346271
0.023968877573122924
0.028615549950061964
0.03305700679249084
0.038349547639384515
0.03506543132695535
0.03051732381407466
0.03384544338291678
0.03788392447644149
0.03584507483337613
0.030891152433629745
0.03576129748118767
0.03389327933655137
0.030123828531391932
0.027997108285961442
0.027705970492034524
0.020914618316938915
0.023037145801237294
0.049135836978710504
0.09222279657504023
0.14284376367832813
0.19154957917303064
0.23766727617430752
0.2815228012732782
0.3200699441001326
0.35117802657419317
0.37597185095770824
0.39811650692837547
0.42054375776263914
0.44583124736424135
0.4744981844623032
0.4995471021274848
0.5238948267521436
0.5479621310331817
0.5699143117887062
0.5918661973641016
0.6155526568761844
0.638915115261587
0.6556277154214771
0.6702893589744559
0.6876104780196532
0.7034502360348077
0.7127320357771008
0.7238843576865289
0.742087670464302
0.7569460879726297
0.7662331738555086
0.7779077633354115
0.795451162837441
0.8095982993264401
0.8219459089612571
0.829091374668106
0.8339086605114387
0.8392852207406915
0.8461071178360275
0.8499221081969004
0.8503420494653359
0.8552513175468452
0.8606436433539647
0.8633212152736052
0.8643986009683048
0.8647597645663061
0.861991458616843
0.8595275856131235
0.8573031148753097
0.8556073720819959
0.8515287613746244
0.8470887404673978
0.846385230812439
0.8451396596279259
0.8442450249170518
0.8391028451534637
0.8360273355552323
0.8357558774814623
0.8388462937122523
0.8373123616642985
0.8335214882582834
0.8317058191524836
0.827222155931407
0.8162886526298512
0.8008019655284374
0.7827316244567979
0.770025792504935
0.761474310169979
0.7523974772993139
0.741116019579494
0.7243223234130283
0.6882663044421151
0.6394830851122199
0.59495403096303
0.5526722506782229
0.5048830632592989
0.4490067565531817
0.399033171633923
0.35510311419802515
0.323563328609857
0.29258874850588584
0.26153897006110083
0.23637452724631317
0.2150264852540915
0.18549768803769182
0.12444869534216452
0.06450327155427484
0.03017036114928382
0.026338433810035748
0.02338708445635503
0.01760187060951779
0.021914499272184154
0.022113243291316764
0.025222263785471155
0.018245202593199342
0.02175174128138812
0.021713984100939998
0.030446230608541694
0.03126495177555816
0.03601128377192219
0.031217600522444718
0.02323747244228834
0.008143011392854612
0.0041296678299954665
0.0031280825496184396
0.026319739971247175
0.08951124028111908
0.1723886065818796
0.24911746198272167
0.3057310729393063
0.3650405443579679
0.41787187528567976
0.4711639138006165
0.5160818143362932
0.5564196050135475
0.5902569429612082
0.6198310569351656
0.6465950160610301
0.6709559935036269
0.685253241809339
0.7003994214364765
0.7182707899066028
0.7379326816621388
0.7469576436169383
0.7539903197949661
0.761960166386345
0.7704554017044474
0.7777492011120424
0.7829076691948506
0.7873272996287448
0.7896832781248821
0.7853097772635961
0.7803245556252704
0.7792038038133893
0.7824561460281318
0.7810640413946698
0.7828583724873435
0.7885358980787973
0.7908924058853974
0.7903570487534987
0.7923387261043485
0.7961097116104912
0.7972726695225757
0.8014815041392646
0.805593922478557
0.8062931342812512
0.8034919170358961
0.8010517647067528
0.799108233060092
0.798650965682938
0.7998891737826748
0.8006309252758624
0.7999247208603191
0.7953346815351101
0.7881331758242538
0.7812469502184192
0.774345900966058
0.7718126923727603
0.772754440895692
0.7719009826073582
0.76701618419629
0.7609244979255902
0.7574720546174536
0.7525818918391813
0.7474373837208521
0.7430122340149989
0.7351148065985998
0.7282806092739157
0.7215575280080683
0.7156808440345972
0.7129093319529314
0.7144639972201462
0.7209525540831864
0.7210177684045467
0.7219666678395987
0.7219413069804512
0.7227701400652495
0.7222878678472822
0.718687546676399
0.7200554238242891
0.7196245155435126
0.7167323362594156
0.7027053400586658
0.6793632535880744
0.6537973859943327
0.6205446259161196
0.568060805746817
0.48573670610742165
0.37692554859852273
0.2648136264366199
0.14989672351055544
0.06883458950608676
0.03153822394584735
0.03237330376967038
0.036791552698277545
0.04362103293708736
0.056311895889708904
0.05731245942004769
0.06495216653374905
0.08009998451831829
0.08725929308301261
0.0915822859138073
0.09548153567997633
0.11045186723311581
0.11330534441687651
0.11387671794793527
0.10931942741375764
0.0962315119428877
0.09836093948516475
0.08092230539454211
0.05133406178392061
0.01298918781035312
0.04616688758343406
0.1188402686585184
0.2013615305915331
0.262668294165695
0.3250840450907581
0.3750207264541925
0.4057762449324279
0.42783340612634585
0.44954398234475135
0.46843891159818396
0.48062434779690594
0.495053548634265
0.5148988980747877
0.5308894935481921
0.5470150402305767
0.5646473421762797
0.5852607260565484
0.5988124141930882
0.6110642450305752
0.6269125701997399
0.6437491267761033
0.6567043054817941
0.6723240840570472
0.6876181360276752
0.6997701771478663
0.7064200151843655
0.7127364145782431
0.7169467352175101
0.7145111507033511
0.7085828132851204
0.7024684616797594
0.6942101482358192
0.6826312475493612
0.6732188526522102
0.6720897753696163
0.6745756559734244
0.6707376149669649
0.6641204376974003
0.6618446316057057
0.6666245679537774
0.6720881170361374
0.674975503362259
0.6764687631935693
0.6746290832814217
0.6717964833479487
0.6717722061068109
0.67163341889751
0.6680439443648931
0.662412426072753
0.6490406023936799
0.6173081699953095
0.5798767512294619
0.5486929113104816
0.531905578476448
0.5255828347146301
0.5277779190952729
0.525469791412273
0.5195336399040124
0.5141498585287376
0.511844262186675
0.5077765409496006
0.4980793398179425
0.47664598079169995
0.4399153212463577
0.3916428476992071
0.34254033291335323
0.30534608620883646
0.278799518835839
0.24754696347826222
0.20504242015826132
0.1273858706826937
0.05937778781555874
0.024108072689518454
0.02783412850814872
0.023621861672092296
0.017687458794488405
0.018632192912212877
0.020596649546634625
0.026355669795660897
0.02465134722927399
0.025810588134086303
0.028469905032032974
0.03356487192029111
0.032223281545278856
0.03279680585663831
0.040483439047656535
0.05101153652032253
0.05456398627480943
0.05212709843484366
0.04494714859767512
0.030866364882449388
0.009507997704060514
0.01612581301861235
0.07537489462383712
0.1530344014407325
0.21626014580142933
0.2732496919655497
0.33887701167795886
0.3989533178560864
0.4472284153248593
0.4881558339833896
0.5285434287045814
0.5705545599424842
0.6128802606240307
0.6512868539034533
0.6841573519948696
0.7055353322079867
0.7222777992262055
0.7353443323580346
0.7437658950811324
0.7456409156262619
0.7527110486747952
0.7584234581071597
0.7625396654194185
0.760590027829321
0.7585928314855674
0.7579734604196484
0.75777734910888
0.7602173548494451
0.760276860487375
0.7628490730135251
0.7631895051379111
0.7657183670004274
0.7669998683316502
0.7686741532955726
0.7666187769830554
0.7675985014699422
0.7704181917500011
0.7772285620696694
0.7726463441501736
0.7701098872816029
0.7640324275755649
0.7640863619530424
0.7585224842170672
0.755565852173009
0.7499575783333815
0.7478465731874024
0.7447156778941146
0.7431658367148862
0.7410613363764186
0.7353383596648181
0.7246897953538872
0.715972132578173
0.7101298509366937
0.7052645335003586
0.699980011076519
0.6890793257899722
0.6654674201926524
0.6264266371300743
0.578793945128009
0.5356745462483683
0.49899985933382257
0.4634561424314586
0.4235831258763489
0.3688240579775737
0.2925091628309973
0.21606651143522748
0.1813129653416096
0.16860671918743866
0.14867193951929455
0.09896115941680228
0.05945852682093621
0.03904982010316232
0.03368246965909008
0.02461646953929983
0.02070717299236833
0.02123599304536577
0.016609001815149918
0.011113213968015258
0.012967082966467031
0.01361781382753797
0.011075635038746921
0.007358617749641872
0.011429432551892499
0.009931202196941238
0.009210795420271799
0.008705056285553653
0.014701085748446172
0.01249422684271539
0.01950955393415208
0.025017085181459068
0.03861210855004872
0.06187900282172625
0.10014337118328971
0.1432176877430654
0.18386422679989464
0.221065371206118
0.24328079149247978
0.26061343951992944
0.27705149977693466
0.29432571412137853
0.31548926508712133
0.33962061277192895
0.36893505209181343
0.3984375268924351
0.42442328133687873
0.44505277992812153
0.46202650110993687
0.48155332127645
0.5010193056575992
0.5199156776911158
0.5389677965598298
0.561327566700833
0.5816394277672038
0.5940417784284191
0.6019943612559147
0.6080587194258059
0.6110608781464201
0.6091251389831865
0.6022654181463755
0.5959317786467676
0.5909192648421501
0.5945895977468453
0.595298158355352
0.5976317065607933
0.5955398403416988
0.59529599730088
0.5903694944957103
0.5879921533595059
0.5883853455926044
0.5885119649086882
0.5897160308065318
0.5905584295201537
0.5910207908138951
0.5853520457544064
0.56841834666336
0.5428928950671464
0.5088645778085178
0.4745726529978928
0.4496800476178316
0.4441499620278018
0.4442895390322526
0.44057027618289074
0.42713629872221276
0.4062595899295279
0.3831415792884046
0.36255375298643483
0.3358257031285297
0.3119440456214019
0.2935174164664361
0.28184555877766493
0.26611170681585683
0.2513403040388191
0.2328087056643718
0.20586700190300647
0.1763780335405424
0.1607483732004323
0.16368987388016426
0.16857038196209218
0.161833323951116
0.1486340679062523
0.12759864864334147
0.10634649270990572
0.07869845186344086
0.063426501849681
0.0532801521672961
0.051188265336586505
0.04434644006457264
0.0427861485649383
0.038536485415590606
0.03744178349220712
0.03459836233712546
0.03003033219881356
0.03141986105909432
0.033208268534818626
0.03447661717713591
0.031152121437065486
0.03664756482030304
0.03431618219989642
0.03112837191220416
0.03247484697384524
0.03520485058310731
0.033888051192791376
0.032705777146558035
0.03441654224910273
0.03500480505429515
0.04904574456702099
0.08576212176716147
0.12538780868982938
0.1510144491753828
0.17800226581759437
0.21129827486366778
0.2493817146894593
0.2814674879843949
0.3104376424478237
0.33370590731506383
0.3573676683858924
0.38077474652813265
0.40208109778919315
0.4190061542625476
0.43401748202902124
0.4462471161609168
0.46166193376265086
0.47704901289454565
0.49254858280912905
0.501479437778022
0.506166959682738
0.5101577760851851
0.5222650190770057
0.5297336494346604
0.5360021944722034
0.5337991015924589
0.5312608077762159
0.525339564786297
0.5234041147781762
0.5224227947534067
0.5227235341645919
0.5276319800032058
0.5286846446899414
0.5206143748689656
0.5035171364353277
0.47751495629364826
0.45315357415295243
0.43184137735611117
0.4156849517186753
0.40300412777641115
0.3928266759353031
0.3858091266798177
0.3768714162411652
0.366278823313622
0.34385789058180977
0.32130775453125526
0.30068889758121614
0.2813876639635236
0.2645009872347308
0.25541418830555596
0.24591217783005048
0.23065645656176934
0.2073931799794519
0.17054742812974466
0.12260944637839052
0.08443527433560191
0.06429500436837737
0.060041834590824725
0.05569651638526071
0.052933472680371275
0.04938272140986569
0.049429677426631166
0.044992367960638734
0.03952494188184243
0.03923476890444805
0.0355748805539618
0.027398631339940617
0.02361354231143092
0.024502944813931466
0.025901740579404503
0.023547048335040795
0.0240449800916357
0.021927093910272512
0.020432679427481563
0.02011589365475066
0.018680633794691492
0.018642797962124466
0.020565673123470102
0.015785041799197538
0.018466800428726116
0.025505673274434523
0.04000038344966534
0.04877376108116464
0.07444073388291281
0.1063485893972928
0.13998107921373212
0.17106246287082627
0.19305781033987526
0.2102567185960072
0.23141555680321627
0.26541767750472733
0.2979154367731846
0.3299197463297519
0.36226151768868825
0.39688122809163967
0.4271237196099742
0.4573835925752393
0.4896526787384287
0.5229653175853155
0.5478847587947675
0.5685137655435512
0.5918292627152504
0.6162067130203369
0.6433401280974991
0.6712134615950408
0.6975517118521917
0.7126411912533128
0.7192803336606238
0.7260688963068738
0.7367896829296808
0.7518179445845471
0.7641120914217074
0.7694175052548727
0.7723102725451635
0.7807750491649768
0.7925090879177563
0.7914137952894427
0.7908643556516946
0.7933639323736117
0.7969670635158408
0.7963068922086465
0.7994851940573298
0.8026040445492453
0.801805767192615
0.796012970823614
0.7937718122632339
0.7891092596679719
0.7905943442617179
0.7868518433360531
0.7820321864825082
0.7749236663777704
0.7709216467000691
0.7646126903734
0.7596552262885785
0.7589366274507918
0.7582003356994936
0.7513457640410653
0.7394683089694444
0.7252973257751333
0.7137084196714466
0.710406938378209
0.7084029751576221
0.7060158816032122
0.699631501811146
0.6874824911413963
0.6749878256204831
0.6636438291698556
0.6563817745983085
0.6495706141684873
0.6454913457829365
0.6399888155405637
0.6296052458233973
0.6155296513929539
0.5989456222480226
0.5847732497220397
0.5717821900782418
0.5533753650654436
0.5276874325377754
0.5040063662892128
0.48966378319233095
0.4805415444535831
0.47013304343844975
0.4548207867593875
0.43507051654593926
0.4146916843458135
0.3994516739096321
0.38965991424266927
0.37922025279119237
0.36789196694550175
0.35373778068015743
0.33724627569491966
0.3153627137178953
0.2906366773793157
0.2683684831919023
0.2532889712493708
0.2516337906474272
0.24728280523207877
0.2364825247930485
0.21124398234173247
0.18175598883581917
0.15264750510989838
0.1308872218124743
0.104712223584004
0.07928716274496102
0.06143417423866125
0.054407215960779395
0.051251420231208274
0.05043202357600201
0.050252310516673795
0.04442244163694868
0.04246879820001254
0.04371198429277215
0.04413735894646008
0.038674141722961956
0.03290182405245713
0.033249202444339314
0.0332009337995749
0.032843567933113216
0.03144857717694368
0.029405425620099478
0.028505621719443708
0.02920452653222897
0.031289794837026715
0.032173562899713244
0.03067961591384711
0.029950110824011396
0.031638953760190415
0.029029919697970346
0.025386669150762795
0.020175659443192752
0.023989668131961503
0.026338875332940846
0.02899360175404959
0.02680732423495992
0.02518247266436067
0.03372730579590299
0.06642277263122866
0.12349344713325991
0.18462868821180803
0.24132523616765286
0.2905241373436066
0.32969712318496347
0.3608634021027542
0.3891597149025667
0.42182096932406227
0.45797051119864507
0.49436679968942343
0.5259865596395527
0.5582846086547495
0.59071518881432
0.6169428179808939
0.6414875586279838
0.6683005756390863
0.694592552176064
0.7139924915490832
0.7308883656666487
0.7479637292824826
0.7634849081766614
0.7732342792247202
0.7786108911795598
0.789491628353627
0.7972991273139042
0.8050608366320138
0.8080063630086247
0.8155324335264046
0.8132189167512065
0.8094871196097949
0.8134083362121176
0.816031906207809
0.8155784801238846
0.8127971151125954
0.8187152857490855
0.8179820019050842
0.8176361563172401
0.8154704140758228
0.8170865494188664
0.8186121999400542
0.8174770576895254
0.8153763015620425
0.8157614526023691
0.8108860476070696
0.8079151108912893
0.80712283371555
0.8088319811239787
0.8059540569907696
0.8073448183952655
0.8064073801400182
0.8021161303235037
0.7983527202306113
0.7945707072037085
0.789436765335362
0.7838846638085745
0.7773398935706193
0.7697862888113425
0.7631701305295886
0.7579543011013788
0.7504711048977388
0.7330693274154177
0.7144771544872912
0.6962657743022221
0.688697958213228
0.677775511149075
0.6684589688976457
0.6565290237567276
0.6437669142500815
0.6246534383849095
0.6032367442572292
0.5796241164048989
0.548661970712637
0.5115948915223556
0.47781484314165446
0.4551240530561281
0.4411001528419235
0.4275642599560994
0.40376436612655237
0.3710293170439661
0.3207410235391159
0.26082298356178923
0.19575119638473212
0.12417905298724558
0.06042951080206281
0.024684975241627036
0.016327063090343808
0.009928662816837316
0.0038393513112120765
0.003168522699515314
0.0019330361976018895
0.003355880471056808
0.004953503370253268
0.007304553037712215
0.006641260490758567
0.006142815326643984
0.007517606910910258
0.011704936079981161
0.01750180802917205
0.02134255350713525
0.022335005659852757
0.0257245476229331
0.03445497050752073
0.047673721106111254
0.05713962954478468
0.056075739444273937
0.045124622294527704
0.031587954949717896
0.03579825508486364
0.06757781445723889
0.1268881095969204
0.20155323763943275
0.2752856899711699
0.3407710441058274
0.3867493455417667
0.427147473133579
0.4664476324663798
0.5191573275410907
0.5715100991704489
0.6243701104247424
0.6724441922250208
0.7166238497499601
0.7470839512122142
0.7710913737334734
0.7995104695035958
0.826768029327489
0.8548815526837815
0.8817765829309384
0.9114497182205908
0.9254620084094696
0.9364726346641132
0.9409060963992643
0.9512366810355514
0.9573462800845493
0.9581237497884401
0.9586245709862066
0.9588417145186378
0.9573010998395458
0.9544753796738911
0.9625096842867545
0.9664247447460587
0.9628525259734649
0.9562563138764414
0.9542482010552191
0.951161985581555
0.9468863028073188
0.9425965648884327
0.939141105881402
0.9304196641809586
0.9221075800874968
0.9170869840625127
0.9127502015540979
0.9063428944987919
0.8999473487217446
0.8942338798405782
0.892464312423084
0.8938454698290272
0.8924560821829108
0.8853040035453299
0.8765721798546796
0.8680222758393469
0.860990082053714
0.8525687887115764
0.8429872599065896
0.8270012424285683
0.8085761122025615
0.7917035040554166
0.7816674264125361
0.7769173555298282
0.7725071036401746
0.761685781410125
0.7486959078844132
0.7366232140087825
0.7264319725985634
0.709531037220681
0.6943640776600087
0.6785761620840595
0.6646676200904243
0.6457941726086286
0.6251505453953681
0.5951637053413958
0.56528967337913
0.5392342974853447
0.5251034309161313
0.5101352477172241
0.497847799844217
0.4842464139080874
0.473645410581729
0.4612974268657468
0.4527081112250672
0.4464597706731403
0.4429263399036636
0.44081796678277063
0.43731096832115834
0.4293041256641526
0.4179342475492384
0.4070793649676485
0.39642475968761126
0.38648693876277307
0.3745548703716258
0.3643573761395172
0.34599117617545333
0.31539314180398137
0.2705479337876815
0.23125045412558634
0.2047123632858221
0.19281556196492206
0.182960122520836
0.17000604786424384
0.1477792100851011
0.12226939249641872
0.0928712181192447
0.06816433806459377
0.04965747916770967
0.04515314363215561
0.04454172456619505
0.04756459563638609
0.04566432036574292
0.040486348472228095
0.03408962989885616
0.030052820570542465
0.030297571627024716
0.029523939161176436
0.03115486242502039
0.028233879468445813
0.028740342235905256
0.026061640131407937
0.02757396252450644
0.028135032146988363
0.02647355463801591
0.022673889549959463
0.021983033849502915
0.02500438335222502
0.026286756405510824
0.026851680564706767
0.02434805443952318
0.03984395164781377
0.099197961801621
0.19519963719529898
0.2918724697713703
0.37108307045930805
0.434761168993337
0.4929840077535485
0.5443374966613128
0.5943217718522575
0.6374855875950115
0.6815659867196913
0.7198762001270096
0.7492651179208752
0.7662470684102638
0.7830059826521238
0.7958099492458055
0.806494989200385
0.8134901664358781
0.8269014725310265
0.8412239728043542
0.854109130427196
0.8645327155751156
0.874534720558912
0.8894104497797515
0.8989029280891644
0.9058757308506975
0.9154377210429645
0.9293862749115972
0.9363557291179302
0.9399807797050623
0.9448059808682119
0.9463881100110697
0.9396405535843924
0.9367698444440121
0.9355677387578967
0.9368061523176221
0.9325155990108347
0.9328982849038275
0.9325355639923705
0.9327220749928419
0.9305326163051428
0.9313908906602983
0.9323347555515372
0.9334547115773074
0.9322542905108
0.9326556853187621
0.9329557626391104
0.931256396209826
0.9224876960032748
0.9168359922503887
0.9119212041926057
0.9044293469549386
0.8924774211204377
0.881622566801991
0.8693374371659363
0.8633545794267042
0.857610924190641
0.8476502979275464
0.8292108379675298
0.818107772418683
0.8147227407699404
0.8123630817213489
0.8022912995963938
0.7900573233385457
0.7747767830628753
0.7604311408805998
0.7505739522386435
0.7424151139877654
0.7239424880196136
0.6982598769282911
0.6703102000234953
0.6463687493530503
0.6284322830660323
0.6096424791954722
0.58064433941759
0.5354640555689881
0.47928511104108107
0.4278199652541616
0.3898574289240334
0.3620871181088958
0.3380900154482346
0.30589858082257426
0.25696465702119553
0.2013942223457869
0.14166098934337615
0.09386253089628811
0.06649640808171615
0.0652855391716583
0.06371412682229252
0.06284190959235418
0.058735885660514776
0.05230606663273137
0.04911287271481981
0.04953153704269761
0.049613279238442845
0.04677132195968173
0.04747467375893234
0.04599311945442508
0.040452935529313776
0.03544908124106026
0.033383125554685325
0.03396903025843853
0.036269793746355396
0.038084246344882715
0.03803429921973522
0.036453097860254864
0.03709839308417776
0.04468961776187335
0.07549663838859293
0.12192919127786638
0.18185833494982712
0.2359330945126702
0.2881690057997126
0.33144848433661744
0.36894528493549295
0.39689854983370737
0.4238500815532823
0.4517118326373448
0.47758596036779893
0.504308651234958
0.5296023403330186
0.5497252162628353
0.5640350865000097
0.5774411333434268
0.5892718897345858
0.6008035355655986
0.6090007360655045
0.6134854337361922
0.6130163539503974
0.6167921286741676
0.6169346089729115
0.6128092239080043
0.6046169178606504
0.5976214452977708
0.5893381567601653
0.5833046666447603
0.5834462085951266
0.5851190518260803
0.5867285159604538
0.58597829990653
0.5854963563499884
0.5856043655513925
0.5840262562299873
0.5806161197257755
0.5781658343724234
0.5751457890409948
0.5720334906881025
0.5662864773828035
0.5607566067697213
0.5562304876884533
0.5543249247243294
0.5478447679438836
0.538316325380705
0.5299274981899391
0.5262961655495014
0.5249245411268828
0.5222044957275817
0.517866469376188
0.5164461522516897
0.5160950268084021
0.5122856973694299
0.4989231545922786
0.4769607588210599
0.44979266942000096
0.41982603908372707
0.3803132104489526
0.34018480240638443
0.31494733407981723
0.3053227751367546
0.29885869226285083
0.29087413658861855
0.28144146571215406
0.2596988623194746
0.22586283757866787
0.17599485365586576
0.13095685961774786
0.10886468636087535
0.10846201254968416
0.09815394537561535
0.07413768910867784
0.05853303145057924
0.04683471704943318
0.03592007548154186
0.026978980151914016
0.024039174730788638
0.01657614762656486
0.00797563619700669
0.0024932109339652793
0.0015113064149283135
0.002531442000412919
0.003305559348072049
0.0025570258203225543
0.006671270214205773
0.013599540137074905
0.021955073669204427
0.021234145030641093
0.020004865344244935
0.01689221743078134
0.020213625325968557
0.017337914154080175
0.017998692384329513
0.016019205237387275
0.013306518225469612
0.007763062713667046
0.004809654473505152
0.005537605809452186
0.009289078192195451
0.04055345548867665
0.10239525684391068
0.17429520773578025
0.23257651383941744
0.27980813544153293
0.3253403828279481
0.36371188106610375
0.40236023649398434
0.4366712950691104
0.47233454790715507
0.5106688237844987
0.5502918646645655
0.5828923395684488
0.6059070985621169
0.6293298396975712
0.6573112091420263
0.6874884276545412
0.7098422163685338
0.7273650716269447
0.7448117852699891
0.7606386780834453
0.7702926779308806
0.7801113136587258
0.7865055974136443
0.7909589021560788
0.793820200580436
0.7958075850478247
0.7973275119318977
0.7988318147051034
0.7971358604720947
0.7937206090327308
0.7988296061603781
0.8019205923873954
0.8033266246144312
0.8041366700066941
0.8062670415441032
0.8008765215168685
0.7988768386084393
0.8051551911151686
0.8114500189856718
0.811362404058388
0.8014196724244221
0.7977872211779549
0.7983351276964185
0.7940684552235023
0.7763206616685642
0.7564212518766137
0.7407602308993066
0.7289054508215861
0.7266320093418741
0.7310606367274266
0.7288062394849091
0.7196475174832881
0.7076821015891165
0.6950668716228036
0.6735969191874935
0.6464061068046542
0.6079445828980069
0.5587196211232952
0.5027989012269077
0.4533646670815028
0.41605004524731887
0.3792186672332258
0.32241807949310447
0.23923800462732914
0.15358849702405114
0.08429057794065237
0.04194876691637726
0.02212453884252852
0.018657649795808442
0.019836143092729467
0.02082571257374606
0.01577643729552887
0.011020166176757426
0.01340188514971906
0.017433232174689565
0.01751757523811158
0.018886225400594116
0.019797064488540937
0.013885531682953414
0.009194808419044617
0.005227923475454983
0.0
1.0877888403508773e-05
0.005542947232747162
0.008974701014333652
0.008408343244994678
0.01928819102256288
0.06816876875856055
0.14297397749253124
0.23120774770857092
0.30093126590127944
0.3621645252522151
0.4032233088395492
0.44538755610058955
0.484179957157151
0.5277027643210975
0.5698869110148145
0.609226867233048
0.6395442303969648
0.6672092438434309
0.6884910370386528
0.7043752841685201
0.7151405909268717
0.7265811812070523
0.7351342350621489
0.7394454257573606
0.7412151801246515
0.7422633799393396
0.7458885694762624
0.749359940729643
0.7492591340387905
0.7466868825457404
0.7467584719917562
0.7461489664601259
0.7461192100723523
0.744951464249771
0.7449404034196181
0.7402327699404575
0.7354264367868687
0.7282782813645001
0.716139133968247
0.7001216792101406
0.6846030176842662
0.6753175339802607
0.6667354891149273
0.6577322465174354
0.6475235706925481
0.6362799654157781
0.6215910967978389
0.600400050562818
0.5785040417181173
0.5612614893582366
0.5461309262120785
0.5355781355062327
0.5219115103838565
0.5014381943977925
0.4660788175901348
0.4316503898154142
0.40234538116582963
0.37430563210587314
0.3408138633251797
0.30012272528464784
0.24882876861019942
0.18205369623361997
0.10713367007860315
0.05256364669269843
0.02795023791709286
0.028767997147586415
0.027915150056252863
0.03044706363531396
0.02762261118875972
0.02611698631567858
0.022809122455289016
0.025908509418982543
0.028212507045318243
0.02887070973275073
0.03038058145609581
