0.9916470564305926
1.0
0.9958842026465309
0.9950032008647844
0.9988461330259863
0.9986926122866187
0.993684879929028
0.99438119214141
0.997546547538672
0.9979576515247095
0.9967002380271333
0.9944471565162446
0.9975033249853321
0.9988936596926482
0.9964224546714872
0.9907060613745139
0.9885232192789875
0.9895697081439521
0.9903506051420142
0.9939123365925363
0.9933838317777595
0.9936342940073605
0.9940021670595587
0.9937335678972037
0.9921422853546874
0.9924357732655622
0.9916331424936172
0.9913925088470843
0.9890480099099608
0.9912573892187122
0.990802729953694
0.9934209165963533
0.9928758145706089
0.9916807611467661
0.98851485204522
0.9897837435344164
0.9901046631084441
0.9889318555472131
0.9871746526447508
0.9874960199603458
0.9840893222936786
0.9863824830855298
0.9877575107279368
0.9874858268976391
0.9834750859278456
0.984742265611556
0.987416017477435
0.9907213870752964
0.9889044135157472
0.9836378827754074
0.9773325491940026
0.9727803623257739
0.9673639754575177
0.9542365309413433
0.9351383717779259
0.8851876673696634
0.7652715248999195
0.5424777897353281
0.2912289520886007
0.10758992709470548
0.04641695418550611
0.05300273559323916
0.06339280294058855
0.06026140865110922
0.06814250651845667
0.07227454833889081
0.09106958210322635
0.14708588777997073
0.3048299019845937
0.5058509300732975
0.6923832104490013
0.785076672473477
0.7708683130162881
0.6567842012838477
0.44333821378788585
0.2345302317930874
0.0999172453538274
0.07661759606587647
0.08387809764266338
0.08955071088807005
0.10997333801632932
0.18956414691016832
0.3488207441791704
0.4481793476408138
0.39155734203122605
0.22547961215723103
0.10357274234412911
0.06256955671862499
0.06695851459860098
0.07588167596117411
0.0819091507444552
0.0871827800584046
0.17035080215077464
0.335246197705494
0.5442823704117188
0.6847831006201452
0.6730369442515283
0.49914911829420666
0.254785382051927
0.09361738525466289
0.03190080844435719
0.042944442607862315
0.044566320798142635
0.030288847453424705
0.046571299726981416
0.13734459925937229
0.31008367278965143
0.5089483879013791
0.633789589042122
0.5337502574073337
0.29387161348093577
0.0948473431748836
0.03838559796621478
0.03735525780518714
0.043317015026145586
0.044086887106953306
0.10465566053288403
0.26421227533400377
0.4703946218845282
0.5351755339301175
0.3739274957614718
0.14539015427549132
0.019966739858211985
0.009333271182392452
0.02394163570189338
0.0575199018837017
0.1312478688427022
0.26552837431156207
0.41986235259661153
0.452994159457814
0.3197240129767406
0.14673596342614414
0.06383251323475708
0.05294266209449576
0.06938552701700337
0.10066771663908632
0.17192954263491328
0.3004702088671037
0.46572581507598393
0.5177318554392446
0.3765155360766691
0.17675485007916245
0.04697231260921042
0.01570985019513703
0.00817050143189331
0.03748348234504156
0.09730172684031566
0.21619172013382526
0.4009835095638373
0.5830273328123353
0.6376669258324961
0.4353599546510415
0.17553048664923718
0.026201132493450994
0.013389958122472482
0.0008641280477933864
0.03713075168773218
0.11733053324503373
0.2150626600456729
0.2524894435574235
0.21725952863089903
0.13056169824278627
0.06698807459423385
0.04405950421312767
0.06112251691180948
0.09218075466362682
0.1113011879258212
0.11026726381699858
0.137536476413795
0.2294881830771524
0.3966962763053036
0.5527217413273733
0.574131909970491
0.3897324958577078
0.16790939888987103
0.06231260522154369
0.06513599600056884
0.07763064649465343
0.08657236593160379
0.10098150262314193
0.149319255726363
0.3346539607291528
0.5471498041116711
0.6107978624353082
0.43245528083510476
0.21451153333222947
0.08512308247615555
0.06676032475150195
0.07925953619280553
0.07983893528633634
0.125762636003538
0.29209763509535575
0.5450079299145405
0.7262083354574762
0.7439631979019037
0.5417818943537159
0.2652487874440777
0.08804137945559314
0.07224157108209077
0.08882733625607633
0.09112188425075539
0.09295467770392254
0.13097316499021316
0.28386216127193187
0.5035910697655984
0.6582100120945518
0.6127983844464105
0.3786907538941891
0.14851541733171575
0.048261253915346164
0.05024597526175028
0.049370880609280035
0.0926933078941409
0.19509203690330357
0.35559598162236533
0.5254629075965636
0.6468591917256071
0.6893118539497863
0.6681584391102617
0.5631772342048545
0.3564995531288184
0.16233280370451883
0.08614788520795873
0.10283530645342316
0.16111043063844008
0.28370522332990133
0.46163276036525674
0.5564538892646025
0.5001054968387024
0.332436054185091
0.17502571294679278
0.07982029176858516
0.09229297714400306
0.1744224043590924
0.19669113650427297
0.14088079272538864
0.07200147114186135
0.06762373709181144
0.06910012813000886
0.06496868509459529
0.08328621519984807
0.22242577705857672
0.4866960286001564
0.716819658214251
0.7432356770318963
0.5272076079635549
0.26604633622620694
0.08441286254589028
0.037342249734484585
0.025870934551404098
0.03915692540130596
0.09950724201154505
0.2361822237813591
0.42318958658018013
0.5850990780363274
0.7094997314510875
0.7652235551401123
0.7169316083695868
0.46234639914414727
0.1930599272427937
0.05298522517330903
0.06903138277457473
0.06590812363982688
0.057583097156528276
0.06438439622690435
0.16612520788429902
0.36947864687420573
0.5883020799285641
0.7399922572833293
0.7710399971077819
0.6138783041532722
0.32763528888343796
0.11156928527312826
0.03968176428212165
0.046048615669918816
0.04147231266005948
0.07774261076432708
0.22590123386276795
0.4930958488972635
0.7124620645126215
0.7519134069402075
0.5891926217960493
0.3278654900325615
0.12449905738408099
0.05802303112796476
0.06143088534650447
0.04962388280558598
0.0931003246386379
0.2483514356376514
0.4920746973706647
0.6736865089710131
0.7012772314262734
0.5004356105035079
0.24482521579883962
0.06431820939786416
0.03654615394089986
0.022756072880290232
0.022328064890576
0.03751601132479659
0.11582329381769632
0.27750645325682965
0.4603282675648477
0.5029669282532313
0.33469850886522784
0.1467720635623896
0.0505055215499969
0.025647435155417495
0.0
0.013297193242522336
0.05821841730225241
0.14040020077389814
0.22616369982372203
0.25068648397238186
0.21712323978671463
0.15416899161861436
0.09814744302324287
0.06089042759927287
0.08067394609540275
0.1507887070912228
0.21712503747671913
0.26540746071696075
0.30350285732598564
0.3478257384553806
0.3867278738251771
0.3896178736943708
0.3214182574934312
0.18743607138994803
0.0880826626554332
0.05344766521744687
0.06596374808528761
0.08063885147384284
0.1228188170948044
0.20205348086924976
0.30546949695547004
0.3053177115823629
0.20396769677975138
0.10159413366114939
0.07091045422908142
0.06128302193961857
0.05783522243672116
0.10119103685895812
0.21131998281924108
0.3730344270662741
0.4924231684890725
0.4577306641072759
0.30494004090230087
0.15306563170140677
0.08177634820943379
0.06362587803424602
0.04933150428953638
0.0593374189168317
0.10774651288511804
0.19212481304941167
0.22151300243858807
0.1768662180300489
0.10389829511956261
0.05798205629169631
0.041792437348934466
0.034905759705850074
0.05361338852312747
0.11990183410456147
0.2548000481234409
0.39508699079167725
0.44836906345148475
0.3486517909736034
0.19064872518994683
0.08092965437916512
0.055657860657894666
0.05455869970614481
0.040083656083153604
0.05402955516158039
0.12127523332117124
0.20897889114776474
0.23623738268654168
0.2072270902348356
0.14203128203790197
0.09169679112452529
0.07427977879656483
0.09131069981735003
0.16965035464440412
0.3230707721049181
0.4049524380004097
0.32242061056169863
0.17460778347303949
0.09551744072095886
0.06901169516269128
0.06466841435294983
0.06147207096336212
0.07565947963456504
0.17580001155518005
0.34724163711298317
0.426497248021813
0.3427666218083967
0.20569555702070141
0.11503806100772643
0.07387177954145484
0.06086983767411675
0.06201735681195078
0.13529412657067533
0.3002517374514484
0.4452760584911293
0.40420983374661046
0.24627482653403354
0.1163348026158919
0.06554843140921443
0.04403269583576574
0.037892949097859674
0.06450438268817427
0.14659635456913034
0.24181456492504294
0.2597783944489308
0.20124829095765523
0.13307824967437598
0.09109904349465926
0.07424646676590616
0.08841526419265114
0.1278173542300206
0.1733617766553207
0.19977672752459075
0.18860693977776344
0.15861219012012356
0.14405474539388197
0.14106254869087093
0.1541489207898595
0.14911045240057835
0.11620181660913395
0.06407828015559713
0.026153940576450995
0.015172410274917118
0.05144514173957243
0.12897897675810438
0.2663947817926077
0.44999483229798326
0.5958869888875228
0.49400976760535087
0.2698705860424862
0.08237666075187643
0.061433213909351865
0.06689061519109699
0.08460489481795741
0.049935617194262906
0.04961791049080073
0.12416926379175035
0.28475621516657823
0.4175168369250483
0.3930207427930779
0.2395691246401667
0.0892701471308848
0.04095884706386946
0.030614936336119457
0.03873064214545513
0.07707426611445138
0.19661581460631944
0.385495307815387
0.5000495852567067
0.4589844017970191
0.31065862260132887
0.19813646119790507
0.14301601012060253
0.14619807688604475
0.19127103481035626
0.2706769427791051
0.2895038624745157
0.24091142598242574
0.15375313256993797
0.10092748765457292
0.09322692856731035
0.13060714935765733
0.20017612865939388
0.3156709458572549
0.46531352445374535
0.4986159527417644
0.38475443220959166
0.2240172643951357
0.14425470053266348
0.13048502599822145
0.14365837188826827
0.18732774230656432
0.26682338204187
0.4044374408136179
0.5456690985117687
0.6028161822371387
0.5299341375494393
0.4029291221499121
0.3245022668476953
0.3264734052242366
0.4024429031343617
0.5406186514555351
0.704766003940881
0.8034498587638996
0.7823516345029284
0.7019087373576615
0.6241874488455958
0.576005409738914
0.5790575983280087
0.6392225305771684
0.7057751033512295
0.7101657320936292
0.6528657300008659
0.5753665978109566
0.5296670308747047
0.5273125366777744
0.559757490287667
0.5948826855825361
0.601226709200501
0.585376882921481
0.5691510104198038
0.5692349452502694
0.5836792509866354
0.5930337402950141
0.5829678331701557
0.5741677537347557
0.5875791124368241
0.6067617302849144
0.5769481555540692
0.433258508747772
0.24552524477425547
0.1324123647563121
0.12491748004212302
0.1314828741446288
0.13263548397122338
0.15253380269072478
0.20582207533711816
0.20226551822127853
0.14185707862720265
0.07302270507248738
0.05941932428646945
0.06574671779815887
0.07311117307566427
0.09167147633827033
0.15602235837981057
0.3143948431465125
0.49861269918877305
0.5912988935546505
0.5100912325332153
0.3301889340911946
0.1780456718711364
0.1093225718881515
0.09299960740472331
0.10520159433381274
0.11931114174820019
0.11549054996590112
0.08736859158078868
0.06795305049760376
0.06089270463454595
0.05983477226202716
0.07641989282373249
0.17963715599197833
0.3759745746692324
0.5724753537377673
0.6795484295812987
0.7113714487651568
0.6637173464258521
0.4744511849036551
0.23937882230088978
0.09338485406966354
0.0633585080727157
0.04330063571237959
0.05157614081402603
0.10345291593315681
0.20046942441513624
0.3230448719820642
0.3545860859708483
0.25590041133256863
0.12328627518400022
0.07548807534429097
0.07343937469406452
0.07331738910161638
0.09622635542977297
0.17848581228472493
0.33033654396450624
0.4705709251155144
0.49183541739982084
0.3645137248311702
0.19863082228653453
0.09798420959242357
0.07342947459863977
0.07274746304582176
0.08484767559123223
0.09379451175998604
0.09800930938550936
0.09256401329317634
0.08735160114628139
0.10540834021099019
0.15646478421027046
0.28155598863491094
0.42967364995111096
0.5331958611734743
0.5007224520705805
0.35241893355731746
0.18414780587215146
0.08930166170473174
0.07988037263991753
0.07803101741625756
0.07967560090562768
0.09149581967311558
0.1712762978518912
0.311138729396648
0.43260393460573743
0.4508099200430451
0.3495583397304145
0.21745939760023722
0.12208344164441401
0.10369648239700353
0.1229218800969461
0.14241051817545003
0.1884186649270285
0.3140835472482549
0.45449742952421224
0.4871050812922204
0.39381514823030755
0.2615443032569376
0.14948095636064213
0.10176807448538888
0.11503233966151234
0.17010713816350692
0.22872608736490538
0.24452365946358598
0.19096316505822608
0.12157772298778997
0.09361247106525095
0.10116136344285682
0.16324667729710604
0.31991460691227586
0.5284873102798977
0.6235855038563063
0.567616861988904
0.40945455745056536
0.2457466332103145
0.12821908315857616
0.09905961360432686
0.10500875478820297
0.12818404146633855
0.20986794548940918
0.33255429894036087
0.3743037998296232
0.29969614209992096
0.1785632274101858
0.1119251221940933
0.08594893605259678
0.09086050709014022
0.09922684913459041
0.14790971850140464
0.2706200999941533
0.43107336599159185
0.48987834022211135
0.4385644509949701
0.31835458881369294
0.20728895959431787
0.1312318201275499
0.11908744871521788
0.1533954180779319
0.24022221340139208
0.40087943765411016
0.52762811758557
0.5213104679956092
0.4255348061874836
0.3234269094918769
0.24891726797208924
0.19618730728002087
0.20109076623413782
0.25019039969180057
0.32863630641342495
0.4236320218825376
0.43762059801717074
0.3195818226662755
0.16995570590643078
0.10417822040499655
0.11175171471740881
0.12346553789481814
0.1636980927748332
0.2133229545271088
0.20345615264832456
0.1399463870211591
0.07347883580864249
0.05817089878003436
0.05810425744601978
0.055794510434384326
0.05697010695535414
0.13350195547747004
0.31760356942684254
0.490084644902924
0.5358162057584105
0.44136171775558597
0.2830310036015867
0.16238210598218916
0.09914072044120839
0.08435514239595279
0.08377195111523525
0.11663828130687509
0.17700319633421108
0.19858218309556064
0.16575194815541255
0.11564124642866198
0.09573437118345009
0.08958795367848338
0.08884510466270411
0.09421400905066464
0.12915566494638808
0.24613557715333914
0.4421255831021812
0.6020891610125576
0.6421175241832361
0.5805967357298759
0.45489781725224787
0.28970266522192534
0.15616054115283687
0.09658522896878718
0.08395926783614792
0.0850350383097107
0.13838817072832388
0.25857735699591067
0.34533725559298795
0.3117277439321814
0.20435643858285135
0.1278023147729156
0.10007799712664218
0.0986028097691328
0.1039470546581574
0.12496555371986104
0.20574068322955655
0.34795259369189496
0.4380852759427162
0.39803616899912514
0.25660537791852245
0.14489352463308006
0.09792121932844101
0.09097769634653184
0.0899797935475
0.10580600122846562
0.1476951626262481
0.2382340716061432
0.3658841153068293
0.4475453708919135
0.44212792913061194
0.3378418220816078
0.20875652801237046
0.12325834384585206
0.11963739564732825
0.1547275775360822
0.2092459138723602
0.2613639979663585
0.29657161220902684
0.3108723717237497
0.3028178363026422
0.28109270018729354
0.27535210250717834
0.3111747015787775
0.3604263858420576
0.3730539410320803
0.34788466451448175
0.31430173680507784
0.2730198074640691
0.22324585900409696
0.18316223377556679
0.1822587785694088
0.23757849924409422
0.33615294677615953
0.4046157760534889
0.404310664709221
0.3759103230690956
0.35252475617204576
0.32809061750175944
0.29400799399409516
0.2830760959296118
0.2966692860180686
0.33821416367137924
0.37962910305170083
0.3984532848868706
0.39381750213397804
0.3971637102909454
0.3997223197547703
0.3784176541617299
0.299664887423425
0.207680004890732
0.13313062636079045
0.11812744284334015
0.14838069513281854
0.24399527332093207
0.3850677124332726
0.5205620792831549
0.551516026995698
0.40672564913156534
0.21485435948755577
0.09786519721105834
0.08041238061970489
0.07470588886064132
0.09317366486366152
0.1341450222058445
0.2201151614857348
0.3428623596486641
0.41763482682961184
0.39350481738226983
0.30510101981871074
0.21946677511751359
0.16318102047462357
0.15122030572299242
0.1850112582706105
0.21974208623158067
0.23898469903775238
0.2488331446817513
0.2653757014459275
0.3005580244429474
0.36479589044182464
0.4338944392350721
0.4067609689794391
0.2705543947559632
0.1449387553450247
0.10363665028753219
0.09489405961668931
0.08735976355119082
0.09791338777724015
0.1344727369288566
0.21590221788214606
0.308844380463271
0.2877050021565856
0.18714479852351015
0.1059743329408391
0.10156334555031951
0.09651413333071812
0.09744197020707997
0.09710621368285029
0.14275293693899305
0.2611789596247423
0.3635087562762279
0.3331848128389972
0.20555255577644188
0.11474453091631873
0.0894604203703818
0.08366008104412172
0.0756560264936965
0.07159426979305315
0.10726155856490474
0.2032952615173728
0.3486207421372471
0.4296481099568732
0.423560079835543
0.35424077695062556
0.2841708255802244
0.2082984904607429
0.14945550984363473
0.14133384007159833
0.19780604898740684
0.30359513915785613
0.37251220705959404
0.3889669138868543
0.3815503942583136
0.3784575356166444
0.3526850402378261
0.30326050153487555
0.26088168674272355
0.25152997156961887
0.2887661329272802
0.344358922606883
0.3946394181230801
0.43887617131565054
0.483096153318749
0.5181237153156184
0.5209086183952888
0.4125982445298766
0.23727241066372481
0.09939015521670849
0.0789680183139676
0.08744048243172804
0.09203727733103337
0.10630058323186024
0.18505087597861666
0.2584930597373397
0.24584992861830923
0.1702385556355544
0.12390896494776821
0.11003026115354218
0.08696411966474524
0.09093594268862025
0.1448349572837121
0.3077295204531705
0.4888518322790437
0.571055310096159
0.48180239049298246
0.3263730246522935
0.20663422677078183
0.14917803050994294
0.14834112549149917
0.18765487404206335
0.2779328144097713
0.3855743051453005
0.471833694161879
0.4864886039287836
0.4270281112879581
0.3423958303691237
0.28835227351497916
0.2873755679673191
0.3253257728559737
0.39368736816465594
0.43162908174144243
0.4067305478312856
0.3434647291318603
0.29533765301698206
0.2808209880163829
0.2943262499831853
0.3287807246331676
0.37459373752359965
0.3894360739597015
0.3107067663278019
0.18657208300446482
0.11097858265442935
0.08786381835893677
0.07854196669578152
0.08170152524936862
0.10590590202669338
0.08715644472589149
0.0515438246139478
0.02756744091711443
0.04888352224999071
0.059472939356419036
0.07480558316953546
0.13891273266435158
0.3105596064621013
0.503416216816398
0.5479963294360142
0.3877622163998507
0.1891264473421611
0.0986038562427147
0.09332675284924
0.09943022124638214
0.10436084382169235
0.1454723387094673
0.24991511659646054
0.32673141270072836
0.2707220458118629
0.1636374415052733
0.11979207036141783
0.13793955150504145
0.14411617765318044
0.15217260955280312
0.21238138757525105
0.32874382134437224
0.43813245534679046
0.43752455489076153
0.3144271616245528
0.17218348242856835
0.10234344281415263
0.1175530144444911
0.12874295720954781
0.1321170186741978
0.1366678881610302
0.1848603990304438
0.25581780774670393
0.29890872514184486
0.26162493178659
0.18077217127541612
0.12259121781144179
0.11505461783380448
0.12537583444840056
0.15236987187580167
0.2275001858092757
0.3408091989329269
0.3792109665374814
0.3027209690080805
0.18212573868446827
0.10538887729911545
0.0733956717603771
0.0744395266516396
0.10493912226611672
0.14111185949633975
0.14822558685370665
0.13498722967365373
0.11740181499530492
0.12417119738328986
0.1457150692190075
0.1921577593428588
0.26019183938917995
0.32702175920774434
0.2848174884667803
0.1773794819109117
0.09157003411411305
0.08552865691384365
0.07955012619296728
0.08589412146862795
0.08182838380383638
0.12583504510162466
0.24242493169466406
0.38437290458484613
0.42602300740574095
0.35432848910478076
0.22756692864596673
0.12920340636265187
0.08504492571880168
0.07456105119115357
0.08354386811440259
0.1325847427922554
0.2585979496525817
0.4389818591731874
0.5505364930736569
0.46865943995568776
0.26488033915346176
0.11715571340078892
0.07769730139866395
0.076292758404683
0.06957019508035986
0.06428986792848948
0.11867663067824656
0.2602728844847517
0.4531541550946244
0.5323698915569751
0.4035895924737436
0.1982957490146879
0.09328761787498567
0.08103685049495685
0.08002283983803611
0.08552629708993433
0.12918914486811997
0.24475949628538754
0.4279404901493539
0.5738726942092873
0.5742082141997858
0.40621830465213715
0.21061300002714392
0.09584518726388991
0.07284772531121399
0.07281373974790033
0.08051338554406313
0.08674520877428493
0.10918361845006064
0.18744091107803446
0.3235468769381534
0.4052037808900525
0.31120977123777827
0.1594371225470196
0.0822271507829448
0.0848533094518793
0.07291958328083198
0.07999152677027176
0.10580187692388536
0.1703612628562098
0.2871764557359489
0.412144475989903
0.46101760169778744
0.3652406208393114
0.20875498153212
0.10399768568887319
0.0959232712590571
0.10941419095140685
0.12066786113629482
0.15568356479373735
0.25747978889261114
0.403902073618632
0.47836969045659483
0.4228041611620369
0.29668927318375415
0.19204868943651604
0.13521169196586108
0.12079078817511414
0.14229333702987587
0.21845998749180237
0.34640030179210574
0.4889493291315904
0.5342301627457136
0.4291335208132495
0.25583592797357985
0.14606142103255185
0.12866329838488177
0.12212260167226874
0.12473431918422899
0.15600107612284278
0.2650333210860459
0.4216690602775745
0.49803208310072017
0.39012873397093933
0.26072045567833513
0.1811452279643723
0.1527132980989312
0.09857296425638744
0.09975570080262848
0.09346159428917133
0.10506798613832671
0.17179124445324406
0.3376577345187682
0.5182424007520685
0.5785981332778452
0.47694524568593616
0.2901636289976603
0.16254803607521584
0.11736089944937683
0.12003294249628797
0.11927597683442963
0.20144298046103926
0.3820062853990696
0.5950454933389615
0.7158176675044116
0.6697531494655067
0.46582267957118917
0.23972912620860087
0.12599816230236183
0.11169618730963053
0.11147266342701906
0.1159974980105184
0.16656878307878917
0.28471000597450674
0.4337951089987305
0.5384745981649798
0.5504603886780403
0.49341241598879204
0.3998069304774005
0.3064502404768682
0.2260425625149011
0.20045284816378128
0.2454434398824904
0.349099831402765
0.46081486394767646
0.5562800351636171
0.5913082277624607
0.5257181805802756
0.37513563508776554
0.22294833040094209
0.1421028387143552
0.11813777570859924
0.11821638935759231
0.1282919997326343
0.16819287046110956
0.2662429798732493
0.3611475164554854
0.3139356543224212
0.1780912256687652
0.09565594602626151
0.09746864723189534
0.08906650352478104
0.0781111296438342
0.08806398849008466
0.07790735405520575
0.08019491639356723
0.09903153968634393
0.13656965976535537
0.1369530350837426
0.11162422368490323
0.095492670817837
0.08955054352276977
0.0813558945879501
0.0720808645494044
0.09199241707072799
0.1732360155065389
0.2933127036497359
0.37012387399465024
0.3464975913334421
0.26265739079434514
0.19116704151865974
0.14098178524970942
0.1076280758201197
0.0989592170562681
0.10699575361463078
0.15870662086675968
0.2289149207966473
0.2823278641514504
0.2918356362830214
0.3096430050657523
0.31734653282937453
0.2723430912004166
0.21244281238930926
0.17189139802016026
0.17131694030308547
0.1894894771611043
0.24546670078261812
0.3252692003175591
0.43931458004664464
0.5687122286256842
0.598651191635371
0.4350088695598009
0.22618379912498318
0.11170414837099561
0.10611314072173814
0.09922377526857613
0.1110389578650335
0.11016043892443472
0.12373303766382229
0.196973335711102
0.3407702148974825
0.47863845009471906
0.5218346843567516
0.48234083387351656
0.42200999271999734
0.3834075574746528
0.3627579010292928
0.3434135295571325
0.3395060045944512
0.3516450338449501
0.3651168528988142
0.36342496143210495
0.33697624146459004
0.24953174460708719
0.15529144264623537
0.09904530857773379
0.10366767595089027
0.10090384043366031
0.10586125495114293
0.10984094468166604
0.13255472364389229
0.18538149121647968
0.23907357682018301
0.2086259504867156
0.13330588033573584
0.0908549690717528
0.09538155801750371
0.08128424872704319
0.08536683466017528
0.101620652845087
0.11674696303935281
0.12637726559844234
0.15154061568765975
0.16664840268802653
0.16938083556174188
0.15525600939416914
0.1358771190783654
0.11331817122197818
0.11408929376426118
0.129575057205316
0.19289343922133514
0.3031279145954761
0.42172758040641356
0.4755424222347466
0.4647752711736251
0.3552453276634304
0.20906316393829824
0.10315357175691015
0.08841507252007366
0.09219688053682666
0.09100351323417884
0.08950693364504356
0.14443814444437647
0.268054113067572
0.3724563098160186
0.3303597548297867
0.21019205022604573
0.12151819152515601
0.09838298651316543
0.087310487484161
0.08425433562184076
0.09657219102004097
0.12699312004643215
0.1914737028474821
0.27306789458723313
0.28860796496664803
0.21296519910202372
0.12731119157283186
0.09451303893333872
0.09724328465152726
0.09303845159832028
0.08705199716200707
0.06697037508327372
0.10494745679230615
0.17623064187805526
0.2545729644906601
0.2839086831561896
0.28341521328384317
0.2587841739779583
0.2483918237420366
0.23239966830260497
0.1772173221370705
0.12088889306581672
0.0955061433305163
0.10091762551287126
0.09540747215135746
0.09449718855373421
0.1138292063084586
0.15630718469350596
0.18870161679102687
0.1757025605179335
0.13939689009751904
0.10123383635132345
0.09428841256458288
0.11031663446910735
0.14494529781435436
0.2098229058701803
0.31523356289180876
0.40527763448080917
0.39118999567088336
0.32451627651946663
0.2803997487024963
0.2573166074655505
0.22285121427317717
0.17764644189568166
0.16364043330645195
0.20748417434657365
0.31267557509439065
0.4400768142570536
0.5213901526283924
0.5176191618791973
0.4133758609545266
0.3037047528155736
0.21554300208971852
0.1563696853304917
0.11183761433921402
0.0894525708182833
0.09306222608755638
0.118046450803271
0.1342786815637747
0.12455540152749438
0.10638677526905357
0.09519459299722284
0.08739266348407825
0.09942670339299431
0.14410798652697662
0.18740546046187612
0.18754477611601542
0.14855964824421752
0.12270255790299828
0.12203169285995624
0.11807582764680512
0.11451480307750912
0.13537733222683007
0.18960016253166634
0.22075072348760588
0.20394195076693766
0.16451660459705614
0.13970909756552125
0.13807771933284596
0.14709144254571513
0.17487898298588403
0.20927269838407808
0.23022994752347836
0.21712679648504718
0.1895304138458658
0.16960331842757712
0.16066326437936929
0.15869952095266512
0.16464495186195427
0.1811581466675305
0.17622684164210586
0.14311344367088782
0.10462692353138711
0.09397973236748856
0.09431163570885052
0.09888506105853326
0.09684160761360079
0.09338107253471652
0.14503428767678667
0.2704359415817076
0.371733128732807
0.3633703207694151
0.25830859328085964
0.16139530006193392
0.10684407911185408
0.09669862135063
0.09335694247357727
0.1039020112590491
0.12237816839993311
0.17753598044185373
0.2426913272181047
0.2572777838723295
0.1972783807763325
0.13983714008978515
0.1105785783858974
0.09602518737346442
0.08904779965438792
0.10013956941223412
0.11231260091544987
0.12332515134864025
0.1294580272091042
0.14372884086499052
0.1531034908842529
0.14596554769245665
0.12484300769919743
0.10979968284530028
0.10963605979494694
0.10741752037928493
0.1045169257952029
0.10253513789688914
0.1132345444983139
0.15646609224962957
0.23873315227817404
0.33705646886651924
0.3828571764511778
0.34555746254235775
0.24311551919394628
0.14237597916294664
0.07750411380803275
0.06572703053936099
0.07410159322509272
0.11052624358590359
0.19151610685482673
0.33383653379963046
0.43927700860662516
0.42613109444165614
0.32874834009925424
0.213340796786911
0.1376762365095384
0.10472914221479118
0.11132699161911129
0.10429196011868881
0.13032997586999304
0.2255578286312289
0.3450562183731588
0.42696671050817814
0.44037748875158816
0.34316372361034725
0.18922467373169866
0.08088024460672244
0.06239906454783994
0.07025344596969546
0.07435108288085633
0.07761136842406943
0.1148502819858586
0.22278353931778863
0.3429430182884253
0.39530886276353144
0.3106522646274114
0.1755548806550194
0.0872006918080362
0.0790242502485948
0.08951971373306658
0.09731694758007865
0.1141457766937748
0.180695021197799
0.2749274008947081
0.373254317196088
0.3753748638068168
0.27517332323563365
0.15110482464761738
0.10322193599389706
0.1042033865851043
0.09696339132947575
0.09520185838252573
0.09755804930616843
0.09909935673913696
0.12170235073495904
0.18287515528354253
0.27151208886071665
0.3364009220213745
0.34912923871926804
0.3277298109414186
0.29961694099407193
0.26522163569345636
0.22825346348214648
0.20612514284913433
0.2251698839473017
0.2659424701507281
0.29599952609099756
0.29413241453339684
0.2841153768552836
0.2771513633587672
0.2588238169150946
0.22799806484176388
0.2143037578490196
0.19289433338974338
0.14878705243172882
0.10320230302260691
0.08992831288277416
0.09167551284529565
0.08817698583028
0.11354162662499982
0.13736296464637937
0.1995817055786869
0.2888929411419677
0.36966612432720697
0.3449633699857145
0.2358852353706793
0.13594955504559197
0.09351246510621991
0.10747917002707205
0.10853838638609724
0.0984205678320862
0.0836314765714748
0.0871851422089802
0.12135034728413244
0.17352320053538225
0.19924844314019266
0.18146541009958053
0.1420996165684439
0.10816777490174598
0.09244801313084504
0.09127906628861954
0.0845616011698029
0.07833576297572253
0.08349795305817731
0.09689682568831631
0.1150556430933757
0.13140761700231698
0.1400220285801571
0.1333118069666249
0.12036321943679436
0.10576351355062025
0.10193373334185067
0.11470809365551227
0.17114004333421964
0.24936736398533524
0.295100256904087
0.27035781747499626
0.21443312451426955
0.16973315349062412
0.15072511357848148
0.12153223047416609
0.09082914983833897
0.07586377158944094
0.09382172252507742
0.11207439779464756
0.15615953187056783
0.2132737480030611
0.24930448930214558
0.22555151560194875
0.18460758641349792
0.1466804633584298
0.12469941538962453
0.1249031920099963
0.14688079837266968
0.18864619881461558
0.24390323315459708
0.2930441225727361
0.29378915883973894
0.2578962177261654
0.1987249550508022
0.14647510101222383
0.11283892381895393
0.10812466429406398
0.12088323669170199
0.1402387460539287
0.16726700495884358
0.18426169755190816
0.1749948012375739
0.1413250437066499
0.1134811102344978
0.10141833210893997
0.10054012038448797
0.1179163129426996
0.1595625448266127
0.19444254413570777
0.17992731067277734
0.16594828732335748
0.17081357785804138
0.19999822303829923
0.2172210450532588
0.2458656724542327
0.25763975738065276
0.2452925905672289
0.18314233994449988
0.12880643299791625
0.10531642575869747
0.1273438237545018
0.13644095345430723
0.1662473911614836
0.2181761556672236
0.28653775008434207
0.3720068282699299
0.43600998168779126
0.4138539677325026
0.25558732821527474
0.12153825641690601
0.09221033798888753
0.12618092396233457
0.1347614594075448
0.12216117072873249
0.1268832608835978
0.1613776984468658
0.2502388421846026
0.35055053598127145
0.4007287675480155
0.35757694305870746
0.24299886182508904
0.1454844517120597
0.10782142372025623
0.1112521399603689
0.11014986258911205
0.10770764510356058
0.11340141303650876
0.1365801237890577
0.22088076382555297
0.33722353083650064
0.40595115246449964
0.37854350058362884
0.31674323197206483
0.250208417555982
0.1793364649648358
0.11858067034023276
0.09499171157337825
0.10696064521658652
0.14606009628985112
0.21280269614549496
0.24967621948773527
0.24352068374035452
0.22191127516340958
0.21397865656671172
0.2050642459500124
0.1744835148826154
0.17021701395483793
0.19501983344301635
0.2755105500116115
0.3374839774580326
0.34183546552845817
0.28698805601682226
0.20979647268503526
0.15202355974300835
0.13149071991817077
0.1675540670549013
0.2086337283969273
0.24222377141361184
0.28886443630550507
0.3233257678009826
0.28179629028814474
0.1725387307182884
0.10729018619082059
0.098678100294888
0.09785139492185162
0.08305036816817596
0.09362081590826996
0.11781600590938753
0.149231758245459
0.15855663153183586
0.16986521049293352
0.1718879664472865
0.16847943288114364
0.15169986368146982
0.15183375507608168
0.1739284720444576
0.20454725024979165
0.267059330439208
0.3344857031179496
0.39446193449199646
0.39190334275580807
0.3176118204068926
0.20361189094702753
0.13502082345974453
0.11646170974848906
0.10772523112575862
0.08558217918428014
0.07296151452468422
0.10174420067890311
0.16127338979131464
0.24015892907591274
0.2912028137373226
0.30722156889082936
0.2808830823264803
0.24603632642855475
0.2180329154265608
0.22128251272321645
0.24338819203548548
0.27534784579699584
0.3164336004999543
0.3550317009980095
0.36321276564588806
0.329474032922993
0.3013525677933874
0.2820548395987384
0.27237764199036574
0.21809865924348346
0.16896845610082653
0.16142306785611418
0.197017025702458
0.23408893229252695
0.2706830116983224
0.29278185699850384
0.29672738816091526
0.3003366875804542
0.31632407388560424
0.31079915500602784
0.2697904182772666
0.23734345304008275
0.24508261798167338
0.2931243658220335
0.3100941591532364
0.2992072634881765
0.2626074825607215
0.2208888961063271
0.17970209496331857
0.14632010803930606
0.12459527585328284
0.11682576103659838
0.12439112597617984
0.1484098726389627
0.15733005350157953
0.16142448727730435
0.16364845006140627
0.18195846118167927
0.16321378152223917
0.14375712422759707
0.17097876770657966
0.2163472741314415
0.2166456398485508
0.19421340950621416
0.22686998102755607
0.27628806196293837
0.3044081776451564
0.3077099145380767
0.33511644304557014
0.368171076863471
0.38754224324826375
0.39013383032482263
0.38617028154800404
0.38782946036873706
0.40476408417012305
0.4236430965952854
0.4308831642889457
0.39002512967046066
0.3359736905788175
0.29254741876901674
0.25268679780394365
0.19740221197230484
0.17399590267361856
0.19572197190828675
0.21032866766706676
0.21565944397194758
0.25355688800994014
0.29694810170424707
0.2509953246778709
0.1673254877026096
0.11334365533368955
0.11646933943174637
0.11196297622643887
0.10588565674952796
0.08129525567287274
0.08262506956672087
0.13032246154941607
0.21027611954008218
0.27901892466324124
0.31213133701455753
0.30895348168894593
0.24718934418661698
0.16426800939744915
0.09308888125350098
0.07232115552620953
0.06152345611075004
0.06681562553653865
0.07707998917564252
0.15529411264804627
0.25086246086904224
0.31401815515097475
0.2962713501379264
0.23759713865624255
0.1547486501791277
0.10024547034955202
0.08843243016250829
0.07852557626160449
0.062388286238581815
0.07409277931974267
0.11399695861787008
0.17153998092152484
0.22760642166508896
0.26900497511241916
0.26576055539132576
0.24328026693990012
0.21093361202267089
0.2201963866926166
0.22300249135102848
0.25576777817296903
0.2759406419881014
0.28979706553130324
0.24532401094078585
0.20568643504727038
0.1732473247987632
0.1667027244881544
0.19343383032137199
0.226848965184797
0.22741382338311866
0.209713978427064
0.1980604003240795
0.18294363983476367
0.1749567608303466
0.16237007709480106
0.15308594669457917
0.1409133753719898
0.14710160817303217
0.16339022709262294
0.2078977131821187
0.26112375501406043
0.3052044699626087
0.31958141128886414
0.308277798926892
0.25239666125965105
0.20220881356144307
0.17704557444659969
0.17606818149441772
0.15707513686946295
0.1278562940219112
0.12410874205296406
0.1777380040442777
0.28135083569141933
0.3705562281673593
0.36355852022836793
0.26113262497362016
0.16444920844478975
0.13452950294410543
0.13679811168203546
0.12516421842150108
0.11172814976704663
0.09343908000242032
0.08499235842152036
0.08860967794476439
0.12149807405908956
0.20816289613726732
0.28917926735836913
0.27123492024519086
0.1987673238685534
0.15696219398410563
0.16805051145015526
0.1641832208369128
0.14333478026539562
0.13315295430530516
0.14238684065550794
0.14502760649681512
0.13629925706545334
0.14380425781653258
0.14826912398842249
