0.7636592032965047
0.7211661675610593
0.707314997207904
0.7063950942528752
0.7122514483127198
0.7043338803771451
0.7049267378868945
0.703123464287198
0.7068393132805015
0.7030847106487071
0.7020445898522942
0.7005775897564478
0.7093384563614562
0.7193016392721904
0.713237088123346
0.7376928335025482
0.756335953007106
0.7474554170358577
0.7541223493359218
0.8196330408295518
0.8836294888155946
0.8857456035008435
0.8865616644361131
0.8824153711618461
0.8837096728855557
0.872582909221153
0.8691799286124912
0.8579189371346716
0.861143698696302
0.8672735603316405
0.866841700155089
0.8650716175646656
0.8656820370280363
0.8677706119248753
0.8585498888866444
0.8612240978950031
0.8535248203915637
0.8549043472848847
0.8540207195618413
0.8577950262665142
0.859454604697829
0.8582215892742738
0.8614887715736469
0.8583172861880313
0.8630779368862735
0.8595146149541987
0.871620107960113
0.8770450942421646
0.8780815104404021
0.8697676038491903
0.8657219085981411
0.8642089936064986
0.8698272154108747
0.8722635198810678
0.871949989931006
0.8648909588651883
0.8675247832923372
0.8682194344407296
0.872063728956489
0.8611010968031663
0.8577707143603106
0.8577050512025365
0.8569129283504503
0.8590518558071786
0.8548167981932671
0.8641308147336747
0.8461958853294387
0.8292932350937714
0.7944742553090506
0.8160325281569732
0.8443900659545638
0.8624792055247478
0.8591235096305272
0.8754405234991262
0.8419648847484448
0.7860997521643767
0.7296747019449403
0.697060900454213
0.6553104379344623
0.6645663940390327
0.6894889735688345
0.6827113310582562
0.5490787420993047
0.33039783201847633
0.12232593567839532
0.037238508858815564
0.025939497035010695
0.0356978284013888
0.031824770088970104
0.027060341153521753
0.025273207262905963
0.02787484778744588
0.03013156082677814
0.02651529549278599
0.030033762940959437
0.07631049902380829
0.22980613992355026
0.45295335208616017
0.6658025376272776
0.7710451100617388
0.792668224842325
0.7561637040566637
0.7355006882272581
0.7421614903822431
0.7662171343068691
0.7788886188649837
0.8007666806029752
0.7929130026239801
0.8188180005022053
0.8410276850891416
0.8410969494959113
0.7291932134616149
0.5434567953115661
0.3120898449415699
0.12240553209516533
0.04037369223873921
0.02918623701643663
0.04005479819880178
0.043108726458616464
0.04102638929393956
0.03919946174936203
0.03822731228055371
0.04159631714772187
0.04109562305305846
0.03981170758426536
0.03408019510104701
0.026580674769102055
0.03380543868160307
0.10386735187980424
0.2736405499828217
0.48948610740167614
0.6891008643318276
0.8144542085324258
0.8745830986384469
0.8370169073550999
0.8304766164621618
0.8726471554030879
0.943048660569906
0.9591767824451501
0.9652605238159631
0.965524466274079
0.9684264299095818
0.9770140751418982
0.9805566281253965
0.9700469590601953
0.9397335619570011
0.8889568033011659
0.7709158801407018
0.571563343838758
0.33515438439856243
0.14432458424804703
0.046383255407459724
0.025453873290017158
0.034376807722919324
0.03176497331544151
0.02987211924528423
0.031779299133610266
0.029056369737321203
0.026547531269448702
0.029607635853954546
0.03506394375030643
0.02979846910223253
0.027851130580998713
0.05842961504070742
0.19035155550577032
0.406229699902969
0.6288365452021782
0.7780634640753791
0.8586636283848962
0.8962214938135663
0.9223740866497262
0.9477792041291151
0.9639693477748387
0.9693450633808518
0.9747110141622103
0.9731480576328155
0.9713454123033506
0.970842179445761
0.9708070959531548
0.9513474999334195
0.8945636103195655
0.7687556561638721
0.5567615969487777
0.2846429153634236
0.08770141181754809
0.016241412957097304
0.03217127601628383
0.04119164810593023
0.04717986082447646
0.04736371244637727
0.05055929739411838
0.05255003888356849
0.04647406479515909
0.03978514698423079
0.03573125662264513
0.04094689298063983
0.033223278357401756
0.05411534939275496
0.19586116389602395
0.439810439131151
0.669728758981719
0.8075546126638037
0.8945527312417489
0.9280758679639037
0.943437484000457
0.9572720869276445
0.9745695954698312
0.9735409184368117
0.9798306442911673
0.9833368654175172
0.98469775957589
0.9816286077371651
0.9821720724799806
0.9776360524217481
0.9777315967275136
0.9948525638381219
0.986758857865133
0.9210280659524591
0.7753253750993113
0.5285168958856183
0.2415196855088826
0.053347939629702065
0.014575986699936871
0.03246792527284793
0.042520859766777414
0.04359165283081953
0.03687014496420006
0.032341644669144874
0.03404232290106272
0.0344590908773022
0.029520367008772145
0.03705042543798445
0.11964102872848756
0.3017755425500141
0.5248265420716467
0.7107605424761874
0.8340838135515805
0.8956415372929247
0.9188522312157441
0.9353083227610813
0.9505803212368523
0.9617659938330133
0.9692565886513741
0.9749528273069952
0.97572348331008
0.9633296368974359
0.9532851311827906
0.9529083735865936
0.9456857734182967
0.9344518249621957
0.9118984189740603
0.8766383880404409
0.7512679405412617
0.5418670847645553
0.27265710991114317
0.08939103232713787
0.02990488551479606
0.043357054889962526
0.04770970317401439
0.039782972937778695
0.042055259517956765
0.04082650756535272
0.0413341780218361
0.03872093774915853
0.04031456036235444
0.039828120131689015
0.03790498430199
0.06279828450358561
0.15745597505550915
0.3253436163534135
0.49500475673157823
0.6243860076410054
0.713088819073296
0.7679379424180518
0.7871157254024059
0.7990242750201333
0.8077392045099601
0.8115950588084114
0.8104687503704735
0.819066763564393
0.828969725316399
0.8430179390370914
0.8550234834528122
0.8707399610154481
0.8794617390392061
0.8858178916667074
0.8828596876867002
0.8611573734564834
0.7830424234804589
0.6282227835573861
0.4114616212490205
0.20303920902050435
0.08234938671362282
0.05056438524135466
0.04838992446438479
0.046790947451042404
0.046105939971898525
0.04934876431386522
0.048227113663674354
0.05187239717453333
0.048339909882745516
0.05020218105722303
0.04327131903475901
0.06765999548849311
0.16343849847548075
0.32964732926243184
0.5044964980622341
0.6448125048289726
0.749891380642292
0.8079051154733228
0.8359180177946793
0.849917690503362
0.8634585042969839
0.8732170020332257
0.8739760326948843
0.8788909307056036
0.8834866600718474
0.8961392743374177
0.9026768794290595
0.9002397096561205
0.8868258943359252
0.8359518065153569
0.7055380777615953
0.4676818024841463
0.21572405956106422
0.06827364987370821
0.04557432791560651
0.059839499580004216
0.05646713693514877
0.053143341923927376
0.05183401163557127
0.051396285438246425
0.0479660984164108
0.04615376539500812
0.04194645714460035
0.03670266562221843
0.04461927204390268
0.12612666807431366
0.29719884757338644
0.49707352470698
0.6611386192149087
0.7726687540994219
0.8393710846077828
0.8688441402176689
0.8837830483112347
0.899557594129177
0.9084040021230023
0.9186918059934014
0.9257155911917333
0.9355833988026651
0.938151530936049
0.9400872328687853
0.9365535509549017
0.9282313759698261
0.9144382742376252
0.8852823908321609
0.7993068830418764
0.6294725134975746
0.3629899908636636
0.1405171870272267
0.03613425369924748
0.04012756702538135
0.044037994883778235
0.04914090300307281
0.05121249942802394
0.05263258759063123
0.051011225310714864
0.04871900923065174
0.0498905023176144
0.04976071389136891
0.04089112766072823
0.06225226985082811
0.19523950621117303
0.42125533170049456
0.6451804366720424
0.7880714807658216
0.8644346747817547
0.8984960612074164
0.91527291162727
0.9271744759324878
0.9350987626313685
0.9537403082139106
0.977730959353822
0.9934287444079956
0.9922486394962109
0.9885796608027603
0.9920569798593329
0.9849036364355022
0.9581520346624538
0.9220276569940145
0.8475416120380574
0.715196219702806
0.5033186790271128
0.2599049972393641
0.081430723177104
0.021895477006437732
0.030632908828145167
0.03686259740894711
0.04185448815701297
0.03975063516190527
0.03704880716224024
0.037055481806372186
0.042509780356066104
0.042438947875122424
0.04559487810486684
0.039053620208354754
0.04600742081689115
0.13097799830454618
0.3259779424937746
0.5493849648603402
0.7260512711248983
0.8344501571858681
0.8819334259552425
0.8934195150480262
0.9093607822054803
0.9197607307633026
0.9332233700498687
0.9396733425384485
0.9522477038866297
0.952042153001318
0.9677252140731332
0.9607970919784995
0.9699001975946995
0.9717235752666822
0.9682832261167474
0.9493772431011641
0.9178928745813301
0.8405454803230207
0.7041097457246426
0.49614891615284396
0.24847916146962185
0.07415662041976344
0.016911483678676464
0.019756796142586668
0.021408209117770017
0.023393406576109246
0.024970842266947475
0.030147722806858016
0.03305711016874406
0.027863476363312187
0.02981911529599504
0.03493974841446461
0.04259292055980839
0.12391240166931594
0.3128642891979836
0.5415523223092472
0.7111022020226276
0.8116479132414172
0.8646243919918033
0.8931468114419392
0.9122800395630226
0.9227184118265347
0.921972091172865
0.9272072547824454
0.930813092766677
0.9360469634335107
0.9310754648874577
0.9357458179409263
0.937173125774368
0.9441260359174324
0.9342801707803695
0.919225567691925
0.8687720515113951
0.7787237587966294
0.595522254515411
0.330765515660024
0.10475140608932007
0.016690930714806495
0.025060840865418984
0.0337336552786561
0.03280721395068927
0.030853787434517603
0.027304429712927902
0.025821228766235958
0.0305089928983809
0.05475292349502732
0.15734856055985172
0.32982589780789223
0.5184832068717168
0.6684764421331753
0.782243074977307
0.8495341788685763
0.8712531114106487
0.8817852827135272
0.8959300040901392
0.9056281755424587
0.9120167106946636
0.91220546280416
0.9076642826822096
0.8952762141750221
0.8893713210061756
0.8845262002359335
0.8801882261667653
0.8747280398999939
0.8692538783686861
0.8493252541988797
0.8111587505121794
0.6968357422596965
0.4845638904339127
0.23568136786165655
0.08707222854931072
0.046401634764015896
0.05466391536306164
0.04610844933192347
0.03978903905933815
0.037040976148161854
0.038877237111939196
0.03983854479511506
0.03978667013274804
0.04640574871925459
0.04658545301787476
0.09157128634820752
0.22928282130860275
0.43775247319628224
0.6270582709440276
0.748890725974613
0.8242682239460558
0.8637634137916222
0.8821923332136828
0.8925159903501366
0.9124983565376826
0.9166433565654762
0.9202763585850046
0.9315529489635959
0.9546506582017461
0.9612149544214931
0.9633478796298242
0.9660476161481358
0.9660000165569281
0.9611866790806874
0.9473043367463437
0.9173844074984471
0.8645179261320073
0.7555188318279134
0.5508452675612383
0.2805335020442041
0.084760969537305
0.024951381095634717
0.03605541165150693
0.03736908337453764
0.03374865228938506
0.03698820932355956
0.043085304926432956
0.04575060948359621
0.04429917312999877
0.04121569457262592
0.04187043537696432
0.04203212173937979
0.051533882706849
0.14233830815965928
0.3298380837587919
0.5378034091466464
0.689614378379028
0.7856645687854156
0.8376590030000833
0.8641273260864383
0.8867146298255756
0.9012868419509544
0.9005357466769953
0.9046243713690582
0.9239540447544946
0.9408221846570983
0.9382365546858308
0.9372657794619204
0.9374180724957512
0.9409072096582569
0.9284061041675203
0.9172696041747554
0.8882454565302607
0.7944434950314614
0.6135036133229835
0.33909793251969894
0.12286050530510968
0.025433264590451723
0.04080595322464134
0.040953961385448115
0.04149246747544185
0.04107288667311988
0.04234477046490552
0.03996636446972927
0.04211369949938898
0.04282780649521583
0.04442715889181526
0.04243712732064792
0.03999401133472057
0.07095206519321234
0.2024424269331586
0.39429789292387446
0.5774967254486787
0.703513850665169
0.7863332850574049
0.8297302946459912
0.8545044057833352
0.8742277099925139
0.8868331106951165
0.8931896405258116
0.8979929098124133
0.9033756652075731
0.9153826245513665
0.9264240279865474
0.935241020130212
0.9221671237988506
0.9226415069372699
0.9208024712934159
0.9219332968604831
0.8952169971992672
0.815174746393251
0.6650720012799477
0.42516043864140846
0.1946534138589316
0.04973206002449003
0.03019575028548007
0.0365393375795683
0.03427991921992034
0.03404454595109847
0.038493711905635566
0.04096446018203033
0.03853004478115284
0.038553970896257624
0.04152584958110499
0.046451559738589096
0.045232360622976135
0.09962412553688876
0.24372156585081622
0.438939861309197
0.5962956732530039
0.6996687979761309
0.7721413245574288
0.8173317767327591
0.8499007351437854
0.8626329617463293
0.8738493830697698
0.8849667404476399
0.8946684960957444
0.9001360297954113
0.9045537354678077
0.9140288343193986
0.918127680897839
0.9161921882641308
0.9159708944207043
0.9062970579529547
0.9006230201794526
0.8736620156567183
0.8549378198320099
0.8090908080963554
0.7005034665498343
0.5014372220578921
0.2573295713660286
0.09056218238668898
0.02363038611034032
0.031238896409237535
0.036829645613015716
0.04643904462858381
0.04764150206084021
0.04412355461109803
0.039903248486112215
0.03733788874266182
0.031165722310080617
0.033754792267604666
0.034476097571491775
0.036577665663421174
0.032267172729872444
0.030017756548966983
0.07571145720697138
0.20828749860308776
0.39497472342997747
0.5584695213341514
0.672623722766558
0.7484114336438413
0.8006277432446581
0.8422155055206844
0.8679156353594784
0.8854148724460751
0.8955470801076871
0.91267674225874
0.9226602676632928
0.9255184036271903
0.9226132432389775
0.9275965737955757
0.939701092376807
0.9412745897636732
0.944951586612945
0.9285898893505025
0.9170106465514869
0.860560161076852
0.7467695367397306
0.523448132346889
0.2697883177656113
0.07945684776809353
0.02097470194951445
0.03179806717133891
0.041663068725284254
0.044228392162361976
0.04561961469831168
0.04612751888409838
0.04011919505236847
0.036934375195269716
0.036301048647102624
0.04188527958849552
0.038221741441477566
0.03714003549046714
0.06120955732857781
0.1879100492147454
0.39336894752703844
0.5998729821991314
0.7347816912707331
0.8108241380625052
0.8543213591158404
0.8804787557561157
0.9039335205036697
0.9145102328143561
0.9145898685951361
0.9197908781528962
0.9307275384289785
0.9415046962818354
0.9349556989302378
0.931692980181616
0.9220787872873325
0.9158148302769248
0.9042679841163814
0.8906780743169725
0.8389604270216907
0.7274712417168387
0.5274043833257991
0.26837533382756673
0.07997421053217622
0.019733925976276354
0.032304230530260256
0.03528659620607099
0.036441585793701485
0.03649718604607645
0.03431740446780438
0.03369308585976088
0.03571168863346837
0.03474369543633964
0.028600062467343125
0.0263415470581226
0.03136393488208007
0.02343764743371573
0.03928940909826015
0.13698207256855713
0.33732027412457644
0.5442230057526819
0.6938696354848272
0.7877084344166254
0.8553121505745952
0.8920007240472657
0.901602462245504
0.9130335191869077
0.9261525969774331
0.9306034763197772
0.947374844670325
0.9604828045189127
0.9721867128425395
0.9636225947877812
0.9709266704896985
0.9655870720797124
0.9544335257889969
0.9364992403384503
0.9200858844056886
0.8661970729799063
0.7363379376318282
0.5021574847731725
0.24247843836320274
0.06868750220229736
0.02871153312843728
0.03565259369096767
0.040600192480339366
0.03521880492406625
0.034902767082061505
0.03354307603864258
0.0388118850079815
0.03827152051462009
0.03623651474384906
0.030395228134297618
0.04412958856084354
0.09883196050827037
0.24913978080174157
0.4380588450825197
0.6012687258125465
0.696235587249066
0.7513825975816386
0.7678242055586014
0.771503325684779
0.7788785302490634
0.7834431944368665
0.7824786522204951
0.7835381800323614
0.7888329928871741
0.7975700114260449
0.8051554515181951
0.8113461996439383
0.8157254631772016
0.8191469991915339
0.8228276432211863
0.8298080973119393
0.8421371231956373
0.8310296728660792
0.727265090001789
0.6029798342872313
0.36757839578102147
0.15518352470338126
0.022107932273193864
0.04745476178937074
0.04449546834080745
0.03381350431684803
0.03719038995282913
0.04699171833072859
0.054971175922362336
0.05527777058256158
0.05276192510766733
0.048457308388552695
0.042946214294143956
0.04041372926695735
0.08396896078467198
0.2089484585748438
0.38319481364085856
0.539677721205344
0.6577922609841667
0.7436111141851665
0.7957592281662639
0.7895053329289805
0.7861629468095191
0.8108549183342154
0.8488886784465972
0.8469820492651593
0.8413019933962694
0.8477845720102732
0.854579898030516
0.8618996284801242
0.8784118264572283
0.8954409767251943
0.8953944692550768
0.8943160610570484
0.9023511776001566
0.9017076633880082
0.8814261831710868
0.8146019149214113
0.6984410445176839
0.4751687116656102
0.22142785738995477
0.05242022614109016
0.02604459656877228
0.03929656730232347
0.04120937560592648
0.041775554329875036
0.040566478147733676
0.03682472738694155
0.03689993121878368
0.03325919166483156
0.030117659003124766
0.027336234596996373
0.026528515423180934
0.03707065728618117
0.12281528394642191
0.3052387805448273
0.5087852140995759
0.6526741864299643
0.7394578846727782
0.7992658158684005
0.8419454008711457
0.8696867282725319
0.8898948056491437
0.901487994592028
0.9083048784300576
0.9157238638319505
0.9300449711508597
0.9424550881241246
0.9514256496740425
0.9443569830108358
0.9464480652204446
0.9444686626181433
0.9420456473381923
0.9295378916264946
0.9199234250944103
0.8953735314302322
0.8294999193952839
0.729090414100942
0.5708593269574275
0.3628915216557115
0.15365228219267196
0.03127119716084937
0.004530749555870591
0.012381524960184792
0.01660699373718471
0.011613640023605624
0.009427165959369503
0.007595864852336644
0.009456141026225964
0.01144505025925592
0.012696015421324399
0.016579948543979487
0.018739986819476053
0.01822356563212598
0.0608804248282533
0.17542361996280337
0.359366441989638
0.5403584225242462
0.6774642986291844
0.76609208386377
0.8329287909614643
0.8707595643957986
0.8803641704076294
0.8885458772342745
0.9068242218417096
0.9243878454109316
0.9319495969965569
0.9363450466612528
0.9432619331352131
0.9467029569215999
0.9433183303106737
0.9420292849181302
0.938594593543526
0.9262379732704695
0.9122667379349064
0.8826981673258256
0.7934411353252971
0.6415750348688163
0.43236758661875185
0.215073690402364
0.06461280265441166
0.020950742730845927
0.02405406563541337
0.02806785270973409
0.025685457513470067
0.025291933131691296
0.028119988912928977
0.03097277141440299
0.03331582533160122
0.0353352418603844
0.037608780310221836
0.033222730056446624
0.02607572894506274
0.0466593102169501
0.1202169693724829
0.2892315424658101
0.48837653925104685
0.6580301181338537
0.7542129343745375
0.8288447121066368
0.865870227456005
0.8818114787612411
0.8905386401720937
0.9044831887133777
0.9075102401199016
0.9147255165150072
0.9301380915499138
0.9399174012731034
0.9422743565335462
0.9390871188496701
0.9422449613427275
0.9465031184131399
0.9409908135090612
0.9251811312770678
0.9070328238657136
0.9007466188131761
0.867571656729993
0.7823837484550092
0.5983438704980801
0.3464432758517868
0.1265157977963107
0.026965890301782158
0.021130678055543778
0.02865922288296341
0.031845937609428276
0.029636117882954453
0.025012040667209367
0.019356232020608665
0.011850107384821165
0.010079637898749296
0.012079522468781823
0.015232112343272002
0.01700699679465273
0.06175249513309869
0.17641518096572598
0.35936232466277235
0.5422587081652114
0.6787974856675391
0.7550546822946042
0.8214758218692658
0.8651341898199297
0.8904389306793131
0.9037323278637251
0.917097206004731
0.9277186249203837
0.9436169518831478
0.9622504048870211
0.9633418888440836
0.972613310645267
0.9871032862089527
0.9937066237688904
0.9875271982109114
0.9862746819201683
0.9884107114709931
0.9755438692510608
0.9517165313457163
0.9307860892402626
0.9129387313868541
0.8656129202847843
0.7523882000208525
0.5537205648917763
0.30208495147424874
0.1078205256020461
0.030732775203365592
0.025993111765496874
0.02518797451704468
0.02346587039275688
0.023868806302760247
0.020264962593737126
0.011225426194712252
0.011172966217210322
0.0135851062223748
0.014497194331609864
0.008558556034984942
0.007167734311788728
0.034710360362867274
0.13472517738360923
0.304121771832815
0.49533890037892336
0.6430624950130768
0.7421521283095616
0.8132267146518553
0.8623419923388863
0.8849560442261973
0.8998026376964198
0.9224501045132957
0.9392766394327494
0.9458023152409744
0.9539804349585618
0.9666294833748673
0.9761996262690411
0.9718712161290058
0.9709209297282765
0.9663287156117037
0.9632759865660587
0.9604007310115235
0.967307386837744
0.9458399949931436
0.892130120784613
0.8196978025338348
0.717834604937818
0.5523012683368466
0.330981477395426
0.1381519300555588
0.03751041265558724
0.014980657694054328
0.017025350065935304
0.01587634048003285
0.0172381844181191
0.018672608094463097
0.018638338214813723
0.0176691257369492
0.016439124773484626
0.014396124369002101
0.01354463924618473
0.029507299178349867
0.10410439515931418
0.2480893980090197
0.42849541482852155
0.5914947332641736
0.7130037051520989
0.7915304450300757
0.8411410775117396
0.8739919492749212
0.8911682933376344
0.9081522481028778
0.9220287347602103
0.9313761269828102
0.9350435180785547
0.9390330224047871
0.9449359692143086
0.9481302828551672
0.9636435362580029
0.9675511896735796
0.9656318369586426
0.9538405719852908
0.9511447714476374
0.9437893191632033
0.9377845304845049
0.9236312859529316
0.9038671105733058
0.8370662957381398
0.7314888690338698
0.5670308604671254
0.3642115980791392
0.16093431819425746
0.04326057995942663
0.011345652529961437
0.014542596434673656
0.0180673767440326
0.021608559040716385
0.022035116652108347
0.016112119124667104
0.009806763615672174
0.008747236326236307
0.009371135130303548
0.00828951712192886
0.009468331376645506
0.003926224774369584
0.03345921209631054
0.12436119698018117
0.2962129974126455
0.4786519963004746
0.6286099149249044
0.7221941358532439
0.7919540048022369
0.847140180028347
0.8797835001072378
0.8959197351096647
0.9112017631623103
0.9243965922891283
0.9330731551485502
0.9392160594118737
0.9531389395756571
0.9687373327019176
0.9803133856370954
0.978021791110603
0.9699514458912226
0.9680948007071738
0.971629901302864
0.9706255318548257
0.9591047404404118
0.9315118759620516
0.9066878271090737
0.879696390376309
0.8276793483686888
0.7235310306505964
0.566544131692285
0.3641155930338325
0.1589601715451028
0.04074641512610499
0.012125346967992822
0.022428753981281142
0.01777030625918532
0.014046928848569978
0.014501799020332187
0.01775406572415281
0.020390057100031337
0.020478899445470173
0.018271952397014422
0.015137943763321685
0.014404382661217578
0.01716035952871865
0.021841221462508748
0.028037893712317363
0.048964833316382884
0.10885621521285246
0.25920670853531014
0.45052800717728464
0.6072622294730977
0.6956244753969267
0.7637814269256482
0.8082691193341752
0.8382968454651034
0.8602319047796299
0.8725363300752061
0.8739388355503928
0.8748148788026378
0.8777540528549217
0.8766138089533961
0.8837070075154816
0.9027180740600906
0.9084796738917954
0.9100954417862174
0.8988120150898914
0.8936773458228888
0.8759556309551723
0.8780909838847196
0.8524369064115052
0.7772781085262902
0.637637052196202
0.42917610513127347
0.21008184102394337
0.05911672160676953
0.023086109687767083
0.022891815749788637
0.021361642565787202
0.012990030881292436
0.011407979914179203
0.01400657630335826
0.014938817483977474
0.02161486196868207
0.02268433102226635
0.02131139544820314
0.01703481387258399
0.01678315910878219
0.012916508662448735
0.01637026664974706
0.03179204310913508
0.09019503325493038
0.23832076818397047
0.43457402826195374
0.6013589655257559
0.7078877933532048
0.7822045810514012
0.8290185248050478
0.8550047525571499
0.8777970079300185
0.9014356753211233
0.9242712532296282
0.941344526990579
0.9478268798132722
0.9515224017550991
0.9540885127471864
0.9540571476187091
0.9570347953154908
0.9612972413143728
0.9638428999574696
0.9495382268566437
0.924275435041992
0.8735840847335429
0.7660117021672109
0.5684908315285613
0.3328925269199538
0.12966886193426466
0.029907109769637757
0.006119250523270969
0.019571394492507176
0.0184096272334186
0.015224179810044461
0.010241176633008128
0.012101886052964621
0.01484889343463966
0.01744345061340171
0.014653926832314415
0.01181511780839208
0.012512215044978365
0.014853656062809846
0.05648030652187318
0.1834416709519671
0.3892555933994707
0.5744117607904435
0.6839971224281929
0.7489711167055508
0.8036511792698743
0.8470606465950711
0.8657091066453054
0.886731993856296
0.8947966708338544
0.8980225584191089
0.9065867084997422
0.9303311808616727
0.9516408407059327
0.9607356243409854
0.9650159814139425
0.9620936518352279
0.9661996071657062
0.9356566469311719
0.8792371959703137
0.7749850684715905
0.6446400358867738
0.4465805168067999
0.2565103980986767
0.10973973790755695
0.05139688946079825
0.027450097230372304
0.02838230223395092
0.02692683118064882
0.02929409267660581
0.029259343599365398
0.030687203906318457
0.030345794399846134
0.030123832680156153
0.03161509511480325
0.024691591182204504
0.01457991773245727
0.01303080078149975
0.05935877610051833
0.18508292941936527
0.3851718727701329
0.5824591913640808
0.7194745711203568
0.7976610462283787
0.8469912528315806
0.875151256350461
0.8891645029306441
0.8946228652777943
0.9153214493155869
0.9337238189761268
0.9545972572681689
0.9647150812714212
0.9774812461789048
0.9774204744751678
0.971267246104332
0.9635647568810132
0.9606240848726159
0.9634202437113263
0.9477202168649423
0.9228042551057253
0.8683881307783451
0.7784725738073616
0.6272917008679266
0.4387547288219481
0.24751519951992307
0.09659718957952942
0.024269912131225424
0.00973599420013072
0.021319800474209356
0.021859280122728315
0.019423570450394508
0.017237028267123557
0.01783100590853667
0.01939795736941271
0.020759235894776355
0.015570709493078315
0.01367760608814168
0.011172564262054388
0.014364506479789128
0.016791943825671327
0.06353770818748916
0.18679705483883455
0.3725214910765369
0.548824580211894
0.6773184268544175
0.7624775534296572
0.8151941956558936
0.8488980919730112
0.8734642214030947
0.8887658888594995
0.89812883968249
0.904461583732391
0.9228946253895008
0.937452818699989
0.9443649975739844
0.9410692195329434
0.9276251700304139
0.9060284333567473
0.8811029824105712
0.8340103637083313
0.7314103661875853
0.5599938757730413
0.3582911070137626
0.16000942194050471
0.04421657546340816
0.012571496445061886
0.02753617250452646
0.026395722706395404
0.022479659119568094
0.02070663390879647
0.022989897629765596
0.02075495593130486
0.018754330100185512
0.01606830302870895
0.016171177489953528
0.011318114135760069
0.006289944972868405
0.0
0.023807248074305256
0.12122640526167493
0.3181163428588342
0.5285530097954224
0.6754479337922972
0.7581961208701818
0.8176109049429345
0.8610750242888348
0.884107205760961
0.8967235818419103
0.9083297186333963
0.9202486205932082
0.9280688340325945
0.9439759831575057
0.9719054500113427
0.9897191751855454
0.9900495309407953
0.9795682214320244
0.9655448082899994
0.9439581516648496
0.9162280384095388
0.8372260688475357
0.6927248869508444
0.4889334026723704
0.27105471207967513
0.10027913089622571
0.025776913357331007
0.013438983134847005
0.01542352700455464
0.013742415841192254
0.022021374643810366
0.024794490650753172
0.023999635153995863
0.019959834224126147
0.02007775492050166
0.05145249224420973
0.16070623080329233
0.3445028787493873
0.5278026777037298
0.6532242186546967
0.7388907639679299
0.7979478916098481
0.8481959942836792
0.8872720059784401
0.9181213561187153
0.9373366105566433
0.949168347839561
0.9522181380815176
0.9590520697647178
0.9759166612699826
0.9937492312649272
0.996019037458396
0.983127087224578
0.9552226625764849
0.9152444693257266
0.8594301028496221
0.7725266765076685
0.6080181533686242
0.37628552094664885
0.15179874502313337
0.03668010856500858
0.002723882712195836
0.007595286312753141
0.008066002479886043
0.01101375729695484
0.009914622697496895
0.01596538141057543
0.022166164056169207
0.025422617501236863
0.026515095892715817
0.029380487044973612
0.031955099234424814
0.04532117060206147
0.09752175179203114
0.23934349047008116
0.41610975781416326
0.5722110167694253
0.6720305187459803
0.7525202928686938
0.7985803580420572
0.8330323066924019
0.8605784065214712
0.8832684491837749
0.8999790578212881
0.912240227140318
0.9247792306513686
0.9307238281760296
0.9432558306856392
0.9436087637171614
0.930717108973522
0.9067115302024491
0.8689289105136645
0.7971074931919222
0.6878935713178842
0.5449179002461404
0.37768426657211396
0.22347897922106857
0.1057713228680752
0.036286396991990384
0.013454650757928881
0.022726819975223498
0.03127787776221466
0.029208790715787084
0.024708367136382355
0.018688277569132102
0.017596758912237193
0.019224863573605793
0.02062983659646323
0.01938517783552526
0.017639049648222948
0.02275153142363373
0.01811433012396375
0.04761654635439268
0.14986649161223103
0.32312400080657444
0.4956052217203392
0.6270028036337929
0.7160483964607368
0.768826735748402
0.7972850205580494
0.8159329408892285
0.8326690132640336
0.8500183551271737
0.8601006302875388
0.8697038419821397
0.8745580406555453
0.8837138766385523
0.8906202294083336
0.8884960411495962
0.8861895668329219
0.8877835130644757
0.8896914909551281
0.8659669577128323
0.7880637384657979
0.6685405964776161
0.5100337662334534
0.32462780494619514
0.13977582743678785
0.03877638067371257
0.0161828494901117
0.022509676190454225
0.02152297147055146
0.022057675027508425
0.026943189830547488
0.029955460870571146
0.027902863863875523
0.025078033168556575
0.02225968888284854
0.02620903015467149
0.022595074206888954
0.02332131867980559
0.06060855582303302
0.17290021026598978
0.35401632124439447
0.5337056503085078
0.6663494712265724
0.7454650363440116
0.8044317278254627
0.8434934925640418
0.8651689763802225
0.8790601448663015
0.8876171488071333
0.9058836278735539
0.918786743090341
0.9259110812343226
0.9194411894612047
0.9211623065398945
0.9258428198127562
0.9348652058286705
0.9390717870550738
0.9455743728285713
0.9463382509091026
0.9341254160137937
0.8859957996091349
0.8076199935765768
0.6955381801928292
0.5504499832390222
0.3907037297124322
0.23543224828206977
0.11753019732972678
0.060495438261153944
0.05270785276934532
0.048245075289023893
0.039224108054204634
0.04106919156010702
0.04569826450403048
0.04557209519080104
0.04635140896572464
0.04710142602844932
0.04802617857513629
0.04046699985932908
0.024796523859113455
0.04009248496620879
0.12631039254258464
0.3105904581191425
0.5094412846851981
0.6608272580205379
0.7443672215935963
0.8127902999677531
0.8573863474114852
0.8856705981076858
0.9005657486982906
0.911566338984185
0.9156472340376723
0.9283092735137682
0.9613985361546815
0.9768451132914241
0.9836196138762053
0.9738489475817944
0.9720060701699302
0.9638600266585742
0.9709746420891979
0.967114927518384
0.9341611177519061
0.8763048912469288
0.7868999065105577
0.6683868138714926
0.5112405816582818
0.3510465651480456
0.21439944502866817
0.1085379136825339
0.04427016930870235
0.021972655802760394
0.0267217604224171
0.02296153372575196
0.024030872852660225
0.02355896645800006
0.021576906019092585
0.016826564858615868
0.014349400984333268
0.013496594362168456
0.05077661929783311
0.1425984041323838
0.31853964404512186
0.5128744969848398
0.6694561108640854
0.7540188974363801
0.8180737793637821
0.8693195290279346
0.8997651345801643
0.9122779952961165
0.9110347189479998
0.9254115634404995
0.9416396121262771
0.9633849275801687
0.9760090623462371
0.9841102721315649
0.9796390381153118
0.9697078113500199
0.9658262440077889
0.959332184511177
0.9118484413059605
0.8726768888641406
0.8202451638422095
0.7433129332802619
0.6051748457024095
0.45958988882585305
0.33102524608814854
0.2330231211955182
0.15677793150748762
0.09442951876003684
0.06296647898492684
0.05088397912661629
0.038490607251242
0.028262963866894107
0.025192887329697083
0.026319442811731028
0.028558279028214086
0.026166008016676803
0.024181022983785126
0.020977399253231267
0.020166410543147748
0.014615566074826844
0.008318802357586879
0.004426651777279161
0.013123845092649735
0.030681723283190923
0.101891073189947
0.25265254561860717
0.4430090145510853
0.6011147587120137
0.7099022439531306
0.7865121528954405
0.8362667574965563
0.8634211450676816
0.8765876178320177
0.8849929614769912
0.8953406456046332
0.9060363243651052
0.9163596687460093
0.9330504968300615
0.9477760988213869
0.9555410905629252
0.9566162566171719
0.9699263556174744
0.9519036690967616
0.9008935329603059
0.8439832888029153
0.7863939728638486
0.6919511819412618
0.5366677075666771
0.39208323069786827
0.2830363885960546
0.21072276001088064
0.13898681237366214
0.14957137254229452
0.14951729616676604
0.12607983742128942
0.08031165911457923
0.08844418432994387
0.08646170999897976
0.08369226103747966
0.08064674188676728
0.07746698259349749
0.07726426444736138
0.07824836857312718
0.07786385674238944
0.07644897977203952
0.07466029953678105
0.07100015651278188
0.06528953935216997
0.07053809626926366
0.16081998607963055
0.34610275325396067
0.567252313022496
0.7159834074738248
0.7938175700054442
0.8347848509398432
0.8643581459755462
0.8733833883663702
0.8725640206201631
0.8860449564373939
0.897230600894102
0.9162979293538308
0.9241486053997342
0.935127878347615
0.9355655304397876
0.947207868757021
0.9512882450901224
0.9523223257299135
0.9563297628856456
0.9531195810966143
0.9497506358549864
0.9391127560259911
0.9183848749068482
0.8959081986797216
0.8585934773235873
0.7834003998833312
0.6369447355161473
0.46853713138197967
0.2850944463757438
0.12407114371216472
0.03575280364380147
0.02028216335012112
0.02958366085271896
0.023771625120626822
0.02535985891056187
0.022599038146518854
0.020307270432542292
0.020792755334967817
0.024749103097933767
0.026005926647105538
0.028459826032367328
0.06395549915832927
0.15663859770452296
0.31099720763980365
0.47968927723443194
0.6224174877302412
0.7237349325087544
0.7948476614291431
0.8478287589852403
0.8859413621521833
0.907211632419969
0.9132419719286147
0.9203324578667266
0.9377641582495274
0.9608871117216374
0.9867207299766573
1.0
0.9965285499683748
0.9967969984246833
0.9919669609991449
0.9888088687645538
0.9856298873713495
0.9883606460810608
0.9671701762020174
0.9257942734088527
0.8630713608306556
0.7587932534902514
0.5896783759631841
0.36340111320000595
0.15208344498509183
0.040985819431598805
0.01834807142991719
0.020005420721857646
0.01710870215783011
0.01930588645372393
0.02262129448919165
0.022560486345195304
0.022119981895863453
0.023160742425082828
0.022895137557328908
0.026245137061605212
0.03151660800381701
0.07619355625959154
0.1875979164583078
0.366580363329933
0.5513351693950572
0.6818626891395494
0.7512636609271023
0.802972268910701
0.8384535110704164
0.873620146662093
0.9025395588560972
0.9339606262513003
0.9348320691427849
0.9396677459353552
0.9507672012571134
0.9647321515226026
0.9681547309213837
0.9692822475645301
0.9642052217718289
0.9504095137384758
0.9391789452438649
0.9358638887083967
0.917108839199203
0.8643625512444526
0.7710358848612014
0.6370009484873794
0.46263257902126215
0.2640172510387495
0.1024853279388131
0.02562976901221586
0.021036047851947553
0.029193632373388845
0.02856903828624348
0.025431676807072718
0.021803019219339186
0.01954072021479264
0.021136925099764645
0.023710118851435095
0.022364506943109454
0.03200860020552351
0.08341150477081367
0.20352859411000954
0.3692651628636759
0.5307341280562811
0.6404242001499059
0.7033888803624556
0.7507023146545602
0.7948777462633866
0.8334425174303568
0.8667016559412737
