-0.1480607971055377
-0.04826238671439738
-0.0032052679321213696
0.020405613184034554
-0.027587612873245387
0.002065725687616473
-0.006283244346972861
0.012947334883241136
-0.013082366295009702
-0.0036241494997373866
-0.005111548275750578
0.030525964323862644
0.034715260464224344
-0.021131045632407454
0.08521248463390842
0.0649592359454828
-0.03094293480968308
0.02322995506232455
0.22826246780460063
0.22298630673808867
0.0073732935678056674
0.0028434455310499614
-0.01444715531842348
0.004509805938568311
-0.03876958821236194
-0.011857190542705018
-0.039237285488027955
0.01123621221752408
0.021358610515035896
-0.001504753917240519
-0.006167595106934514
0.0021269177584315943
0.007277335184190309
-0.03212826712192451
0.009317891992219558
-0.02682701164005303
0.004806760635443587
-0.0030788721670273623
0.013151022268538454
0.005782559451139872
-0.004296262747420219
0.011384021102798389
-0.011050579137868397
0.01658779432731429
-0.012415876542483785
0.0421798281245436
0.018902574958587052
0.0036112413666913486
-0.028968597221897395
-0.014096636151056606
-0.005271532046101181
0.01957587600590654
0.008488948261883714
-0.0010924494689341833
-0.0245961661318989
0.00917717779797046
0.002420410802880231
0.013394884607808761
-0.038197695855413695
-0.011604232802415898
-0.000228793714363893
-0.0027600367649789504
0.007452781349061303
-0.014756441738065288
0.03245333474907778
-0.062491650635533816
-0.05889482414647718
-0.12132166629429818
0.07511666339761125
0.09880771231318179
0.06302897350966823
-0.01169243383869686
0.0568542594793167
-0.1166409900177711
-0.19465392193441566
-0.19660487342496552
-0.11363804354723639
-0.145473408835388
0.0322510316125386
0.08683910027239079
-0.023615708674245915
-0.4656233026918086
-0.7619617967497665
-0.7249962327750469
-0.2964747521687962
-0.039369761848809845
0.03400148507913553
-0.013495107869984525
-0.01660095904484269
-0.006227007880215457
0.00906503767449444
0.007863188065033408
-0.012600350119240352
0.01225958762301146
0.16124455015469405
0.5348332156199326
0.7775239761727607
0.7416420015432008
0.36670242298282735
0.07534259567262626
-0.12719468853980384
-0.0719972706434379
0.023208595464190875
0.08381838936012082
0.044151943294086345
0.07623092123185644
-0.02736499762030965
0.09026219399213016
0.07738641277307928
0.00024134174223762323
-0.38991227784897636
-0.6471715105043573
-0.8061644573697604
-0.6609273748598795
-0.2858280042121086
-0.038981059110703625
0.037869919251473545
0.010640968446368701
-0.00725560071452763
-0.006365663074492444
-0.003387313303610846
0.011738807017481898
-0.0017445956844185245
-0.004473616545288682
-0.019970620884066086
-0.02613098685558819
0.025173638109642984
0.24412053729104977
0.5915499940928326
0.7520824231549776
0.6955285616474147
0.4367754795806062
0.20951036432406792
-0.13089392483653237
-0.022788691514990512
0.14693710397243845
0.24530379606966699
0.05619609282638348
0.021197911167243236
0.0009196690719380414
0.010111469835171694
0.029922399667381937
0.012343510164604105
-0.036619411914858756
-0.10562261933975733
-0.1769242237204382
-0.41129641297039415
-0.6946148920411371
-0.8237326039854742
-0.6649186586169835
-0.34126230255695367
-0.07292538519788734
0.031090666077169177
-0.009100556775618973
-0.0065953744556351635
0.0066452906835662755
-0.009487651091502677
-0.008741682417676446
0.010662488950637894
0.019011710563978962
-0.018346779890863783
-0.00678521759384884
0.10654627764349664
0.45966279704214363
0.7521959677371759
0.7756411465010322
0.5199594751367564
0.28083953918477095
0.13086491460794197
0.0911249025794708
0.08852043351236781
0.05641219865681317
0.01873089846049882
0.018696874350502435
-0.005445894499612335
-0.006281055230810789
-0.0017534416342549872
-0.00012224332271420845
-0.06780412950422457
-0.19785519705684526
-0.4383595017894002
-0.7386624383450062
-0.9481579323650884
-0.6862139993881783
-0.2489919632551362
0.05550528884331556
0.03143017340762836
0.020865055484984053
0.0006406042123526737
0.011134550553806192
0.006936448918220827
-0.021170847202428983
-0.02330656037439488
-0.014125190820719785
0.018173125624281267
-0.026911810791120355
0.07279538016389979
0.4938926560199033
0.8500057366930255
0.8011169152088924
0.480234123185948
0.3031322794522793
0.11680648978486448
0.05352531481538917
0.04820465993041222
0.060270650434129915
-0.0035842753721168252
0.021915634114001558
0.012216917097372893
0.004741837582972937
-0.010694012790912021
0.00189362378157659
-0.015805101562758123
0.00033291022459833457
0.0596555175157761
-0.02820134022335791
-0.229029375673688
-0.5076798156396249
-0.859968216728351
-1.0
-0.6556570554542013
-0.13509522576497854
0.06234185534216396
0.035027986790300815
0.0037310225511826556
-0.02342011567916034
-0.01577890004265446
0.005925765723246557
0.0014521673422971193
-0.017208264366218345
0.026237392409939258
0.2877749340562858
0.6346211992180761
0.7771887372314101
0.6478599571071392
0.4297019853033032
0.21448892712419418
0.08087428408224297
0.05733885539770794
0.05321305547090066
0.038974847809418726
0.026099887202833853
0.019847714366783363
0.0026852386546654325
-0.043184553593308035
-0.03499861793590286
-0.001312756997541429
-0.025166098857949185
-0.039143058015631615
-0.07858405995838758
-0.12285844481670827
-0.43683507353471474
-0.7296267984689813
-0.9380229671919988
-0.6385639684212798
-0.20727081888446047
0.046872125891077684
0.015166169309932429
-0.0276195375760985
0.007917451800995852
-0.004281407303545176
0.0017689038015978376
-0.009105455308248748
0.00555274600440886
-0.0016949301703207654
-0.006700886838497675
0.08673708071558832
0.3298209429550488
0.584980045894946
0.5911595452633625
0.4508101341458715
0.30907203354294693
0.19111378564535972
0.06682219300731142
0.041493607558398454
0.030365903133298455
0.013435162987785928
-0.003924457789883869
0.029958525320274543
0.034505428603318275
0.04894895564403437
0.041831571812009104
0.05476177814413341
0.03038976585280749
0.0221470885349644
-0.010307431128421423
-0.07561855462542184
-0.27218017162426217
-0.5394464974758606
-0.755272715103493
-0.7262175543620234
-0.4205261164331677
-0.1107502105352972
-0.007576592030687324
-0.005571402632253597
-0.002386808841259056
0.01129914934612048
-0.0039082284065357215
0.012701459732217897
-0.012308437727149981
0.006488812807737546
-0.024149579758514048
0.08497879272665942
0.33372625072299833
0.5791304750620117
0.6092364750524268
0.48891069910591933
0.3661320459365396
0.20214041368164315
0.09760688016648134
0.04877982155403363
0.047180994462793446
0.034002064770706414
0.0026447318448225864
0.017125246633121052
0.016013149954353288
0.044086192506754746
0.02277933323135784
-0.008491963283335369
-0.04673848676991442
-0.17726335302627777
-0.4544076528917133
-0.828775565327645
-0.8779100765207507
-0.5137694874936264
-0.07909248291404897
0.04970491401526895
-0.011750506705025494
-0.011581279855850564
-0.004562170784299174
-0.0015251932126805132
-0.011951987328841576
-0.006314810583084298
-0.014659753120543975
-0.018271228195906476
0.02758426261806612
0.2840006560461607
0.5960761056684157
0.6964342157584803
0.5716609380717099
0.38861051902946975
0.23241456047883569
0.10269457173885906
0.05205245052366793
0.05496410852647456
0.03082402084052573
0.03584635494154988
0.02447335703755413
0.034382939116301615
0.008948282563488483
0.0067446715952231015
-0.012312600213935676
-0.028997407236644526
-0.0480600550580087
-0.10158943136482756
-0.29956914102902304
-0.5917631370749683
-0.9285195569814231
-0.7751740985370592
-0.3637071356580704
0.013914118959177081
0.013625316612881836
0.017780340486920017
0.007218176170534133
0.004948090473573497
-0.0056494008349002285
-0.00798689324211262
0.004081897121664715
-0.0004522288773299288
-0.030904782032542207
0.0744297903176812
0.46337466550903084
0.7875192417119137
0.7802344304239252
0.4978830418114825
0.2660764329928248
0.1186819425211484
0.058456493001555296
0.04146926825384438
0.027611023425902475
0.06495375184334289
0.08359193146309446
0.05469664681955091
-0.004111903771592819
-0.012784022146537358
0.0121162120426469
-0.024924783813893944
-0.09321206201946015
-0.12587013518709658
-0.259535780358912
-0.46113825343990045
-0.738256446456624
-0.8481395392945603
-0.6218676266155351
-0.2074418984509134
0.030444309232964237
0.021706442974216894
0.017393516618202775
-0.007330569493501364
-0.009414126346797589
2.3256825817878435e-05
0.019004709288059494
-0.00024680546842493605
0.010996379461673821
-0.022792060898172158
0.024229505922403485
0.29606760768202506
0.6794489184520495
0.7784292470066291
0.6155680260189693
0.37770013833471355
0.1654485376601535
0.040021605358830876
0.05554502476357982
0.036237106779436506
0.046908606773194715
0.022473990183086094
0.04381353160776405
-0.0007162121368424794
0.054645343246466985
-0.024140032878853683
0.03171844633698871
0.006353294060207913
-0.011987395784853574
-0.06587514558335175
-0.10970269877712437
-0.26950573546264406
-0.4753904556050364
-0.7246092367894881
-0.8629692057219329
-0.6074015173214697
-0.19946234552573658
0.009914077074739559
0.00575410810793447
0.006917131548886129
0.0054963450298612946
0.018038086618036978
0.010137336729046776
-0.01809646093289301
0.006814139169212561
0.0178421006662323
0.026666364231546377
0.28334589385993225
0.6583753454628847
0.7968301601645158
0.5907718736736695
0.35033689382139
0.18458882816611655
0.09938221842886574
0.06666694807230931
0.036370988588389934
-0.002600445672241456
0.018241165489755698
0.012564017536959222
0.018236660418975006
-0.017322462958880066
0.016273165329160663
0.004973246365593477
0.024226403225095738
-0.03430648376037658
-0.05245557289104884
-0.17579793237119087
-0.31376016720358096
-0.6383389721479634
-0.922506314635762
-0.7875132628432848
-0.30683390705755736
0.02916373347192285
0.030219159279814858
-0.0032280499408015154
-0.006806430325951411
-0.012367220283885436
-0.005167997782086089
0.016333831698194575
0.0844744468589847
0.3574795620143801
0.6009721732891855
0.6573489296853362
0.5226295930352954
0.39640327059204683
0.2344660556210077
0.07567645871387904
0.036697817686285404
0.049285222522007524
0.03379186661636307
0.022259920728215806
0.0006576792479924249
-0.01582308105360905
-0.0431644213228593
-0.020574740643282394
-0.016882117996484137
-0.015115039144366715
-0.01902522418111185
-0.01907391895594478
-0.06943838981447044
-0.13298562601565977
-0.39834187970823637
-0.7396303662573143
-0.8671949188828909
-0.5178069121900576
-0.14171076343184477
0.028788713967636003
-0.029810275925358388
-0.02201906514801873
-0.009575225165321681
0.0063981840149833396
0.003349536679865372
-0.000180749709374964
0.02306321576372874
0.0006261534681269781
0.1567465874364364
0.47983579624216993
0.7263821540774359
0.6596084941008913
0.4245074538203765
0.26264191861830366
0.13761523951302432
0.06421288694015616
0.03597128042778418
0.06962564605180853
0.014442649189350468
0.012658666663552328
0.039291637586958146
0.08048060539623897
0.022872334581683786
0.0074318673882968304
0.009406838884489111
-0.00016585384626288495
-0.016771373735384155
-0.04837100094499122
-0.10425163787697796
-0.1842055582945917
-0.3797914765827121
-0.7131552393766931
-0.9418619963664997
-0.6821408899755567
-0.20839780415692039
0.03869037800505297
0.004577297881419669
-0.012614865072729872
0.011287764887755632
0.021244442044820493
0.00928686572829198
-0.0050573186815727
-0.010743932156431274
0.0022813490189641985
0.0005633725923789246
0.033107502874320405
0.31639480165541756
0.6533156728353394
0.7246249018060185
0.5289632224407695
0.33467290598504157
0.18116703694234015
0.09222501867390659
0.07870217173709187
0.0507747518042107
-0.0026170821415761832
0.01424621753882562
0.06735143299846616
0.05877457791475429
-0.009009251232349184
-0.0033825249473195583
0.0005306429063575283
0.012157390512352931
-0.043558282236701794
-0.03880351303117796
-0.10113041728312909
-0.32683927964202947
-0.6304586775284398
-0.9561266482104925
-0.7534478364118942
-0.3394710373204041
0.053563895669964876
0.0005157128900747137
0.0018763460776739847
-0.001461968225304945
0.004431693918265369
-0.008287209454245353
0.007482076313010376
0.0024882018709848014
0.005572710600566733
-0.00693397531131038
-0.00851268199687535
0.10786883195781616
0.45815902380143114
0.6684924419261118
0.6383296628016447
0.43908832790073715
0.2885722627182194
0.15121056240101535
0.0863217837721215
0.06872298230107993
0.04392168371969562
0.02214840284458292
0.016736292594259936
0.018755427580965697
0.041836501922898874
0.038472162919937755
0.03072152559284559
-0.04555408853695459
0.0016529189875979053
-0.006407851983787158
0.003940197068755171
-0.09308905694987246
-0.2788955707999756
-0.5230111641721478
-0.8359369149394335
-0.8031681718434908
-0.5049573605409396
-0.0680714272914499
0.02210330645988321
-0.007872614359846727
-0.0008201238907963655
0.01550247108219803
0.008608962690443334
-0.008482366074854896
8.336706504349413e-05
0.010355078646745014
0.017162919984546044
-0.004248121833702168
0.18952018677293306
0.5020865538197433
0.680209731662935
0.5482834196794365
0.360188604577116
0.25251996869993426
0.15745955201448603
0.11348179436404762
0.04436359010538741
0.03908198727338268
0.0387368133762596
0.033804355224807514
0.01905082524143735
0.0153928523089025
0.0330146026128742
0.014281834213857715
-0.006743942323228767
-0.0007710661826152912
-0.03370707490519359
-0.019770358624927407
-0.093941695416985
-0.0652417345803765
-0.15974723822393397
-0.3783567840397292
-0.693617349906019
-0.8505575729166184
-0.5810766897713685
-0.2332141005429709
0.026510746529240695
0.019480151728442273
0.0334825519835315
0.004189787875213208
-0.012257775764175707
-0.014705042322349137
-0.008938622574354512
-0.021506015422517333
0.009021237363684789
0.0025132833275288797
0.0073226080810004915
-0.015019285127859607
-0.007837763224084342
0.1592130480920728
0.4619419165158204
0.6504844579562952
0.5696738225767636
0.39775369691765433
0.26407124577204877
0.18194012942589505
0.144906503521191
0.08954836113234857
0.060973544180540115
0.035304202602914385
0.059685814118429915
0.03478614092257934
0.009958758693666372
-0.010122608454623502
0.017363689877181607
0.04217643288359016
0.005482622582988106
0.0128119602432556
-0.05700995226038604
-0.040346185887369164
-0.19669349886896242
-0.39648686545683415
-0.7781309236409647
-0.8838406974350616
-0.6631822997431337
-0.2037725235789358
0.03771244050635981
0.03437316181922193
0.008938496070085171
0.004847512399592326
0.001769718197330237
-0.020935129731200465
-0.01109704116258922
-0.0022067341607108423
0.0194574397920554
-0.0127650653544984
-0.0037690469171827437
0.08386674492938025
0.4414694195802706
0.7158916215338125
0.7195332470341089
0.47006975745339974
0.2649588359829304
0.15155973466167005
0.09114164073559286
0.0817247133404769
0.036853014343944286
0.0002774792851664892
0.018122160668155776
0.03810720063002182
0.03755143765582052
-0.022819027902749388
-0.011368468509985798
-0.03349925555605081
-0.021825846328557816
-0.040233304516746456
-0.04735206234781476
-0.1802026132149172
-0.38846783618038727
-0.6971038433732687
-0.902549014877962
-0.6564562876693815
-0.20989850206845842
0.043799396298948114
0.0103916190401154
0.004024393080735167
0.00019373098540568766
-0.007595131588249903
-0.0021753473046794065
0.007033527507314817
-0.0033728313799918585
-0.021406594722407097
-0.007869468160529143
0.017499779239543645
-0.027617994746218035
0.05523315590328197
0.3403958642735672
0.698049299130991
0.7209224485370332
0.5214218965254572
0.326967634314678
0.2355553075558867
0.1278359933342495
0.03345585898077098
0.039829853838641086
0.04571151675413478
0.015508441132585583
0.058437391529107305
0.045672777903944646
0.04078056475971594
-0.029840422642146258
0.02544998849406571
-0.01860505334869712
-0.0388629083748721
-0.06248940687265006
-0.05718994937691335
-0.18776771856090996
-0.45247525290440155
-0.8159676972165131
-0.904813834493653
-0.6055492174742136
-0.13929044474467975
0.024185115086723743
0.017239187735927256
-0.018750661545486033
-0.001101187853324098
-0.004737645504059141
0.01835839784791964
-0.0018828214136717813
-0.007090681362720638
-0.020353112846927635
0.04785537952970978
0.19060245176466054
0.5237257187837226
0.6582609776338159
0.5686810701602051
0.33089820389492
0.192151729489563
0.0572883895121525
0.01281935849253672
0.025697826660417873
0.01590490786238262
-0.0033608069399186963
0.00369177041991278
0.018449004601342685
0.030442869209082388
0.026430361752273923
0.0215707606273119
0.015258906271301205
0.011921844152564321
0.012824668312354062
0.024322376101110963
0.04295869589642805
-0.03870229370863269
-0.3615525834835641
-0.4330538807377861
-0.8202220439606027
-0.7400590089319853
-0.46368252937195625
0.08831733758981812
-0.010311227223005141
-0.03721974861685232
0.01176626640916874
0.034151301906502736
0.027803258370207976
0.001068284461012017
-0.008766097313599721
-0.014998810314092658
-0.01920260509562001
-0.008824075411263156
0.15176186367993902
0.4354728661860752
0.6071360583515574
0.5452419114425014
0.41155291936037364
0.29902330091760276
0.1817025117165651
-0.021790787544846896
-0.011646057866116551
0.0860355802493075
0.1325231003550788
-0.0066433718255832636
-0.019791327802223323
0.02258760148049756
0.023677324289397547
0.02550453518346087
0.05753435009151428
0.05933559509380977
-0.00016204850930895675
-0.003757556376986831
0.027997193884080635
-0.0022422315927865537
-0.07066786534369915
-0.23283943478739746
-0.4047456428278143
-0.777959941000821
-0.8841230684526901
-0.5888824878367371
-0.09190204161809272
0.04617456286824138
0.006664902077243921
0.0019727673422515486
-0.0042128499456642625
-0.013037585821409903
0.0002620368042721305
-0.012685626975860847
-0.010946213231770184
-0.009691468437888724
-0.002814379877613465
0.03673255865156739
0.29876466934187257
0.6356281176354703
0.7092279164927987
0.5013601774787837
0.3023851630086924
0.20839202972431994
0.1487108008705668
0.09666061689231135
0.07041210383224245
0.040394779195472914
0.02375243936720084
0.025850374615678604
0.04989981366059072
0.043241245993210047
0.03125661583310155
-0.024629739968301756
0.007286071550534147
-0.0068969402166061695
-0.008442644013057119
-0.04358145396353629
-0.03350020900713312
-0.08554053062728557
-0.229527011598757
-0.34986230410578195
-0.5513331886948168
-0.724633542704856
-0.7290636699513082
-0.4264190751929913
-0.09317319694459235
0.02735488402137505
0.014723030831740307
-0.01739861410856272
-0.0076184505813344326
-0.006380902116187971
0.006481861518609436
0.006930064687455529
0.0043588059982405175
0.013532999563155786
0.007526338923855783
-0.0017993944494171439
0.1486316161057113
0.3991090888451406
0.6409219859153565
0.630640208303882
0.4777254661289382
0.3088106156789828
0.23288277614251202
0.13181582282515042
0.033465851459753185
0.0285079663872156
0.06368823091849027
0.06119788950619286
0.026347822599737093
0.015315304489984026
0.024100883994241797
0.011989746457359595
-0.01179323870947549
-0.004491491017808966
-0.011967682090344278
-0.043054844529100036
-0.04868073566716592
-0.10302737984897198
-0.31100313443241356
-0.5291553191654281
-0.7289528980976177
-0.7571289488534118
-0.5242590600460442
-0.15213409170860476
0.010813076895394224
0.01398545675427337
-0.008301109244708593
-0.0013711784210801896
0.009853948676104536
0.009940105333182066
0.008164030284902136
0.007036362918414563
0.007921813758582844
-0.015282553610947974
-0.02490268494945486
0.0717204924914308
0.25630095518691276
0.5889066756832095
0.6938917508077291
0.5911331983335197
0.3351350213977047
0.26004356500234865
0.1290100182533739
0.05554496952883121
0.030408523481454983
0.04858774941741941
0.01054731996366947
0.02514058023642078
0.053702874026803175
0.03407458110952731
0.008212467491752737
-0.011105465728020332
0.011003042464810129
0.014836928431544763
-0.01920682398564959
-0.055086536246262564
-0.06323513523887658
-0.021903366392607433
-0.11559332594081007
-0.2968248651726053
-0.6412601631748743
-0.8777109516696749
-0.7663052813885187
-0.3468671607081357
-0.020331947612235238
0.026232118484836333
0.011103643559050266
-0.007699795142862718
-0.01611192390920598
-0.019706841885942825
-0.02615399859090879
-0.006168943188499644
0.006968306651507158
0.010984740480062512
0.0061843264924107315
0.15590917514393876
0.3995254367876727
0.637452689720938
0.6372758232122332
0.47574949360334884
0.2657071005218754
0.2314347916046832
0.15212122756648663
0.08817068579224965
0.04631890730562409
0.04656797229305024
0.03700878800079888
0.05539540590618327
0.06492555443105007
0.003803116955840144
0.03230491958097263
0.05048821047655021
0.023008368448145963
-0.021531308788220273
-0.0043642106803015316
0.007442684017802761
-0.04483263862754249
-0.08302289027153971
-0.07292907857179295
-0.0621865203148894
-0.16489989934030588
-0.3945150550951698
-0.6922284536085113
-0.8767876631526269
-0.6768861119493315
-0.2686010442313811
-0.01651466727375606
-0.0028053835345484574
-0.0060004211261402846
0.0014039715210972822
-0.01255706877531184
-0.031496948653819065
-0.00018278915475543903
0.008404750701227105
0.0031780382395976267
-0.02069232062858625
-0.0048461158259015275
0.09596827096305033
0.3484870702731213
0.5902377734851537
0.6662682480262142
0.5147213606718194
0.34526340226937047
0.2476490494419765
0.17113503515435047
0.07879537176555519
0.0517307936573126
0.07891180122325304
0.05862961140759251
0.02273776737989592
0.028495467627899784
0.044073767824091774
0.03334576974323077
-0.015081715025570009
-0.0033111346256013653
-0.016000901578607323
-0.010636789959168105
-0.010018409415064072
0.024065236791516783
-0.07480000177150521
-0.1871442378761439
-0.25237986862555734
-0.35492748331005863
-0.5767768139057956
-0.7711565929540222
-0.6718864865855448
-0.35067071651277276
-0.07850165139917188
0.007124432914163371
-0.004003556635251731
0.0047451469521207455
0.004998040484298882
-0.00011940840680782684
-0.003377079786219194
-0.004285759300063513
-0.007118537500071257
-0.002966875955692
0.05561956477281471
0.2599227214892792
0.5016947818437218
0.6285985030401373
0.567947396498017
0.42338032390072144
0.2736149935914027
0.17286102682511686
0.11446408040015643
0.0598484704438884
0.05917811794389825
0.048350597690889965
0.03256962745501366
0.01277849039344518
0.013900847053515387
0.020567958837554835
0.011130120870042792
0.05405367314362582
0.013615649470764248
-0.006687705125835474
-0.04108494628875236
-0.00939312453286476
-0.025629002716713613
-0.020922812005093445
-0.04931492021470268
-0.06886539194469135
-0.23275771477876508
-0.36786917393957846
-0.5730299899113038
-0.706694194420078
-0.7082900897122113
-0.4100170105498376
-0.11120291861921855
0.011139285641542726
0.01228158386881955
0.012338734205934537
0.001486277900861997
-0.020637822645267357
-0.02197009337030957
-0.0036917685995793356
0.002173884558836977
-0.0037687404938707434
0.004107406664925593
-0.019310663664643984
0.10290339506497342
0.31673473329078766
0.5987925813176032
0.6356821331062927
0.5225065373548085
0.3260805943217996
0.2430681080746724
0.1922881938596937
0.11374089677053745
0.056224361836988083
0.05324800207145808
0.045975461257961946
0.030232220194867845
0.02140405565356835
0.04851224911039352
0.05435033011570274
0.04033507127118966
-0.007984727529176673
-0.028119943078146935
-0.006469209863091301
0.012317543404167113
-0.0034995791308202505
-0.04014252054677237
-0.09614331944948541
-0.08649578447258509
-0.09404773202265354
-0.18124581050575758
-0.36288965171955706
-0.5469979960857898
-0.7053327744640416
-0.7148342007207561
-0.41189862529962284
-0.09972594549102848
0.03590072182152497
-0.016231682935109425
-0.012973566557416825
0.0015849288958768501
0.011332049881431275
0.009184728215366466
0.00030955821947613104
-0.007689785714496598
-0.010919996851463996
-0.0025559868722807937
0.00960280019406082
0.016309781992814035
0.021591402375217134
0.07291687461559729
0.2086828015430593
0.523874406741109
0.6666312135607202
0.546117581038782
0.30788538260641457
0.2374829756681495
0.1550108879111796
0.10462724042339273
0.07642952098987037
0.04287297872834784
0.00488682615885223
0.0030524451826373024
0.010241124115547996
-0.003973013884103148
0.024715217798719175
0.06624129384271872
0.02007545586990893
0.005629908013046687
-0.03931545774091345
-0.017891007582483142
-0.06174873562169668
0.007440326429460589
-0.08938789836856001
-0.2618798900050053
-0.4865589325652032
-0.7263518233898406
-0.7634020686810655
-0.5260159818940847
-0.12554342208311942
-0.0006769889425873177
-0.005331665705017
-0.02916966221903675
-0.005512426288173981
0.009054430827979363
0.003248258683055941
0.023261705143201337
0.0037264092294850685
-0.00478379414301991
-0.014901125937791096
-0.0008768543898788083
-0.01347278059343498
0.012034116926656154
0.053734935050919044
0.20349671716019088
0.5161225599879739
0.6838159152151129
0.5811378342140526
0.371184192653358
0.2589460280838482
0.16311637207967086
0.09054522766263777
0.0794162958690463
0.08236549533034172
0.07956724693778522
0.059489336981847045
0.02258681474354484
0.012876508231474864
0.008941240190867797
-0.00010928722420728838
0.010375179929007869
0.014851872578433631
0.008869976958157045
-0.04984255102009255
-0.08802452045262374
-0.17662663076724502
-0.37482030722573767
-0.6882327196817639
-0.8209079952357536
-0.7081032764008013
-0.3476053026218508
-0.08288533263142936
0.04687203736780467
-0.004048008890273218
-0.011099227825917995
-0.01736254917075851
0.006483371101460114
0.009571547326433031
0.0090403567872885
-0.009719689530869269
-0.009891416784837138
0.002428933841103383
0.008158410371857066
0.1450420037338448
0.4423783919830226
0.7171286514504672
0.6451497112042717
0.3818342397610108
0.2263924244840965
0.19052471796694112
0.1512539695707015
0.06497784429943373
0.07325119008437526
0.02810019291467176
0.011240135682922045
0.029840534231639296
0.08273415734864727
0.07425040757813775
0.03168944960515337
0.014914281108648047
-0.01018243199952621
0.01430660362548044
-0.10642249865229074
-0.1965853636235717
-0.36325136178807776
-0.454168291091479
-0.6901095617617788
-0.6622716592214672
-0.5114009993284064
-0.2032871621650129
-0.08343911147773046
0.0032481326294251417
-0.0050713770053430465
0.008248378069074807
-0.00012107810105468522
0.004975171379118329
-0.001189591724686734
-0.0007733933002295706
0.005196086863316978
-0.02412394156553217
-0.03523265413093866
-0.005397672503240625
0.1614230858139952
0.4380675099727203
0.6971807952005015
0.687418941581143
0.47741014477606214
0.2724293905344665
0.1718839236745528
0.09811943287501243
0.04882711773326599
0.019018868998710796
0.07212120288771638
0.06412037816111334
0.07273045708229386
0.03525408483926152
0.044481843188383836
-0.0002117501548439602
-0.021440028503269405
-0.026838202410428946
-0.010246343525558012
0.009742808423259915
-0.05470445801816537
-0.08681604161417344
-0.18960506360302426
-0.3132976688273657
-0.5267677436341305
-0.6569296328645827
-0.6663463001992205
-0.5258518357801961
-0.2520138692406286
-0.050641321258886034
0.04036208665189954
0.0018797383006295514
-0.008486875775331148
-0.0076186879321940805
0.0020696286233355455
0.005459814256797877
0.00474317685379866
-0.018078664928088777
-0.006596243226377339
-0.008728453572071672
0.011121857991386841
0.008458052058052683
0.16287881091407838
0.42947924995351605
0.6471297612749467
0.6143024488075569
0.4477181031615567
0.2967245795297365
0.1836834656233346
0.11743632027947935
0.08559710179007414
0.05331643271486632
0.0326238391331347
0.022065524754015985
0.06422725026809167
0.050725905284499426
0.02408448104747194
-0.011483658801822174
-0.046843833376925645
-0.07525068499904032
-0.08684910530474632
-0.16408737437003215
-0.3574947553882861
-0.5972758069303231
-0.7028039349041686
-0.6908836668237571
-0.40346331703051624
-0.11026267111377605
0.05214223524967901
-0.003973731300851575
-0.013644953488175517
-0.00617784823916686
0.007955700050087772
-0.007787328997125405
-0.006970889467855256
-0.009359070312742095
0.0003584510842789783
-0.016909792774024508
-0.017519923473438916
-0.02191639760056221
0.08295289017985646
0.33944287144636204
0.6860343253464872
0.7332359316676396
0.5118339784698828
0.28832401182314443
0.20702216580698904
0.15144439658088674
0.08025228343471896
0.043959925827801505
0.04043989408904551
0.04152967878735409
0.02724839530363812
0.055426145445900715
0.09731616142601503
0.062069332140266796
0.001151076537699656
-0.036520597168908486
-0.04886254163800908
-0.07521556253740071
-0.09662154283278766
-0.2752708622439324
-0.5034933325902895
-0.7100817600664887
-0.7591665797261765
-0.5950426520149261
-0.25959213136985204
-0.04298972176868512
0.006914854214444261
-0.00585758712133722
0.028846826740061067
0.009662519030421014
-0.002769558267530852
-0.01407609824697237
0.00041087750024025414
0.10932070483374395
0.380678747419437
0.6404126636103479
0.6386814656272725
0.4370131012294802
0.2984926062549001
0.20577596403950515
0.17508219891013602
0.13615467426829814
0.10749006967622199
0.06695275683239439
0.04122596615969555
0.01062655012553143
0.02381184010196392
0.05876221404078428
0.06213499417479818
0.007908809254589677
-0.04492012384683366
-0.09722890550561426
-0.13929819456528306
-0.1944770348214919
-0.30280233814078483
-0.5732060005848343
-0.807438623245666
-0.782191491090969
-0.4011141303673888
-0.1183155258137905
0.016973696692598256
0.0016401419599689744
0.0102710225412975
-0.0038297745055255322
0.021082987897813155
0.021605724450960553
0.011346637971822593
0.003806581917798806
0.009984038341336496
0.00897086137552241
0.046572129917541644
0.18188532606793845
0.4941572027543086
0.6159163258487905
0.5439121124221356
0.3478065234345235
0.2804549006488964
0.1604895919124219
0.12004279973702472
0.09598037483678508
0.07906015055867657
0.05822568315412666
0.04272225957504275
0.04369033237149388
0.020713084691164715
0.04366593840114275
0.001229743770188011
-0.04491909425432239
-0.08364394462079436
-0.13164803810876796
-0.25025127327005087
-0.38054001197670473
-0.49817791219667246
-0.5827012515364708
-0.5373058753729043
-0.4101351932950395
-0.24211010896195462
-0.07955389602598245
0.032307523843607085
0.029794916040357364
-0.007209432606371462
-0.015681070814229828
-0.02097612572382888
-0.0038032378623546596
0.005672893681550098
0.004895423969497588
-0.00433683226155474
-0.006084129476416498
0.017813698497971143
-0.016157652869109983
0.10279617767609485
0.35627504923696723
0.6036905688626167
0.60098570535707
0.45783574600247035
0.3102664054123041
0.18389844005234618
0.0991587506104757
0.06497596372696902
0.0583144078398424
0.06045125609535795
0.035130220071236305
0.033460993164342735
0.016913748628541884
0.031902177623917366
0.024064180835471752
-0.0074014247593176255
-0.008036573991943324
0.005553873605466151
0.006648071206504194
-0.08266468238891367
-0.27144242672170904
-0.4164609887019193
-0.5522939753877825
-0.6460200816721854
-0.6440898058441963
-0.35191786927301694
-0.0787238703607745
0.02204490661089147
-0.0034380289571720552
0.0018630967048602935
0.017022865123414273
0.010495819928246077
-0.007151975463459476
-0.00984271133371296
-0.009820110383681411
0.013760904737150893
-0.012592303399182018
0.002530493142993788
0.1299219497439824
0.3912639230727563
0.6310727227650285
0.6261013088881532
0.4621780843929608
0.27566666942020085
0.2054608524035822
0.1361050328235093
0.07552506795353238
0.04840175438585269
0.02981563454780498
0.06364688716814934
0.04495902660463948
0.024823719138698505
-0.02254339603031493
0.005996981909443101
0.016308567134561587
0.03143719064053399
0.014657219911237368
0.02265731351521028
0.002661621970222972
-0.04255384531186907
-0.16770064190339218
-0.2730890865791451
-0.39053276244959334
-0.505538701102217
-0.5566125653866203
-0.5410208734311936
-0.4108125329775209
-0.19872931515155642
-0.027134707970110295
-0.015549898462296957
-0.031432247104346694
0.006428924878679055
0.01612933079679143
-0.00043961860487710415
0.002715405400284747
0.0026133252714902093
0.0032221656282753123
-0.02633885780940108
-0.0546014923965502
0.053296549771398256
0.30041374779631286
0.6420970619702775
0.6928667575027594
0.5274823861062146
0.29108284175788196
0.23841025591971063
0.15538843525759058
0.09855235407712783
0.051899983874592666
0.03832995544261465
0.01421928473844948
0.04411903328075097
0.11529471870991169
0.0538213494008077
0.02360476109119258
-0.034044464340206124
-0.0064212380651546075
-0.02838370275677364
0.024789841759384982
-0.013448613544872895
-0.11482275288746477
-0.20159159884876107
-0.3115186542022364
-0.412941618782641
-0.5475531696176988
-0.5581727303201348
-0.47612699768050537
-0.3688590952057599
-0.22393159950743746
-0.0776924398556823
0.016547563697298262
-0.013101962530330377
0.003725956518896542
-0.0016442891345206131
-0.0069062010613460114
-0.016551872243779957
-0.008631316907335115
-0.002971480527790538
0.1298968198566455
0.31993964231925076
0.6130416378674646
0.6771315048135387
0.5455858392271907
0.294646719601543
0.2231899113002594
0.1785583546156253
0.10608328043420989
0.04359924160770588
-0.004332015445323338
0.05009402172803404
0.05654427325086639
0.0757683861294264
0.04398695983663004
0.028227486165088064
-0.015579364030695264
-0.034603913927441915
-0.01352475634566291
-0.02262760494461858
-0.16545019076278789
-0.1364875720931305
-0.18269071310169382
-0.26805915800005253
-0.48132205674239337
-0.5072695887373176
-0.44796478184899285
-0.3414741375499436
-0.2656652640907172
-0.21724396786155944
-0.10962838187106679
-0.04209971184894352
-0.043182900137274514
-0.03563673448574857
-0.010697234768125998
0.003925318579073289
0.007800898878230557
-0.00833552008535767
-0.006916391383338293
-0.01116256052227369
-0.0028257721007775454
-0.01934110948686061
-0.02194015652268766
-0.013561632098091731
0.030304104015340578
0.06117787057056837
0.2481186134641682
0.5253064036084757
0.663269404892718
0.5508964493187736
0.37905415560771266
0.2669360752383261
0.17336267671659925
0.09461551049740784
0.04587665764086488
0.02928719632480221
0.03605499898085114
0.03726753561971017
0.03597019067660412
0.058156760695129386
0.05130921646240454
0.02705598333637388
0.0037462595989536714
0.04637710235172132
-0.06279742753267802
-0.17773739357779234
-0.19829546106977372
-0.20066158783725185
-0.32907215648061
-0.5410626610995811
-0.503783561794985
-0.3799578468329099
-0.2519663117639824
-0.24995346659661227
0.03688035906250292
-0.00018842125837222295
-0.08166441309555575
-0.1594725546169372
0.028336600222308547
-0.006907643207966604
-0.009649741744405214
-0.010611668129856585
-0.011079408364615328
-0.0007063418695604149
0.003428967565482749
-0.001339775498977932
-0.00492993283277011
-0.006232395893014377
-0.012753235542585128
-0.019897814174272933
0.01828783252005931
0.31457410227737187
0.6455908297196438
0.7705634472133063
0.5182318471183056
0.2712018086498198
0.14274452661273018
0.10304384142576802
0.031447143263090484
-0.0028549676323735996
0.04697235837078456
0.038974749761585145
0.06643733029565171
0.02735453782145983
0.03825567828156492
0.0015249350040653477
0.04056603303548278
0.014217477332777595
0.0036031034532823525
0.013963331387339744
-0.011185411122350608
-0.011738599260967363
-0.037066143657039294
-0.07222328430278081
-0.07831670627607523
-0.13001771448284807
-0.26199933212430754
-0.5103034422353518
-0.5867917807044576
-0.639179331274352
-0.5610622571983033
-0.307732399044695
-0.0539051939681684
0.03240971398428038
-0.020251192422613085
0.005533969434233488
-0.00961967804641407
-0.007985330975753517
0.0016916014681406342
0.013785317835573161
0.004379218695268961
0.008550255182063305
0.12367950573237048
0.32294076456191095
0.537840105597655
0.587782959190434
0.49731567184384895
0.35302588706531757
0.24778195170269768
0.18460492172224544
0.13279781750113634
0.07411316033304242
0.02101184015248329
0.02470576605537294
0.060738222367804816
0.08056856525454763
0.09001348208613062
0.046269683269436555
-0.012095762279599928
0.0009353695666795369
-0.016829562277620308
-0.011003912652829451
-0.011076697885081924
0.009514931194369977
-0.07383510749539388
-0.1441683099945589
-0.21854885800410856
-0.36334188476432816
-0.5892561718808433
-0.7884301818340336
-0.736305652370393
-0.38710350322792164
-0.07887793742652299
0.005774792339496867
-0.010093194147164723
0.007655768824406807
0.011552056659769694
-0.00021187712562267005
-0.001534873627355252
0.003626378555572865
-0.0009254614963165586
0.011672585597187514
0.018367673104875127
0.15567032236003384
0.388172275446454
0.6236382807926525
0.6437512260923046
0.4548041410338384
0.24181758316206348
0.18017111704923414
0.12362922313126933
0.12253302234372196
0.10076548185274627
0.10948213522337812
0.003036415895265259
0.016849211831093152
0.03867443626782578
0.04865883625543047
0.011925479673786842
0.003928667605048755
-0.017690157287720415
-0.048069136334954285
-0.03913128103185853
-0.011550831909191005
-0.06534923975243948
-0.18378676184871018
-0.3251831830028872
-0.4670252236873107
-0.6075611997663648
-0.69204619697106
-0.5628344710664788
-0.26779200684813104
-0.01600615265297346
0.028423915726335524
-0.0021763071715070205
-0.010931679353442402
-0.01264352912340047
-0.007882651547647413
0.005561743554499295
0.008965919035562247
-0.004688588807394161
0.03360343903606225
0.17910593799088598
0.41853051178267986
0.5774849467565064
0.562615103403467
0.38219908810138825
0.21939126213069154
0.16485677414773323
0.15392286061192254
0.13437333107297114
0.11588662644927061
