-0.03216876835725113
-0.04191351491347684
0.0013626161874077984
0.017035992520027434
0.04745706409988342
0.02440993119598049
0.1028776659384826
-0.008521674355275006
0.02101641045320378
0.03732623752828858
0.1616582301426343
0.05492689675417487
-0.09113267398399058
-0.1575840410444039
-0.16090092764242298
-0.23084460742464033
-0.3485124501712413
-0.5707409343552936
-0.46552223828175915
-0.2049353743557524
0.035797179898313006
-0.005326558637951388
-0.00022809579345696578
0.004191801584832726
0.00856140180451611
0.0009134062361280882
1.497807170327336e-06
-0.004913103790987681
0.00722044893310698
0.0017692317634260464
0.003097208806496011
0.003084205205107489
0.006350010465975629
0.0866943224348073
0.2038344353511131
0.37197844310747824
0.4498358148476846
0.47805117749064185
0.326680852888544
0.204026608938375
0.07995203556211766
0.041712581047769814
-0.2241406184126988
-0.2594066411698851
-0.15658704674865165
0.08792815279514771
0.011284389494121371
-0.005483261021755754
-0.03492089920797702
-0.006285076980659073
-0.0034302429639846365
-0.030890124046897435
-0.052721720112287235
-0.061811714170691395
0.030271379557432386
0.056824327882866385
0.02188330401876482
-0.046818347570024066
-0.02242532504737455
0.04490923083185609
-0.001300465172768647
0.21404210114810293
0.322752085365573
0.08111039043950757
-0.19625507163880446
-0.31822865949170676
-0.5896379045473574
-0.7420051611195266
-0.3736156086854194
-0.023177558143247227
0.02116689775971014
-0.01189312795334663
-0.007330884448578884
0.07798750259969124
0.2693237972334421
0.4750052169859565
0.5752533178855072
0.4174121448063631
0.18603468114834734
0.07072097338879764
0.061116660151728425
0.04182739662911545
0.04763863627509499
0.06543648716485265
-0.1235202434147405
-0.16786473696207363
-0.1153596282070176
-0.052111687799401736
0.12247282123271215
0.24264636234082268
0.1695753779464534
-0.03342211046970141
-0.010045395740493105
-0.10056868976450277
-0.32236389461709924
-0.5824002386021815
-0.7138058318232788
-0.4717816867058094
-0.12099967095137977
0.02981656094691846
-0.012227587784600319
-0.001673611920940755
0.003233279913070431
0.003884060472912477
-0.0016375546778275528
0.007673430574517858
0.20312408272347243
0.3981738996754483
0.3744844303265634
0.37282631094734786
0.3299492178698713
0.1809240186902639
-0.07724567981211633
-0.061747155643423576
-0.03876417090647433
-0.045991400544297
-0.04960408348132431
-0.02449708706076121
0.007573214954977657
-0.031133788175662706
0.02304360195968958
0.02561085686215365
0.03787873556847397
-0.027318779466720875
-0.015447417389702735
-0.07795691813011241
0.11520589181892177
0.06909579432109607
0.1647210841114092
0.16596274047095178
0.2131696084245806
-0.14051096786727152
-0.35935734305852973
-0.46445237051631777
-0.4013379997252327
-0.20404468078329868
0.016336947173223818
0.13260580484934759
0.1620834464965643
0.1205666021054918
0.0018180424461594464
-0.10908741810534249
-0.18953134658875676
-0.22767908087230176
-0.2598404090222901
-0.17357043522869695
-0.05230941283098355
0.03260318665432855
0.042929836850546646
0.054520463392615355
0.0803833085291335
0.14243368819134342
0.24830109808942238
0.3159856266175854
0.31736492968515023
0.28700343296527464
0.2658384582713348
0.16884797832799134
-0.01653399937451761
-0.057186688578944746
-0.030343135466075376
-0.024292855259368824
-0.1529253828280865
-0.04310909038097935
0.0072706804521534985
0.059600112053690105
-0.05788151148307964
0.07050674306318876
0.10134753579481617
-0.014810685191449397
-0.3594889333718038
-0.5284046256838677
-0.41316406962405516
-0.2123290913773631
-0.1739267649573597
-0.1577164954085633
-0.07373854577825734
0.023518388157973302
-0.002663456575535281
0.008108868378370257
-0.002999813299347373
0.06399102790563817
0.13951476622722503
0.3390686241329557
0.4636727728042743
0.43578979968455417
0.23312789639961345
0.13358653932582598
0.11378737586860771
0.10249128653505735
0.10683786098453232
0.0401200564806393
0.005079168374676222
-0.023189346828464706
0.004690800984609864
-0.019632829505265004
-0.02139188838973183
-0.05125125024228354
-0.06705139490054085
-0.047960662101513826
-0.07122466578380021
-0.1427287201214476
-0.3173839961768432
-0.6187611759332747
-0.5706856772516375
-0.26284781403824353
0.024595678750474886
-0.02503538453348348
0.03394178055560811
0.1594244969218297
0.3356857258753445
0.4686667608935446
0.4643164490669843
0.3070696240073483
0.1408454553225015
0.07642486925736533
0.06911161656044187
0.0495282574301191
-0.0036899925455349007
-0.02922520136263381
0.021510545565846584
-0.1334997961637466
0.008256433373223864
-0.029797772293331998
0.062498862165246125
-0.10592158839349933
-0.04487080499348449
-0.0034133082350162225
0.137321874918965
0.11190782979447474
-0.012018810967413284
-0.08859199838439061
-0.18902359947283082
-0.28600555159931723
-0.1613456784334621
-0.022735267662233154
0.03312457006170608
0.014945447318121407
-0.049260981830402194
-0.1086855293678313
-0.1843455181470042
-0.2393054327709705
-0.2896564797648933
-0.22110025264002414
-0.08875865379090944
0.026642122275077906
0.04743388325824568
0.07599215989245675
0.0935537730140131
0.0831867318839109
0.04105993866793233
0.036766937950338766
0.08180047833109572
0.19183343565465052
0.2991083436570947
0.32067650469967746
0.2886642278922688
0.1541764835797678
-0.07362979034953537
-0.053590358833905206
0.05766833668812535
0.07766848855909123
-0.017841520131604224
0.05554987827116811
0.01298510675644493
-0.030863240195119806
0.01998818679758311
0.04895339582161353
-0.01453786739829011
-0.08312028643719997
-0.104463552237835
-0.19518441650859317
-0.23800819514692026
-0.18595847287940953
-0.06353050320412557
-0.007276236137663507
-0.06908149703111964
-0.18511815681606317
-0.33091412033159
-0.3253956566181807
-0.1584952202980079
0.01716418035454943
0.06412875047070883
0.1075970558155632
0.14002261331101368
0.16582590956814522
0.12894341151862654
0.09711837393251058
0.03993011480695603
0.035736557972674596
0.05262467494834987
0.11685168117152175
0.18690684400125782
0.21858877695781445
0.18494182718519583
0.1198312308967143
0.08633654738123707
0.07249121181591624
0.04572804472736641
0.02075244570784332
0.04138725407638808
0.07685414297732125
0.044363081560010384
0.00912960082899086
-0.021255124876393406
-0.023994684089311127
-0.09173102859207061
-0.14521856714083028
-0.1344298664605346
-0.04888969478744454
-0.005146115469935648
-0.03859445486185723
-0.14973880470071443
-0.3511660842813423
-0.5779083048897612
-0.4195097516218606
-0.14139131205736852
0.07431728372127
0.07866679407684947
0.23806069665021048
0.4126981323842978
0.5217289458977803
0.37583595101769995
0.16808509967983434
-0.0020782703311628694
0.021466271534781686
0.11155686028913994
0.05179370938689879
-0.10784484021135833
-0.20875522788013226
-0.07179805425505187
-0.017490044783789675
0.045954487798648615
-0.00747281856549235
0.055755189138541064
0.0744075362850626
0.07106375139393839
-0.012277369748247384
-0.013665087527174932
0.10403361155761498
0.13711579060412887
0.030734594629241198
-0.12584486425749958
-0.0782789093247147
-0.01568316208252842
0.023881429502689084
0.03348695755656681
0.07186922856737697
0.004499168561543966
-0.09152048368116988
-0.2320792514307238
-0.365431756886801
-0.5268396219669833
-0.3796735024698532
-0.07956776298440767
0.12739105670157194
0.16130402763654506
0.2527547441656992
0.24926821837598281
0.0927763458696414
-0.08318647371563918
-0.19092449271852752
-0.30874906021834186
-0.34032501146954997
-0.1898538758478152
-0.008595678535209665
0.12375653132312867
0.10876425687195423
0.2545278450943391
0.33657822298174717
0.3749007156255361
0.2129893109180243
0.17215508785481684
0.10526714307547375
0.04771308619165202
-0.0007772189615045575
0.015098453940526065
0.052453347936539114
0.015503615505288807
0.00035078778432279863
-0.05221474999354919
-0.03341471636185963
0.010107468655011245
0.10206203902849678
0.05271307705820341
0.005702111267525412
-0.002317262224269133
-0.031636121941222985
-0.1260218809293758
-0.17017722779716243
-0.1946886237698177
-0.20401873193867012
-0.2465064970964458
-0.262488000323362
-0.319265081785551
-0.2792365024947003
-0.15965735970640357
-0.016438474208281453
0.008090895049936903
0.036333915069426244
0.09721498999850231
0.17674441212055383
0.27074860269409073
0.36944110261560276
0.3602101604853368
0.25501783938126965
0.15659430548735606
0.1033331988575247
0.10724154891971906
0.0158296657709937
-0.08061575154077107
-0.11484225186251151
-0.0070024720634779625
0.007243338346931385
0.052474523589931654
0.09023667768158825
0.08341788181811481
0.020929155668049114
0.005120715364407104
0.016696728896158183
-4.799951236905477e-05
-0.01999750940592262
-0.04588947410882142
-0.10458088319344208
-0.14606058548638767
-0.12759935025963692
-0.02544128328652727
0.07247332119600361
0.1159975116782105
0.058238502550908774
-0.08332158297029253
-0.21539778221188327
-0.36576295226021877
-0.498056528100169
-0.4058018994094373
-0.11452678289031219
0.07964887050359652
0.12546273649063905
0.2180294027374564
0.3243224763744902
0.2846718233881851
0.11700751545106004
-0.05984407779096972
-0.20085690046257373
-0.2823553092722591
-0.2667597749847205
-0.1050485951687048
0.04726283487108245
0.14182648077025856
0.21326169235357656
0.31178648172524304
0.3293026520615392
0.23353000017194755
0.10881676005044587
0.04931695045217374
0.011874127022795507
0.0014220859790323617
-0.018048130157733055
-0.0061022439938484725
-0.017555521248823293
-0.007861778861874166
-0.022417460740874647
1.0400125083763082e-05
0.013954960501544615
0.022536789121385976
0.015349506480851463
0.024996561139661647
0.03399282504921461
0.020960634831709617
-0.05314410361328209
-0.21744717158519267
-0.47201379053872217
-0.6383121170545292
-0.41983505254035197
-0.10184047283519178
0.043082655883920525
0.01907029211349339
0.11870638872046922
0.13268734836658838
0.06839143136829941
-0.001281896809570871
-0.007987868011872106
0.057038892735725065
0.14026682643157976
0.28660464691964893
0.3725480407729415
0.3857875185579064
0.20687088466727518
0.06915308521880281
-0.008855976125617606
0.06438873150611343
0.034166025517230796
0.01817770384490441
-0.1027128095711522
-0.06542113190671252
-0.08977596202931361
0.08915775663514312
0.10459861050048694
0.11081737190150877
-0.03425210858686262
-0.042794357348494655
-0.050238935681637335
-0.012168043634642804
-0.005590171942197252
-0.008363738903558742
-0.032259494981043954
-0.10214948953128904
-0.2203428158836234
-0.3859986152227259
-0.4513747533739043
-0.2556061047977214
0.02264126774398814
0.15162558972942106
0.18959943510269298
0.23539908990468808
0.14416490775530164
-0.0747452624663658
-0.24244963876680667
-0.3632349819671094
-0.3215624431262599
-0.16622721080056616
0.0036484681592337457
0.008053946390365614
0.021900223229567226
0.13803615016036888
0.27231486654028925
0.31553566724643195
0.2774635794004209
0.26435313338119726
0.2388658107936815
0.18226250214740194
0.11262513532032711
0.07494626179795931
0.030066138620257206
0.010302146849641577
-0.01638391772040767
0.01063661054638996
0.0024978141949109993
0.002208221781060957
-0.0957790693719417
-0.254958503886441
-0.4760530593479939
-0.608877371872849
-0.41722962896708204
-0.12291383858852352
0.0469146034344259
-0.007680100074304021
0.05460316395474326
0.205060391299384
0.34693234797974665
0.4013290459794719
0.34823465342428106
0.21833534750653705
0.10344418405419042
0.08152647512279441
0.07605168656370484
0.03823571560450873
0.026091013956871825
-0.03469272280160866
0.0022680917012006317
0.024383114788011365
-0.003158714218452643
-0.21528329843915398
-0.41833500508605814
-0.5882080165462612
-0.469009104055164
-0.20229022917411213
3.0058026127970924e-05
-0.0011722785058392918
-0.00011913575021851629
-0.004379422534908451
-0.0021158547728232866
0.023442959937923103
0.14909128267942676
0.32681182704517686
0.4737453113416152
0.42343839264499367
0.294789185864295
0.11510218704231527
0.016675329150963952
0.02063818189923282
0.006935369282256502
-0.0891356148403029
-0.09883189477420927
0.052394104314337324
0.10361831355270859
0.04089677903430784
-0.03366727187293448
-0.10930033434828614
-0.19847948829676318
-0.26801170827561605
-0.27716950201285423
-0.2455471838660572
-0.3150239025556687
-0.27774037004591895
-0.15161756295048318
0.01502931358162883
0.006256420663356474
-0.0009524966743893475
-0.005239590958331286
0.1352210851548277
0.31296831250163526
0.408574691909835
0.364785063700427
0.3060334744299953
0.19021328173065263
0.10319487709184458
0.062039687512614704
0.03128724013170694
0.024353829953219653
-0.028848645317934008
-0.004960976207641824
-0.0015789188898020338
0.04307638699903755
0.004374597798609877
-0.04452990762701047
-0.1290729141540603
-0.15101601727138664
-0.08015949422966413
-0.007583058800946686
0.011905263304966582
-0.019251771443333062
-0.0910854523333226
-0.253320109739758
-0.5343267699206479
-0.4793125452959433
-0.21261692940791302
0.038587974267803686
0.0011253069755172563
0.021111120044180382
0.09278138871492507
0.19713132393852578
0.3388387073737825
0.38760224399302445
0.3106210030848361
0.1611832082296784
0.10259135085757183
0.09118220483815734
0.08128201373583831
0.07901989658840058
0.01684693955037292
0.007474153911369266
-0.002331639924335795
0.01958956944603939
-0.00926739245042881
0.00017100115766621515
0.012444884178717969
0.020175831523590062
0.028636118692369796
-0.03443974895437103
-0.10617298649621115
-0.22478484966173132
-0.38742705038351466
-0.614283694430509
-0.4558311143843972
-0.14863292688724747
0.07196802653858829
0.05684355009402197
0.06616328109805847
-0.03435195817270912
-0.10238455299364775
-0.04311629052388662
0.005715063131652908
-0.001027521968738284
-0.009922975164290424
-0.00426237471708866
-0.00902787427841999
0.02271935543248171
0.1607992097159348
0.3451942958959559
0.4603929539440395
0.4101199103837652
0.2691774362690459
0.11983250787895117
0.040161777588389465
0.05647593473436638
0.06602348198376834
0.01737438117680547
-0.02092304533730078
-0.03313351022113506
-0.07563147259489543
-0.11623090319543972
-0.14481805692652144
-0.20075777223383032
-0.509795487920958
-0.5485795712972272
-0.3148702833520584
0.02193810996608009
0.01595601074522436
-0.009474572367642127
-0.007772048995391857
-0.00864280801610821
-0.012134748666782645
-5.6139391812228725e-05
0.0048496096051099105
0.0023887073613406092
-0.009435838999366827
0.03150621065946049
0.15083279076232575
0.3220208773961693
0.42016887768836675
0.36791087948053564
0.256136005112238
0.12065205954064015
0.06940829547368702
0.05631218575425232
0.053891659289760994
0.027779945929046312
0.02582627196136256
0.03057297976193249
0.031606127349922214
0.023959431788977387
-0.007818485170960258
-0.06228918939316316
-0.14752135423322482
-0.24956484934665912
-0.5222367426624956
-0.5946411520443405
-0.37130036417255263
-0.03285027912489975
0.02997607252106342
-0.011295627920637662
-0.0035478820454702075
-0.0016988664699232416
0.001795162573967127
-0.00816422865707079
0.003549890985236661
0.005058634970878297
-0.004919515609219669
-0.02001422046780316
0.021159636180189137
0.21255173394078028
0.41140462982244075
0.4853452862125516
0.36110378076454924
0.19921473374051246
0.08878516705740715
0.05068710176273149
0.04863534288996388
0.033872197542103875
0.03312863000103915
0.024746063713707772
0.04125074224531075
0.014041719648410967
-0.03678318034903344
-0.11245044502956023
-0.2035546787486268
-0.3649084836635573
-0.6004933835804038
-0.4885466431234087
-0.2062112050850851
0.036186080243397714
-0.008540195249213707
0.00639684814691275
-0.004564744283845946
-0.010787135427690801
-0.004838907203986315
-0.0032418464453897885
0.009353101326913135
0.008107765758822431
-0.006500151028234512
0.06483692780010068
0.2610574054493593
0.4240008706935954
0.41767411313328695
0.3077582529524272
0.22119319091175046
0.17595367218446953
0.03700814064934615
-0.10937440625817597
-0.07181211776101677
0.04615805552732128
-0.0031526946729470893
0.06546054853096761
0.1183061715756127
0.05756255246978759
-0.1284307661365889
-0.0970862653965158
-0.05309851396733496
-0.030841825397460474
-0.03199507392415547
-0.041238897792311345
-0.08489546613592665
-0.19773307575321958
-0.33523039594358656
-0.46202075337088205
-0.33769824626746703
-0.08277703118834025
0.10239454245271047
0.12656370591957297
0.15219136348135717
0.17316883494750065
0.13063788632253204
0.06316808073824348
0.011707881184592487
0.01869406867105192
0.06704067036393502
0.13578764560928236
0.1912051025373926
0.2156914340021328
0.1436527579355925
0.05647961920124646
0.027156177579119346
0.04742168576502827
0.05904995360455909
0.018229943873779388
-0.008605988562803386
-0.021286736908046215
0.020350309982341306
0.029857003264127508
0.01884912681457183
-0.013864150498205286
-0.04357405603114861
-0.06412087438423635
-0.04418947737848239
-0.02049930535533761
-0.07697460818015289
-0.22940413619843572
-0.5388774811559475
-0.5381827628919315
-0.2986704287143285
-0.019146615278372824
-0.009993378028152835
-0.015995608431415724
0.022951483905563792
0.13091052108172696
0.23158636901888133
0.27747905903573616
0.26122822990706934
0.22790264920310666
0.14527658926133843
0.1156412430783302
0.10662624293205615
0.09270129546186004
0.06584895718406449
0.04705477384025102
0.034774016698258435
0.010096520205165067
-0.010560374786131718
0.0014198251203476416
0.006466910639783215
-0.006056332568356379
-0.030288005649834707
-0.037448149315327195
-0.0684831033048127
-0.17243967413759106
-0.28511860363715424
-0.446029338029522
-0.3767871084027745
-0.12494130913717005
0.09372176224408472
0.06276643161010763
-0.02547487852335997
-0.12859050970588043
-0.14783015489493168
-0.08479304518525173
0.002476354961894431
-0.012713225758211122
-0.005444379844827118
-0.007357707329312677
0.09485855498425119
0.2194494465019362
0.320826258255788
0.3116049789371254
0.25546274177798567
0.1213491720790655
0.01695777636125867
-0.01495971714420234
0.00546797798734547
0.026109596604556813
0.06106088034869984
0.08405657755757492
0.0932015956706086
0.07392858711655456
0.030164407498510064
-0.05411937614009052
-0.19518081223942077
-0.34551210770595653
-0.5281009874385005
-0.3886392485436552
-0.14434481825897144
0.05155644115833473
0.03259974632801761
0.0030533863599454944
-0.03132834754004373
-0.05135966066191312
-0.006896111913199054
-0.009450392880131928
-0.0008246896617117755
-0.009640169263490385
-0.020601306883219917
-0.015158684641388203
0.11239693374536325
0.3044627550562388
0.42716892205039425
0.4190852042999988
0.2952412070972334
0.16712520476083143
0.05057228743397391
0.033857823004555546
0.025447837813634994
0.026921841086265167
0.003696477254537595
0.00588702123003985
0.029916074323496147
0.026757633284126833
-0.03050807338759209
-0.12826491826921524
-0.1874557193978615
-0.17185590282935137
-0.07494072200273796
0.0033879413846192342
0.078736609589603
0.08799063137039019
-0.0030598625066528156
-0.18657409388257049
-0.3959661645910824
-0.49592901508584336
-0.31894943194508185
-0.06713417962565994
0.026276448418718044
0.0014846141907439363
0.11072027555394945
0.22433561565315135
0.26878865984156286
0.27003304359106645
0.25946639256723075
0.20723403113185837
0.12447050303997377
0.08294968622456823
0.07038424881363209
0.06110842458326138
0.045117603909604884
0.03466977194780803
0.02389720138086896
0.014542507324528357
0.02059278287836809
0.013586219226589515
0.0150290729954981
0.039227414401543675
0.03240957069344804
-0.05759446387928788
-0.1452799824387261
-0.22285929612665384
-0.260713118264059
-0.2138101818337239
-0.063835973872372
0.040713345764668375
0.04768938990357843
-0.011698830518922844
-0.0967381845711908
-0.22920171005958753
-0.3288511100552692
-0.2722684246939212
-0.11147301946059131
-0.006016948444029859
0.046588424312068645
0.11859356112720816
0.1695996638781672
0.16121644869094287
0.11846137136787901
0.04849576549380695
0.004268432701377896
-0.004565876508948628
0.019943246703652336
0.02641207375809956
0.04525225691175488
0.0603712596974399
0.10022821221244956
0.14947403133836512
0.18213888314447899
0.135612244149521
0.0819555523288009
0.03919522893915331
0.02640493195937295
0.012051133518165794
0.02861489263794807
0.02583956530047897
0.022637692724023353
0.00880822520728244
-0.0371800745484874
-0.15327803788279745
-0.23375010006836042
-0.2820029559603856
-0.24915798013562124
-0.17119458438337787
-0.04533313958851853
-0.018902984533045633
-0.046502232342333534
-0.07298912194139377
-0.0622275871660464
-0.03049256889221696
-0.0017594365221786494
0.052817216129493444
0.07857792462710303
0.07337953650382016
0.009855932300053521
-0.04048183375323621
-0.046524217893119495
-0.02345742237045322
0.0120271851581918
0.03238374223732651
0.06611763041701262
0.11181795138542083
0.18739403581227881
0.21849195520437564
0.21310506438918253
0.14096231915174873
0.05362408995469242
0.001975135454976699
-0.008413039034649891
0.01808605396174689
0.02450838935758518
0.04179716504930449
0.03157195101317942
0.033349743117018674
0.019471064462310457
0.0015083978911115642
0.0010121841434626293
0.00666457184295136
-0.041721910149133457
-0.08572984667628511
-0.10745543442893335
-0.11043212113276807
-0.17571064509813042
-0.2509980236477197
-0.2752178743584097
-0.18320994077381508
-0.06400635948075291
-0.012173061399189316
0.031802939894066184
0.0906557129728625
0.08571490341643655
0.04435720402441947
0.02339103994802997
0.01773626606026566
0.0017864879841360526
0.022417605186175738
0.039798812123394964
0.06750719191600879
0.10314037517639153
0.15258574994977497
0.1848143079379049
0.14368580124343383
0.0832960437340203
0.029316854919980137
-0.004330269577934718
-0.0382170455091587
-0.030572387619166596
0.00828294318735193
0.03444075202019807
0.03416397007318666
0.00048506277582875565
-0.0007317948050568675
0.044065195199016874
0.057712704718600384
0.044907632529255254
0.07264590438452953
0.062031187170300046
-0.17418735818519207
-0.457835772571027
-0.5750932732519671
-0.33833536270752484
-0.0917942368157793
0.02933620489021217
0.010959112467497917
0.08084831170703947
0.2026690681703737
0.27847626560737476
0.3104246577551177
0.29985650356460125
0.21027518959143374
0.1275208936943232
0.07743252419928863
0.10652743073504352
0.08664011149684869
0.034782504208040105
-0.0011731119819985022
-0.01807666182591833
-0.0028025656657052677
0.008693119533930586
0.009370340969958283
-0.006401135475442193
-0.009507189297932418
-0.038667176379466026
-0.1476092035674442
-0.2498662266524447
-0.35884018954521557
-0.4149308875192812
-0.30552177322388246
-0.06588918220177564
0.04021844918902006
-0.0026164623507309998
-0.07667002471999725
-0.10529703311719654
-0.08329491918356761
-0.037082961248777094
0.0032372617773839514
-0.005310485384810755
-0.010572759810441224
0.05679092723348133
0.18044872321607033
0.28461800650122976
0.3335910950255232
0.32346801861898117
0.24601429709937847
0.14837949362899264
0.0780155261758365
0.04553954192547919
0.03158410980742404
0.04075009679485597
0.018528592435036028
0.023868550435177785
0.016278836745620202
0.0265407937588191
0.002467214813986144
0.0017790831121463552
-0.02569544541421122
-0.033834775143332815
-0.028126257859978448
-0.07140846071532717
-0.23091099131014275
-0.5264280607529556
-0.5701378123610783
-0.3178038935143989
-0.021551457518537192
0.015186041119124903
0.010876606546128308
0.09606356266292787
0.1852764327559282
0.23115352411950174
0.2602126502364617
0.267985488179561
0.2041533896564645
0.13719140176796263
0.11789336470159097
0.11588417664875428
0.0976111952400416
0.06073294612727134
0.041045041821267995
0.02986571021865627
0.03596897992955822
0.03760792158223076
0.008837288736557302
-0.010157044130725212
-0.018505305066543697
-0.021367212252443025
-0.07451931562991472
-0.14235664441323376
-0.18484660144428522
-0.242382484677131
-0.3102985188536388
-0.3864933348664742
-0.34921909976849475
-0.17964507692826992
-0.018655348851423167
0.01460266903681363
-0.013595547884281908
-0.004157585677413618
0.0009236931711236437
-0.017888560557044582
-0.006871036962260266
0.10872784124626764
0.24975492937828978
0.3190070444544548
0.32649037944930875
0.3069059984575972
0.2425991765659543
0.15054363260437328
0.10566674586058743
0.05156339175083063
0.03855783556991282
0.018187242558108312
0.04163120063532598
0.007767210104861467
0.008426396129807093
-0.01512023505112886
-0.030740215155492728
-0.11442215744648368
-0.21542392449215406
-0.3066131412767462
-0.2684009885681735
-0.11702893164818277
0.034195430078642314
0.08926473706468524
0.03084746937523313
-0.09657544650566906
-0.284013113181835
-0.38226202750336274
-0.2568468037744692
-0.05692251459095873
0.03497857036009746
0.001020773848690098
-0.00817241073232635
0.05284093185823646
0.1873283053350717
0.2897594383518069
0.3170563476738113
0.2949791281122112
0.21400939800494426
0.13790767114318417
0.08564347663067362
0.10519210815054848
0.0618400682944107
0.06136430391842909
0.039613426329405184
0.0437462475963244
0.016930661058391572
0.011540824954869154
0.012638272154183498
-0.002594330921576992
0.00012967932285120058
0.02312441193174942
0.007818167750631178
-0.030352145770701545
-0.10490206249748142
-0.1820992988437926
-0.3392175497034728
-0.46990292396256933
-0.4920844306861902
-0.28133054021681053
-0.0718510942435235
0.025976532526281775
-0.0016810396383680818
-0.0035766299654148258
-0.01345191008730285
-0.007359900588665346
0.00038867659397663493
0.00682934099119601
-0.012043848309862312
0.022563759041377158
0.17406298418880103
0.3252422049509043
0.4136293995448542
0.3425281069849832
0.21683879416131274
0.08202182626780508
0.033457544714344
0.02851085524614268
0.03494305817657631
0.04978873104049868
0.021368459145930777
-0.006987769988531838
-0.08918046660764582
-0.19473236924555554
-0.3402502026334533
-0.5412673111398594
-0.43967687568921654
-0.15320832359193284
0.0684461208105653
-0.0007433301423153887
-0.019737475818640483
-0.015301865225228424
-0.00805220571550691
-0.00124086161975668
0.00469345196659162
0.001345910453670411
-0.003389012058754342
-0.01504031085542218
0.07873791581516698
0.2519965166473091
0.4167270087710555
0.4220194766690692
0.33310539433644704
0.19686960114589835
0.08802978876343241
0.037441561269946425
0.051448644194880155
0.059310974671453166
0.03195189217152674
-0.013469846960109081
0.009198481102793562
0.009939143008279291
0.010749129809785145
-0.005733597715125259
0.022701734953390937
0.016024214488649005
0.00736988929366076
-0.004026603301569747
0.004558487335314188
-0.02002211048345727
-0.09392015043577424
-0.22391726388771607
-0.3543847624358778
-0.4752023294161162
-0.3787454366481714
-0.12167308977727448
0.07681540940477731
0.056204165391010946
-0.05447614697126768
-0.19004295557628564
-0.18341190096682333
-0.07969299192598907
0.018100138586467817
-0.009436561667313131
-0.007279964666875999
0.0017327581747366126
0.006870958545050799
0.057618983688986714
0.1498621435177014
0.22226085282059882
0.24493453415058436
0.24950465991935067
0.2536563610532515
0.23324875806930626
0.1750060227270971
0.11489588479116418
0.06834063394545863
0.04754235966439241
0.024144736936577718
0.026119900067906657
0.03395780480367398
0.02427258293642151
0.02787599559202403
0.04152835108725883
0.01861735312523861
-0.009416093108776604
-0.051188003844249125
-0.11122417236334582
-0.17603625597314962
-0.17039668042630618
-0.09842561775177713
-0.032755623428822496
0.006003229538530191
-0.04345662772023082
-0.21994314486975206
-0.50953244563675
-0.4345799709304361
-0.1827563683240622
0.03310881026224352
-0.018331558818148595
0.00579645820717092
0.006163490506600391
-0.007404604287738009
-0.008889334341203424
0.11354427243551822
0.3052019032913578
0.42163927205527924
0.41601008996017536
0.35445670708182064
0.2096824877217842
0.09013035309040543
0.0259917797140876
0.01735973148652451
-0.0006228646801543326
0.007226653839145107
0.013491244933968569
0.03121776756004343
0.012985907296971877
-0.04154397432889554
-0.03749157500869782
-0.0019627988963077567
0.03135786982591185
-0.007944131851667544
0.004790228525565516
-0.04614493397242746
0.013300860529955437
-0.008694182113166294
0.011136058978812131
-0.07658414981635178
-0.10844741275575465
-0.19335661262099005
-0.17460435639692204
-0.11682015734591035
-0.12472879115891378
-0.33116199370774624
-0.365495300303995
-0.25117893281238396
-0.07030906977754753
-0.05190251786866784
-0.009130647499845133
-0.010180189842156965
-0.0014979916028693998
0.03865646736774043
0.15879406910526406
0.33621397537074404
0.4110406898121362
0.30482967858989524
0.20249419809473085
0.18029516510551502
0.149703413552663
0.05968878514737267
0.030140365208914027
-0.0269593784378935
0.01881557610337278
0.08211109758890771
0.0719759980416276
-0.025864721702927446
-0.05511962634796798
0.01458891669912193
-0.012622077450399826
-0.03278828703094808
-0.01601911145497603
0.09835547402050299
0.0867287632618167
-0.02515298731388489
-0.058414920913032777
-0.01023940280802642
0.05026225071361282
0.017088856767542532
0.002289774662425487
-0.019988097132879832
-0.060401139271213926
0.03953370648654537
0.08098172030060338
0.017099040131255402
-0.20214503426432887
-0.2872420235416199
-0.38038576882855896
-0.3654933106362242
-0.2089281854835651
-0.07809007899191064
-0.025829902917792896
-0.030125689580067012
-0.08178411737514898
-0.1890448327279606
-0.1875887241510457
-0.07404740940321505
-0.0026615805499740964
-0.008770039736334565
-0.012057302959387214
0.0013105558077264221
-0.0020096542573503264
-0.014093546826783467
0.10861594705643245
0.3252218082872308
0.5080539216484435
0.4939614711820221
0.3201751630900143
0.1320199739838322
0.04606962186413014
0.036446154162970215
0.009051044078848214
-0.011491994720246488
0.012884330551445496
-0.006487393674799089
0.047622464857445014
-0.011804778631783643
-0.026505044071056177
-0.07019673906797319
0.09016373311658836
0.017101796477081235
-0.01630835596661183
-0.05068346496212389
0.018005231581737682
-0.010118379411713395
-0.016546724583175233
-0.021264837464971372
0.012512228986818775
0.042729957409349394
0.10074528083493206
0.08998504657924229
0.021116667045876475
-0.12562972542989284
-0.23843565154265708
-0.35484063603592897
-0.39700860839737817
-0.3199927285098689
-0.15287556766571636
-0.06350936352699868
-0.15052414328686511
-0.20095126536305305
-0.11898948849258631
0.004935288735607449
-0.0024532168781797284
-0.002367736032184235
-0.009659993736552835
0.01766020526167031
0.1271435192626859
0.33697613024540396
0.4440019868613724
0.40803881581589296
0.27166432672182295
0.18384925388837353
0.08472551183128975
0.05861203913842535
0.07383564694739078
0.0031921610594064787
-0.053619867791067644
0.03415382612331747
0.11594924238150808
-0.009896007598180583
-0.12075565417578918
0.0046544740020082135
0.12251749403812545
0.05551052552023259
0.013670749114975237
0.09000143305206512
0.09318416602760098
-0.07927090635095274
-0.023453985051731237
0.06465059947673364
0.04094229770208442
-0.17885753825167755
-0.2937020006182824
-0.3473642756926131
-0.23974722362194267
-0.07704685249348381
0.0538786709432772
0.07178712096005241
0.05136261314193798
-0.02694472541417189
-0.14821974768422094
-0.24103982910035426
-0.3501186906448672
-0.38879541108421856
-0.24052344721271127
-0.029855037972050337
0.029808850285327742
-0.007454690475501375
0.006786079698230943
0.015042511119876414
-0.0022536315507949013
-0.015239710297401194
0.0373230379019866
0.21003563994653293
0.39977372998102745
0.46010187806045943
0.3591898742118743
0.19868752475050588
0.07312539553598743
0.02192143411615976
0.03298393978174799
0.05521447343579459
0.06297300316137697
0.030830585635428707
-0.005573970943236606
-0.01856190769296131
0.002720778848043387
0.016883727110883272
-0.005882651561932233
-0.04021418381641219
-0.14316460753911012
-0.2967029986922309
-0.4439727945982178
-0.5702915530881457
-0.3913719431914121
-0.1226798052055229
0.06089171977053388
-0.005645370665548347
-0.006428350362021519
-0.002172182445038792
0.0016287942341090987
0.005059097055098645
-0.0047312363281277635
-0.003949393459079671
-0.015175408631909408
0.041120267947038616
0.20294924095384972
0.413955081837586
0.46372857821725944
0.3993147786452965
0.22852815365959225
0.15621666406046486
0.022414158290040873
0.022935870404540055
0.014056821552701288
0.049765298093649754
0.04637914044498133
0.043421285119947826
0.0002069482256179048
-0.07127540442782812
0.01800626268369872
0.049267935740913246
0.024479593043388707
-0.01430176782922097
0.0137716597135322
0.006665782007242954
-0.024860139804280677
-0.12572894177904814
-0.30477864114115444
-0.5500072761010922
-0.6488076829425792
-0.40734477413679504
-0.07570012678454935
0.04707297537435722
-0.02097145069185622
-0.019941209847469114
-0.0008885108372192251
0.014087272210699255
0.009851461949246375
-0.0056389267281672945
0.017649699470711513
0.10470122300600992
0.25476645768147027
0.42427999026622804
0.459425034895768
0.35284733946791885
0.2044368738977838
0.11118505682917011
0.044767171339970005
0.002684297577321355
0.026611638242706816
0.011366744670142417
0.02345986996433501
-0.05928320027673777
-0.06723090431858732
-0.056571832791631554
0.0799456809082897
-0.13468490092979526
-0.0921448597971712
-0.05257800729902792
0.1678339269395057
0.05832296606181963
0.11678977183833181
0.027192779048615195
-0.038103380403889504
-0.21954367372841874
-0.4235726728488056
-0.7037986988447006
-0.5355882081744242
-0.20269926369256785
0.07709778214899438
0.009878723489022807
-0.00763501622656531
-0.010222936545974278
0.010500740951525828
0.014624729834157192
-0.009462494852523639
-0.016357525411283755
0.032185968528892266
0.1667089184454006
0.33972226512580195
0.4804874417828098
0.436283462433152
0.25733823274428475
0.05464820586195906
0.050430700623736585
0.08806419157860047
0.0938862735482427
0.04707499603443835
-0.020503386969736397
-0.062160019606119395
-0.0518405423942538
-0.013607964747239538
-0.003958570815573225
-0.096904985479589
-0.07183823693433389
-0.030452272341742644
-0.07123611656576878
-0.04700318736158778
0.13006802877731866
0.24293964979318183
0.11363968015706559
0.060061367212395
0.045761023691994585
0.0709733048432901
0.05206266241429772
-0.01562740889834572
-0.0912199416289574
-0.15771891813748865
-0.22060089822812598
-0.26157870786912707
-0.28549713023612955
-0.2818498961566548
-0.22266777414949976
-0.10008104581420756
-0.010105567140283076
0.005558676622711087
-0.07515868490899755
-0.1785319821478845
-0.22246578795032831
-0.14413965104900842
-0.03640581674829798
0.006864171079771684
-0.012342250826318533
-0.001984320134899234
0.0005279686762331476
0.0024419249199252027
-0.0019932909883303364
0.039133824389960575
0.14855709987305396
0.3016141673355195
0.4369821919185241
0.4162867517355518
0.2811792117630195
0.1355820457521169
0.09231301973083172
0.09023087662124256
0.05425603116636397
0.07329500993632584
0.0233877086766537
-0.04980908280097837
-0.02317011921519734
-0.6049291245522117
-0.8738767953881591
-0.6166164615247007
0.07384773920350242
-0.13890231497566405
0.6551594817182465
1.0
0.7547381507378601
-0.14684656943042593
-0.11016652386474315
-0.21596280612220886
-0.32092464809727916
-0.4427336910983749
-0.5237539426754633
-0.37574761996898787
-0.12379457039922503
0.024689399750537397
0.009004584846125346
-0.00836459747309143
-0.00699154184933899
0.00250716625248584
-0.0026552067856491254
-0.005843052407318146
0.003549525212478765
0.009558821394810076
0.09405145581224175
0.27052011386217517
0.459300987410899
0.4408853718379829
0.34358640951554903
0.18679006670398457
0.07951198467439059
-0.0038562371118657473
0.016726412231448298
0.039585360031353066
0.05577141816391499
0.01251778291230315
-0.01065629154109615
-0.014506758670934617
-0.05195127766694236
-0.04879350723605276
0.03244856290841354
0.11623558468511323
0.07384458377678083
0.043806182003267455
0.010056847131335617
-0.026592314549493706
-0.06459013981214866
-0.07617129757890971
-0.13853886338959634
-0.2973030266565452
-0.5782373528397221
-0.6179303556380905
-0.3493806094695215
-0.03241311849163881
0.02594915494790028
0.0003359816068811769
0.005641896041811704
-0.0033948092947049123
3.336118964488057e-05
0.026785613375557606
0.10405703424086793
0.2272087663719182
0.3582117285801319
0.42434119703224427
0.3702347028492488
0.24750402471410182
0.11354275064232276
0.03877063342849735
0.036378100749245454
0.05040337435373249
0.013625171493236584
-0.015272181361145696
-0.047096927847530376
-0.0003600325882649881
0.015593120381306565
0.0697557514150463
-0.02031817368953249
0.03344621717207772
-0.029867125624053633
-0.012037989465049574
-0.05640391691319038
-0.01460601299459268
-0.06287154814511298
-0.11567079576241517
-0.40128952010534485
-0.0606447654942881
0.3424594113343636
0.45874512818504154
-0.06926121842393729
-0.2086287265477541
-0.2677740350088601
-0.2732204472698567
-0.2609742692069126
-0.3217078687109362
-0.3907992592872444
-0.27401725694488555
-0.06173811324266025
0.02876168473275069
-0.024783070471896658
-0.0007142149277762471
0.015201873123034289
0.006518108492600005
0.014867903368856253
0.12930435567662454
0.29998909498956433
0.39456030859785696
0.35692793692164837
0.2739058425756891
0.18242567293688594
0.10822319681229689
0.05895234964303189
0.05375482780260426
0.040343802642612926
0.02764838259917666
