-0.04258874029547289
0.009262371740873035
0.014891209777468875
-0.0012730456123568672
-0.005537344759246533
-0.0026319653858788102
-0.0018886479553318685
-0.0008462671004778349
0.0011937494869110805
0.0014084047532730783
0.005386798949815065
0.0011229438778945526
0.014148624563324975
7.815863992632953e-05
-0.0021979697341736257
-0.009440705210749852
0.01285020961990416
-0.0024277060539446174
0.0006288237631571329
0.0008763367182858175
0.00029888276691583275
-0.003948017757014715
0.007927530979540236
-0.0018383763661374963
-0.004443792431903798
-0.0053566450314896
0.004943066991282217
-0.00646272041130487
0.0030316368260308547
-0.0024794049879399488
0.004060085603420834
0.00019623514019724697
-0.0014930152867342116
-0.005098649482010746
0.0041384015100785826
0.004359901693702567
-0.000982858886110419
-0.0041702973007437015
-0.0019496712081910309
-0.009629279515338672
-0.008695181044092224
0.0010886973049489277
0.007910632826414105
0.0008121795796618197
-0.005504142307007382
0.030660812666969763
0.262945292832386
0.49225240296985723
0.5989258052475783
0.46085857837637834
0.37256642328804335
0.2569467289103099
0.15291950513525981
0.04149366684413992
0.03012345983939339
0.042207156962537434
0.03108706018115343
0.02254655476905729
0.01720715781025272
0.005387741527152484
0.0013906651639279653
0.0072657860630897875
0.010458418159082843
0.012345134650759886
0.018289544771302818
0.011409393591249616
0.004537885214888109
-0.006824449439789754
-0.0007459168489960894
0.00555707030025887
0.002289367641551187
-0.010006884238248295
-0.003100340914455588
0.0072495284918866814
-0.0036743016039251183
-0.020497125224956895
-0.012447486107003447
0.006387123469809676
0.010383766493062652
-0.010012971048134058
-0.011964988574023125
-0.026658708558872053
-0.01045672577747962
-0.021179282556859018
-0.019946956359550804
-0.022267402191140057
-0.0012050067125402959
-0.00013388027950397973
-0.013867290384817111
-0.011070495700923279
-0.014283421076860724
0.008493175959236496
0.004786376337207248
-0.043379061565209626
-0.08359478119422464
-0.06779087570363121
-0.007361883214628678
0.02761309640044252
0.037996502160680345
0.014237536951307776
0.010345275619297222
0.011881494004288898
-0.043518338536879926
-0.11809037260881974
-0.17017750303683227
-0.17946412386953148
-0.23530169086073519
-0.27494260467844606
-0.1974305430672655
0.012165722686586168
0.10312902391206098
0.05046456324839532
-0.015436354444453048
-0.027584213097863665
-0.014457090302231758
-0.03356511265237714
-0.051458596698693876
-0.17994460480647967
-0.20063003920015218
-0.22942122624011524
-0.17200197606266396
-0.17698600379417842
-0.09930542376054023
-0.1064883190758237
-0.057354000329476136
-0.05150745986843187
0.0013966053454297592
-0.0046106634483537795
0.019744924020462316
-0.018783621997744276
-0.00922562637581197
-0.020345327551980458
0.0020559145159572655
-0.007790617631657688
0.006557407718346858
-0.0026003681253746725
0.0029573238806216147
0.011491392726377343
-0.0014036536645666941
0.006225747275651273
-0.019220416160766873
-0.004534987036454726
-0.021624947379864604
0.0014919938543879235
-0.004448042011685281
-0.001981849534659035
-0.02663774019392247
0.04640045726163674
0.29239155475878853
0.5194417897928394
0.5452015213233905
0.3885866559710276
0.24933363993763233
0.17733862957739766
0.14076480750658368
0.1289328017557538
0.08452747511044996
0.06881673958431628
0.0636479604385518
0.07541569979051967
0.03672178594590303
0.04152464790674277
0.03873118741967617
0.045591025137426786
0.030274426755952186
0.03764573401614474
0.029336858957880314
0.0447092820712407
0.03374892923718014
0.007845386958075594
-0.004786540459922658
-0.018355330294954078
-0.061240249449075294
-0.13537546306285927
-0.2142490838960492
-0.30786129135511103
-0.3667058786907384
-0.42750833933090565
-0.4729326893939276
-0.4859961731155792
-0.3371929442192752
-0.1313382595511906
-0.006170555298683533
-0.0059051408307210645
-0.0048558199273381845
-0.0022967665242599874
-0.002953332350653163
0.0033272550954044347
0.0027987592336953825
-0.0006098758650665984
0.003327415151013875
-0.0015466599086687049
-0.01266896806391462
-0.010681927981511135
0.005847248003385751
4.358817783458363e-05
-0.004509719922980366
-0.03454671552701309
0.2289995956549043
0.5698627700649602
0.7599060916764293
0.5617611773727884
0.34314671647134737
0.18873213573675873
0.14792514992430983
0.09973163352258
0.0696554880586322
0.05280812277481838
0.09377237688761408
0.0745337166613617
0.08901806376339516
0.03783336157609005
0.04600960127593259
0.03516053651489543
0.03133257743615648
0.012178049064504736
0.019345843629841666
0.027213286309666015
0.018756128061594664
0.007318881205188077
-0.015940814818441774
-0.008805341288509795
0.010259627693017923
-0.0036550187516206536
-0.019961122573492963
-0.00033466575853177623
-0.005455630378928699
-0.03852903267306555
-0.07972950435924517
-0.1116822828211861
-0.1576158166971322
-0.2206816404900451
-0.28897853031122206
-0.33675836598470427
-0.392311197063314
-0.5029924617557084
-0.5501387296111627
-0.4678367310398172
-0.22522415968257176
-0.060098468761547785
0.0002613790054645264
-0.012374703407927547
0.004410635166540504
0.0014446634598202482
-0.00736604071805675
-0.013528723158923625
-0.0032544677735428062
-0.012480788273369434
-0.030804370061201788
0.14501419625548578
0.5512169495894684
0.8559723267686166
0.7854613311805033
0.48636315648930295
0.21476538469709558
0.10574284437699862
0.07411004604433617
0.035416674147923745
-0.0005076281857257693
0.06280446679217531
0.06225060549644648
0.06205946408566863
0.02360530627815233
0.0321266002014051
0.016688829899369952
0.04926785033645034
0.028897962761935497
0.019855434865700794
0.02380877403160291
0.020534594885930027
0.008518136926767846
-0.0023764965578326564
0.008908496229251541
-0.00913635777891604
0.017278276825490525
0.002568758952944602
0.0008474884913911449
-0.003891236725320641
0.013166917912047625
0.004348990125016636
-0.0019663763509852467
-0.011892930957420363
-0.018033850005752316
-0.03374569495115145
-0.04823870666219386
-0.08904551260244992
-0.14745109647786797
-0.21221224371606226
-0.27025565256701156
-0.32624567293643214
-0.3706851771460037
-0.46692494934966333
-0.532704816505142
-0.5588220411344696
-0.3579486424425214
-0.14543233304780032
-0.002453421369043311
-0.010300889296964487
-0.010122030126374538
-0.0034717936213332803
0.00509591006874418
0.004467146813626229
-0.005649220829643082
-0.018728626642451326
-0.025656392540717568
-0.04491645202635197
0.2086942813281998
0.7157079162297313
1.0
0.7580675924603094
0.3487438233796094
0.12284606197447871
0.06630305352908743
0.0848467933798189
0.07992502923534922
0.06276280801125646
0.008763116780970802
0.02047103692973949
0.03368928452909186
0.03758099537630824
0.019834897475504702
0.040531402448856106
0.032881271047888135
-0.00711692117672843
0.009259197233188004
0.022094445261723047
0.014830204194331715
0.004954166459787762
-0.01899206736167251
0.003944346609610134
-0.02340575185859087
0.02750271022379535
-0.0008511773323767291
0.01490146752443214
-0.018182912113273247
-0.013076940428853639
-0.037413788683834784
-0.08439762762872276
-0.1648413248888904
-0.3114010982282069
-0.36910873302216235
-0.3756651727762464
-0.41838639118358406
-0.532540850186418
-0.5754631640702419
-0.4401276612018054
-0.2025219969504173
-0.02668969965633828
-0.000565193803093144
-0.00581414920349342
-0.010361333796325443
0.006574001772717222
-0.005533277703626232
-0.024935948703132635
-0.0018979737007552271
0.007049545211200218
0.013869172445975046
0.0025942187643393207
0.015792071015038718
-0.04847903446907744
0.15514480959075083
0.5300983447171427
0.8715453993644393
0.7737198196266677
0.5238339745618908
0.2573598546922107
0.15177389922218432
0.09464094317676397
0.0507595382916405
0.01905563551121978
0.018630879301468912
0.021887694893782988
0.026799798949017798
0.04635610381608102
0.019574322783652728
0.012295494203183254
0.014834745448593627
0.032736240625876434
0.001093221630790079
0.00724619339888997
0.013908100193770055
0.008662921729822555
0.013186743237835044
0.00714668212031725
0.003242580277371811
0.007194732866165317
-0.006326649353913813
-0.024812490727856844
-0.01311851294296804
0.013729498067572883
0.011324993318482426
-0.009573126306225489
-0.01214844150036022
-0.03028335373290792
-0.035481902000278856
-0.05389743528730968
-0.059635153215724164
-0.10917267735405334
-0.2504109392015227
-0.4484489710839733
-0.5390163418992263
-0.6077301302158556
-0.6150247758362344
-0.5222535851601738
-0.24176804340856337
-0.058101070963763955
0.01256747240221665
-0.016644620915960064
-0.024694977642387372
-0.011064014156446629
-0.0005710336098865234
0.0019144863212606248
-0.010613978440464324
0.0021416943943054927
-0.02405767890504706
-0.01422795400290696
-0.04003933421774272
0.06413493472840472
0.4184594113976967
0.8147840844667181
0.8440399479941463
0.5325225094030861
0.2539016508032126
0.08938193574923362
0.06380056351711966
0.043437987566889644
0.08641545231019862
0.10278038369810046
0.111711598620973
0.06087876478929271
0.015620026775630744
-0.008631112502027416
0.024002009901957954
0.01725208053455192
0.02732803068109026
-0.006341613733315354
0.047247498460055846
-0.004897058550670033
0.023554529210841006
0.006248615785525023
0.04373792023566095
0.009893713847862659
0.015845011440535677
0.017365464873192075
0.01379930771424059
-0.016438263732642438
-0.017124836992639985
0.013070728297285927
0.021885718788618374
0.005159312930208797
-0.0019109805431318959
-0.007173239862139857
-0.014404521079980557
-0.020715380178784614
-0.07299072318713029
-0.21849174033572466
-0.3345056393325479
-0.3507720609755433
-0.310277254719824
-0.30500432047227277
-0.2436828016980028
-0.24700960095778038
-0.2380821938474642
-0.2880574231548513
-0.22561108085885243
-0.20542215195692345
-0.2316660081877684
-0.20751404007150298
-0.08303233063787568
0.010838297850258744
0.027058577680903383
-0.0016320454796153968
0.001728499830590403
-0.016373865441156658
0.02451121754936418
-0.03430814302304374
-0.019536491646931223
0.03364527441971325
0.03387661587714823
-0.01267863324717048
-0.023266634484979412
-0.028490524219815374
-0.0597735438549485
0.0061317481057799016
0.2277677006926149
0.5285672350727861
0.6376596825586601
0.5273535672337032
0.35401845366072376
0.3038773539148036
0.1807291698703163
0.11591826816562283
0.05349921060202417
0.08810528455147387
0.06376876211790905
0.07406839766705398
0.04518559714080124
0.04287321929543356
0.030759875874395645
0.017611245602246466
0.015298765649729778
0.016729376554310445
0.050677630967398406
0.036273702289394825
0.019354010015541975
-0.011200550085062712
0.06468920209529909
0.06994006028834511
0.04430643691266856
-0.012063191697704598
-0.005008144769016061
0.016614396761411444
-0.012053856422574576
-0.02397274693953356
-0.025198395180242694
-0.0006693062650174075
-0.07027550163624806
-0.08769292798310592
-0.12674918423271728
-0.18261468656554825
-0.1964000769733455
-0.16268819835019188
-0.15614025001296636
-0.27787478636669116
-0.3341338575265308
-0.3368639195868664
-0.26738851421056437
-0.2523940712026575
-0.272849201036996
-0.2932510048787727
-0.20014576522699673
-0.07391756982168048
-0.003124676238322481
-0.034474487283406345
-0.02735228738694609
-0.025949351783907657
-0.03934315165437384
-0.04450508338386571
0.0030692723864672537
0.028545672494725068
0.02287764887375238
-0.004958681027796999
-0.03674428933604828
-0.04533231506043906
0.10415362349059189
0.3516805300791361
0.5829007453094094
0.63135671967711
0.5158294542435053
0.3677922468917684
0.24195256603178997
0.1344578735294766
0.038528756558357684
0.06710888166177562
0.07214720673669174
0.07355416033644531
0.033996667199380146
0.04212445103698827
0.036156328976057805
0.02669018948340377
0.024685226289638675
0.040241412323600775
0.030868211413903907
-0.012054079723491616
-0.018422912500133254
0.0262999113742914
0.01915415928395612
0.005109685365223238
0.009906583147875484
0.0306366933049254
0.011480327234728046
-0.0006529275851091744
0.007916448631246556
-0.008625390828949298
0.01603215291438205
-0.02204267682753213
-0.03813104124724666
-0.07008182888324653
-0.006130165568931779
-0.014521742823395942
0.0011761511702360677
-0.020051343550020778
-0.018573523704189392
-0.03734362783207478
-0.07174019060309375
-0.20180502952213758
-0.37488262936772515
-0.4620360629389789
-0.4192281215193076
-0.3595278976952994
-0.38795361607960444
-0.3416080364311966
-0.270707524964782
-0.179592289429965
-0.12859822992560022
-0.021669400025281848
-0.011266919243733095
-0.01359919533915972
-0.019752071974546953
0.004976762475925289
-0.0034002060073309096
0.005541146598652813
-0.0031047237731636154
-0.026892907408198292
-0.004351145751718159
0.00041777834554019265
-0.012323175897973888
-0.06325092446606133
0.26535443464234143
0.7280733481361548
0.9472222953252493
0.6986058910277727
0.373705825643716
0.21078916742626377
0.10423042180192696
0.0572153018609408
-0.001130684701716962
0.021187064596036746
0.026752518927668653
-0.004196439543617425
0.017342998489531063
0.026917662956851787
0.03705484927593235
-0.019788120792065808
-0.030906634208431833
-0.025734597114308894
0.01721953900943091
0.020282805892636955
0.01738800553817501
0.0229337158507536
-0.002592073413309372
-0.021145608029701127
0.03437487858384809
0.027506181380527392
-0.04296184288949125
0.011006338244888808
-0.0010753044649749832
-0.003941830396099887
-0.016704470280399408
0.010143817868994267
-0.040221067961114805
-0.030224374821487265
0.035582588080307564
-0.04401625956973294
-0.053644213450640646
-0.17113235209868605
-0.2850301417678575
-0.5103345459719534
-0.6257441999396537
-0.6570683201196609
-0.5546884632128611
-0.32560597994276297
-0.1249447023657748
-0.006558398343671395
0.002310793224973088
0.00886923506070107
-0.015222443498044061
-0.0053945879635902754
0.004946956472307731
0.0016614148126135634
-0.014547306080944135
-0.0021693932384653277
0.002247098346010968
-0.001824440190026098
0.0027627774280729496
-0.0106693879449258
-0.00903453408848211
-0.05459617478262754
0.06040291440061876
0.373125041261149
0.723358226478625
0.7617011756642917
0.5326785541381853
0.2820370231258009
0.1622395655384595
0.10096199173484786
0.07486956254970857
0.04602053324517165
0.06614357507953672
0.05741077791405709
0.05982962853997102
0.0331949889768462
0.029776341699373796
0.02357706354122024
-0.01022154857773124
-0.020678088694160688
0.04339021125082731
0.026347103399969474
0.0325591106179909
0.016539479862622698
0.026622440237226274
-0.031829482722068606
0.006380266898534663
0.020485488008364673
0.021097525913169133
-0.025832479900805054
-0.017370637301822794
-0.025319265663280438
0.008952855790055957
-0.017515121343376964
-0.007436703089944787
-0.02161413339620163
-0.04581655789383687
-0.11060870174902562
-0.21233588192039762
-0.33950207853044806
-0.43702029888473826
-0.4887321479551597
-0.5133815862147423
-0.500279325178177
-0.39419329791906393
-0.22310837310849668
-0.07804914472348883
0.017291127102546707
0.01113084341077338
-0.004579289200573394
-0.013188833181906664
-0.004536225365421211
0.00043049012591305343
-0.010161086307023929
-0.011424501678533054
-0.008521560794282332
-0.012930264590204072
-0.0032032435753497957
-0.04554720795418906
0.14908550935570508
0.5740832509029362
0.8734348380798836
0.7512995975860921
0.3915059603250658
0.23496380986811252
0.11309889789993281
0.06155443961918656
0.007982814254292583
0.0535229184034742
0.04493675194662538
0.03792017679978787
0.05081133977951619
0.05402551585221409
0.009734174822870695
0.0345448757287952
-0.003581613254216684
-0.00944525503868567
-0.023717455124165454
0.07020779289569605
0.029947902089314003
0.012048915408753033
-0.03313845661591703
0.01612748758224015
-0.009688385046006774
0.003065871890064615
-0.02268299307164232
-0.00614713073789709
-0.005046364860469505
0.00932067181590837
0.013689819025235394
-0.007228342133631947
-0.02189680043639835
-0.0046136508158167635
0.013971823694618116
0.013602428815925823
-0.0679937591183559
-0.08482710869447053
-0.15778765666955716
-0.19731274494333528
-0.2643781663376658
-0.2533011674796071
-0.3861884220286073
-0.49983552121490493
-0.5335623765836649
-0.4737512054697297
-0.331606219536795
-0.14559027132806246
0.0019457495933253108
-0.0029369595036733962
-0.0027776927970080125
-0.012111033219329147
0.0037215566521682413
0.008430178956897549
0.004224417289097002
0.012717700478080539
-0.00399268871898096
-0.007080572741163788
-0.0066051331908001405
0.0028604956688598505
-0.0009010624195570807
-0.06460178635638256
0.11365214549327911
0.5780521678399767
0.9305156305357754
0.7907518668325394
0.46378826968328757
0.2466629568095048
0.12664662194005316
0.053422532280107723
0.008757716142324902
0.009711178866753007
0.0012322037692977135
-0.004605163081491813
-0.01315437798383824
0.028924553850819316
0.029557228353188417
0.012835839043097194
0.027019117898060878
0.024824868906146918
0.031562175319126994
0.01565084731081889
0.012610588214552484
-0.00729732048539046
0.011014282870986344
0.009932589682232582
-0.011427635814864901
-0.036814247051120644
0.010389356813400094
0.013171558357586492
-0.01874409227946486
-0.045607566688038295
-0.0007023715629381622
0.01292209641300103
-0.032283043573368086
0.002794161424276714
-0.009021683363144135
-0.030255076473817498
-0.1443828847077887
-0.20367370741729546
-0.29444043203081016
-0.3360108641493406
-0.3408856547033022
-0.40001482821878925
-0.47215576852651525
-0.3070227452894677
-0.13941795529073636
-0.2125808536379185
-0.3026366620876472
-0.13103414202967403
0.01654757779938704
-0.02110742393910396
-0.018097876582441656
-0.001486567352721418
0.002322385882744984
-0.014770542839628828
-0.007495079967963674
-0.0016128431264622858
-0.007593216222602852
-0.014884232730122675
-0.021896375402969244
-0.009374879530349465
-0.025133742426076532
-0.009264153579447335
0.28872207071758943
0.6860828595408496
0.8833052552430417
0.7051077383865254
0.47344828865709804
0.22366184829579316
0.10684574897285874
0.05442162536481265
0.06177535836165343
0.005906896417680445
-0.03441538752825703
-0.034973554342710815
0.008824038322037507
0.052778138571768475
0.05083565218889984
0.034952425247605876
0.010891866725943526
-0.003026688154438973
-0.022160551606389654
0.010764653712193274
0.03758849006980946
0.027632158463630065
-0.027573249201337094
-0.025624065440833853
0.001924513567300492
0.018865526111842855
0.011467237541801449
-0.02799258249111499
-0.0018056736078323075
-0.003906540019337881
0.009832837259517151
-0.06024459319879448
-0.021285568191907876
0.0009322597753957426
0.030298419727673928
-0.013581126706209045
-0.03498264800136795
-0.03911113379205709
-0.049353516843513745
-0.08365248335004284
-0.13694516052076117
-0.1700879822629932
-0.24958915799716136
-0.3384183482329801
-0.45265311248081225
-0.5551625039794347
-0.5262088298910154
-0.4139824186392526
-0.1923021656179947
-0.08967503095632756
0.008142651139459786
-0.015009810563116857
0.009140981101248277
-0.003688147526492547
-0.007518412476103242
-0.018500334263586545
-0.01774976155733596
-0.0028873831391261246
-0.0011075346485188158
-0.010024210870261643
-0.0129368017641477
-0.013996505210328605
-0.04276950500190255
0.05501181964813173
0.4379219635527079
0.859136565025351
0.8725286200174818
0.5892829376077947
0.31720610108492986
0.17111832112527292
0.06477864303309293
0.038272325596494745
0.02355835900147227
0.032239666571435815
-0.012582152814931049
-0.007731254801214892
0.007999287829280994
0.039402622328613475
0.016678909425763486
0.0021478343173912417
0.009100879747383269
-0.01195451402118636
-0.017865261223312143
0.010754534868562824
0.018330751813045738
0.013716369436745084
-0.022428263782500797
0.023992018957278427
0.002489246795649511
0.02552566886228747
-0.005467614981231516
0.005008739578514384
-0.011181668392480198
-0.016784779144656918
-0.020819814773082135
0.0030780985751324
0.050559356918563676
0.0396456553499696
0.006336852897945779
-0.047345656582088426
-0.06215686999398872
-0.11789199401242094
-0.18804058544657387
-0.2877335033607651
-0.3477185828515728
-0.4031398438249252
-0.4660865864450487
-0.45570717056392845
-0.40071900657685816
-0.3194746948988205
-0.2839730854206636
-0.16615042152611956
-0.04038865960433481
0.01976179247057386
-0.0016472749489170198
-0.01719412002266135
-0.008054585641720109
0.00343108231222137
0.010512467231888818
0.00033567248367809694
-0.03157643428653623
-0.027144936981529647
-0.011469366371361681
0.0070502775335117744
-0.006926009619611247
-0.013388105039587008
-0.04922170348646892
0.060084210936738686
0.4133057550106899
0.7681021268061679
0.8168016120342791
0.5553590670714793
0.3035439709328002
0.1842117980395542
0.13657722355497262
0.08338449444914803
-0.0021317690965655615
0.00983146191732596
0.024871853125024376
0.03957732559538593
0.017510717791245446
0.007498705713995772
0.0369828319755771
0.025484968539759838
0.06310359856280542
0.005157367745773583
0.014128436534509688
-0.03143907630694843
0.011394026484208307
0.0018283270649128056
0.018429845360863003
-0.0020387582536395394
-0.009644026836857528
-0.0227137069925776
-0.0009313483748896143
0.012501528257551357
-0.012211666213670638
-0.028710166580995514
-0.008894847555399875
0.00045748915702462263
0.014893426231766566
0.031970915939200525
0.008732879265632397
-0.0042471147260041186
-0.037938918853654295
-0.006794763320569903
-0.0027366841151786037
-0.02644314524011673
-0.07932268957883845
-0.07871745726388557
-0.04255513140314044
-0.04729488652016065
-0.07029148258517398
-0.16106162758115347
-0.2275547234492916
-0.2730829546862023
-0.2589866706507578
-0.3062713172390466
-0.38655675432292236
-0.4355343426656199
-0.41832181506055016
-0.3379442695660562
-0.20865112164927468
-0.02921430689544049
0.011575682085715522
0.008495054822481805
-0.025134333276419632
-0.010133144004050723
-0.011071096732165544
0.012817998456177818
-0.00034322774572138496
-0.011720219750657533
-0.009506265515813047
-0.0077096341245764
-0.013774299542551941
-0.03741096842669012
-0.005255612765644158
0.25448645993114166
0.6127755452164517
0.7934394441703236
0.6357329386475548
0.41354705016220694
0.22018492143544338
0.11939231597752473
0.08149704828756733
0.05912978484015594
0.044830784277251824
0.044512916824160205
0.05234139886368628
0.042392843785966375
0.03955106325701623
0.030983309813135754
0.04455632876514238
0.028196642251852665
0.02116068504792182
-0.02396721303677282
0.005522172035686869
0.015236735363978609
0.011344782999755616
-0.011990228575614529
-0.021529119619473944
0.009461161177098705
-0.005158262064490242
-0.017969260813968706
-0.010043400491422138
0.020109560334328667
0.014686263126125452
-0.03557589079932377
-0.002922313018657882
-0.0024552269299864277
-0.00767520101939859
-0.02968030554325912
-0.03374227862045993
-0.005739440172753454
-0.024606309987414445
-0.09706858840455948
-0.2522212734684947
-0.365710996756289
-0.3385319033375747
-0.29207948535578604
-0.2733967360814423
-0.33705338753802594
-0.37465562069282277
-0.36484635494520695
-0.33636072702018827
-0.20347122299941958
-0.06767487049420236
0.03671309388696874
0.011957151517337202
-0.014357727641419574
-0.009858972086838816
-0.015141059081480758
-0.0074355609689845704
-0.006516998763304573
0.016567736555669087
0.003341916634080322
0.01247181110882213
-0.017711397222926712
-0.07232097728903371
0.09350603490235061
0.4959210251056698
0.8660180798986162
0.8157917590272316
0.5652794571560379
0.3094271523330675
0.17608441083046378
0.08379404584094371
0.006805268980393097
-0.01378686012567623
0.0070161180010449515
0.03291181733564518
0.05021528638297689
0.011372870539356225
0.004371326927762881
-0.0037224310858310194
0.02960317330650243
0.01723844818453676
0.019133933915705163
0.02468033500123924
0.03244736357833782
0.0035514313900584524
-0.023682113588284266
-0.008759842396410316
-0.024806262426553184
0.02075043044289611
0.01900827260960064
-0.029052859584278338
-0.07790457641665711
-0.012411969672046382
0.034730226269982685
0.021275576604204864
-0.0017393224530916406
-0.014111935776918771
-0.01886642048191058
-0.003381585466393952
0.00803162551656832
0.030131472956919272
-0.029752410751595727
-0.06470709513569943
-0.0646001598480965
-0.030275307530050574
-0.041200563557032874
-0.08290672990830202
-0.21621719906459855
-0.3316077495225949
-0.3698100687952477
-0.3454997525807765
-0.4041493748686027
-0.4247988868971871
-0.4229272679968827
-0.298856999726242
-0.16620254043480567
-0.021875251817091913
-0.0043457437068889875
-0.001047169656826484
-0.0101088448417929
-0.01704451179972819
-0.02198133771449981
-0.001795374633973854
-0.005682357146738655
-0.0018215170196627642
-0.004604413559150892
0.0003265569128613271
-0.0074945584443328935
-0.026470811036920214
0.15365020076983552
0.4912992316074854
0.6848741940848436
0.5513810439260866
0.38387979666261673
0.2655095406082491
0.18935428366940907
0.14310307505959471
0.11843639796997812
0.0829276975142974
0.04844224489941989
0.046353597542037286
0.016823905947126367
0.056611602876390124
0.03664993058949053
0.04682539129640658
0.0003816205340904386
0.037619657634606674
0.010213804552057953
0.030408994482395875
0.011122294232808834
0.024937259618265387
-0.024854321698671272
0.004698101428360691
-0.008904863814875616
0.03290966224815277
-0.020592647072055135
-0.02219698765783875
-0.022744806402434946
0.04163577006564932
0.004171090691738774
-0.014216937622458218
-0.022819985130286033
0.0226584073973605
0.008384430711488177
-0.007024109555241938
-0.032997286335745085
0.001524569516226049
-8.252752519665509e-05
-0.06314528665734845
-0.09919055492674271
-0.20548096473983063
-0.2916024981699351
-0.35487769840512834
-0.2743033148473316
-0.21533318000567572
-0.14989020400257888
-0.21371128609661058
-0.23288595902271186
-0.2416768345042759
-0.14089352005361006
-0.15811810752076358
-0.09349488773763832
-0.13901998927788184
-0.15010019826962379
-0.1664557674405713
-0.07621521536525926
-0.0346336000449203
-0.020584279055285967
-0.027033855135884046
-0.004674836499579023
0.004985677238430859
0.00859920730823428
-0.037771931357486015
-0.03776336632436206
-0.043279241205015404
0.21917089378076388
0.5215289495813354
0.6768890938392067
0.5090566526633995
0.41003123016523835
0.30052764293776374
0.20197370832150807
0.07234634483062825
0.08422050286309164
0.07938770032303342
0.07941569549775672
0.020591551800981517
0.04936617369194265
0.07317235834634964
0.04878440358979443
0.018319130382286115
0.004062231693436548
0.03216123538714536
0.00591675020038022
-0.006338077370637593
0.016393845368205956
0.012298661076360478
0.005027688423393309
-0.014597918266244118
0.012558613349346498
-0.01780933782038359
0.011022212157876127
0.029011524789716338
0.03933521415544228
0.00751540002406042
-0.02124370220404996
-0.008178530363208402
0.02292069228733349
0.02702085436613424
-0.009537740657781664
-0.012128607331467433
-0.006381471286762178
-0.008505891765182176
-0.027001777872521848
-0.0023356242991710626
-0.012514617364835867
-0.06117303631244698
-0.14009629324426368
-0.16484922678252534
-0.2447321795470069
-0.2907976819310918
-0.2840400841411611
-0.28903239243648304
-0.368851183723265
-0.4182540821054873
-0.3281845591167073
-0.22552666870486662
-0.19711979862200601
-0.20269619994509513
-0.11580127859242557
-0.024026743751344802
-0.010129189349440388
-0.013978514026926929
-0.019298705752458897
-0.02598016149141481
-0.01751089468621855
0.0008728751319615113
-0.002746404327485807
-0.023367131885783474
-0.011378395814463605
-0.027030253533476774
-0.04604389637261035
0.0502962117622039
0.42394711885561526
0.7181959314626093
0.7838231069751356
0.5691186600467131
0.3387216235063723
0.12019550665542113
0.08396690542056685
0.08642088614345354
0.07756821634718591
0.039432227286203506
0.034440025683776715
0.023790264190945362
0.015252398272339839
0.04840632881607306
0.03041593230165104
0.02857792287618173
-0.0024190357789407074
0.02388665478115776
-0.004039311733418275
0.015507109987300868
0.011377744357782877
0.008697175510231914
0.0002733446578834656
0.0258739041578953
0.022899796171839876
-0.008929036422048687
-0.011136029450971375
0.016381338311703835
0.020901211920593767
-0.005153772462079777
-0.019733032542991944
-0.008311509886631803
-0.01060675512187944
-0.02143481199572733
-0.005539792690052779
-0.018666796180504684
-0.06788863122349927
-0.1331230244023255
-0.1407960290750576
-0.2098310437805573
-0.1816027675929522
-0.11685357034558427
-0.06159292053949974
-0.1184017025185479
-0.1253259074863951
-0.11666908166990013
-0.1566952586678527
-0.19927124667910007
-0.22164294839755982
-0.2347891136002171
-0.2335946155627897
-0.23839262403119527
-0.3641377481098509
-0.3028412286712236
-0.13912654799083288
0.014914732581693001
-0.04394210210379972
-0.0029895499272497026
0.013284575335490075
0.013380996781583396
-0.016870205056244727
-0.011148577386456542
0.00817433844988941
-0.034088684878144905
-0.042463165511949036
-0.032122655917851434
0.04072821400140107
0.24588047393899137
0.5464464931841817
0.6612033549756847
0.5425479639072485
0.3808121924532318
0.2685175714308214
0.17810536411249916
0.10049532628629174
0.037627263656540594
0.040159000264200495
0.048941398931641775
0.06193793634963152
0.04584810138222878
0.040932117420138935
0.02965021851087479
0.04226764366865857
0.03749758194452813
0.025966357036485508
0.020570617027627604
0.016790398859958724
0.03241847127758219
0.02812192248164665
0.001319303931720373
-0.023837517331248614
0.020886232930761892
0.028812215913192826
0.005089505969597392
-0.022190055310293843
-0.0030575423925089428
0.0179624333814296
0.03028813355108534
0.008899418076282667
-0.015143829578258113
-0.027821024080733628
-0.008758019404531917
0.031723647532429185
0.017851106351234707
-0.026874815439028258
-0.034171595397123354
0.013477922773739052
-0.005996427721071086
-0.013122840785859565
-0.0033166576048700496
-0.08509475885735637
-0.19142701190568864
-0.2505255504983494
-0.252832584623052
-0.23228428024122952
-0.21057322907272508
-0.16788009728232686
-0.1919352456367221
-0.20269056770530927
-0.27707561923894014
-0.28374492911665455
-0.28453449167594413
-0.2604194561723058
-0.22960567458981238
-0.1278307290196187
-0.049794266615340685
-0.01847057155022396
-0.00280325435310636
0.00929181745929589
0.0029906086892374792
-0.016626238990393172
-0.023669629897346233
-0.02912768398283464
-0.010941531796703326
-0.03338780873748037
0.10766532422835061
0.44588219502972803
0.7372965966147805
0.7374135358332783
0.531152665864999
0.32129997565463275
0.1890359199640806
0.13254020685540113
0.10408082556680327
0.05197606181197
0.0483709675352949
0.017495331201872508
0.015950776007865413
0.00833945594982264
0.026368640450132253
0.04896260873916996
0.017120966777536408
-0.0073731643240983295
-0.01226237020039463
0.01814979425922212
0.013857382599335112
-0.0065075125606846385
-0.008861012135550541
-0.01766005925241926
-0.007855911632122391
0.001777075583936325
-0.012820697148971926
0.022023576400910017
0.0036650952504682114
0.01773372385777407
-0.02163199190890021
0.02374428303958974
-0.00486583916888862
-0.0015261753546098086
-0.027992634129907736
0.01782701906297747
0.006633567602796787
0.024663474665268893
-0.019450372122490178
-0.03631032234226243
-0.04773446195699394
-0.03917316168239906
-0.09360301286976917
-0.2094498007136945
-0.30738270464463296
-0.42021997349684237
-0.4419648893056783
-0.4461265687616907
-0.4685672613079989
-0.47153747855618805
-0.31471583679469467
-0.0939275183137245
0.00487950193666485
-0.008696479238850644
-0.032225543813019376
-0.0036038940336260536
-0.000566676709675428
-0.005421232786952775
0.0007933084356385217
0.0005466040370205001
-0.0067542661837634455
-0.0038259345664391014
-0.011136936759608626
-0.015827498625373453
-0.05302752650749905
0.037943043048268364
0.3860510563677678
0.7557743628401238
0.8297833515669792
0.6069771617787049
0.3271662527492695
0.16095792879701917
0.11530526656596238
0.09610261346019461
0.040511165226737894
0.027907793317488005
0.01955172350306942
0.011879308517022118
0.008182224363847454
0.0032081915547458617
0.007121225338028983
0.030431657583765984
0.02699681276946645
0.04564688765254143
0.03639549554676779
0.033370194880367986
-0.0070431299557768235
-0.00012947782734360342
-0.007217501923101801
-0.001610932336588571
0.0030748410656007085
0.004017455745757422
-0.005739291584265038
-0.020526764619020164
0.008475273893296942
0.00034708457608359993
-0.050004363925940494
-0.08139409449342565
-0.07828585132591304
-0.057007379972478
-0.07166022148403299
-0.05830618576568789
-0.05399146947771885
-0.05333021016268121
-0.08401416038622182
-0.12376596396611465
-0.2033785644928698
-0.30005436374749506
-0.3475277840399542
-0.42042237642301394
-0.5004747893387914
-0.5340556096691488
-0.32440658568556324
-0.0958284653664712
0.03269187419926364
-0.01671789320723101
-0.025330980469547005
-0.009823674493044013
0.0024545123843008436
0.002737211194239489
-0.013655534005444005
0.0013552237644685746
-0.015767379925856796
-0.03506106862344941
-0.07658108427662698
0.035337453073949296
0.3428613304337183
0.6514668801177678
0.7143748375126954
0.5356886137606477
0.33533231738620084
0.18239542096230268
0.08656320517755682
0.06180348446060366
0.07606854225801317
0.04860818349804616
0.04319655970396732
0.04843000789470031
0.0909877481963357
0.05311042260585445
0.04091401945693443
0.020193754920871165
0.04378670038036652
0.006376540075503637
-0.02412998661998812
0.010084423652809807
0.03616364980149844
0.02406390333251214
0.01798387801733158
0.013744418706413917
0.015153356435836499
0.0012898730479574132
0.0005763288382294053
-0.05021624028314133
-0.016318164761604467
0.0076182356111207895
0.04153122830113768
0.009701793552073543
0.023136198905571816
0.010473940663542411
0.037245624300510184
-0.002816849026339227
-0.01392051090057378
-0.040016970940527696
-0.1037859259454034
-0.18502763807119885
-0.1956543838656391
-0.17557297227102422
-0.22162507241772697
-0.2599635876020141
-0.2764206788226421
-0.37781138748021664
-0.45208140844977307
-0.5267842819374611
-0.40220347132323075
-0.18682935983098115
-0.0037467060265638425
0.006289376107487975
-0.01218510959172976
-0.008256503871159929
-0.013133199440000382
-0.003753220827559314
0.008418888598706696
-0.016263537031086517
-0.014126543654742064
0.002594363160590056
0.015625776428018007
0.0037895539702834835
0.002045611216289207
-0.02634940652639446
-0.052233786716548235
-0.06373485113298154
-0.004017008841532274
0.3364435191503364
0.6905484881944932
0.7811085403361968
0.5361296460780351
0.3536176155303243
0.20137465077658695
0.11448068087956802
0.03958123584625398
0.042850035214626776
0.03268047035676617
0.031852214014578446
0.013930052165563034
0.08491015066462795
0.08305959226256236
0.025540499539254174
0.0010761021567769805
0.047534965408904034
0.06582612395358418
0.028126322837256638
-0.00572394895478921
0.024255822242864093
0.017672840688430873
0.0037025614801445067
-0.018468100797437128
0.025875766502013467
0.017848487895045718
0.007101839970201832
-0.0009348320037887756
-0.02001592799061349
-0.00026222716143484604
-0.004621071769744305
-0.009657263291967288
-0.03275123759520922
-0.00738036843447019
-0.005620719460753402
-0.03090856408177528
-0.06415990236284709
-0.07164751409254963
-0.08193741518436878
-0.10493677397782454
-0.12030622159276148
-0.19956513840388537
-0.3050971323782695
-0.35800237150087794
-0.3898656198118633
-0.33831042538260836
-0.35649990954911187
-0.3332414117584827
-0.3608822475047113
-0.17519154533859282
-0.04882166389840639
0.03158075349013992
-0.020638863779338046
-0.03651210108824842
-0.036463865894084964
-0.004813995645243028
-0.015674238151940516
-0.003933850949642872
-3.0591441627142624e-05
0.00528132052513847
-0.008703130321173006
-0.006160433131329113
-0.005659168297278631
0.0017432794953260592
0.005810045707826367
0.0036048194276297996
-0.014577331450813094
0.00771499556471771
0.016906723047482038
0.0021969670455890245
-0.031158941748472117
0.06093594819281587
0.3577375978786825
0.6125074359720382
0.6800982645808245
0.5471687256178175
0.3681840213614836
0.23360961673977584
0.1782888283259714
0.15004585138343057
0.08946448790390228
0.07108686034689447
0.05273282190191713
0.04623978332926638
0.010435824610518228
0.0097728029499152
0.005360563854944501
0.044877585778891727
0.003254505746462126
0.040724375257385544
0.0014967407832265436
-0.0001723060736892238
-0.038736097292265084
0.028718709034056114
-0.000995119193301053
-0.03050635066299129
-0.02833600722873402
0.01688247979926574
0.002359451830190898
0.009789638944065903
0.01714863441642881
0.00638798552213848
0.00881272383631331
-0.034417326304362984
-0.0795860411536012
-0.2090172462345607
-0.2987437884702226
-0.35820275810837854
-0.40689445665012774
-0.41978798902596404
-0.4165838687270556
-0.3500146023376357
-0.28578366185161963
-0.23616731494783466
-0.20419282835816285
-0.12901247985997194
-0.008073918647484905
0.022577072335704777
-0.004734308896704418
-0.0058999045484429595
-0.011918549114275624
0.011198673798297188
0.015829730390107426
0.021099680819925082
0.004520970369341947
-0.00371208385194366
0.002066992043136419
-0.0035565031037581457
-0.0010225923709633398
0.0029745861095013273
-0.010606986031504536
-0.008043272875972887
-0.037469109910984136
-0.008960235015777241
0.24810075202045134
0.7371218642294883
0.8926521662077194
0.6623956752720853
0.3363725272964946
0.22876289859819393
0.13728794911361172
0.1061913085953569
0.07971538313468063
0.06708850992342831
0.061318517541887864
0.03983597962231744
0.0006237238590369729
-0.014470533765317317
0.01824541714521282
-0.026468482040740083
-0.02391222717322516
0.004499799426897968
0.04803091627408332
-0.015410612549050294
