0.07660303865861857
0.10393422685262178
0.039262394528543326
0.002057912423099159
0.021003809218814194
0.029571165374711186
0.013621511983076838
0.01586911922129709
0.007565331696724308
-0.023389137215019593
-0.030144155357253875
-0.02728625946937957
-0.015083158878127752
-0.016663497048401286
-0.024189881806763888
-0.019066024335753575
-0.004845212147612496
-0.010334273574984416
-0.027084974159911162
-0.024534329754571014
-0.02283217293782065
-0.02704186171189687
-0.0415520860361592
-0.04919440567144015
-0.07645361423200162
-0.08049348395258471
-0.12035829915296377
-0.21626272401501784
-0.2829492420494611
-0.2718679964871583
-0.2342197644597783
-0.2056566149304017
-0.18039777517176964
-0.22147327332231603
-0.4860863460001662
-0.5872031004689461
-0.48520008543108833
-0.17013392224404955
-0.040871289683330786
0.06541615214591644
0.06977762803080646
0.03756310616475162
-0.029967326140681084
0.005639204962314481
0.034630253799802085
0.013020490552431813
-0.028094924995338357
0.0110410660643921
0.01685124533086164
-0.014328335864427838
-0.041635134663869124
0.03625451948651642
0.336754647998339
0.6651251228312832
0.6763779711609402
0.5057847679334536
0.36525533143927014
0.31354070176505117
0.22015187195971941
0.20796010404285795
0.1867727494389992
0.12519436098603745
0.11360706524191864
0.14602458923592881
0.18496411948000008
0.17460361201981556
0.17188855285913335
0.22215706284747092
0.2851290569513288
0.27853389055103145
0.21337794263899518
0.16719279886674027
0.12222047498234814
0.07869974427450821
0.08964580590923575
0.12365557406526953
0.09667841068612139
0.09040226788894339
0.03800217586943125
0.006363927992750825
-0.0005949616872656062
0.051535502625412725
0.04278989414153664
0.062372454042553045
0.05243012073702504
0.02340306121234773
0.011641986226265081
0.031361130343392475
0.028684978601436602
0.020476265238933
-0.00841648893386182
-0.030514233928503554
-0.025986133575154932
0.0108871651223464
0.0032413412657152658
-0.04052704455173125
-0.020264751969531355
0.034291143151030413
0.04240660067265635
-0.030437587346426202
-0.060687047368943495
-0.03515034499379263
-0.04619723073473978
-0.047742921158651176
-0.031657224451676944
-0.03325183111632349
-0.11441021735932093
-0.22188364037974917
-0.19908787498210187
-0.16165436198247904
-0.1688994365960069
-0.23893127020551563
-0.45900844309630384
-0.6647106508419138
-0.7472840863783404
-0.5116311186102893
-0.5510639857542461
-0.6218661175663794
-0.7513378872114773
-0.5653485520585065
-0.32091795770334985
-0.05547496895009759
0.010322608586196979
-0.021235555420165003
0.009285166058394198
0.011490978490520104
0.020563310114224027
-0.0017636076609522174
-0.0379321867364663
-0.08385812425074048
0.17907592347703846
0.6292919060015425
1.0
0.9891073483958319
0.8216927612048598
0.6612555317960683
0.5895856574412106
0.4938708074242297
0.3733765298485169
0.22059194035870286
0.15365127373682474
0.06379398991604449
0.06779072916029788
0.03508370061231303
0.05864713919448784
0.060066551445494915
0.05052659032595691
0.03708577515089887
-0.013866914955796842
-0.02875383029336985
-0.09828569527343656
-0.08906582056767663
-0.06478913776433169
-0.04347123202292869
-0.08689525434564295
-0.11824479661135792
-0.14606592185537923
-0.14950780403006386
-0.1980410094742639
-0.27383366364889933
-0.43989220126178635
-0.6309760748738398
-0.7986237413778431
-0.8125809147027648
-0.6877840007307147
-0.6028439709563157
-0.46793345209618636
-0.3202403198227798
-0.13050339011891793
-0.09439155860606055
-0.04486768559091185
-0.003185762348504952
0.0552415535646136
0.04176407770004505
0.014321360881521479
0.016978412163875904
0.07888331936103447
0.1898579250069733
0.5147378504465363
0.8486972549953511
0.9395606422193677
0.620964070574212
0.42150955689183106
0.3538205203212729
0.41180637992002045
0.3515091821897408
0.2888382173595966
0.20158073638589152
0.1122594501188486
0.04359499588967336
0.008535751636331112
0.029656604826234115
-0.00892049699047299
-0.10450697483277195
-0.15304782377749135
-0.12863334710063926
-0.17205882642435397
-0.2939525058209268
-0.3062981834445087
-0.22426978838948355
-0.22772776086220323
-0.3155892810787817
-0.45434087775295695
-0.503386456328155
-0.4337574004930518
-0.3088767756396731
-0.34703221848018156
-0.5374499721943514
-0.5290957550714485
-0.29503124944093473
-0.02731393634751131
-0.014976226318062348
-0.033166903659691875
-0.0537645859415394
0.01196452456260299
0.022862530958569625
0.03593796467217091
0.034131586354702585
0.03538068027130659
-0.031776131263130176
-0.05416040520940283
0.06972387272393278
0.46071824046912807
0.7895596185622223
0.8236028414003913
0.6040631237495737
0.4762110517957577
0.4435988120497659
0.398780657642736
0.39065638416183207
0.3236310161404367
0.3060210678388788
0.18740669251096354
0.13919621402827684
0.10258871349593492
0.154004056677257
0.1193859950511565
0.08940163802005888
0.08182636684937547
0.07323126713350231
0.036602766679991336
0.014985858109934514
0.01322267511177399
0.02718487870984176
-0.017673553328461086
0.00599838169179195
-0.04249087460150837
-0.02562344020351617
-0.09055791175239739
-0.07238478968754526
-0.10246967171623732
-0.07553093814257292
-0.09344952193236418
-0.1273655018856115
-0.23189671184441135
-0.38511782705803854
-0.43810090887411746
-0.454849904639948
-0.6168215623072667
-0.8911009803627975
-0.9068019217167663
-0.731329416836514
-0.44243739422959055
-0.20564762203174658
-0.01276700444258631
-0.027122995654279704
-0.009347763532223287
0.0027847944706617645
0.02303045549738882
-0.00018698617911783551
-0.020538442868575688
-0.03719432948002621
0.15781115810964044
0.532488045969675
0.8336413211031873
0.8630583475737763
0.7039228370777649
0.4841743738523944
0.37960137155147433
0.3548971454411864
0.3395608531264388
0.3120739112868702
0.2787267063024249
0.22274294689275667
0.17814779655864138
0.12330033605172579
0.07889638160056793
0.029555236194573935
0.0549601811273278
0.016142628046995035
0.008812928463451539
0.0052700328370666695
0.023456138161338787
0.002706548373619777
-0.041676994937334254
-0.011852799050126738
-0.032979942615969045
-0.02007017679748938
-0.0566470326720893
-0.03163456930207302
-0.07463624209942898
-0.0539064724132474
-0.07933561250424676
-0.1011854911395665
-0.1601732082443904
-0.1306421169607985
-0.10442240074804994
-0.11578550155284446
-0.26093951071597243
-0.3857307728163012
-0.4642941106637675
-0.4434775240982218
-0.38532391145579353
-0.44410883500415765
-0.6437136410519069
-0.701909979464507
-0.4957566124956991
-0.33007775928396715
-0.20823695434883435
-0.10761596181208488
-0.021549327495454133
-0.027897696521525815
-0.004365901208426391
-0.0031949051257465205
-0.0006260698283476966
-0.03557881815919053
-0.015086432922590038
-0.015944318612524225
0.09587892064331295
0.3490810026878781
0.6946780336044388
0.7120419776574874
0.504577272632404
0.37252398554274296
0.38614923830594095
0.4038129506226919
0.3955466372591409
0.3563605786102058
0.27259094775339454
0.21464492327068707
0.16719643514125748
0.1442495473535339
0.09988601228184492
0.12908438519071705
0.09634491275938831
0.07865278175609061
0.011286769629042622
0.02838780515024762
0.019503825986447485
0.026968364880782355
-0.015803649402202725
-0.03231298803201936
-0.02727154763677958
-0.023671404994439166
-0.03011372565485666
-0.04293693441831816
-0.06929432662876413
-0.09903631355308277
-0.1327160848276617
-0.12008461647624998
-0.11700170436759054
-0.11369387262404475
-0.2215363800406143
-0.3521130589403819
-0.5262319424892159
-0.664331063303225
-0.8131753623378399
-0.8242807067158004
-0.7208675592093047
-0.41080741781115576
-0.16840642316140259
0.012115737511461017
0.014816552770382659
0.009325567485302383
-0.006333099807757361
0.013959388317840108
0.05202435193461268
0.004657741547994572
-0.042256953616032225
0.031526012727409986
0.41576536636527117
0.8269578915639606
0.9027268281233207
0.70657977805554
0.4961504754228402
0.4172210918299571
0.32142412377138024
0.2561504767979261
0.21729656797087205
0.19728108979534617
0.16434318161160943
0.14821310051485972
0.0933138793823883
0.0864093531787439
0.0446719334666118
0.04230530794452565
-0.00023685438178929605
0.00741401771170091
-0.00846199306913216
-3.388747020463444e-05
0.009229673478981045
0.0001585484990416271
-0.008123646179101494
-0.0029486295345140575
-0.018138228459077387
-0.0328995985049679
-0.04757294887855916
-0.05267740004381243
-0.056806241216408995
-0.06893700342137572
-0.0693341703125199
-0.06500323831821836
-0.09029124152423655
-0.24101703427345356
-0.4464285143649122
-0.5717481219675
-0.5834008858494084
-0.7853338743074704
-0.9459171150639374
-0.8263032402148203
-0.3661324427792596
-0.11453132312223661
0.005970498032080323
0.015425409127387716
0.030573812746240263
-0.021501887387183585
-0.032037229787511085
-0.013425272393222
-0.018206974734379686
0.040741699385102415
0.29295714603986894
0.7055457330613677
0.9256546240420033
0.8478433644753782
0.6223690944239443
0.38067708442408565
0.2942693455887081
0.25124682178601515
0.25796791514910833
0.19384734852687413
0.18811894628957848
0.17350024001187742
0.12275231159709118
0.11739329067825899
0.0756954520803768
0.08480316300238068
0.03384295534323768
0.03577052834190252
0.008988559644960698
0.012167919745434616
0.016942140221684828
-0.010842987043673877
-0.00962283688529645
-0.015156727907512237
0.0042780139149631215
-0.005918786682192534
-0.0042873061308771835
-0.03689826806561488
-0.020160172205452683
-0.0028382181834954814
-0.006143228584055947
-0.03523898737092118
-0.05428117594585934
-0.07121144282673303
-0.08477629514737377
-0.08805977747356536
-0.13903445746668805
-0.18872390820763832
-0.30353735405223586
-0.4303410116050027
-0.5325046172775051
-0.5280388985069291
-0.6147857867684561
-0.6219483399326248
-0.6484725096736595
-0.5970959937997257
-0.454777178844617
-0.16647494506071567
-0.0032885363165231617
-0.02289148714018044
-0.005865629073144067
-0.006021594306028654
0.027913902347178367
-0.0026131182642202995
-0.006058613336483522
0.06147273575535413
0.35470036294952645
0.7102533943993639
0.868031419635107
0.7473734948583611
0.591014179131562
0.461710393935377
0.3612457554152251
0.2088518656246511
0.20326078074548312
0.19328745285345075
0.19129609478887208
0.12334798089559897
0.1220917111377988
0.07545406333654318
0.0530942394066479
0.014098565527413776
0.024437887038690608
0.02092403185131487
0.018889494633891512
0.010746855112062158
0.006322311717943652
0.004797246256554201
-0.019746546807010067
-0.011305869719477305
-0.0027334441621460373
0.005728646821115381
-0.015346786370514136
-0.0344530703422422
-0.05572482775748776
-0.05468343918760319
-0.0719629816092573
-0.10883006447138682
-0.13033915145035435
-0.22942395019067338
-0.3392542047403214
-0.5280117445494272
-0.6334184407215182
-0.7989613737391803
-0.7784308006760541
-0.712023778356064
-0.514286967640762
-0.3135724186418576
-0.10841221493829357
-0.03345574342015401
0.00374893794714087
0.013876594264116983
0.04214965682765646
0.01923077970642787
0.01336668504371932
-0.010889046408411818
0.030802886273730196
0.21035850114597157
0.624865584105147
0.8798061059215903
0.8441877675092533
0.636262323678126
0.5245406866283019
0.38210878407972276
0.2905622504357909
0.2326748467424789
0.2063327278492685
0.21130936413721396
0.16686469780278668
0.11586879769098757
0.060147809638110006
0.05529648667173366
0.029005556915220134
0.03564847430555837
0.02025414618524033
0.01978085175390046
0.021646480192974903
0.0041103053386181585
-0.010333189944731551
0.001206468725620144
-0.012368282910101665
-0.032799581964028886
-0.043301367422034165
-0.03841066182679676
-0.04772280925381564
-0.04135449915938737
-0.06428078727293247
-0.08660651718759436
-0.12157911068044303
-0.26946776519355875
-0.40921171593096883
-0.4659314891855056
-0.386707525956591
-0.33865497710374554
-0.2500667092247246
-0.46465060415972265
-0.7415248530598266
-0.8074592730608499
-0.5682108775208171
-0.2830642606400766
-0.12546345940996786
0.005409641127725175
0.0009714318218238819
0.017941433606116632
-0.001299589771411165
0.0036724021201925534
0.010432379542175485
-0.04661072910406017
0.01220347818662093
0.24301351868964216
0.7390144212943153
0.9152947680632795
0.7945331210075495
0.569480460108684
0.5473745764738914
0.4327310429503756
0.2854746409117249
0.23621897042751946
0.2212481826136857
0.17065775775607983
0.12989392290251536
0.06089270340381444
0.02649002436447926
-0.013689978060547057
0.02699950751148477
0.010421784207308805
0.035542694641016545
0.021094729633357606
-0.0013544095124506448
-0.01986346820841194
-0.025841951283310384
-0.02636920857554909
-0.02725739890979121
-0.018119083952472158
-0.01695198344449156
-0.046347427300259286
-0.07867501510707135
-0.11823903398054289
-0.13136245325070595
-0.1885808729546575
-0.2430360230739402
-0.3028174807526224
-0.3304670514162044
-0.3389442298588001
-0.3857217818665928
-0.5624166951182884
-0.7818731763565203
-0.7247531913277453
-0.6250029600170051
-0.3654986360004741
-0.16833459690409516
0.015645760400876254
-0.02562741843880416
-0.0023190604457633593
0.0248218311066059
0.010191786138959163
0.021101221303111383
-0.0175858555906606
-0.010641891491834594
0.1891650369533945
0.5537851786122733
0.8121995080154504
0.8603895496989492
0.7524600245285235
0.5821142408329215
0.383658941077388
0.28772663832113565
0.21553681992263993
0.2046299236842443
0.1773962258045405
0.13076671313522162
0.07127348154168472
0.07062442771364519
0.06519252282658035
0.02041151035174534
-0.00098825128169769
-0.005595032133716472
-0.0020547550243241474
0.0001668829784478881
-0.016776828830113742
-0.034333548905640894
-0.041689863059359775
-0.01722274198885395
-0.02783111266474645
-0.01853063791541958
-0.04694840191766097
-0.08991928134613521
-0.14296904572307917
-0.1415403157664421
-0.10181976242705743
-0.10398067875070281
-0.19638924630885177
-0.24295489507296095
-0.27855846693405484
-0.3099519686997732
-0.38522994683774253
-0.3246688022024953
-0.19993558502171557
-0.2668085053531866
-0.5003253188157142
-0.6752331133706573
-0.6620400518280692
-0.3956479518964437
-0.136241539105517
0.027960553584171263
-0.04319696753304026
0.010449694172841136
0.003531566850106265
0.0002649414782694788
-0.012848208157217014
0.004303089473151165
0.00516057372329483
0.16844985720294975
0.5283681461770798
0.801060727072251
0.7388131323269702
0.5659513762061283
0.44785068066085487
0.4044323464342841
0.3765753440735381
0.3119460414675421
0.2671502887394359
0.2228009068699306
0.1982738837521124
0.1102907258919957
0.0679183168891208
0.05099438749527835
0.07140211444525345
0.03715043830979532
0.007605687840569248
-0.021186094109275435
-0.01146778290189882
-0.019549561764168638
-0.017385472376358044
-0.025170970027729493
-0.0037329183724052785
-0.005342815640524658
-0.013595362881887648
-0.058963943094057565
-0.0588066281440848
-0.08881642423683238
-0.10887477763896014
-0.113114414814807
-0.12565901617857098
-0.15450152430078704
-0.23148992914642688
-0.3126724690222225
-0.44433285816968054
-0.4365958876107045
-0.29047360733607547
-0.1795319069292599
-0.2283385754276022
-0.42047217044000235
-0.5911946235718707
-0.6910239661052973
-0.4616576083144139
-0.19211168475212437
-0.04126337097312309
-0.018067149686405787
0.005389404384282745
0.03299049955140134
-0.002411093180827982
0.021757191013233833
-0.019946741065768332
-0.01237796699949841
0.1925449903758507
0.5459969331627746
0.794762240197574
0.7928072279814311
0.6701583571591249
0.5382140682126358
0.4003106950000925
0.32033174878930704
0.22873513479185315
0.1783804885795885
0.15377621588284016
0.15336178455493285
0.12057547365810525
0.04903010277666035
0.028775347479612804
0.029093766621265983
0.04117667735676712
0.028721477904715458
0.020043461926496406
-0.004664736320138276
-0.030964694819830017
-0.025810091400442547
-0.008646458124995324
-0.0050838513786778654
-0.012143665793701436
-0.029536175240559754
-0.032395357030350645
-0.0385150692866066
-0.0499578604433433
-0.09651388272856341
-0.1526170100348506
-0.23957420284153427
-0.32928843614277065
-0.3528368091057439
-0.3014133472582531
-0.29643202596196083
-0.3226133330136103
-0.45399420851916156
-0.5495733355141806
-0.6355777997746703
-0.5692528137407873
-0.4444448894186704
-0.24263842437697494
-0.07671437960057416
0.009962923217862718
0.005070220648028409
0.009866572779709717
0.010952504122496463
0.013496481250560651
-0.030808198873363387
-0.0175574466049101
-0.0090354581122336
0.10220526888228884
0.2594834337363748
0.5134013289485087
0.6522141119905859
0.6786423303163447
0.5346461558045441
0.45964749845212466
0.3741111512632395
0.3452862254374464
0.2962532774895412
0.2741994128724067
0.18118769858987258
0.15235740748423252
0.15231889241561225
0.10548831045241763
0.046890860979460866
0.02350819213846317
0.04088269359872361
0.02703228457039815
0.04011285863577694
-0.004984661051787857
-0.004760051236256395
-0.006949799862572926
0.0026916137212103374
-0.02116052451696599
-0.026538236058985424
-0.059490267800164996
-0.10036748486401002
-0.11006472402289409
-0.1518655257971375
-0.17114639959966144
-0.19675450871546563
-0.20938046072652514
-0.27689348185474494
-0.330658919998856
-0.4059490907117371
-0.3942155376441903
-0.3553449825592302
-0.4264345217946369
-0.5220121058047986
-0.4753591551466934
-0.4428334252614706
-0.34514592871515376
-0.18028984184283184
-0.015701520771003664
0.0051827066663565746
0.021942577003775676
0.007883977367589933
-0.007889753860924711
-0.017060112100113607
0.006023216679197418
0.03476606651904481
0.23312382850060565
0.5660652782588834
0.7583401874239344
0.6708735129916795
0.4988762174402858
0.4424841365378249
0.37619715822422634
0.3220400701264608
0.28526695761172943
0.23267509070026984
0.16898281987602484
0.1209407407157473
0.10456686494774495
0.09652264323983849
0.08483449286706894
0.04704449220048128
0.016890045044253562
-0.005811483715423821
-0.011299750336528957
-0.023774238583327056
-0.022799482804534504
-0.015201340653065712
-0.014661939373420016
-0.008913181988121981
-0.029722494270361086
-0.040830264380050864
-0.04760664809027032
-0.04059733343666938
-0.09807922462380947
-0.13561231362067108
-0.24275683279023444
-0.28064951953458267
-0.25509370811054943
-0.12423990837853387
-0.11955765615194355
-0.19516911674957338
-0.31038485120553416
-0.4047154968968572
-0.5960639037796915
-0.5772767175692246
-0.4962282414143171
-0.3133970809736746
-0.19270371995436336
-0.132093672208527
-0.1647094846325617
-0.16898705957702914
-0.0206007648743086
-0.014692126328026491
0.004021945927049547
-0.008615736264231224
0.009124524486338525
0.019771830506271258
0.06647883459220849
0.24039097624232197
0.5211827618629962
0.7119593273932321
0.7285540112808973
0.5772693845865682
0.45216612826009284
0.3700900007599122
0.3301528457940278
0.26411797368243767
0.18508414432247405
0.16723023852608906
0.10284654930735083
0.11280314996171026
0.081001034150973
0.10256973016515769
0.05859376039564584
0.0634335266636138
0.01270455965199128
-0.0028565556227472064
-0.02524691744679204
-0.013696807493638967
-0.03190277644250416
-0.019741021793948883
-0.019922429065486556
-0.02213001745357684
-0.0678452813745949
-0.06355135816106208
-0.07569337450038266
-0.08496196063700995
-0.1041052515266105
-0.11039451944514644
-0.21222392812299834
-0.2651175029747508
-0.20221749198940758
-0.1159656450738503
-0.11716052922444554
-0.1795452109467537
-0.3012607850123202
-0.3318772786980373
-0.2185128476484744
-0.14648278588299501
-0.19791356330522122
-0.31024860069437044
-0.5631226162344465
-0.7295538131382497
-0.5049059365366239
-0.15008164682698774
0.023116244230160943
0.00026105182535958915
0.009350428224042515
-0.015977614159683733
0.008133303225007205
0.009699883477059594
0.02442587175266235
0.033336421386203914
0.03789904063503697
-0.04092763342974641
0.07687240284380709
0.4061682830777482
0.7327984316647943
0.7316525823331744
0.5407276498578654
0.4074200171244332
0.3664399836923135
0.35421844363271393
0.2978410414458489
0.23539225465088282
0.1461003586047852
0.11589857126709568
0.09400209017459563
0.07552550084774776
0.026168840874124504
0.052590753691750765
0.026488474492595466
0.0142868464680947
-0.0054106061103935165
-0.02130924801549103
-0.05156345891778667
-0.05701342858413788
-0.04111034387232175
-0.03582030311324571
-0.03467658966971337
-0.037379601017483506
-0.057558267219424364
-0.07479223259627282
-0.10106592885580468
-0.10076292311884949
-0.09574530174404898
-0.07254199118476752
-0.05717241796550298
-0.05598964260651648
-0.10284773419550619
-0.1841384708049511
-0.3026219963118086
-0.3805287648161405
-0.46212001054904506
-0.5065250100669144
-0.5059998196197932
-0.4742650890634349
-0.487701609554251
-0.308435158288552
-0.11390254390534475
0.02238195539041012
-0.016399071027419262
0.03262656394140244
-0.03008786875532956
0.019184163967214726
-0.0003694941158661266
-0.019805364890533098
0.003324943836139444
0.08218478671733874
0.29854834667752506
0.6052525098545641
0.8318813554376961
0.7354631352309214
0.5449937609055986
0.43876098548018355
0.3634608083354361
0.25975299993554657
0.14266257127481982
0.1185286122524805
0.1206957064395651
0.09722186751986302
0.08673600763253514
0.0694444045154641
0.016985382951589714
0.010424039410795548
0.0014227499344542525
-0.005074180830888875
-0.023190919072182042
-0.025354408571624274
-0.056700218995081125
-0.06031832185575505
-0.040626306221754095
-0.02244618040929285
-0.005535418427211452
-0.027583855501281
-0.07382363589963988
-0.12416000385177632
-0.1542473432830451
-0.1640998003655988
-0.17145426840923425
-0.20086029227085248
-0.2775087929053662
-0.3749363380670211
-0.3868274845181152
-0.4323748423842681
-0.4967255686726548
-0.5645028565088587
-0.592814260191554
-0.44677965245263035
-0.1876868535217756
0.004191455130435975
0.008514746081783577
0.00994320614940469
0.04912968531605305
0.04267800865587496
0.03657957602717912
0.004151353494625532
-0.0440084539087219
0.10543035797093975
0.42772921662016145
0.7335930770343397
0.7875972744814996
0.662746966808943
0.49919651623782135
0.33779590137092735
0.2980512226034536
0.22530119168086193
0.18429900296467389
0.12149190403312468
0.10377177617705294
0.07792533871440209
0.07807109883300417
0.05393133949411143
0.05488647520316094
0.020022645676138727
0.01992871738373695
-0.000347584357004945
0.021982301983875442
-0.01679979956699222
-0.011570635242028724
-0.022931664169290093
-0.02104837912418922
-0.054288187702443404
-0.060990194836930176
-0.08535860872130083
-0.10290715143339647
-0.17502242457105296
-0.20250054854794344
-0.17855875110276365
-0.10536311529457526
-0.08069757866172625
-0.10376092078253826
-0.22152590122641072
-0.31372847106562496
-0.3318330145675391
-0.28865732487104484
-0.24399062401442154
-0.20159395542055392
-0.19174176117572259
-0.2530724784101671
-0.3463362079815444
-0.42673777850980216
-0.433572430359031
-0.3001866579452395
-0.123712971098987
0.005555913982352127
0.0104587706839397
-0.0015603880391458233
0.00978106476547999
0.03466033095656849
-0.011864507538504055
-0.025063815515773864
0.04052490986747352
0.34151539915731954
0.6440977485504283
0.8533366059057684
0.7246646575573659
0.5649356800212464
0.3816289369475131
0.3174719295124357
0.2224944555239599
0.17731126685000742
0.1311056633637859
0.09605372360228723
0.058699793352903755
0.023142128536904286
0.0015228472369070135
0.0011781898877764796
-0.016804982217973996
-0.025837715193767357
-0.03327930970702204
-0.030742332247969715
-0.013584083661620401
-0.03543814614248186
-0.07808999234805164
-0.15568320055744428
-0.11930648972456943
-0.06722765659075294
-0.04888753120966096
-0.10699160254982915
-0.17530038272546788
-0.25160333768625875
-0.2447044387853525
-0.1966633788124863
-0.16751908656626718
-0.1584460865248272
-0.14985726696224722
-0.17532004885420524
-0.28875674824367115
-0.3207605598596084
-0.29825151043214376
-0.2638534777615959
-0.29373678860508984
-0.357831317995174
-0.3250701580961511
-0.19057916681934164
-0.018418305672768993
0.04155513476740974
0.02973095906273595
0.007218021853580948
0.016430727487524915
0.006841355035415215
0.004649365194505627
-0.001182644398027818
0.04598404311838868
0.24174460998378647
0.560926180543381
0.7363651088942935
0.6446573986505589
0.46852643387312376
0.34740631906629993
0.2885734838637334
0.274287961749193
0.266184535473779
0.21757023733685915
0.13192611835771015
0.08111520448404155
0.06488723366888172
0.07417015852438927
0.03274083687857072
-0.011290849018444264
-0.06776096712924089
-0.04732477149252322
-0.05708382035816576
-0.06199618891993151
-0.09619240665505897
-0.09631576829075535
-0.10598544043976
-0.1098615388275418
-0.16584753589802964
-0.2312535852744425
-0.23028862220620766
-0.14772142024786383
-0.10408837836980236
-0.11406064037748449
-0.16479120805611858
-0.17761733454763926
-0.24069441654539114
-0.3544974530408113
-0.45558616805210783
-0.3585597199951609
-0.2630641265373457
-0.25638980885361284
-0.2737773759548949
-0.2141129947764752
-0.13432370199226656
-0.06367929463735576
-0.010134077448625852
0.012232124392333992
0.019771834954454365
0.041029599500714185
-0.009354369075751951
-0.00513483176799796
0.06484457236210245
0.2859423308625542
0.5056066821321591
0.6624796552572852
0.6238405367182268
0.5721204402945863
0.459669536863302
0.4041553901339544
0.27830520439974976
0.23586403074325987
0.15667845514815182
0.13574920898227655
0.10541356610999718
0.07807841828443525
0.027929831776441143
0.016940959656833898
0.00928157527622382
0.004900013043022509
-0.020512490772099847
-0.015920704778096137
-0.0360576035248108
-0.06201327121779721
-0.09689890495207133
-0.13394568308827906
-0.17157574914512758
-0.19908816688833603
-0.19714049310489237
-0.20798228253762696
-0.24821297187347524
-0.2226518985789394
-0.21337367242285174
-0.21715718056174912
-0.2564142391089472
-0.2809494329642209
-0.38066629821213466
-0.4241528051381712
-0.417367879868137
-0.3852249790775856
-0.28740159383734415
-0.1523055044041206
-0.03975700064252189
-0.01598408702447786
0.020690910504187032
0.047907683471231574
0.05897219947528778
0.047146504046658544
-0.0108388186461404
0.01334741261302647
0.008349495473006533
0.1631365346500591
0.5210338919485908
0.7755028497363249
0.6944347360309885
0.46286100207492975
0.37551075680934604
0.3239020980824606
0.2483470922256683
0.22437278774635536
0.17833243303058416
0.1404568978580003
0.05539539032353776
0.03617532548206379
0.030694879225293892
-0.0077403859536044175
-0.03404241326910738
-0.040895546368429805
-0.010172858226196185
-0.05507332164304823
-0.06503339724792323
-0.0872258229734364
-0.07186083210066589
-0.07765837872118882
-0.057755324030836754
-0.06839522788606991
-0.0899783469026812
-0.10885277453935861
-0.17469796165830423
-0.25464534723037746
-0.2718936411008679
-0.21546319183158788
-0.1548353140437647
-0.12558151386376418
-0.15914792184888282
-0.2014815245146873
-0.2781279452349489
-0.35890035948246524
-0.4566936115328917
-0.3654566763334143
-0.27469123077722135
-0.1532991456581778
-0.12323228581829235
-0.018997102728293875
0.04077300669813709
0.03279288646677277
-0.027108547242538243
-0.03358224665145823
0.02160867575532305
0.023137014958300558
0.0005974891234073039
0.11988840502026409
0.3847736143923854
0.5651520477211841
0.5763944232988563
0.5556229625467366
0.5354577247003689
0.4424109768028503
0.30564398789123587
0.21500216844602985
0.1604333702823321
0.16545167176614387
0.13156538333515339
0.12321547189699987
0.07082567183937555
0.054125532616387945
0.001504658846823641
0.01073161007992602
-0.011817585135257878
0.008480926807047862
0.005035510117389212
0.0039036557429965963
-0.018061532903537982
-0.03386350058214901
-0.04822504433647528
-0.05229563235491113
-0.08057637325452427
-0.09512978584474875
-0.0854177291884262
-0.09627003530410218
-0.17384364090891888
-0.256053201140896
-0.3483936078747384
-0.3941569200517697
-0.360421787740774
-0.2431832267071745
-0.1856343563610671
-0.27970981325538063
-0.41051338614950905
-0.48414476924520095
-0.40759848174317864
-0.30113124921784734
-0.14900903963191103
-0.0632105126827019
0.02014494552636088
0.033113933807447454
0.0483519747134149
0.012195053367614308
-0.0025824191121140458
-0.00841805290998051
-0.024358052886462714
0.1543709252547736
0.42215477997843914
0.6432758989215067
0.6115581606410556
0.535951485106148
0.4373874830044956
0.3157325164869131
0.25272440797253665
0.21141489531414343
0.20715669446127336
0.16389550032154682
0.1346147483422174
0.10625262745903653
0.05700113196972674
0.005694566136205351
-0.016207705613411564
-0.008367925396586127
-0.010195850575924443
0.00020426574680618018
0.005455552265056495
-0.023687492668689275
-0.06645126185054669
-0.04834572135986422
-0.0477121517321398
-0.0846631892308873
-0.1401750284002559
-0.10690756745644397
-0.09930582900080573
-0.1400338130636203
-0.16918362868175785
-0.20248987715696068
-0.21422871650169506
-0.20789702571559981
-0.13983696085049618
-0.13690767834664652
-0.13048753597160903
-0.16685342302520562
-0.22868401627617468
-0.3666719736118428
-0.44311157268668216
-0.4230056307158679
-0.32385916419680033
-0.2058219988986635
-0.10687601566864503
-0.043670777602172785
0.0061372595263623105
0.011563135508320407
0.018357371016458453
0.021155724751927892
0.04811269437247896
-0.03606731594361853
-0.057644644636140926
0.05274464176130179
0.3292624315190712
0.5672595078749219
0.6574555735307582
0.6171016732884214
0.4831963212604733
0.35437154717438074
0.2589745356118669
0.23336761968119937
0.16391959608582374
0.11541220354708555
0.08113434756670805
0.07319014884153305
0.023689955600419317
-0.0016453443453762159
-0.025280646603930052
-0.013059960393614534
-0.02486785788957164
-0.033485902284516526
-0.04747823088819573
-0.040592055293181405
-0.045663523535853116
-0.0670500022296976
-0.08620417007804856
-0.11030319699143094
-0.11031352153254428
-0.10768160653063044
-0.110239153054459
-0.1652885122108725
-0.1954035409388291
-0.19522090415531468
-0.14307731205906912
-0.13355037462188846
-0.11151032692262682
-0.11915938236465277
-0.10050690592253096
-0.18593090182072902
-0.2666477496068236
-0.2833267774984352
-0.19503447060621848
-0.18317395482695145
-0.25620726889448325
-0.24174698913642004
-0.18784370200727726
-0.13188108297019585
-0.08732022539962478
0.01219746361687726
0.04328562463076127
0.029242770524594175
-0.0006836803535243787
-0.012807697916216648
-0.009330069995495821
0.011266611047267354
-0.021772487278028222
0.044096587593030014
0.28564261141086156
0.5775444716287371
0.6545571608187629
0.5766144495385679
0.4499392352683705
0.38820884542734996
0.33854229702240757
0.2684440076272813
0.20732544236616157
0.18530774875204709
0.13665140501710202
0.056690437029418186
0.026936996178445933
-0.017337123735060914
-0.08449162951583875
-0.08189376208410888
-0.05282210326978292
-0.02615826381921859
-0.06802569637142236
-0.07799764242002828
-0.10163729409949433
-0.06975387709588725
-0.080906060957079
-0.11246510456755258
-0.12048542648308465
-0.13080370932855007
-0.14162202536042406
-0.1799481045730655
-0.1753116351254722
-0.1869149387604367
-0.16333275127430125
-0.1911827153733551
-0.18429357968544424
-0.18933784331919934
-0.16639890891142148
-0.17770505310063395
-0.1543026405047476
-0.17917719519303468
-0.17338967980543046
-0.1628894717544367
-0.12638640378419236
-0.154156837499966
-0.1194820434743948
-0.038224385339961565
0.05187684535631409
0.00959782691669122
-0.10039610432737417
-0.1460153091973478
-0.09630560876695078
-0.04637526052968445
-0.029211465786369826
-0.037672723265866105
-0.051377578069166804
-0.014328363246423408
0.024592412572879186
0.05118728691820164
0.019055607858764582
0.008753915074748018
-0.009091585098664418
0.10764839952282362
0.29432656525597173
0.5613333262305582
0.5790345812549555
0.5467275201501431
0.42774698168340164
0.4170215352365501
0.30440660987838325
0.2555822861037052
0.157320416425086
0.07414679476368227
-0.02697128504206988
-0.09879544647575897
-0.11411030605928649
-0.09456953915957234
-0.0896134164745573
-0.12787002416740956
-0.12392852982507487
-0.15577625354103383
-0.19596705623932664
-0.18427885546781742
-0.127139131576642
-0.09335797567230296
-0.11449922025808737
-0.11953690794863821
-0.16056233516344148
-0.2089818794554769
-0.21216701026956564
-0.16582771053196438
-0.12839033466780805
-0.08003917235710863
-0.049674323369713634
0.006735835117997354
-0.011823665992201709
0.004593139627440462
-0.01481547658885978
-0.060027404428823955
-0.19068107603371276
-0.20922141293664095
-0.1841985777852857
-0.16079802116690306
-0.12183866527778853
-0.0828312840703909
-0.06620654262492726
0.00553542525934607
0.08090199359735412
0.07234796580608822
0.03128718296196853
0.029388875279923808
0.009065416764926415
-0.03084355905253348
-0.009280082084279035
0.08545761469180717
0.42015714346073396
0.6671066597188429
0.6987776819146755
0.5170408468530006
0.39573966208386946
0.29270457327019517
0.21802729578873467
0.14129900271781615
0.05406852878905825
-0.07643364627559786
-0.12306110968553395
-0.1885317495663579
-0.18312278020554074
-0.20991418308465906
-0.20651801357794386
-0.21198899829135123
-0.1732578869370834
-0.14727813263469997
-0.12989643293384187
-0.15173145889603934
-0.19352315960704308
-0.22102589137456602
-0.24225160584892128
-0.19853314042519724
-0.14886159803632096
-0.0899874937518188
-0.10872582634542913
-0.08638990435015025
-0.20227033622491078
-0.1961661111857625
-0.1345290233716323
-0.02063006963808554
-0.02444200630687345
0.04113873766681955
0.04988280894313056
0.0703021607810363
0.2083927091744914
0.45626911912900314
0.6102546609745814
0.5785596908896073
0.4364653818368893
0.36776800812138144
0.32569412769050904
0.3124826963958715
0.2330724178033939
0.17999159482042235
0.1328127148857384
0.11598955680741897
0.06068271882202241
-0.005362450931470993
-0.023234671812088777
-0.06078310301579286
-0.07721367623528298
-0.08290555789185078
-0.10530341940524217
-0.16277608132753038
-0.2123973875526644
-0.2511757468042711
-0.3421984819537745
-0.3601326765257714
-0.32242975613116087
-0.3388100634041868
-0.35695331223894905
-0.30608899669307627
-0.15736482614230596
-0.11596796219271925
-0.1732568048106357
-0.23112944160602328
-0.1727937517160913
-0.11038649520173617
-0.09741681411635608
-0.05552259361762318
-0.0035107255387660046
0.007956870023982751
0.02368626036630033
0.017829336479965312
-0.005399603627193994
-0.014946311369798394
0.026896562482912983
0.002280976798888026
-0.031310014256137934
0.012227520238535954
0.051024598435974476
0.008831471885652042
0.148777323162876
0.5278109470820441
0.7110760580369285
0.6258541241379237
0.49579279810909527
0.41390134459186834
0.3241892152380792
0.2946334304497219
0.2663839481441218
0.1720138600754924
0.08579921771149496
0.045145330335002364
0.021119224313624726
-0.023480540729724143
-0.05540879526267739
-0.07478119745984745
-0.058080822947503295
-0.07901933282260121
-0.06847431661484987
-0.10161625771659438
-0.11039337568207985
-0.15988398097082565
-0.1720938877491938
-0.1668921961437846
-0.13212771363040046
-0.12806005671689139
-0.151945626189587
-0.20393804845167254
-0.23473565524871015
-0.2450725434611166
-0.17376322470668945
-0.12440526548858406
-0.08390819185321903
-0.12679864737360244
-0.19652353973783204
-0.2296730734367821
-0.33614799151867253
-0.300013692857956
-0.18126566794234977
0.009344380561860072
-0.0014461080454052976
-0.012806330125800855
-0.07508042845414381
-0.09823185416852093
-0.08402909715230175
-0.03417896375605394
-0.027687472936870326
-0.01210817813273124
0.015882167340980014
0.04124814551471526
0.08949193732556543
0.21683419751259816
0.4266890490782887
0.5236233994837033
0.49860956674759793
0.45498889395347814
0.4380682773775669
0.38786867711438633
0.33620256187641606
0.2745405835674121
0.20642330022192398
0.1574819472904583
0.13350453217659664
0.05826616146026004
0.03959699553103783
0.04372995755584965
0.06183928306616002
0.03468403414477094
0.0198138817722273
0.01627884943917657
0.0258547283918887
0.015591490131390561
0.006396644433130274
0.0025362401814895035
-0.014196523672794054
-0.05822141244221952
-0.0801523403702307
-0.100803325318704
-0.12082017609754186
-0.1036320907871843
-0.061708542746556905
-0.077736365775993
-0.12088733515776258
-0.17613616218923758
-0.17369387434932534
-0.2141651535172013
-0.20655374570711968
-0.18332477637126432
-0.18929358927394602
-0.24122411229641907
-0.2779119279436172
-0.35490620606801804
-0.4678900874522685
-0.5254059762431034
-0.4540162223315632
-0.3055971549933723
-0.11957972570972734
-0.003953798236789219
0.030400585614254835
0.03234018603646426
0.009366408246835592
0.018933229051653632
0.014200201495646917
0.04176771264596624
0.010773066017255166
0.07371081817935836
0.2786666307991512
0.5594088509234083
0.6485929325398863
0.6082022112591042
0.5177739483593897
0.40122831328139136
0.2718664432194242
0.19220586780967533
0.1582255880358824
0.1257387177976536
0.0916461501541309
0.053426261020845946
0.03998715318899959
0.007685132204923156
-0.0357660944135326
-0.03985968603660049
-0.012089008715053879
-0.015695733133680504
-0.049104631601068066
-0.11350779782349381
-0.12074951452835359
-0.13067213321544868
-0.11495294584031449
-0.14406562901200756
