0.553224553224553
0.0
0.5142332415059692
0.3089119038486127
0.581818181818181
1.0
0.447756251034939
0.9647995102540576
0.6831955922865002
0.7450110864745007
0.6464646464646473
0.6127946127946119
0.8165869218500802
0.6127946127946119
0.6831955922865002
0.8709315375982076
0.6644219977553308
0.7028423772609794
0.8430248430248478
0.5969903112760222
0.8709315375982076
0.7028423772609794
0.6831955922865042
0.9647995102540541
0.5672410378292717
0.7028423772609836
0.7450110864745007
0.7234247234247241
0.843024843024842
0.6644219977553308
0.6292714377820743
