0.7803784858348762
0.8194480444343385
0.7623097629612926
0.6207753795479454
0.4113265507994277
0.20131373191661267
0.055180291263973856
0.006587547958730545
0.00752443023705996
0.01565986395520686
0.016518863083227215
0.019068578685538323
0.01851732031879013
0.022243702051497505
0.01903795736361125
0.02979064830151676
0.15870210521651434
0.37376280218954644
0.5880728717326563
0.7180336969025642
0.8060199557267556
0.8493343982412586
0.8744182609929224
0.8909959793222257
0.9018051311344782
0.9179887355888232
0.9318183889417534
0.9330434651198749
0.9218950933410713
0.9192370382105135
0.9245179030353107
0.9291853448891396
0.9272995149223201
0.9170427609367312
0.9168255833555683
0.9231652556672003
0.9103482016382645
0.8627516976849512
0.7722548424800251
0.6231199280630811
0.43043556541928296
0.2859388359852761
0.1504310713331764
0.05874469080226472
0.0137521849462836
0.0289341157348497
0.019983108189870803
0.015033628539092745
0.01854001284578064
0.01739700675075797
0.01534172142321805
0.010466429952927268
0.09613722951302034
0.28103574294977063
0.5124403073748708
0.66789268648731
0.7691244852161444
0.8226358573679607
0.8601656187117244
0.8697196993138094
0.8762882559756336
0.8781771244888851
0.8902025062402312
0.9004961020390582
0.9164776975492629
0.922678019651927
0.9258327823965873
0.9260001915022216
0.9315461221892846
0.9319373687455186
0.9285452338079372
0.9107194936111321
0.8618364584075345
0.7605805127405432
0.5918735720940961
0.36168682696279336
0.14198664609615752
0.027284775640133086
0.009794414985783453
0.02652629989626493
0.026243143291117755
0.03212358138160042
0.03040072538791225
0.03304581247051063
0.02187691181770157
0.10367263972801159
0.2890910373544193
0.5142153309439345
0.6592491475175365
0.7521501255032408
0.8119060214991165
0.8520231873386324
0.8796473037276055
0.9082120415304659
0.9272904207641797
0.9338043995500014
0.9284255056454025
0.9296824305973672
0.9319557630869055
0.9382173024439535
0.9389899239755785
0.936205409052843
0.9253389859160526
0.9031331053013736
0.8636376642105998
0.7925376387393641
0.6734175287219387
0.4915021005005349
0.27916471769697654
0.10146711502847192
0.021597810695615744
0.007974875333994888
0.01450176846845344
0.013851030559530242
0.026905162777741916
0.03349300751925421
0.029925247609676346
0.017131390304299624
0.009131459582497546
0.08410489841509097
0.2709265761568928
0.4977684038498321
0.6660257224018514
0.7685619407133814
0.8298816041669239
0.8579303511451133
0.8746222771360713
0.8849550225678757
0.8994614111089314
0.9132816585217282
0.9185413869569639
0.9128376890546165
0.9078407101840267
0.9045315885837912
0.9067291735910145
0.9044755548338913
0.8987231583142932
0.8887482902086
0.8797949950834136
0.8539099443359458
0.7922007029005247
0.6668249685765738
0.4893560922353298
0.27653885330140093
0.10659235338498788
0.024271977780080035
0.018900354313099773
0.023586479454714742
0.0266823564863746
0.029706050482355556
0.028706173979630777
0.023304692481525998
0.018869148207446552
0.03818419703121334
0.13267708683043428
0.3210234961745212
0.5217409295645072
0.6752164452007596
0.765187539948483
0.8242528238238986
0.8528158037940841
0.8774035534280373
0.894660208457465
0.9048239174694747
0.9091869287075505
0.9054467247725997
0.9017438811259965
0.9012550662982843
0.9049289947659249
0.9037828332260076
0.9095879761060054
0.9140503741607934
0.9115666360432886
0.9027373745450655
0.893803451644306
0.8651906965888316
0.8033411296191
0.6883698249745269
0.5227125722670809
0.32073703897951333
0.14800568663599498
0.04615785180994474
0.018178251922013205
0.01771001298933818
0.019375203290977996
0.016027543361811544
0.01568840195411304
0.011561801053875729
0.007999646780920572
0.003252069500329372
0.0197863201048896
0.12178925502477009
0.3135297751198539
0.5195341432250659
0.6690249330411435
0.7690301071221096
0.8295561323613319
0.8561370612261825
0.8715448393776687
0.882537577447321
0.8947946379954351
0.9020331808344124
0.9060085656365866
0.8979956648607864
0.8948227540509242
0.9028066264195131
0.9093976025527956
0.9078301404612974
0.9013669579652832
0.8820421288108321
0.8143261917182003
0.6736238071402334
0.460489836465896
0.20891289769800095
0.04547814132851756
0.0
0.026021225918257875
0.024727353166325336
0.020173720529722855
0.013204995485015369
0.018376012870906996
0.010835187728522221
0.04804135003175347
0.18048577783909153
0.4027481700977292
0.5989525003128722
0.7308710072726669
0.8038977237240971
0.8481059280663681
0.8762854249717447
0.8987586406358056
0.9089741617665593
0.9172642079430782
0.9193829836415223
0.917618725875145
0.920550602592054
0.9362530779996538
0.9420648022884742
0.9434420944874006
0.9501709545499792
0.9557309611279917
0.949316493055989
0.9224392952297884
0.8742851737229111
0.7689261836962086
0.58605861450693
0.3448155080440767
0.13899999504511126
0.034572146642855135
0.01769512580253332
0.014087313715154611
0.012309562379232702
0.016298820396776135
0.02900692591569108
0.03084117587599955
0.021990110785257626
0.06385864031349582
0.19958242794377606
0.41945600650709547
0.6117362751900766
0.7473122091408844
0.8202547173826378
0.8649699268109365
0.8868700424069678
0.9017407283364326
0.9154213576589638
0.9269843561316038
0.9415960427275645
0.9495552338798173
0.9554374264759845
0.9512203423397843
0.9518715282151384
0.9366755304954038
0.9077185094592042
0.828205138526151
0.6945839621455024
0.5246949855254324
0.3557941444855942
0.19428998479888765
0.07547937958867451
0.026533762622944167
0.021654968284483746
0.01762179688770436
0.01807302161684769
0.026182411327964856
0.024369652858434347
0.013427774061143033
0.061940357233843626
0.19251388919821807
0.3908362211016263
0.5728886208518126
0.7083072837080515
0.7893141684337732
0.8448236637189968
0.8727221894381404
0.8842662077012651
0.8965761407376686
0.9045997212725667
0.9085115608171579
0.9154309417932153
0.9178032046192944
0.919178212965937
0.9247723706000833
0.9110431486096663
0.862189040162662
0.7565768518065257
0.6061241193065353
0.41609337358630594
0.21709155863357127
0.07351643362137032
0.011398621482512968
0.01441879898131184
0.01740510043403487
0.01849517221999995
0.013806831411523775
0.012014244720173407
0.004969081661094843
0.040351544936563434
0.17469674412591912
0.3861785108202314
0.5672826321864747
0.6872949952626912
0.7641303608642643
0.8225800688872001
0.8524652037953511
0.8720394493179332
0.8861760058770463
0.9059647514375515
0.9210236321302446
0.9316819017392833
0.9357474566021514
0.9389089895270464
0.9427782185605337
0.930965802241432
0.9026714312991315
0.8303433186474625
0.7169515099731812
0.5755762164024556
0.4242141180858913
0.27467300366539227
0.14185981248686083
0.05945374601260624
0.024333716920614378
0.0271641773773768
0.029715349533044756
0.02316016085947989
0.01934295807333571
0.011855829856117942
0.016596285066833128
0.08670947522941003
0.23604923984643567
0.43678169574620285
0.6165613131039603
0.753183908978807
0.8286244818290117
0.8793106198478188
0.9073385673308048
0.9251817786135156
0.9406746621029303
0.9512822867573218
0.9575659949208841
0.9570429074531867
0.9638710197553729
0.9704056844064904
0.9690568536203331
0.9547495212205821
0.9244930321734776
0.8637977990511492
0.7453733345666801
0.5847055931466347
0.39969369467631277
0.22001817973060167
0.0843085612806527
0.029653862029220223
0.03288840841152987
0.04152558046963381
0.04118495131909955
0.04758061921331784
0.04197415749802917
0.04089485994074951
0.13116047615552243
0.3225289003434116
0.5174746804858309
0.6409487301557354
0.7304652168263766
0.8018232150170472
0.8507856324053842
0.8818279082474187
0.9043426816799055
0.9236502858173323
0.9372161366700061
0.9459529991162869
0.9499366861802337
0.9527052966005206
0.9605875256444915
0.9657985407852197
0.9593465829374394
0.9303587268358887
0.8828589480059313
0.8099262671327685
0.6992212573568084
0.5386350160729502
0.35204081023724954
0.17669351207703798
0.0657520183166168
0.02747677118572442
0.02849164206461972
0.027120559686043502
0.025894358609473696
0.029941763932116144
0.030712925715588774
0.0296848578476281
0.10695273997225793
0.2561552924953574
0.44429923993828685
0.5931196521627029
0.712141133416241
0.789984269293222
0.856055128088221
0.9052007483299063
0.9318104817560485
0.9414191515844044
0.951534243139777
0.9611387624955503
0.9622198654747629
0.9429197934768974
0.9182736095385416
0.8699091090183294
0.7844130995243246
0.6635593953282247
0.5146037013524962
0.35589851690986196
0.19518972672927049
0.08179229621880828
0.02939460007612622
0.02270006447792424
0.019027232141665674
0.015032436518022368
0.021117007744764667
0.03358115758508423
0.03173635360159922
0.05895348537840759
0.16887342205033626
0.3662009507421924
0.5530039480625835
0.6828697946746308
0.7740805751576264
0.8426531359139098
0.8883369369872602
0.9105962115463595
0.9291757323463862
0.9371241590083013
0.940803410184725
0.9432765355237108
0.9495281388134583
0.9529484507432204
0.9454792568703472
0.9340953365121039
0.9080140208944159
0.874545418151147
0.8124795972234342
0.7104287600334342
0.5702414492600247
0.41012445027725924
0.2603865689972132
0.1287839716488524
0.058265164305610295
0.035079822715198695
0.046018276915111435
0.04908990584975905
0.04914340128798945
0.040905937534985067
0.03079357966382015
0.08998373506317808
0.22259160853128152
0.40615100543523963
0.5495564333566589
0.6686283679937317
0.7482315829232483
0.8168253639196199
0.8548719858374058
0.8879358046391089
0.9026531363863454
0.914457892491642
0.9256053008841787
0.94353102286224
0.9456898960394826
0.9457063359893606
0.9433766783396924
0.9369908726950927
0.916044055602113
0.8742029665787906
0.7909827994502873
0.6598947950659163
0.4970669461641403
0.30325810539961456
0.1275368230899652
0.030395159794024355
0.012965366608579736
0.02314739481679911
0.022158735082389018
0.0224151681425787
0.026858915139902777
0.024587218152011477
0.040686329997237175
0.13171587157835085
0.2948501971365661
0.4586176763808718
0.5829535768398236
0.6853496638334086
0.7632523016910137
0.8402217370170295
0.8957808968837848
0.9310225793693686
0.943473976857949
0.9608127347636763
0.9712568818523919
0.9783728222324864
0.9811415636929621
0.9925888651766083
0.9994912906679215
1.0
0.9860917608966057
0.9657823202735334
0.930323033561842
0.8673661675910859
0.7585876014563536
0.6044977275179065
0.42693599563044526
0.23685398239307603
0.09116450444526421
0.026410976776148076
0.02171038324665866
0.021046669246250125
0.023380639165590418
0.03129513809130323
0.027105072516453905
0.03512243129168323
0.12123518529373105
0.2650334992782599
0.4152401364266609
0.538512261473242
0.6449810808407814
0.7306936931311131
0.8059714006974865
0.8699414335609306
0.9100751452790825
0.9348811673189058
0.9453434552099712
0.9578531799028321
0.9590142899484083
0.9602543616144381
0.9409248170418983
0.9162777431165303
0.8586144345508064
0.7733489669680946
0.6510714729834616
0.5105483973861961
0.35266485472016873
0.20172144075319573
0.09651238680979772
0.05547171079842103
0.04775227965750224
0.049949319292995946
0.04501935771323775
0.04804729410526283
0.04513811291777132
0.05899614368627847
0.13763567149969083
0.2798983947060647
0.43285504645912354
0.556234962107931
0.6550701579041589
0.7273713753085822
0.7906440680699011
0.8462171932473
0.8803451053193976
0.8976640660109454
0.9120180781565475
0.9248421936056745
0.9398528038058295
0.9491424895559514
0.9472482697242713
0.9377607497552892
0.9148453290317446
0.8601517863506217
0.7734324626921469
0.6456599428845601
0.48243936455789327
0.2770809079163294
0.1085778225254434
0.025543352660640842
0.022876233670204204
0.03132899392217279
0.02300687611664982
0.023159308169255214
0.028186742027774016
0.037439063175492095
0.0450634009140239
0.10845924782910184
0.2283271583958657
0.3746653391780713
0.4952641070366301
0.588227883847017
0.6691371213913637
0.7475025199353432
0.8073002134043459
0.8460947898171148
0.8742817111771919
0.8994604332871096
0.9205329392813792
0.941287197613052
0.9527263887321821
0.9536785630862538
0.946775282858132
0.9335348635103347
0.9051738012056574
0.8561330708780639
0.7680223241847742
0.6376649894181773
0.46900974314347366
0.27568329565739486
0.11145042588787957
0.03437664268664505
0.028456324467538256
0.027792112002385364
0.015924093171764152
0.003605920822567591
0.012750304752393924
0.025768774649217018
0.07140528184681093
0.1699566792271701
0.31795510448089676
0.46886110911738293
0.5871810306795898
0.6808321961551911
0.7469358322523316
0.8107610973634831
0.8504946124567562
0.8763477359925295
0.8915979728566844
0.9035304581446258
0.9209094230980804
0.9309149764381229
0.9345350024170688
0.9098307203272135
0.8841450768380233
0.8310616981060571
0.7677410942266729
0.6582508748993798
0.5177371853051351
0.3525289990235522
0.20713191626305372
0.09375289582513069
0.03481210869280401
0.018672649785397868
0.02428712860921747
0.027825650213306474
0.03355289251088054
0.03565182996809287
0.09243109398953152
0.20889435941347342
0.36207858443706864
0.49741159455723455
0.612141087122138
0.696408298437369
0.7598404063142576
0.8276166216912995
0.8727384910125361
0.8988119593522736
0.9194325151261397
0.941937520731005
0.9451516300017468
0.9281713646712126
0.8930327643722908
0.8291971950835677
0.7424104943880028
0.6357625340528689
0.5077339569266183
0.36677517770363666
0.22322920541282054
0.10119385816479369
0.039549854071348395
0.03571544411096921
0.04234333137427916
0.03825234353037474
0.04047833041749079
0.04911155446753273
0.0642936971518769
0.13432426708943482
0.2511269459963106
0.3883277927044705
0.5105796534612398
0.625576043445703
0.7168765685862549
0.7890301176654267
0.8463820297766421
0.8809778746972012
0.8910102859436315
0.8954715877661868
0.9124994211801483
0.9346696094191046
0.945483573669707
0.9464725022679935
0.9388968621216053
0.9256908872436451
0.9049833299001884
0.8664831222174992
0.8088439093329439
0.7234532757227519
0.6064869530593369
0.4608514513217381
0.29505024841049543
0.14273364718051712
0.04797797624465258
0.009999679641141738
0.016771178633328134
0.010024467624316078
0.02477457226848614
0.03178712203401679
0.05239152716315839
0.042858057955409985
0.04439822010116812
0.09553728119894964
0.19641390114724147
0.32418460068999205
0.44485462819737936
0.5619518778924572
0.6521640497793597
0.7255283551816702
0.7955993912855693
0.8502171884692948
0.886424056381291
0.9067237658172966
0.919238375425831
0.9237382734284161
0.9243087013526715
0.9052595168745067
0.8560408104787193
0.7886339471460087
0.7010786516506843
0.589941324925645
0.4617015474546624
0.32364454051447616
0.18810665525791917
0.08660299702034346
0.043888756064899816
0.04466263320874696
0.053677493506729484
0.060868855782752036
0.0635290795039758
0.06843004603524723
0.05302509999506524
0.06278953699324774
0.1425315335351246
0.2901919327114482
0.43403750899823906
0.5558103432550454
0.6572239650205076
0.7388161426829546
0.8047825190137166
0.8540925511569407
0.8930499798116246
0.9127343925152799
0.9311996280832737
0.9316285340821483
0.9378821506862304
0.9396359486242498
0.9315009900351623
0.9032176183776633
0.8569836249977574
0.7799792431889588
0.6634015871045024
0.530144179624113
0.38727432777906134
0.24959362901521817
0.12180368587801531
0.053356557520176554
0.03780677774523467
0.04410032054493039
0.034652346686341554
0.026534486095008608
0.028454405668761857
0.03895765037566441
0.04541630887663716
0.06231428613813411
0.1289950181601056
0.2406655818490384
0.35845034204785375
0.4665896366031197
0.5715765449381539
0.6628546443163282
0.7323603792405846
0.7865968491515648
0.8291223934220704
0.8605883766561047
0.8809669254149082
0.8973807271344476
0.9156174142572255
0.9206573363854341
0.9074666502111852
0.878057767983108
0.8348904108466849
0.7737534219697594
0.6839665836027702
0.5709128023607564
0.44565400269750727
0.3199258353308693
0.2042808395249
0.10771542400241427
0.05763729223362103
0.02650409559738077
0.01976940761777542
0.015323492079194026
0.025983772985503188
0.033767562329099825
0.045529934154174695
0.04785415253714516
0.06124977268850331
0.12848359818574584
0.23573828268154437
0.3581029203947133
0.47350454144220583
0.5839387034314835
0.6824586676025867
0.7755395897343124
0.8545208381406112
0.8940073949403696
0.9139869964898252
0.9318767034815439
0.9499283336461565
0.9531664117797141
0.9472834860578877
0.9360865585186844
0.9129706169869302
0.8692719424663686
0.8011509095328109
0.7049427807000102
0.584686940541388
0.44048182406438874
0.2984113122546336
0.1745899687895415
0.09180098550472335
0.046307604091843105
0.02847844507634423
0.0201307474968718
0.016980457939888838
0.02026527082642008
0.029024136445557142
0.03931751846214074
0.07228002619587925
0.15752200044718082
0.27948886692103325
0.41137076994258087
0.5302687533193892
0.6345384097484239
0.7114790551354627
0.783281609180831
0.8405806138133289
0.8856986996863796
0.9089433609941239
0.9269567463597926
0.9360767974484481
0.9490151243973154
0.9601173226668858
0.9522067647489089
0.918119576469666
0.8705561327369045
0.8142642866092824
0.7260314824823549
0.6179339555391826
0.49806169453728044
0.37066789789239046
0.22590346554334176
0.11127191240063525
0.04781524706313376
0.05271921211071903
0.05903658523438095
0.07538306543777845
0.07048335237016969
0.07225333602597876
0.0590415560948764
0.06003744421436765
0.07812966681739364
0.15584697661201674
0.2782170937422529
0.4195255544832692
0.5432275641632653
0.653118086221147
0.738156833582551
0.8103776385666777
0.8719852490111152
0.9107004073379569
0.9361314138235751
0.9437057649910344
0.9492613940143177
0.9413233542906426
0.9194820360527914
0.8781327212803239
0.8172278060725954
0.7432859617252557
0.6538702655795348
0.5479831854340018
0.4283039977429387
0.30524671357411415
0.19120419869589783
0.0862824567549491
0.02708617034003906
0.01904328382404354
0.02701070737641852
0.028513153769305855
0.02816171620014751
0.04442557780088327
0.047203599067257115
0.051421617018672094
0.055875366944745944
0.105606432198344
0.19447452116592362
0.30511664875517236
0.41405251983111596
0.5281180935323387
0.6284704843677665
0.7028284000373539
0.7693564458662037
0.8350233561504348
0.8809705793612574
0.9085450508031576
0.931075421409503
0.9429517746605673
0.95350529216399
0.9585029891745995
0.9517215535958387
0.925994873195807
0.8888228753548348
0.8366029804219769
0.763026105279906
0.6705288576022409
0.5558179774937088
0.43611175372693645
0.3185266404347594
0.21445267879702393
0.11892746564947024
0.051189803482435244
0.026897590901738128
0.035209948704953815
0.037794547910894545
0.04069795735712995
0.043499137339440684
0.046299856081574886
0.04204011879064934
0.050351859720696314
0.05707142413211115
0.06944144197002113
0.11891865989109213
0.20769987857041763
0.31225559062868835
0.42773326847819126
0.5367849898985242
0.6242979106085176
0.6898955497424123
0.757634003986167
0.8170270748359982
0.8679024211483551
0.9063592640272616
0.9313076859070526
0.9473314297283261
0.9553490339598764
0.9536430405876344
0.952091650484947
0.9511576516178916
0.9453997802001111
0.927364753059676
0.8970182935785183
0.8432563215509052
0.7522055008373287
0.6285153398781554
0.48497185812871313
0.34160483516428036
0.20675989443284087
0.09785015505969764
0.03372444260339563
0.020541790493443086
0.026067642203814863
0.0324764173748132
0.027324034816997796
0.022688315048049766
0.016286288014842634
0.018935477207690916
0.03142057346735306
0.0682038496444662
0.13913609136821622
0.2298696254789211
0.3353027214073863
0.43342204206035984
0.5277446685995012
0.6076828325939934
0.6748554125526642
0.7283077129310249
0.787761374141852
0.8458538090780008
0.8837395204314348
0.9088610169232291
0.9220427261616454
0.9217349757146468
0.9065159250101906
0.8805002640127636
0.8297842730041607
0.7577668011796109
0.668681418071865
0.5648252217588573
0.44092504321758647
0.31491478404602685
0.1852069715109439
0.08384140986663222
0.02638654737175677
0.015346455442733697
0.013332511024567445
0.007320348646407351
0.006815425582007283
0.016089094288745786
0.03175684472052086
0.03265687804489571
0.029236470016260955
0.04729473345334253
0.10556392341457174
0.1903702585970902
0.27961387556562894
0.38367691544003807
0.4774179358501397
0.5665986092455668
0.6310484674882769
0.6872639307845462
0.7316193255032696
0.7752144656128409
0.8137763530892871
0.8548802067007496
0.8846117936975771
0.896225833478349
0.8854927941618037
0.8691993886962549
0.8330560344143104
0.7833357463889133
0.7134582024477665
0.6255223190538388
0.5249597817811767
0.408137299385926
0.2962705538458875
0.17918135875734778
0.09050868326628575
0.03366540556498406
0.030403484755400393
0.030479093333780162
0.026855652669272524
0.01495708404056365
0.01659544675978132
0.018960697094143757
0.025999416773116502
0.03146338459768196
0.04247606358870389
0.07147029553659491
0.15070223412759598
0.26215793230927475
0.38034520952615125
0.48431163624990736
0.5740729226628153
0.6459118501171914
0.7136415150685373
0.7641083175684897
0.8046988852143155
0.8298385492434892
0.845218208111093
0.8472743295528977
0.8409529974854731
0.8299299301577948
0.8002227969154626
0.7552000393295267
0.692650696000969
0.6312983444223677
0.5569982209783696
0.46065506602688927
0.33589696968975447
0.1856667664134987
0.06425063730847
0.015432257505827085
0.033092586141171505
0.05017255256306983
0.05159965744687804
0.04886022103660962
0.043248987887117285
0.057131282107095394
0.05636303198817093
0.0524848730054264
0.032632992048346736
0.06769159686719078
0.15759808452601445
0.2928669989214835
0.4196999838213635
0.523439176747793
0.6031613535990455
0.6635053312355473
0.7211209324840323
0.7863686952002211
0.8441801861306654
0.8725538353353897
0.8846509039664125
0.8939531968843916
0.8976796939440449
0.8847648269152012
0.8601323609785014
0.8167976481410195
0.7521386546625733
0.667509178990147
0.5686488776312372
0.45557057306228044
0.32534745193107445
0.18693387339386813
0.07193822321082519
0.022847601425052863
0.019830300175250917
0.02608722605536731
0.02245287902328543
0.019059677195316916
0.03190719930304924
0.03362111252406829
0.049301560019911324
0.0762479635023939
0.14931111703076524
0.2265912769582035
0.32933954254970094
0.4343704320260441
0.5435590455774301
0.6276046984732462
0.6912300940994351
0.7344417170548312
0.7854057205819629
0.8413767788740186
0.887962548086961
0.9073204805072601
0.920372209806769
0.923639188959987
0.9251895205366989
0.9094484805457344
0.8774778137687295
0.8223887725417431
0.751624672756255
0.6677432965922283
0.5697856777788379
0.4598570710614482
0.3381124304715984
0.2087995600200948
0.09126968471060677
0.04039515438849247
0.035071081263794344
0.05969068992525759
0.060306477088849474
0.0608459955657646
0.04854199863531543
0.04854414615954402
0.049961018619895894
0.06398659742981759
0.11721528194531153
0.20466905527595378
0.31735357745917286
0.42347777618448906
0.5141344535846442
0.593935639874618
0.6690419767010678
0.7349261866581904
0.7904044435393442
0.8446248711952846
0.8837882029147616
0.9064412048152382
0.917999304301583
0.9272674877043755
0.9257250560334145
0.9133956764119954
0.885378782132944
0.8347386358023027
0.7610795755007941
0.674260170748976
0.5667573210560968
0.4442248609863959
0.29256246765552507
0.15713777835579404
0.06017866290179199
0.0482084761567631
0.05111425677441968
0.055962916748742014
0.04433244767659334
0.049744174556251096
0.05714619143449273
0.07432527109735876
0.08241478439787742
0.06710570420093857
0.05625609974438097
0.09861326046626798
0.19049084951391676
0.2975601118250761
0.4160886493792967
0.5162619232172992
0.5888321916545984
0.6423043738494001
0.7106208216592989
0.7703941009726591
0.8215414210572327
0.8574576586047744
0.8775820751598176
0.8821269254544445
0.8773905534487015
0.8639382626649349
0.8417852823600954
0.8107186455567871
0.7632336176282901
0.6884884522769174
0.5971774593966417
0.48587567868508663
0.3584267060719609
0.21146335674728783
0.09243450097167419
0.02113580015978383
0.041082561739893705
0.05732796873327207
0.06325423853730844
0.031911705382204995
0.01615988763995784
0.0028333396195934597
0.07149509440707694
0.10375529505906174
0.08876447433411608
0.043042138830028435
0.0825206284504811
0.15188163359293957
0.26466771089355107
0.3838333260168334
0.4891327002291394
0.5744462389105381
0.6393856149590241
0.7042483558766962
0.7589872700258317
0.81184104778355
0.8470506615806569
0.8721587215927911
0.8851169498724043
0.8984811493389747
0.9096935905316385
0.9188026040344
0.9206386159841785
0.9123247484369064
0.885146906537188
0.8465972834667387
0.7960671022194231
0.7231553380320317
0.6084366569542418
0.472923927505865
0.32618305289623295
0.17121433316682846
0.05670128782262577
0.01536079330091266
0.026699834865205822
0.03337012129045183
0.0326164818802691
0.02900182080831212
0.021652032596024707
0.021413524923240543
0.022026452054179045
0.030617239862726315
0.05755800037295241
0.12915202383147803
0.23423651609713753
0.38927145590137485
0.5013470913184656
0.565158087126488
0.5988506431090028
0.6708507779808529
0.7292545365291971
0.7662432724171147
0.7930440445372103
0.8222048851505637
0.8544904282907146
0.873340843457764
0.8782423797586347
0.8698517929687136
0.8473059164025406
0.8088993054017375
0.7516860986276233
0.6788388626846588
0.5940597115338269
0.5040506394990473
0.3999755493631861
0.291411155464874
0.1740346229713468
0.08095197203514613
0.03642166993478451
0.03291485635939272
0.027543918111701184
0.025397852327094475
0.03802493129330099
0.06261670687842005
0.07001362151648145
0.05330142743755827
0.04153156053792185
0.048596708645113236
0.07112484709415291
0.12005092905659918
0.20767505627558638
0.3395233313614878
0.44646412120018225
0.527147175261573
0.5825996369327112
0.6451897472979059
0.6966111598131117
0.7346123789743615
0.7717476100725893
0.7972629387234579
0.8224813806189816
0.8427628079161464
0.8575149114955308
0.8546040831705932
0.8398208390999692
0.8116092029536103
0.762570163154309
0.6974179134562389
0.630574418768858
0.5540633962434017
0.45820901653590573
0.3335091515184551
0.17093283885846705
0.05018936619951962
0.00508067915716961
0.012954964800698854
0.01831105520859631
0.03037281869202438
0.03580075129524391
0.02816495754950759
0.022127245373596734
0.01777786590186285
0.01261228869673911
0.02298200848696144
0.05605525714612554
0.12649334709522536
0.2294451458816627
0.35883679319465506
0.46969499526693925
0.5454691529714982
0.6012530098671035
0.6487438391363436
0.6974022371486557
0.7453102444016518
0.7935037241201912
0.8257052223339245
0.8405795177342437
0.8488812302515688
0.8562500168636674
0.8607634598737993
0.8573231059907946
0.8490396812550265
0.8213230884167135
0.7652611546094118
0.6950888117959529
0.6177629048895312
0.5188441325156319
0.3909033346332991
0.2527444509924596
0.12561179001386735
0.06367696901698203
0.06410753532519994
0.06778745081885956
0.04385187156791969
0.026055481867641766
0.024572545725008565
0.03516652645272892
0.044580233669967856
0.054822285623834566
0.06329350870024893
0.09167719201584269
0.14245445911962643
0.226298570393066
0.33238146258217205
0.4283745192859824
0.501582853992742
0.5615195129060238
0.6192523553642799
0.6745345796526814
0.7260096885541344
0.7689959732238871
0.8088507626030297
0.834954044644177
0.858228762068271
0.8730412102234973
0.8931088605230404
0.8984525655736071
0.8977502623987047
0.8919558394797109
0.8727163169516449
0.8185442617503588
0.7404431712685801
0.6513253982695199
0.5421865363121964
0.3996234524941246
0.23091798108612463
0.10860861847019022
0.06598946139098351
0.07433563723210951
0.06993739963674728
0.0572515609051859
0.05207919918667747
0.05106515403943337
0.04671636502472205
0.05122902016825026
0.05924241079823078
0.06806271297322483
0.09772105524779172
0.16549344027044774
0.3311484568632332
0.4520384360899964
0.5230133816445667
0.5420484998969738
0.6184054206236301
0.6663852848104482
0.7169164658106525
0.7619373142623851
0.7935358800909997
0.8013488759793711
0.7968552686943667
0.7734960808846879
0.7307506916475768
0.6629012753868853
0.5759405744421442
0.4789527512397729
0.37827491346343256
0.24099916273445873
0.11148346361137113
0.053519254729760685
0.0673466432375405
0.06355153622087709
0.06968182358472448
0.0783641394527818
0.07062270416059109
0.04197767194033193
0.04191243893187644
0.0590239717208417
0.06073950088980169
0.06364019471019462
0.0898190219341493
0.16225794587141837
0.2626174021511895
0.3772468433421576
0.4774154405880077
0.5552486075303282
0.6212822118860662
0.6839788984996038
0.7345432348804437
0.7692909733922698
0.8015661332905281
0.838156786371145
0.8700386534957656
0.8762609214354017
0.8665242956908277
0.8611624717373979
0.849660938845757
0.8078829896160646
0.7376838109346147
0.6545344114077348
0.5662377253026999
0.4667595818106514
0.3514770490816614
0.21743116728430367
0.1126341975606102
0.06946701026529191
0.07092064870345915
0.06795158860479227
0.058524076380613695
0.05841677512715351
0.06311728053739074
0.06770506531609037
0.07235674244818904
0.06182436462484607
0.04796331409708859
0.04501066545838461
0.07190291100784725
0.12439975248893922
0.17546308173174296
0.44418134244751273
0.5954273312277293
0.6339861647833684
0.5446834642453796
0.6387806119109377
0.6802270050007296
0.7295771759693752
0.7729248804211256
0.8101294477866943
0.8363104416294357
0.8592198661164928
0.8770415796193914
0.8769182430854241
0.8636979321616347
0.830992082470348
0.7824054636605707
0.7117927711356826
0.6274437821194088
0.5232250545468631
0.40581833592122785
0.2660938434004227
0.13747328697002287
0.06313521520269572
0.047796442389516
0.04630325291626206
0.04447974463581517
0.049967941003148914
0.04603155357828585
0.03492319065049207
0.032562330883483794
0.03491481560049143
0.03073915216403461
0.028111090044212923
0.06825003326029684
0.14739855761418336
0.24753317122887875
0.34612846180194795
0.5043440597873292
0.6080496642359682
0.6545741754674502
0.660156129276483
0.7183395159787367
0.7579111901465956
0.7885922478880866
0.8130193297109215
0.8305626028479697
0.8450868620807621
0.8519411453817511
0.8498893179749787
0.83551233640261
0.7941175667448418
0.7342182498010301
0.6631564008261362
0.5900782103260214
0.4997329097938331
0.393976287554127
0.272054540512691
0.16189689748444505
0.09057003703134153
0.07127646244260157
0.07255363872508792
0.0811788037615831
0.0693453819036763
0.06275950474298668
0.06485652221205022
0.06967092000316558
0.0519002431629051
0.040986332960629805
0.046192955167451095
0.0734291483754938
0.1228774627683305
0.2003734745992158
0.29269525437074073
0.39972088312691423
0.48553784943658346
0.5518935018567854
0.6037085328076044
0.6588726576998687
0.7057013789399142
0.7472087661713444
0.7810523179672986
0.8020167219306779
0.819812557689516
0.8358009073813025
0.8430049397992738
0.8411545421753279
0.8333800806997381
0.8057389216801386
0.7494144139928289
0.67988471596044
0.5974811167378117
0.4882620865501665
0.3447506409256772
0.1805067781277823
0.07864811857002083
0.05346046407528705
0.07223839941109297
0.068634318801013
0.07480156932987826
0.07256002763238635
0.0660421638823574
0.0636985855735082
0.0644223342663699
0.05967390748945484
0.055682764054628235
0.07460333446017257
0.12088242998732639
0.19766586527956184
0.2976703838848815
0.398511430359294
0.48859508817191455
0.5591885238755567
0.616628435712089
0.6555292132910435
0.6949436903439825
0.7305846372287867
0.7623921670175612
0.7758227596717517
0.79144688862516
0.798778464624425
0.7862118961242647
0.7442078840802197
0.6862140369616677
0.6210740201165244
0.5538821422449302
0.46888413902776244
0.35966299666611545
0.22696589565081635
0.11758333400651248
0.06353035370998353
0.06641136129775643
0.07159534539454028
0.061298348416384166
0.051872557575979535
0.052222312344112745
0.06231216028993257
0.06196017099059523
0.06524140416367455
0.05890848964625623
0.05844738328955748
0.06989922336486958
0.1209483431964944
0.1975319833553563
0.2885256441732501
0.3845122450888123
0.4814069613395539
0.5676150900531751
0.6416495874595374
0.695757348266628
0.7407784052755174
0.7713506242589397
0.7994866755169379
0.8143793607121249
0.8179849912537582
0.7958114231916343
0.7555345404536672
0.6939753033493073
0.6179960134742648
0.5318073151589592
0.43562867782697184
0.30471284785518976
0.16018332080507655
0.07309103358527577
0.058126943867231586
0.0581843125705136
0.05854826178315774
0.04761875144210262
0.0381984305593384
0.01947031014062202
0.027020853710138182
0.02666021774301758
0.039010229361804774
0.037946525794492474
0.03965863789619192
0.051006921765494345
0.10618999004886358
0.1925945987110736
0.3033915119067125
0.4076944316330545
0.49865946236463704
0.5715659637144777
0.6369474760020553
0.6947846198282992
0.7451558671175118
0.7816545061210997
0.8132975063013537
0.8410231076336162
0.8532227340758759
0.8562565991570573
0.8573535654726919
0.8622262569830084
0.862437015015273
0.8616046580507797
0.8484849967090448
0.809967502480642
0.7561899414710878
0.6923624120911654
0.6149151694090138
0.5038932340789272
0.35405629734436606
0.1893029392082868
0.08439415187365847
0.059654933959899896
0.06696406033870084
0.057703076141540306
0.06327026499285247
0.06131338664069919
0.05847963278484805
0.044793324750580545
0.043285519242845
0.03582290123859083
0.043704263355115174
0.04953107113871598
0.07426073476125544
0.11778271580337339
0.18809265098340994
0.26510412317698334
0.36133943293635223
0.4578865212507974
0.5204868218093216
0.56699841935389
0.6118663721078315
0.6674570388333726
0.7099017472703558
0.7508188709731055
0.7831953247073042
0.8102697596857281
0.835767020183842
0.8507624868513473
0.8547621095086446
0.8394584713632314
0.8019403631886821
0.7423365802320704
0.6723441699732795
0.5935751564010558
0.4968742062615378
0.3876036200900247
0.25514690765491294
0.1320403365110182
0.06501362143344154
0.06109519600064978
0.05915900914839474
0.05044068080808063
0.04594577640061058
0.057334917182954186
0.05628092649602102
0.05078805761800767
0.058835354312656594
0.0672245470149786
0.07457570920430552
0.08772158799526228
0.14197375514420973
0.21515045731740148
0.30097188907062444
0.39671057880243904
0.4890580057044872
0.5704051824529914
0.6393035407129767
0.7018224653355535
0.7504571871430843
0.7910794856558991
0.8218086258146353
0.8457657264734769
0.8636739138337535
0.8795223863667592
0.879109051108256
0.8585381086698928
0.8133039921549979
0.7475297382338008
0.6648654416741544
0.573722046846485
0.4708625920930795
0.35904964660877
0.23305902735001757
0.11732052490154951
0.04996107546272763
0.03192916890904845
0.047929305047498046
0.05245379204073163
0.0486047375746847
0.028485497276445098
0.025312651970190954
0.05319834563776616
0.06723957019120194
0.06289121826195015
0.05942358978609324
0.11715906531212428
0.19883052342786411
0.30033387134001377
0.39499833178108085
0.4962083388789062
0.5627874570724695
0.6202254271596743
0.6694870485822555
0.7249547569640018
0.7612128041294922
0.7958476108986878
0.8287246912150057
0.850221532057039
0.8595659688674216
0.8530146717193239
0.8494816774868027
0.8555550152128588
0.8660961281984452
0.8741055467648088
0.8809317949933676
0.8854628105635748
0.8842978696545241
0.8920017437820007
0.8979158895801342
0.9076022781777853
0.8950447903321623
0.8623944368878314
0.8012691581600402
0.7434051482995478
