0.7133458646616533
0.0
0.8184523809523802
0.23109243697478923
0.7644787644787637
0.493355481727574
0.5749128919860615
1.0
0.5331632653061213
0.4933554817275761
0.8755102040816329
0.8184523809523756
0.5749128919860661
0.6187499999999962
0.9359243697478995
0.493355481727574
0.17789757412398954
0.41904761904761845
0.45535714285714035
0.28862973760932925
0.8755102040816362
0.12857142857142645
0.6187499999999962
0.6187500000000058
0.5749128919860615
0.12857142857142645
0.8755102040816362
0.9999999999999966
0.06096059113300674
0.08270676691728904
0.41904761904761845
0.3510638297872373
0.41904761904761845
0.1527777777777742
0.493355481727578
0.31919642857142677
0.1285714285714315
0.4933554817275697
0.8184523809523756
