0.6859830147945893
0.6440516205522481
0.5207588140633199
0.3033032245423629
0.12341558614757368
0.06692568918478074
0.09264666868472156
0.054668196610642546
0.040965903523003507
0.030212288038120264
0.026312730273734007
0.027640212081646732
0.02010014058540082
0.01419945661311598
-0.01310201217775844
-0.013840670567244948
0.005607174638178148
0.005517545179323848
-0.009307187323660397
-0.08583201578106439
-0.1601213220379477
-0.28382098818699986
-0.4263053825930508
-0.6778584015163297
-0.7606131812381485
-0.5078222643608346
-0.1329950333909504
-0.0002575957058069212
-0.01945473187358466
-0.04982640712953256
-0.03727121090065907
-0.02700582927020947
0.03146959985448607
0.02457601170114757
0.005691625890194173
0.016771193359174718
0.01759655240824695
0.016773271635280397
0.02750886645867988
0.029679784205818505
0.04183020663770642
0.2337877174472829
0.5255502682177948
0.711144146474109
0.6367472399556746
0.38493938693187724
0.17139893333764783
0.10481473859819182
0.10601589473664741
0.08954458225221142
0.07537427922505621
0.030194322267682518
-0.0018316952041087823
-0.0007998293876565531
-0.014967502361225037
-0.019548505939451625
0.009402214943278482
0.00968415744108333
-0.008474742004967393
0.011269903603595371
-0.008058515598596515
-0.03039856080713677
-0.07064404408932912
-0.13383569549472166
-0.2135917279811218
-0.19710170744159292
-0.15143635036353492
-0.2179689425707659
-0.34459766868632535
-0.5513456148583773
-0.7059569514965045
-0.5279762756782761
-0.1348934883631079
0.09764072223072831
0.03764612409897819
-0.014249835127504256
-0.005156220112215497
0.028704657423851223
0.027674192545011602
-0.012571761089307807
-0.02174690243820093
-0.0025985623318222945
-0.011618633742202938
-0.04152540768471196
-0.029857851465118553
-0.011612449794014499
0.07420416636624648
0.3344206066155024
0.6643188670655702
0.8211214647713243
0.6694937276692626
0.4207676088405827
0.20107846212772867
0.12159792531118228
0.056448842049430875
0.05063840894242079
-0.04689153843410591
-0.022472063702151802
0.013627318041564317
0.017634728630503034
-0.026641631299799403
0.02456790821472943
0.054183371787687375
-0.04344557986514413
-0.03614053161676574
-0.00038725045891289917
0.01421615393735339
-0.019458103149790504
0.044163378639790696
-0.02847234242024364
-0.00394739248778381
0.021640190716422734
0.06509448879813937
-0.03805103751777506
-0.09308230455219103
-0.1952135621356921
-0.3918218439473511
-0.4841608341930331
-0.5987534395711646
-0.7000833352632408
-0.5775946246033447
-0.2815868353583258
-0.019805302157970932
-0.019213185952620844
-0.006517692506157467
-0.03591082207713752
0.021493514251415897
0.03270530716063592
0.009467751833959887
-0.014157693129291654
0.009538694657360647
0.007961275204606658
0.007665004777789836
-0.03495592750652616
-0.026811830137925596
0.053730090904557465
0.34923380287664807
0.7322989661200372
0.8635441869726221
0.6203691267996781
0.3067744222918976
0.17678310518535342
0.12348106372675703
0.09945303455464909
0.10899221933511777
0.07399035954907411
0.029520734118628662
-0.0046343383825347365
0.011048767019186608
-0.01674585059045283
-0.022178129912046252
-0.013581722479104904
0.004863631139810991
-0.0019440551659487208
-0.016975628951026948
-0.02191091072785107
-0.0043346825364393785
-0.00047962431621833727
0.013800536299142227
-0.02680208820819878
-0.04377913791505692
-0.08694499866270422
-0.060612232534071185
-0.06957404632537975
-0.14745903474803715
-0.34536963169129015
-0.5354898116341306
-0.8084266492147857
-0.8100572384276699
-0.4713878760280088
-0.038684212904082825
0.050239690075304815
0.012441142370556227
0.01304256359467341
0.029132663901107504
0.01090250497560735
-0.01790854330896703
-0.034998164566436514
-0.027688815218692063
-0.020546223749385677
-0.030465128204697448
-0.03079065611239387
0.00584683779462002
0.17837926810652208
0.4629497803138037
0.7769586611597689
0.7901143297545447
0.5515314218827612
0.26212220839676625
0.17704182199878013
0.13356390611032984
0.09123765786437649
0.03817466891345858
0.0023365065696586687
0.03804252174800201
0.05059465529958035
0.04917000188731845
0.015523904200149086
0.028223723907548
0.0012226942814894564
-0.020818546022600328
-0.02387465601330428
-0.0371077626975685
-0.0758040626482978
-0.102537410890372
-0.19863132573760073
-0.3500557410188727
-0.49616286987054214
-0.7790349514757191
-0.8906276298970206
-0.6041717675344795
-0.121172034583704
0.09337578687573012
0.019932740053238824
-0.006055039135600626
-0.07229988174958471
-0.0037602431156322637
-0.01594497225009914
0.05078889149960296
0.017007056024230197
0.013213986775642672
-0.026229510927213897
-0.014506199387455931
-0.015171797237543506
0.011078135149556483
0.007052102857568955
0.10758237914455895
0.49880507877897934
0.8471367525862978
0.8518178134381454
0.5099949695302459
0.27520155727636336
0.16538723165153
0.12035322378319091
0.0821026195937037
0.047376002648001084
0.03897562160440923
-0.028149160611412295
-0.04874390244900119
-0.017802834140087452
-0.019911894429288403
-0.042821530835673735
-0.07363785807100492
0.01471779129716589
0.03063198541951406
0.05417766322925303
0.011819969467391335
-0.05339122801496848
-0.08677351961039227
-0.0986120065023398
-0.10781505941053476
-0.2229181168755313
-0.3913058547545381
-0.7213513614750446
-0.9661579439560807
-0.6618009855456258
-0.17121727305858989
0.07796053699012756
-0.010123036555121994
-0.011412505434722999
0.006010084039592446
0.019274097527873027
0.040100909063716175
-0.016560836609513768
-0.04312863524114482
0.0029219277658805395
0.3147857318682641
0.5829625452363997
0.689494448229704
0.5637186090284341
0.3825110156152767
0.18125504154375038
0.07332160641160372
0.06056125349465908
0.05102404218160852
0.044352838406684865
0.03737379303212483
0.034303387086171214
0.00801680241825022
0.0009394864064509077
-0.01210935919618088
0.006678380497225677
-0.0019245638137476914
-0.060873835502145944
-0.15216405734684063
-0.1721911915279097
-0.20640141953949495
-0.32586755602156303
-0.5219438409406175
-0.781710340806983
-0.6314005452675225
-0.25487351302604927
0.10226493159318784
0.03562936744296049
0.001191398482644014
-0.03340959495599936
-0.030510498380246304
-0.01682857056957028
-0.014807745792552729
0.015148165223809512
0.009736405648161297
0.02081334872732486
0.033441738157315805
0.2678153083100862
0.5880846195206496
0.7267343862671591
0.6070661751028744
0.3959837986135815
0.21900415423859532
0.10898315958415565
0.08727074413009966
0.08605988588483182
0.07073408980177222
0.05210344019481397
0.023233872502603628
0.0044413673318934865
0.004512286508612227
0.001766440885353943
0.016576214411244756
0.028311639445747473
0.02225451431061272
-0.02298003681814503
-0.05004630684787328
-0.13902664391704833
-0.21209997102386674
-0.2534367355842973
-0.14875305785556434
-0.207396541195573
-0.4587609255615565
-0.7158435066518302
-0.698242991021425
-0.4005653566871874
-0.10627199519181268
0.03239059226866683
0.014856209875630763
0.005145107993220401
0.014985066356810272
-0.02207076308871733
0.013253426328258064
-0.0010329714692764369
-0.002012430498314653
0.04571158085319879
0.35515028504727847
0.6379254952078999
0.780222760435975
0.6357127629050268
0.38523562044109455
0.19013718773311186
0.10204916515931894
0.1022547365392942
0.052625526748565396
0.05572183126372292
0.019669364929800807
0.012549737291641713
-0.006038249253711797
-0.009924601683130838
-0.0029646206642568794
0.004812194207203133
0.011125199087387579
-0.004808572477102211
-0.01152624288918101
-0.02694386412130441
-0.08016751503287996
-0.15852764171109773
-0.2244845409523708
-0.4363383653848997
-0.7188455570419287
-0.8962653759793244
-0.6174549202060216
-0.21146792131088363
0.05543631754858305
0.019597200128230394
-0.0034700421558622185
0.010248624689321252
0.01153417099669279
0.009137734694713143
-0.014751969064452228
0.03816856665247176
0.28294882475127653
0.5790069170093338
0.715156812828665
0.578164818271836
0.3628248237112764
0.16734431572797373
0.1079598612737839
0.10633648677936082
0.10197553174825966
0.07968629159287026
0.05213534066292578
0.026930241171031176
0.02985216400881975
0.03100241172134171
0.013849998605057711
0.006609397887735528
0.016674696860837307
0.023729673321532814
-0.01248178877724271
-0.08734268804078879
-0.07793338727420264
-0.1097694579103315
-0.11922137964248476
-0.15823042469953216
-0.13175668037837956
-0.19063281178809022
-0.41054727160485044
-0.7302445872551959
-0.7443639834622249
-0.4008918677262271
-0.08740392789268259
-0.03528982008033977
-0.027812175739082665
-0.016589533616942487
-0.004283288881588438
-0.00694041092427382
0.016240056815298335
0.041505103680472125
0.030669223156890028
-0.028693759800550875
0.16445435825690607
0.521010988856508
0.7917599224451649
0.7050139760106902
0.48582751973126137
0.2830743759076115
0.17866692754891111
0.1378924246007918
0.06580448747830404
0.025622605088504623
0.015689388444750457
-0.007792618517543013
-0.03445867432517602
-0.024248155403398336
0.06439937602797408
0.03719539067217714
0.002314646114746197
-0.013634818842623344
0.01939607997464675
0.018212349692939847
0.0017680027209081653
-0.037158400775711316
-0.11676877498348089
-0.17706595666413485
-0.267671014854303
-0.31458086694561127
-0.5514002344010513
-0.8541488659712467
-0.8415842014364899
-0.41756150501478095
-0.06063413564433351
0.010393527441201604
-0.0013955707612798437
-0.007281562476765466
-0.005272905779086715
0.009380353188130864
0.026890909745462353
0.05183544916907969
0.05880345339838528
0.02591659358421907
0.19545967992769755
0.45967208567337514
0.6512720072385118
0.6420319440043476
0.5351578731023144
0.34872910806273566
0.16332882199784682
0.1365961822975985
0.12780200017603205
0.10242471732768517
0.05741402516844292
0.02935957326712469
0.013940935420487207
0.012059502331479852
0.014514831633552541
0.0021111850285422244
-0.013383629277342763
-0.008084554937531794
-0.006924489769934214
0.01585337782800552
-0.01755508408755751
-0.026216183965995718
-0.03195422600766546
-0.13040017140082674
-0.3614694256026175
-0.5530380924852577
-0.6253504462484286
-0.7021675890251572
-0.649964640803458
-0.3730720430479959
-0.10129986642724828
0.005645951406846842
-0.01689469375673771
0.007101310027307326
-0.0046245570180471485
0.004136255896643661
-0.010620520996800881
-0.009724457239166581
0.2593223106060578
0.5749933256623567
0.819751897653501
0.6855731457477994
0.4976199490553319
0.2804297540981166
0.20619103027233432
0.1336529105885244
0.0922795498671759
0.05702548516126399
0.05129328295421354
0.0222849265513714
0.004375181616614963
0.0001489790375679084
-0.01834760273610832
-0.034495418791887444
-0.02119735142905741
0.02956947189701086
0.008277953933101038
-0.06616635631443826
-0.16339263762137438
-0.19528741294516735
-0.17518581411812117
-0.17248846616286792
-0.11761313106008717
-0.09564356007100673
-0.20388987458928687
-0.5676656846723116
-0.9276756887619307
-0.7600347685652858
-0.27367097207089996
0.07554040873486316
0.05743752294260672
0.02024717948997903
0.006922387928166114
0.0021118191089799037
0.013668976529405085
-0.01398948457554212
-0.037810609019416824
-0.07081588057178557
-0.020627692312446162
0.05600972808174873
0.3587060867352272
0.6197770689249271
0.822245682004245
0.6766313938998153
0.5387275602103118
0.29614051788365137
0.14974176463597394
0.039864170110593
0.039783136086077336
0.01769376432039075
0.003672871233238963
0.014175219009365424
0.026659445361372845
-0.0014880568745568228
-0.017174399170468004
-0.01004564779006842
0.004027143659436694
-0.022045004587983193
-0.01801581468082686
-0.034526843521840773
-0.09754082178121701
-0.26029664292404064
-0.41900191696052974
-0.7267461234302889
-1.0
-0.7904727765716897
-0.2866213895989766
0.03073241872538029
0.011733998937957334
0.0029050084206951377
-0.02886489736771198
-0.03532533216583016
0.055752984971054895
0.07481686442904274
0.3158655313305823
0.5135171566378205
0.6453789524430837
0.49452937526984375
0.37391994087236974
0.26041345900046997
0.18015412415427093
0.1350569714947857
0.07915026808967857
0.0497319421018637
0.053844904187198825
0.041255306174097874
0.0406446545657467
0.02748099597134739
0.0331464513343654
0.01434823622806233
0.021644665927581946
0.030467521577858304
0.0024346264961069316
-0.03857669798041546
-0.04409274506826486
-0.01872171433758813
-0.021396629968008507
-0.029470596643652706
-0.1271156068786378
-0.2832738604206123
-0.5885970947973925
-0.9291998936838084
-0.8328588323905756
-0.3889623601466937
-0.02956224392889803
-0.0066592752164622475
0.002794823479767856
0.017482875363072296
-0.011155205252073749
-0.014692311844061562
-0.009545122859934248
0.00838025090368393
0.009338338365181591
0.03744938629677604
0.022991490972701673
0.1858449851642565
0.39725048030053817
0.6486712425486956
0.657818467477034
0.5559074280581573
0.3089765789173194
0.1502197141299674
0.09006334330124308
0.08266469537853802
0.0725847018984543
0.06343449957792963
0.025349190592959384
-0.00961064163548874
-0.024143434146710954
-0.01606778961576112
-0.020286707311861905
-0.02780150502929831
-0.03094083107639574
-0.047200252247954495
-0.06939914578088104
-0.11006229276050501
-0.12784494910548563
-0.23574497686521778
-0.5082059864559402
-0.8851359003825187
-0.7721042692604092
-0.3328948117909054
-0.025025121395518518
-0.05237285936487573
-0.06114885133250048
-0.004067741307752167
0.008749014219336174
0.030437742095868015
0.026093191283299677
0.03627520303065928
0.05386897251425777
0.07544729188594788
0.11185465054995299
0.25950987201607256
0.5067479500213741
0.570968570647136
0.519829882154796
0.4097274690447616
0.2828243865792183
0.07774722257911816
0.0291665680774097
0.06273765407106763
0.08823577481025636
0.05494028232722513
0.0260316195307881
0.007987387274929071
0.017300943082713453
0.025646274725701555
0.025761052640048313
0.007251204435221225
-0.010344723748038312
-0.0007721911718006687
0.0012708193838538344
-0.005537069630163667
-0.008946339019670832
-0.003572629405379977
-0.00654473187871632
-0.014650135724057193
-0.04426647625877367
-0.0631880210001777
-0.12725322525524208
-0.14650879958406748
-0.16821445148673267
-0.2464334464831045
-0.444267815805581
-0.742915808394196
-0.7954287808606686
-0.4368758018996231
0.021291897026387997
0.13309060299935904
0.03301777182852202
0.022584402603325324
0.0007213985215376343
0.011285560297290966
-0.06460873526682057
-0.07625275637714943
-0.09853022711961598
-0.05571225737422926
0.008906886300489199
0.34633900270937645
0.6272807967014503
0.733424212208785
0.623936694215046
0.43336267096769354
0.22177597958084935
0.13967754649840342
0.15922565964976684
0.1055338324529033
0.0567937932214993
0.016835932524127167
0.04249560613886463
0.03887679902310547
0.016575525800190793
-0.01657565985184781
-0.010201764443942649
0.001992592932041399
0.008001973804463065
0.00556588295254708
-0.0008145505187588624
0.01481977776370151
0.028196252790387333
0.016310643485159492
0.0015884764897742803
-0.006192247494434026
-0.0008396333436308117
-0.02322280494164927
-0.04577590468063825
-0.18307483653873236
-0.33980118493132666
-0.5545896413083675
-0.7287097095715295
-0.869414619035937
-0.6531331902745134
-0.20748618496357685
0.03399783964337467
0.09395755144560662
-0.017198110818354772
0.022778901114911945
-0.025204943189632765
0.019531301858756525
-0.06800248126309433
-0.03587914893274916
0.00983224011598523
0.03613586454755034
0.3257633374870589
0.592699179551248
0.698486333113375
0.4975873202324388
0.38803733378681676
0.2266454112511576
0.13273419242160156
0.07700416736622877
0.060435564503003636
0.07214342808048886
0.06429622530153566
0.0738054975371766
0.049356509252808545
0.06216490515852793
-0.01036368804170277
-0.01311320712910449
-0.019434131431590767
-0.004416768911515662
-0.021861060931031955
0.014503993463261358
0.028843019110948484
0.030861246821311885
0.01350859186620148
0.00029634308165344943
-0.056319460902608046
-0.06650638464465732
-0.05163782408019312
-0.008747432287500391
-0.019342657082531665
-0.04533064452847787
-0.10808519396711483
-0.18359543859885283
-0.2667963279136152
-0.2888914297262516
-0.2610277814844138
-0.3207752693228365
-0.5409536928835802
-0.6535414225574945
-0.18055000534611162
0.20404412360231805
0.19271170984323455
-0.06857930438028216
-0.023863252269792995
-0.024085279794101487
-0.02284346469684435
-0.017270978290314515
-0.043051513329637886
-0.04476915343287072
-0.11654775857809031
-0.12285633698919295
-0.11184164353509621
0.15128764260032274
0.4132936989095325
0.5940579991163616
0.5799924133166776
0.4243546981670181
0.2593120319816584
0.132091022826828
0.11226903105336895
0.09472082128340734
0.054203371560926146
0.022164335554890235
0.014804202924386913
0.010205232356987847
0.0033916348540401512
0.000862364575620331
0.016761759256054602
0.0036649609438741894
-0.0041612363573710395
-0.022475333794148403
-0.029083195027564162
-0.01062376943236902
0.007296016844223027
-0.0079526047191683
-0.01694389994137841
-0.008868498440922724
-0.10303511719939175
-0.2868744639405505
-0.5135648080101746
-0.6755830709901223
-0.6662414544020002
-0.3533366236214996
-0.10461996242929768
-0.03788299929646835
-0.06194408262753819
-0.012971901831710833
-0.012684725260812501
-0.012168517396139519
-0.007144649740262418
-0.0007617208140014509
0.008078883176757841
0.0428525739370447
0.0572069719381188
0.11531869989159452
0.27845602840599143
0.4911737758365503
0.6131397980977586
0.5311368019855323
0.340477069084604
0.15458510645888196
0.09511311587597793
0.08016195308080999
0.05944715761434798
0.047084017913562905
0.0436412069040001
0.017743436244667246
0.002250287565618961
-0.005466244398678598
-0.00899228942411761
0.008746765414896007
0.03209225661129565
0.019111712186847412
-0.005967114531924049
0.016972096020473927
0.016329225068147612
0.0023709279647542983
0.0024704921609475456
-0.01232173676771241
-0.048475027979063216
-0.12569638992154672
-0.16568777541374813
-0.16286617393166097
-0.12637832934219007
-0.14490257678545831
-0.3097863285847367
-0.45039149966368897
-0.48300764424291165
-0.38188888424355266
-0.2834652783092477
-0.16834386827410958
0.01397363858700771
0.09611560337618437
0.12335980399948035
0.0004741390367156052
-0.05160503895409787
-0.1077446817634294
-0.07993863782800455
-0.06821871827737301
-0.04450006956515301
-0.016589953068697108
-0.04528447850980391
0.14733377802492745
0.38237961793434605
0.5679100759383807
0.5263736371793363
0.5000977144968608
0.36308001120058164
0.17240110597044958
0.07949578569226994
0.05833491375050136
0.1033471413827603
0.06667515336122101
-0.06655514976026763
-0.11468939169803302
-0.08383754662409189
-0.012448195642046418
-0.03509589249812072
0.029149115988139955
0.0234479568223778
0.01940840077952404
0.005750023447862316
0.005856092036676955
0.016040450504448554
0.013212362347628426
-0.0174869243078728
-0.03905342931976017
-0.13195334625600436
-0.27416585136262733
-0.4785654316251629
-0.5677369532818636
-0.6580124521049253
-0.4430717077861016
-0.1618745281614223
0.05336800498825975
-0.02389507462253325
-0.08438210709891568
-0.05183718663827637
0.0008062662826198409
0.037443034747535575
0.02618695438165958
0.0007463741917570426
-0.023895115330170864
0.005696554272680903
0.1408235082783924
0.34137778511455524
0.44236923982437576
0.4144666212055125
0.3706920272067296
0.32230766321793336
0.24809294990866987
0.13528197325356364
0.09780732709006912
0.05537756694013961
0.06753867087469712
0.06351494007126297
0.06015117889554948
0.053908110850370124
0.03681253568737863
0.014688498009330218
0.009552967544172586
0.007862688945011532
0.014290104001155835
-0.0001978216776833552
0.009586601687242029
0.03397893656757939
0.00910262310643271
0.0070726394604943175
-0.014063733846221721
0.008594443451687249
-0.06222000047888752
-0.16192685433719722
-0.339590016156075
-0.44712129627486163
-0.43866203649585883
-0.2615547237351067
-0.13295425662371899
-0.2343882549379867
-0.37913857426311526
-0.31558641093437073
-0.11207987433781555
0.031979314599875394
0.04998977145006382
-0.010432823555933873
-0.052081555440027856
0.02430840591758805
0.02323878956884013
-0.005703298834013632
-0.060629181707591254
0.12150062727152833
0.4030790479405732
0.6288153967974144
0.6331047138015723
0.472049335709925
0.32429654255921925
0.20218405084399318
0.1678674747835585
0.08947436784077285
0.024189592462999548
0.01841184173373417
0.029148390023283746
0.02825716627490924
0.02363625437357966
0.0358209592284539
0.0014996285243819615
0.003316739830560083
0.019886532945624136
0.02512864782301719
-0.02769644966024584
-0.03111003655109137
-0.03485803963570666
-0.020288323953201914
-0.0193877625266458
-0.02259369589901079
-0.07229123266253601
-0.24412698363293797
-0.5540773189576372
-0.8816211693384797
-0.859790255367186
-0.4971717891099599
-0.09994460095231923
0.027119172186543555
0.017645693652794683
0.010237541454222326
0.005959349850448453
0.016105182406943617
-0.015026355023184966
-0.00832204851428474
0.020833176526981176
0.03452403238392966
0.016793973105088417
0.2681870134267702
0.5292885215638423
0.7261918902451607
0.6400307996740541
0.4935151859413876
0.2340076344110904
0.12774395637887379
0.10813494834182145
0.09564656737837726
0.07301589878955125
0.06442573420439308
0.06607675905516504
0.04044002537133519
0.025515548406966158
0.03251110453483274
0.03507522773878747
0.0026185373219609707
-0.03208296951203324
-0.05900560777515109
-0.014084151765096323
0.026927146349851414
-0.0067873427514816825
-0.006356224865418601
0.004494576349169002
-0.050800786341451847
-0.14454085386414717
-0.13293621783184795
-0.11306910757333208
-0.08568661563075226
-0.11701143265832441
-0.2971703542613204
-0.6045173675972051
-0.8377463472826231
-0.7531020554818335
-0.3919959016823298
-0.03850148243637539
0.08553541012327283
0.0711084547452436
-0.006343719960474419
-0.024648390701267616
-0.015146882194036536
7.374706348564976e-05
-0.03908893997514085
-0.018355210915443877
0.1459248078706556
0.4179567581051904
0.5785502931806628
0.586370337265023
0.5140979744209723
0.3963804885321066
0.2098993305438828
0.08917612815927532
0.05022443421349821
0.05203549884045107
0.07071934353103938
0.08527854227337475
0.08243194887304457
0.03772169264969097
-0.014251663743569181
-0.017851381222080315
-0.0013049927638699756
0.0005611647514744469
-0.01441541009302997
-0.015313712329594146
-0.008351699231046207
-0.0004750033984420498
0.0037212001970026603
0.0031712272681121566
-0.008354423809219826
-0.029337296728334076
-0.032984506380946736
-0.06818855938846037
-0.07386461123417182
-0.12539162940716034
-0.193652335043107
-0.3863967135049571
-0.576225490489764
-0.7801251467726258
-0.6638842388876675
-0.324644631008985
-0.023022277967607807
0.031328448965436434
0.02350072219885871
0.0027685496362256337
-0.019913786249112168
0.00465839032185084
0.04112699254058607
0.25086606678844725
0.47889750621103994
0.6223622463939339
0.518125790723119
0.4028502769751393
0.23637384731137623
0.14565058121437227
0.09646083728457377
0.05782382979433858
0.030133904229599922
0.02052042335022454
0.014250772446614992
0.0018776487346074647
0.004455691782279187
0.019424105474074964
0.014592114974300362
-0.008295005481538019
-0.018071297845099053
0.004431874344510935
0.0006059422448446337
-0.006803442149512337
0.00024170399360710928
0.0044351608644972096
0.005397173689613303
0.028800665341709705
0.015718952170138075
-0.06117455299454865
-0.23684442556090146
-0.4938582103389219
-0.7401888924024949
-0.7893996270446748
-0.5016228160937218
-0.16907522447947904
0.00277955287981285
-0.01063695606217931
-0.006386666374037572
0.0013970498500801775
-0.005224330639030489
0.005298369084164551
-0.003890027281498255
0.0021302418445647013
0.24015490232945502
0.5067649577766961
0.7068972459941797
0.602278140912188
0.4341014401386747
0.22443118599604883
0.11780547579235187
0.09092780801231594
0.05938426599308416
0.06257068195705821
0.04363505880200688
0.031236010953086195
0.040589058005881425
0.06146544271018337
0.06555904921371582
0.039114293848347664
0.01717045254319935
0.01891136790764999
0.004764004489959226
0.005254200958887787
-0.0035647559063241184
-0.007325289949507531
-0.019991008281287588
-0.0370078693863657
-0.04414867824713485
-0.10725020248483609
-0.22103004599150272
-0.44281470147529145
-0.6195720996196487
-0.7841004274091393
-0.6821380036172882
-0.3851275896844434
-0.0501606432744692
0.030412131418704746
0.0033258093514876427
-0.0024734917629654334
0.0009142571025453222
0.011015331515704966
0.036004097528915834
0.05485329553193963
0.3055827527256041
0.48808551586842214
0.6040250991613122
0.47797893804358854
0.36117125765744285
0.19418355891560085
0.10757799887679462
0.110819038478766
0.0830219400609053
0.08032769567802035
0.04484113659179639
0.03718415450189741
0.016101964538766445
-0.025169097242969486
-0.03504388740736073
0.006616501893207373
0.022311456134913657
-0.0010317379363848477
-0.008674798493862103
-0.001839169310298894
-0.003045320977827518
-0.010225219592994586
-0.0053680585889575375
-0.007757595577061783
0.004902867004066002
0.008253858928154858
0.0024857593385805123
-0.018360618449455336
-0.013494591708609092
-0.014643333113288854
-0.010730985263517982
-0.011806406749188515
-0.007587362618087551
0.008185652447970801
-0.031064964397322554
-0.12331923965375528
-0.29496008509223715
-0.4673515786962874
-0.5950263473085584
-0.7057616978915514
-0.5320147743370864
-0.2278075868671875
0.017186451152259172
0.0020725515818680843
-0.005254337682676214
0.006173106455960223
0.007769357166303467
0.006572069287685771
0.04730356680320825
0.06669280413668321
0.10086968530797473
0.29123030811656164
0.49939854281258794
0.5592675682369747
0.46019071293149977
0.3291747223731993
0.21469484254089385
0.14218437677672544
0.13150060972900415
0.08377780806685789
0.07896279585132648
0.06187246644510618
0.0380861024808647
0.034221421073554595
0.044652935696483126
0.04152622734365357
0.014723394475649049
-0.0018171499753047262
0.0025557961987037778
0.013500096238102331
0.0047656058699553
-0.008931768733334887
-0.015988139009230816
-0.010118071403505135
-0.005039915339490779
-0.005000273180233754
-0.006068496135059522
-0.011616016386582174
0.001124138899343763
-0.021064058136456565
-0.09271619119402988
-0.20690665042710046
-0.31129920414001677
-0.3194630890517687
-0.2862202068179854
-0.23133034255608598
-0.2360892763492404
-0.33254568246261734
-0.521097390644237
-0.45339016418661887
-0.1850973093978732
0.013543327021516956
0.006630917444586053
0.015146257532140585
0.012144960862215457
-0.016585840495867792
8.795379487539267e-05
0.08458321725259091
0.27648224609183203
0.4475045657251134
0.534394500797186
0.4616674696678896
0.3535182095033531
0.21422353640506211
0.11723620649523983
0.07304618017257215
0.061633600541199825
0.047979578992862155
0.02174381000673171
0.021898660922033738
0.02089825433954959
0.03161278945993979
0.05273663428937115
0.07605162506072977
0.06943349293230255
0.006291395575425034
-0.0032863546068096984
0.013775742402285242
0.01753684042463913
-0.027962385961301673
-0.017139885124567388
0.018733533333075664
0.050120897652488505
0.024219322197270406
-0.0009897651113050148
0.0019713872450167255
0.03519632972007046
0.02389075162012656
-0.023038881994538594
-0.04574240981971945
-0.04129800432785107
-0.08682951195964342
-0.17731856923050568
-0.2992226993300335
-0.36666268337162977
-0.43235174078169103
-0.4182649706361651
-0.4739710507575618
-0.3780244466790095
-0.20397354234967288
-0.035630838836548634
-0.04805894767055457
-0.04875818912243703
-0.01337268768688364
-0.0002129241929796877
0.00757975437915008
0.03720835021882998
0.0984917476225422
0.25649399050244687
0.4258435700367083
0.5640939327872411
0.4994818455761037
0.3731225542472433
0.26086641677690575
0.21808978179904195
0.11871622646178755
0.08040964054639854
0.08132244884873191
0.07020953445460533
0.01855606923528709
0.01117527432807158
-0.011117903217172199
-0.025398161809385016
-0.01625582241458711
-0.007022041347298644
-0.008652352186178484
0.003113262573209671
0.013449027254289703
0.031094062785016946
0.03966863223568298
0.02609233113105508
0.013609023131295046
4.619655211103629e-05
-0.0013993941660263283
-0.015043996753711979
0.0037711758042240726
0.0033159649841273046
-0.007353744914301655
-0.036416978273927196
-0.061925994736721605
-0.12323194637719673
-0.17937138535347266
-0.23820511790110227
-0.23590038011987763
-0.3100294411416387
-0.471318478523035
-0.6706483296653443
-0.5420348335867572
-0.22722991097980882
-0.01584880367826138
0.004337730526700412
-0.0034065236891318504
-0.0034911980328765227
-0.034668594034056435
-0.002988111931123575
0.016558255084718913
0.014161101350219992
0.22124545838441964
0.4951076594862845
0.6535828387110464
0.5351284270597085
0.365708777355007
0.2364856041815119
0.15627134395888598
0.09805123382472183
0.025995507278859006
0.012747038346327497
0.008110220750503425
0.0018542017209023185
-0.0013631383784940994
0.0021103025235754027
0.006072885091592856
0.015508599726348308
0.01653853248870402
0.01964717262484108
0.017655998276909664
0.01201324332342015
0.004451103820083115
0.0034711779870105143
0.011888635211180323
-0.01937903878609807
-0.006690622123729477
-0.010616493443687624
-0.018197419909496422
-0.07255383499402543
-0.059518559683736615
-0.03778666561809801
-0.013093229936963708
-0.009726896789440683
-0.11012019553552929
-0.3453893619145748
-0.5273177391217128
-0.6460219838264847
-0.6142141440714856
-0.40225148001159633
-0.0803383189081721
0.03440959125279268
0.015614903655630067
-0.006355756519760445
-0.020857933498908597
-0.03207460936969751
0.011322388670688613
0.058253257446568625
0.19902171127941592
0.42897692270741183
0.5876935043818831
0.5745335872849843
0.42853421682697795
0.28435517107500136
0.13442580655345754
0.059825287555332146
0.02057190092300068
0.00921089267867021
0.006319246272641564
-0.011885545965405767
0.007618324337740294
0.02593490826172296
0.03710914875997201
0.004310388509242849
0.010305077122305368
0.014793303688969193
0.010842282644876671
-0.0034681974140057244
0.00303448574034852
0.015195796963101615
-0.0005781964910553817
-0.012699963963301919
-0.035950612236306786
-0.03887390257895896
-0.036758643994338994
-0.03087046737932832
0.01330342212284266
0.02028643122940983
0.01079752758909529
-0.0029075665325184316
-0.035217009191569754
-0.24821069403983215
-0.4825687830590084
-0.6603406405172982
-0.7238027013954418
-0.5132228296091566
-0.1460559065716967
0.050244708373426816
-0.0016335980772653805
-0.010423962458091974
0.005514550390135749
0.01998565690968432
-0.012112417506342659
-0.015817733037244357
0.012523235058300476
0.037650167924013316
0.16802830446247302
0.3899477851763663
0.5982833939823817
0.5827908072539827
0.46228668725391986
0.270003509191
0.13265577248713653
0.09976133464059771
0.10942268201145015
0.07841222874890556
0.022840097714240802
0.02004776157957297
0.008096882692425702
0.013243085834862259
0.018755259978207716
0.025591467903135573
-0.010807429112578846
0.025520093827755677
0.022785785298349563
0.0020809806305155565
0.005412816990764324
0.039383977990088206
0.04023720302285837
0.01529948836163742
0.028409503450616932
0.02519615319047617
0.0346910979103617
0.014555997688417819
-0.0009500401011131674
-0.009004238239069063
-0.016799667880514586
-0.08829059763475705
-0.12930543857571175
-0.13080445400560392
-0.10511425439905908
-0.10004060269716246
-0.08673661157039993
-0.0868989217668217
-0.22479835411228982
-0.3549382518886002
-0.4891837165634478
-0.539511310151672
-0.5011905450123184
-0.2648640649750673
-0.07576360509433468
-0.005828823182946567
-0.0013255670713025894
-0.0009024467443335595
-0.003959936003607232
0.0053569928109328075
0.01608678901028135
0.1010972662044044
0.3091153461003871
0.4528451928358347
0.49263493304012895
0.45294786792185143
0.3092021818370207
0.1492820555622006
0.1172611749055019
0.15171597054057956
0.08560882312986673
0.04957037890631161
0.02316806881349123
0.031901331829815804
-0.004216363635339364
0.010911955306250606
-0.0039040288728995304
0.0057650529485078345
0.017500326324077272
0.0015249908761889742
0.013202023909244652
-0.05923284440149039
-0.012249426624872661
-0.040313504776235444
0.024379033141494904
0.005028520163521758
-0.0024319515417416514
-0.06298612478473226
-0.02937264506634758
0.02315573721146041
0.001441088712306232
-0.03305522249407627
0.04337973485266003
0.04615834731435905
-0.02864087508850357
-0.11751338118464871
-0.11602313702566172
-0.1123746979101878
-0.12232920161090545
-0.23476329101565496
-0.3934384263898939
-0.4823211374707965
-0.3854728141845755
-0.26048493750113566
-0.1306098118031047
-0.11077207093120749
-0.07387949829658255
-0.05972753614207552
-0.003984483759730551
-0.007139178280942839
-0.0008532003618379495
-0.02012996788461068
-0.01874148339265288
-0.010462676981154467
0.01861036156037668
0.12121225727808646
0.24872178095785893
0.4065423445496414
0.46284747981120306
0.4421846824639752
0.31308436371778253
0.21571495002974406
0.1312959766446767
0.0795211957265691
0.07925246242183985
0.06344530165402024
0.05962684258897781
0.02835837733649694
0.03062872419495525
-0.013015362642104036
-0.006839517274041546
-0.011832007433827329
-0.0014291256157466603
-0.005344048815172423
0.013709651427895694
0.011639756877402424
0.0023792978997962625
-0.008754094496702431
-0.00712601012237556
-0.033328997605774235
-0.05526920843497507
-0.0474139273486908
-0.02564270285069612
-0.03631594673809105
-0.012546427148691974
-0.07385152447370666
-0.2982413347657039
-0.48953116999420726
-0.5182113539744029
-0.4193974435910889
-0.2853216259849425
-0.1720565834295922
-0.11105540873056538
-0.09217357539336381
-0.03955702678268934
-0.021227141654038384
0.0137179378786399
0.013343422900614226
0.0037433462790995814
0.033450914220570144
0.07151095316217328
0.16410379025571778
0.3459675782420341
0.49946926198684144
0.5269843899194785
0.37881396496764275
0.22086898810392017
0.10567196428572219
0.11550552100022672
0.09200623326227292
0.07892733258776254
0.06518475200263471
0.03579770932406196
0.006362529125589574
0.003857994350288849
-0.0007263093629315365
-0.017520389856373494
-0.012911126361291374
0.016125784223706186
0.021963827129926398
0.0068497140916422726
-0.011436987508681204
0.009493533549478256
0.01855415533781544
-0.02136300325315617
-0.016985277239328998
-0.02780726056623081
-0.07628491565625811
-0.12884198832407256
-0.09466545308775687
-0.044936416642688715
-0.09480717595909575
-0.3259982055018635
-0.6741268360636333
-0.7641647334712754
-0.4767290198719155
-0.09396904046750597
0.030590233888353573
0.02102739193611195
-0.018602482175309836
-0.006006657652994992
-0.01685227944955833
0.01580588154666953
0.01515178863058831
0.058612550587690104
0.22007268263034152
0.402414832198431
0.5058862500992282
0.4841853719710988
0.3670956083444656
0.2442620233951602
0.18096904678999032
0.15881961493686775
0.06339341726818778
0.018850519374934715
0.03442926995283581
0.06053613883574278
0.02429696598523082
0.005668798647757022
-0.0005505343838450654
0.007243611747875874
0.020557973249760723
0.04070648931559737
0.017980243760684272
0.010072699364313008
0.005379800737667815
0.005238091987962239
-0.01758588429518131
-0.010191085167642163
-0.03600846321024539
-0.044136902497701476
-0.07632146450970032
-0.19744149754113666
-0.3640024947288394
-0.4079327293389659
-0.4170342599435216
-0.5397989877639369
-0.5158331395722962
-0.2820568247608851
-0.046669996012974085
-0.008817257304167455
0.004723557792024566
0.001050610158405199
-0.01015640063551357
-0.006595732532217485
0.028426659674201948
0.05596386285016604
0.1305085472836401
0.33105363107931784
0.5230489482218725
0.5572644635325312
0.4506038942822222
0.34400299661967015
0.21014792761513879
0.09075731124214076
0.03116981338222565
0.021750685423493787
0.016425026180566033
0.028965623881145215
0.010138219118191356
-0.015659427917782028
-0.0006112765928556118
0.04006778161172629
-0.006996901506047685
-0.014782958392727565
-0.013094081905796558
0.014908533779578136
-0.02310207228186763
-0.11150090732604225
-0.2909870661936836
-0.37167520477259125
-0.3056232299734767
-0.21388488261744856
-0.12125266846500482
-0.02262128946684436
-0.028249810703297348
-0.1508561515933264
-0.358493086938904
-0.40573764414232355
-0.29419249351352045
-0.07512216141940167
-0.004608333335376796
-0.00030262579838874286
-0.013502637176797741
0.0035195572961432466
-0.0069407196454003076
-0.0016620857983286135
-0.004465460860519572
0.02731782156173055
0.04432715944552582
0.07250012428096739
0.06707731399529211
0.18736489152230051
0.3368453126403097
0.5023365862385163
0.46013066283638676
0.36949756912014686
0.2440092260275041
0.18867939943199938
0.06815764230934908
0.03339355425486845
0.061073339745284484
0.09344797854397285
0.022252869672187835
-0.01479957365649313
-0.007998817800279464
-0.02587406548346843
-0.04116816435990784
-0.0166263242588375
0.0046659528640798295
-0.02564373989039983
-0.019546804371691817
-0.020525494874943075
-0.009802050679176525
-0.005150711598595872
0.04027831765004476
0.031097666648360337
0.019144271353604133
-0.010671315498569011
-0.01445100603789405
