0.4250745647070201
0.4400952072641703
0.4360953273158519
0.4134352254954503
0.39273707916423395
0.37789758909102983
0.38269919762128235
0.38726830025168013
0.39451114487018074
0.3922260456647758
0.3986061330227493
0.40095568498778383
0.4071409351412307
0.4086331419140038
0.4111000035150722
0.40846336382947435
0.4022846103964271
0.394544633894056
0.38591832924212544
0.3875681777034594
0.39338614853229803
0.4128827233183843
0.42711714152766234
0.4350782337850287
0.441484867744152
0.45802734548852214
0.480483328378868
0.49690218499431826
0.511372518279509
0.5308617684714737
0.5601128986736977
0.5842114326771614
0.5950933666896701
0.5920502896949373
0.5848249001897181
0.5782637647136952
0.58291101661403
0.5822894959578544
0.5725841429253062
0.5448027396299598
0.5279534729237667
0.5239526521644768
0.5308318201534121
0.5279654314774729
0.5138098472351986
0.4857341155755858
0.45134030393801294
0.4280366468408107
0.42456084051183296
0.4392868123840528
0.45765028184465134
0.46750028052927156
0.42764910005159007
0.3189203459024464
0.181490104811667
0.09623830134684883
0.07392518824701996
0.10765774961210224
0.15718936768112893
0.21225468235294967
0.25907912169447256
0.30689161538233733
0.3211798242363545
0.2885839739889243
0.23469958564646418
0.19136698820907663
0.16424021606284106
0.1366828062383756
0.11251209295897355
0.08544457318309633
0.05831726110957633
0.04167246092668697
0.04673661760593627
0.0511230600943428
0.04940996865130308
0.07049725899870589
0.12596645834901457
0.20032174286790563
0.2580918428901484
0.27865321012567146
0.23486775182508696
0.1536873710433211
0.08512993567660092
0.05841898072120802
0.05889900161282889
0.05561980925426844
0.053028411748087444
0.04586504674743231
0.046709818880315404
0.04640821686965235
0.04261436779301355
0.037910784500381565
0.03009205669357733
0.03204237737583052
0.03519004773277846
0.07509345053720512
0.1659841645258597
0.2658505205857301
0.30036640965275857
0.28152482423686803
0.2705574842513263
0.285515700601064
0.3311939795862231
0.3977977754855618
0.47128915952443534
0.5260486558541972
0.5655425545955963
0.6080640790417277
0.6556839042633021
0.7081309160117908
0.761932910402901
0.8281687472276218
0.8962576172723548
0.9589976377663186
0.9911614279825322
0.9876994730591346
0.9606088458761347
0.9203010708235494
0.8683999462970624
0.8106001764396853
0.7861406226529212
0.7842881596357796
0.7948550426299513
0.7833380716050345
0.7675817169655218
0.7394184479952991
0.7040385438979532
0.6691093094055726
0.6531684253114403
0.6601783750933164
0.6787074503877777
0.6941250405905067
0.6989306804999159
0.6920356482688738
0.6715641824077943
0.6224677877756687
0.5494830704780577
0.47132324845877915
0.3959880316487863
0.31841951982865246
0.2375865892601654
0.1668801521903521
0.11885440254488783
0.11470968827871629
0.1486398811635937
0.21197398202306328
0.27437945612177905
0.3129797377808538
0.31599302183957717
0.3049323224721202
0.28153122454737234
0.23345876147222247
0.17010919433386734
0.12555389864413907
0.11604609646838993
0.11879790082486652
0.11731581290185215
0.10945661002337011
0.10175179873111204
0.09629958236097325
0.09217059644013134
0.08900535497957329
0.08625459894053922
0.08854882536120093
0.09142959599283874
0.12748956068507783
0.19653442156739676
0.27020987606813096
0.29427067309379074
0.2604984389993742
0.178995309008289
0.10629923511415301
0.07888345736893462
0.08100092180631852
0.08125334322139825
0.0839120569369345
0.08621191823512356
0.09560300887931054
0.1452819621628094
0.22570625806435293
0.29835701749831606
0.3459973910124492
0.3722113376199297
0.38033551375128777
0.3934558413200121
0.4628936506073017
0.5739291809228387
0.7013928770084841
0.8093773757426326
0.8997437468338536
0.9410590681235232
0.9575712964659268
0.9541365767719397
0.9526967644745615
0.9449059821167265
0.9510620990320144
0.9672589110586663
0.9901976341715747
1.0
0.9783862376161335
0.9297109865086123
0.8594173788192035
0.7661422043297198
0.6859751398401598
0.6543273362137803
0.6618864190098787
0.6668381758395294
0.6539095089506894
0.627335707545626
0.5826953711171781
0.5314883108196807
0.49619632332976116
0.49310797907493303
0.5084545604015597
0.5353795346679302
0.5573575268055948
0.5570821571857729
0.5264784841538851
0.4701380276502039
0.4095693766524585
0.37103667431831483
0.36885262129879715
0.3824405225679496
0.38865851469128504
0.3537423327831168
0.2661655264191511
0.15488766867307008
0.09033192105931886
0.08277607541374792
0.10402010331876327
0.12138965432124714
0.14617207473427768
0.16547070438979528
0.15226070949052756
0.11693004478171892
0.0880693815725126
0.070744188714791
0.052779861564119054
0.05499959155773941
0.06001091710747056
0.05562111397532678
0.04978523474103782
0.05417352927694782
0.08239429640729419
0.12447133256357222
0.18138351860829166
0.22459591146997265
0.27888186284167
0.3312106911780133
0.3699056055950423
0.3767810769848126
0.3744736128823352
0.39062724803459775
0.45906529062369783
0.5682999207089295
0.6674720546329062
0.7316041976640988
0.772740634500792
0.8078672276625009
0.8276929535719012
0.8268052322353194
0.8062367046925072
0.7825813225960673
0.7749377645024693
0.7758419485599917
0.7781862872360744
0.7850154779829912
0.8015972467507867
0.8215363933802555
0.8251936220385753
0.808844448795941
0.7751944910206859
0.7462024500565954
0.7296422026876823
0.7275682523186864
0.7255556386560269
0.72428094780155
0.7162825192443286
0.6984527897408264
0.6681410472537779
0.6189017590115679
0.5479122910366515
0.4859229217916825
0.46071864727119344
0.4640103590151484
0.457661598429796
0.4291885724822793
0.3790872269037714
0.3420598701946256
0.33978972539560165
0.37227413128999703
0.4059428103400196
0.43318864883861774
0.45317410878271036
0.43623179978832305
0.3235527392847063
0.1672085358328779
0.05466912584399087
0.036633656802171455
0.0494132517892325
0.08268401717818202
0.11010860767280804
0.17297350970264597
0.2202214054137355
0.22129079009066327
0.15171387996546348
0.09018788963519124
0.05540259631615341
0.04556477713593063
0.04276661856457922
0.043724545526897744
0.05094280483318435
0.05219898820861236
0.048795406035412166
0.03721250177629606
0.02540130811993126
0.02146183442740324
0.023996874078827685
0.029369853571517026
0.02501539919216241
0.024847292586535695
0.04079066482584256
0.11199873676268611
0.21052191506455248
0.2816391776748029
0.29486844432446424
0.2751523167552043
0.24029526820591543
0.1962036834161715
0.18451261565223248
0.21506908751303014
0.2908956350722139
0.3661480504819237
0.4301761112285437
0.461863877049042
0.4758503803751414
0.4831562919477921
0.5218353814195674
0.5963213358048828
0.6851733616732325
0.7580180653241051
0.810194474616388
0.8329450402364157
0.8290741862262636
0.7945510679942959
0.738639704744068
0.6844122301602401
0.6587733960092561
0.6544003352128083
0.6512442726940463
0.6463983244125584
0.6364193867061215
0.618327219305263
0.5902446358650054
0.5616276770669012
0.547319894023642
0.5631582919069003
0.60405664756492
0.6448625620350065
0.6590549538930469
0.6161653218766519
0.5227524935345137
0.4072702862969499
0.3262074772462979
0.3048039732341382
0.3272559126951207
0.35100118823661175
0.37426741991317936
0.3888015787988234
0.36963218924178853
0.2919680701196414
0.20954032888814464
0.15979160099439627
0.15475622318797977
0.15335380100800747
0.17408031240450045
0.21767984745154953
0.2741032634056835
0.2958769700741366
0.26546951285977244
0.20346140215924774
0.1529570148141265
0.12199026276882835
0.10949387153955303
0.1039793899207609
0.100854194110787
0.08297611044963141
0.06506499416588085
0.05960249692225375
0.05840170445837447
0.056529762381345786
0.04621121302331043
0.04662828913285949
0.04752254664416607
0.08302316537483743
0.16480868060642576
0.2557833729438634
0.2890605779498631
0.2609077629734924
0.20933237132513868
0.16893154174709404
0.1500901908666385
0.1639970240069285
0.21206200720629786
0.29046463778907217
0.3719724270988759
0.4312066745042561
0.4677120434892968
0.5037750990508806
0.571340340906195
0.6701538516412757
0.7744293291076754
0.8492996646657981
0.8948878481732063
0.9084563929090502
0.906248016861547
0.8719145317303033
0.8234085454087798
0.7594888646706048
0.7138630878720802
0.6738235304783541
0.6419711577542601
0.6082480205854093
0.5828553571357272
0.5650946732206592
0.550501446860181
0.5300433489752614
0.5077928574253882
0.4902900044172573
0.4759395768412011
0.4646126506420451
0.4574939628824066
0.4555108692571473
0.44498735833317477
0.41050857050429695
0.35744646221310666
0.3153826334618201
0.29624581639195186
0.2992555821797511
0.30190025112353114
0.3060859659771909
0.30478174871165936
0.31133392984281416
0.32886500562971893
0.35579525825864294
0.3793890352331707
0.38535952324988637
0.3768116266980299
0.34793461131009024
0.2939497018129325
0.2384762607045073
0.20154265243659503
0.18989418838149455
0.17234133489190637
0.15218352477630598
0.12979652701167038
0.1123719481151222
0.09173840750021123
0.07923820929093327
0.0829816351957184
0.10170341031866212
0.14478734054204712
0.20350928064934873
0.2470773587826235
0.21103833957026807
0.13349409193737738
0.07582764800240864
0.0621684856028379
0.06451870155486497
0.06723236489048819
0.0717745614277581
0.07187640787761732
0.0805283976960551
0.08743323185735115
0.11660876180992152
0.18339676299431304
0.2827342168213288
0.3744643428686419
0.4382702742595335
0.4731855257129444
0.4826175440558916
0.47008482942120317
0.44722093570002486
0.4297877378104208
0.42639968286165425
0.43555427469804653
0.4672579218462673
0.5176431720454637
0.5842589244047788
0.6476543959785727
0.6984473328251476
0.7314251402262668
0.7407354335327223
0.7276228307757623
0.7014701092490677
0.6801341651194275
0.6617911976693742
0.6385232141486307
0.5999484741854734
0.5385845513712189
0.4263421370674561
0.30893420631349555
0.2618256625104354
0.3033629163391224
0.36058202683935847
0.3976787396346311
0.4201315479856914
0.43838457974920675
0.43355234155413097
0.38826423838458257
0.30005100768179566
0.21652424769052214
0.1636420154880121
0.14332053833177696
0.14752414705540248
0.1935299371893152
0.2884482562161084
0.3948725649922628
0.4714392912532027
0.5015318555327369
0.4861643602813764
0.4157819518791962
0.3083314894062768
0.21252402845456936
0.14954519258932214
0.11615599458308945
0.10166284649289277
0.09596399958808374
0.09712996161406624
0.10316124862798172
0.1335109934581945
0.16440902890027895
0.1896775397088041
0.18752490520641593
0.1474306066514556
0.09706903888396141
0.06441707316116711
0.06112350645758725
0.05460000797407442
0.05237072945815985
0.05525384893093068
0.07690505629698347
0.12361508246246254
0.16482796706354544
0.170337296300457
0.1360515147210713
0.08941778285422464
0.05720907191429087
0.04822680621749796
0.046004111587650484
0.0402551896885484
0.038969134236018284
0.03860001171669577
0.03686422481199553
0.03953659802717434
0.049271340810261084
0.049466474455116656
0.04728969220319061
0.045969326503989105
0.05280350575733399
0.060941155039445256
0.07075994010154366
0.07917716909543197
0.1051652358492086
0.13227777841278762
0.1618712989491562
0.22745998747917426
0.3393904334538122
0.44124907045850764
0.5032351603375436
0.5386841792646108
0.555078402330349
0.5498370437759135
0.5416545209912348
0.5634230506885423
0.6199562101483415
0.6842559742841179
0.7291590574930187
0.7538936296155464
0.7578653904887905
0.7493653644616035
0.7238766772973598
0.6868942764697592
0.6528642013304177
0.6355429615558055
0.622342739721676
0.5944399893341508
0.5500583526360955
0.5029866487687081
0.45278545782632273
0.41701683502245707
0.4132303912082889
0.44221728448780623
0.471622422810266
0.49322132113286066
0.5120268900822992
0.5158248080732709
0.508684860676976
0.47934798159862685
0.4026625894463327
0.2911303171243907
0.21251717552638583
0.20999402239221152
0.2519288822524887
0.30688548128557885
0.35607689185353786
0.39965856707398706
0.4271534173633419
0.42731562212439844
0.39123803867118845
0.3330663481543381
0.2836737895005519
0.26720097921533514
0.27371896393665684
0.27667257884646024
0.2751664382708365
0.24990016590891678
0.19961215174417235
0.1440524744485489
0.11050402272354654
0.08663174097593039
0.0738030897493173
0.07350588757840568
0.07175474785868018
0.06860212715719508
0.07213557598103046
0.0742020494667506
0.07800526193016903
0.076973521005254
0.07981559849656515
0.0794385783894321
0.10167118842394275
0.12097315247321878
0.14340947889702893
0.14741594358722623
0.1524868098043979
0.1192003096604805
0.08608332333064085
0.0593137140814856
0.057415091899498824
0.046863616866778195
0.04319070623149501
0.04468392283064123
0.04505751850367522
0.04292752879336519
0.047066269685318685
0.05123265304985702
0.04810845587679231
0.04640824454645905
0.049956768056505355
0.05525974935569035
0.05421778510219639
0.04919068381414961
0.03994440476900014
0.035882804248914615
0.03042599964457195
0.03857844238512526
0.06176997527843858
0.11477495398992105
0.18017502534206858
0.24510723037368268
0.27723048090407043
0.2907917044715368
0.3163980684193054
0.38087169186663894
0.4752823232839635
0.5798554759914017
0.6616753338564005
0.7114866524631049
0.7346332153194258
0.7441831339081083
0.7316665981908559
0.702200180723965
0.6848673367951541
0.6920519728615356
0.7088551297273735
0.7173293697095207
0.7265781643822926
0.7275797195465814
0.7214046824766741
0.7066494307585056
0.6887970795854674
0.6750033832474974
0.6801554479100691
0.6995861159855694
0.7170941473606285
0.7273415792287142
0.710571733341955
0.653065689587345
0.5784196364492384
0.5308660404199336
0.5141340844148717
0.5224800498913639
0.5298901215994881
0.5356781751512748
0.5326572453344914
0.5378543223950049
0.5479736168047468
0.5595041674098237
0.565454112445826
0.5498982384840824
0.5330987236012282
0.550065861376184
0.593072410169801
0.6220270297242554
0.6284687759810598
0.6317779054416696
0.627083037002548
0.6156022583922892
0.610979237541817
0.6140817159600428
0.6224315378428636
0.6277965867808702
0.6269569170497011
0.6101317200739288
0.5901102417792413
0.5730555339908722
0.5543781676055928
0.538508604627183
0.5353227175863062
0.5432788703896845
0.5430922581451456
0.5404913649135966
0.5356919312677639
0.5239294017021726
0.5115748413947907
0.5057776729459135
0.5087260650192881
0.49837924294554503
0.4834266637377352
0.475890743482451
0.4771863823082989
0.4824277835958234
0.48103479755229933
0.48577026565868137
0.48575558817001496
0.4920155221513657
0.49226107090666005
0.49432342895252607
0.4831845499455672
0.4677525646568237
0.4640385943968076
0.4913823064442366
0.5374248794304258
0.5874029314341479
0.6203050394097895
0.6267951233534527
0.6131552799698969
0.5894701720393615
0.5618475684092327
0.5336684375613527
0.5003007810019257
0.4499924512608825
0.37474507500436555
0.3057558351366692
0.2861767730279409
0.33028269139407335
0.4072927217187712
0.475817045006698
0.5328070806153781
0.5758196124993951
0.6057226476568951
0.6037860853084202
0.5736562202171788
0.5295757814056421
0.5082172608908326
0.5130094773601246
0.529070429646234
0.5345009077999099
0.5249024703888243
0.4748836815986626
0.3802081753831022
0.2893428381384238
0.2580177158501895
0.2903841240492182
0.34009464077132356
0.3840603757594448
0.41528153879059854
0.4369960021116534
0.4432862657639511
0.43346367971557503
0.41231860472376775
0.387869262315591
0.36411396194796686
0.3488852772028854
0.33688883717124196
0.31847105364209516
0.26892081210722385
0.17119163984156283
0.0962717558271394
0.07849544508738354
0.09075303530752114
0.0815746630186932
0.0779672604324176
0.07643189079504056
0.06787678323922153
0.06133026741921168
0.05855009875720778
0.060558866645254505
0.05665019170184428
0.048580062222024004
0.04339621285613336
0.047529053251287215
0.0478432871703571
0.04073028476504335
0.039409268363119324
0.041922981324435754
0.04258539959743403
0.04264212070266556
0.042846543772757095
0.04405791044704135
0.04262208996950167
0.05661311289597924
0.08279035836291859
0.1575568380314873
0.24939814488429077
0.31791673353697036
0.3243602583588888
0.31567999124314283
0.33010477843723934
0.3941193369183374
0.5098006355670017
0.627556290131928
0.7112687738929167
0.750999790532351
0.7735470427333191
0.7799496655626195
0.775441152652033
0.7587969504720313
0.7435430421013836
0.732431746284003
0.7307153304176318
0.7186824932512829
0.6924742125437395
0.6482153494998885
0.588470557619979
0.5002024783140188
0.4163633313900986
0.38750843059235535
0.42478948563097707
0.48868354193576136
0.541178058659958
0.5714875480760231
0.572816327515275
0.5399831363868626
0.47345666199760006
0.39085555681367296
0.33273136573661716
0.31637704556701646
0.3297126382356869
0.3459183849326044
0.3591062332544016
0.3663722467899621
0.362330620818247
0.34618822201567834
0.31688628362235277
0.28749588277812876
0.2791689307902234
0.29625380945779384
0.31579460584157426
0.3261620692185039
0.32034403430191577
0.2860723625243694
0.23342775124809456
0.19201562987101156
0.17682182060180343
0.1947222295480613
0.2465729254688674
0.30940094920683847
0.3442434900469557
0.3367835319070566
0.2864208792333652
0.22970789264370542
0.1814198164402504
0.1556391246528255
0.14881779713814325
0.1634878685443599
0.1769015282154799
0.184243367533601
0.1670253308205914
0.13456918089634912
0.1024962670445771
0.08342932376794569
0.06317223499275887
0.05052923679328042
0.04572747731457626
0.047740052774996454
0.05477001159218299
0.06139648782063294
0.06144658579145554
0.05609939868423917
0.05337707548176017
0.051599832284485926
0.047012826996052345
0.05334369021423263
0.07227346597545639
0.10216722026728181
0.14246786154536092
0.1919039960587697
0.22404942497838565
0.2349525632694133
0.2344704683703889
0.25598959278479666
0.34043379587684447
0.4708190276754107
0.5809021329158459
0.6377390890895602
0.6688096238975982
0.6821502682261434
0.6859627491614665
0.6970461651760228
0.7390936129703368
0.8071413103642601
0.8621091819194318
0.8832302725913282
0.8755765641938679
0.8565656285794532
0.8311366628697834
0.8137657720350392
0.8091764882984006
0.8127319491169198
0.8092638914498497
0.7755070359639058
0.6880013005592287
0.5631369378378187
0.46904610659220064
0.4671112250297206
0.5206937839807868
0.5704429228104839
0.6007721391960017
0.6292416256321023
0.6479628038513051
0.6494217495289609
0.6249985115605746
0.5764137842904208
0.5232359550716054
0.4984063187500575
0.49086017543181626
0.48276301129272015
0.44107059690730505
0.35422209694848356
0.2645364374642593
0.23071850110855244
0.2488427784010165
0.2746665154415116
0.2946142556921445
0.3142778778829495
0.33174710266689167
0.3524788180621336
0.3551686483044248
0.3282340940972084
0.26928868340672124
0.1995913887415022
0.14145634659347475
0.11258847887638751
0.09960897500120482
0.08664661690916636
0.07435357400515881
0.0703692392632066
0.07620293462916035
0.08838973261773055
0.1023386282977279
0.11033274193538864
0.10662054971915176
0.07702765009552269
0.04765771830116041
0.028557846944977174
0.026851580872955097
0.028471158359434735
0.036063941776824385
0.03857224964372887
0.04356159039787591
0.05008587208884466
0.04086959379837146
0.030063665012245357
0.022427346504016902
0.023201876612211635
0.01771275070085906
0.015880551756905514
0.019632645125884016
0.034598975521618204
0.053471484857227594
0.06665586484900297
0.08012327839017369
0.09105551066607762
0.09898156834158196
0.13258322184866445
0.20187562136877713
0.2884122935813679
0.34951389577786895
0.38462217354677825
0.39853690355745014
0.42835616028801216
0.4917544263307025
0.6025281894677547
0.736408034375257
0.8472373811783774
0.9146202704878172
0.9473034589529776
0.957622763385002
0.9441287915493868
0.9130207970124334
0.874877048401582
0.8249614680709947
0.7649241394715209
0.7015950122837786
0.6644213762157306
0.64957989078552
0.6388639492552531
0.6142655978582144
0.5950377855661666
0.5847405278453482
0.5925749717474842
0.613096416966443
0.6334194659968359
0.6444473221683858
0.6468392084992466
0.6389276225349059
0.6054590962336742
0.5582639694396003
0.5112604643420591
0.47153869334221904
0.45821190537636036
0.4582132993373935
0.4628465620959181
0.4581711931398203
0.4583370603372363
0.43409617182145854
0.3927551355650316
0.34761890059133055
0.33424888535317726
0.3436626898845036
0.36709358763833233
0.3788753031691795
0.3878164041079374
0.3722792533808818
0.3316585331579822
0.2724636992231508
0.2250924675563455
0.1942546121633538
0.18690254411445476
0.1877070975717486
0.1941621451101213
0.19164983453181927
0.1726529669204406
0.14110277994469134
0.11014970365837426
0.08577308827949802
0.059818499275893194
0.055840112037011204
0.062489162787634125
0.07593380869733782
0.08650176658847317
0.08040218652399671
0.05462105910523871
0.03427925817740243
0.02776891572041572
0.028090781034876805
0.030479836104780007
0.030347410634611688
0.03134417620986504
0.04687709514299102
0.08477993177871489
0.1311767142631541
0.17642471028188214
0.21056219051192118
0.23070573436996172
0.27400304689297467
0.35355043429975275
0.4596904063593504
0.5544988858479016
0.6131734350392966
0.612656110636305
0.5533744483138111
0.47833859663283385
0.4207954717452215
0.3832405616080697
0.3675043795122476
0.3822208982582788
0.4229131211828975
0.4651391065946374
0.5044912308412967
0.5411281347873325
0.5783804280114918
0.6047313502274478
0.6051733294407097
0.5892156390598103
0.6045018089559252
0.6578570822711347
0.7313116591914371
0.7905721821003576
0.8217367498943765
0.8100035141271719
0.7616497931310227
0.6759171794641866
0.5708661591162045
0.4438139466008147
0.3161729342637723
0.22266844615751047
0.1987165899545939
0.21736151857222258
0.26007579784505824
0.3141478808827213
0.35870215063993327
0.37728387088811305
0.36753492507083413
0.3265647866120831
0.26450722742399035
0.19934158191874637
0.15693210077859654
0.13651594585417404
0.1312906892222531
0.11949353398618952
0.1156257335813321
0.12079232970207038
0.1482444332651949
0.17933664355882464
0.20116757702197063
0.17763012386690097
0.13969899326874832
0.10418417660588278
0.09085062198852435
0.09231485191232094
0.10562637933870546
0.12495829465224732
0.1493456187748221
0.1675512392695237
0.15687026832992151
0.13420648215039455
0.10701663812085496
0.08114691421388734
0.06613125088305201
0.06501309743158687
0.07099810864752482
0.07698353548654627
0.07891393062930387
0.06671336429903658
0.0524336585254769
0.04950234049967737
0.055044814573770015
0.060758754578607424
0.06378124902537284
0.06906109306174522
0.08051115820028683
0.10175818858283725
0.1221173003791091
0.12429336811078662
0.10398301530915242
0.077344866707911
0.06246278720870762
0.0587420214091109
0.0590685319518419
0.05944087064501822
0.05484246033314905
0.058891268098244125
0.06778542303470743
0.07679035805400637
0.07408475293331426
0.0784915788684266
0.08404454834679723
0.08736884307518139
0.08459417808292317
0.08474482917743269
0.08286841004511139
0.08174387071915007
0.09744307936455104
0.15039167469852455
0.22906314858730792
0.29186860778735085
0.3255743155012926
0.32765880607628334
0.31723704492163884
0.3026097618495263
0.31646362571205844
0.3819304949998776
0.4853762710907753
0.5798785767648652
0.6495929230193214
0.689057363322257
0.7033705400300736
0.6969696844137552
0.6728768684949472
0.6316575713419041
0.5755701017594662
0.5307813618811477
0.5010072345546607
0.4974867509579533
0.5089983568782531
0.531730705377566
0.560994642522203
0.5855616256475805
0.5949851557224393
0.5841637903931683
0.5624502218008642
0.542066202435481
0.5381063243589151
0.5597788065329732
0.602549823310564
0.637946741209696
0.6468215580715744
0.6030313874762573
0.5148987683088708
0.3960292898785063
0.2958801919766562
0.24768733685344047
0.24461511143956835
0.271838287658871
0.3073825532579241
0.3455198551578853
0.3703893895675441
0.3861771991257382
0.37464268926625005
0.33160671411034764
0.28348431711427724
0.23554171986506567
0.1931729061625728
0.15262279696297135
0.12341620835361419
0.10409804963961315
0.10286778555454004
0.10457763087773399
0.10541577268734209
0.1047619077686163
0.10789128359447486
0.11368654546065197
0.10560904261733148
0.07973666750277547
0.055403338918155125
0.05849719140822559
0.0801678239982326
0.10559973403887975
0.12823195933155884
0.1437268653796589
0.15445962435370775
0.15893351054281446
0.15961184960034414
0.15086826849875803
0.14200464162556997
0.13053977895027186
0.1277610243246332
0.12140358408349199
0.12115047005555299
0.11579549599880631
0.10874520861634542
0.10245011533098598
0.10360790573121027
0.11249158172252909
0.11881110745221889
0.13033366131546406
0.1436516782157641
0.1503829495580537
0.1449349929486397
0.12670445614126705
0.11384921729682126
0.10818764067496489
0.11094085354358753
0.11593826988034965
0.11824519729702333
0.1270239373011888
0.13529068300347896
0.14462210762874203
0.14201388511841453
0.1212260219070086
0.093927552777972
0.07084735031105435
0.0717532439417983
0.07967354528798265
0.09845172468191102
0.10766970537845333
0.11065448375567898
0.12227921462998456
0.16274228234137308
0.23356436676546027
0.31117648869874037
0.383465080023268
0.4330896088791453
0.45624349815906184
0.4605458837462581
0.45261716721000567
0.42657522889317323
0.39510871404284875
0.41324355360459203
0.48583163324840906
0.5554897011194121
0.5807306371581668
0.58176907225025
0.5848647519925674
0.5867579648864302
0.5789426569825091
0.5896614282848756
0.6206072720153744
0.6564842668993415
0.6398612681671827
0.6211758019710707
0.5508715444493534
0.5230751574303113
0.5133953927342004
0.5527042184192201
0.5568042982052565
0.5177927020331485
0.45171031979074877
0.40581807685766336
0.4157656692045964
0.42470432321045715
0.4295958116218566
0.42830449900912104
0.4161230453534587
0.37340458097573664
0.29204840723787234
0.20210003178042113
0.1552862528238207
0.16366884771708357
0.19692144365274547
0.2005052599310922
0.17162072298553752
0.13065771752683
0.1082108097705032
0.0980873495696681
0.1012238598868483
0.1236685745208738
0.13548403236999726
0.09869066462311823
0.0383626266401533
0.00576839260738489
0.0010611917514914424
0.0
0.0037528568425202217
0.00777887691820575
0.013232844647673755
0.03284416272403092
0.06877774681997083
0.10328762460067997
0.1184677945083019
0.11415873981069527
0.10001452437924359
0.08029603199033829
0.05174229574542462
0.03543261412933137
0.02988406053949665
0.028348513552673336
0.018747961330793123
0.015162046013459008
0.01029565257175271
0.00673236319236939
0.005318435097691378
0.005640863617057787
0.007209030964400284
0.016558836912651063
0.0362841794052286
0.04950486707659295
0.039335076354571105
0.019054974379448402
0.003179221408751192
0.002084896454588537
0.00012907251489709397
0.0026782388141189046
0.00134251555480757
0.006219855309089216
0.0034682130033483597
0.005441323743618501
0.006966202222398588
0.012495433686797602
0.01886183610642194
0.03363668409149179
0.0686239588094029
0.14050707742063492
0.2359699645151581
0.31396889740161366
0.35752692642943884
0.3690942780921104
0.35975951581052495
0.34613982081325007
0.35498182328369743
0.38751865660307855
0.4405296698426006
0.4892285112289556
0.518738628279239
0.5271802152138796
0.5385147141145346
0.5977242077518472
0.7041274219472419
0.8084566164527572
0.8527891823453018
0.8490399519458265
0.824347437412686
0.7912613782999696
0.7509906490958608
0.6986158071971219
0.6498207389944843
0.6087370688193324
0.5828810732500673
0.5652458922102649
0.5524693651777316
0.5348454240733194
0.4991422736984211
0.44648255267403386
0.3980768528474188
0.3735817780527336
0.37720430167813124
0.38870872787453414
0.399530654810161
0.40173254095131133
0.403668871926256
0.40347415239438256
0.39962778192763326
0.39425775967442933
0.39048498931570197
0.3896306072651952
0.3890286491171947
0.3890072841640528
0.3888559507450951
0.3909571154239756
0.3979977218973106
0.4076994880408179
0.3932490287487769
0.3462205760699316
0.28636268854509384
0.25279155554625676
0.24616043927361222
0.25268855980770843
0.2617471909403818
0.2754275538234695
0.28784584325678003
0.285122844057127
0.2626087724191815
0.2248153794064754
0.18518858817080705
0.15752519935284212
0.14386510161934613
0.1423003997426443
0.14598123430648766
0.1474932544965434
0.153487589863503
0.15692183165022788
0.1555785244957515
0.1439287266890529
0.13486244811484066
0.13337896014669265
0.13386532650502508
0.13394231219614092
0.12530630537580104
0.11815891417075393
0.10741093275622467
0.10264935306859209
0.10097531176167723
0.10323729360589584
0.104153779430765
0.10526847173503208
0.10066056656443435
0.08449739841958284
0.061660572073092154
0.04264722425210968
0.03245193226947379
0.028119375417586665
0.030119932990067134
0.02901107496924071
0.023629915938292164
0.01791853526267911
0.016178253357719406
0.012610474272600314
0.011430244217897245
0.01475782589745735
0.01987579423406657
0.0200951704782696
0.019671904144535145
0.019734047256575557
0.022855515840491298
0.022806773875073284
0.021731029967471345
0.017345023054589164
0.01884347639269991
0.022743273785580064
0.026039864335068448
0.024831866294511326
0.029276812980314256
0.03069643380983709
0.02958152100169364
0.025246029215424556
0.02532425508449547
0.02436832333834363
0.025938685062029933
0.026949556445868036
0.030558066637940536
0.03398623881556626
0.03750884039189608
0.03940761625556607
0.03974367888836845
0.03957738447990186
0.03704645812275494
0.0384630038883842
0.037058482961608595
0.03638495083931095
0.030377439216320207
0.031227970786307704
0.03434261007588567
0.03912185202713102
0.04259005611079384
0.04225209093085253
0.03669545251868382
0.03903573538066158
0.07726170832941397
0.13416175556177168
0.17903175346659203
0.20471396821460192
0.22401715954165954
0.22180094721109006
0.20393695292287828
0.18123029832846027
0.16761944511853927
0.15910742236542308
0.16089828055893646
0.16273078380629116
0.1558922304418541
0.1492967135817915
0.14399050345394518
0.13737605401733338
0.12639984828034664
0.12161970552323773
0.12438406958406839
0.12859074117032404
0.13021504309287726
0.12891958872167078
0.12758146997005274
0.12804603762789268
0.12564319187069553
0.12060655540187543
0.11584899353294159
0.11695619947140924
0.12287494889623923
0.12969525757243527
0.13453883282203835
0.15207246131722946
0.19998366361155068
0.2844227427407838
0.3809690467063897
0.464560451316604
0.5289851350214415
0.579034866143702
0.6115749632257955
0.6229064930499886
0.6115655296853981
0.5842993946882694
0.5598733799892741
0.5490243317849481
0.5492842750655577
0.5521920845687286
0.5549778476402686
0.549464907028982
0.5410911370907616
0.5441900480140965
0.5809338439126966
0.6383677776943972
0.6999288253036781
0.7515239133403954
0.7854741539801708
0.7941619689548284
0.7823122312490189
0.751361380283356
0.7117837330550141
0.6785653517022512
0.6656505061684478
0.6632675782605605
0.6647780524020451
0.6608826652569709
0.6574167866618347
0.6497964712555347
0.6415320540880401
0.6358808421267342
0.6357092275081759
0.6443065411782076
0.6640715775276415
0.696820262827017
0.7263922621400261
0.7435724411730942
0.7423605996848618
0.7031114795254326
0.6371984622917226
0.5521776865573109
0.49379438645770046
0.47519162996189407
0.4968399459868154
0.5250076742403001
0.5411133065889862
0.5470410346488731
0.5468089528361093
0.5474965509088336
0.5483904344927031
0.5438335503058012
0.5360089742491031
0.5071162725172392
0.4456156617614719
0.3612612627320857
0.3029033616960793
0.2941031581459575
0.31893418707984766
0.34073021185013114
0.3531426905743914
0.3611652548127517
0.37043527048544217
0.3765571973797141
0.37806165983290796
0.3691064892193738
0.35066509119446543
0.32084419572981565
0.28586640694831733
0.2496555026276975
0.2171337954243042
0.18700302267998808
0.15681116450056068
0.1317197836353389
0.11778526898127775
0.12056824227169
0.13122833841109685
0.14524803214067464
0.1536111985755688
0.15894268639618647
0.1636548121538818
0.17038186266962058
0.1713536992929337
0.16364183608175145
0.14841387837969583
0.1343457374458466
0.11664490710106201
0.09631284271428969
0.07891612924404218
0.07297686275109183
0.0673164003823624
0.0600015482442517
0.05239823173166778
0.049887149429082095
0.05016289018682884
0.047684616169617305
0.044646856160677546
0.04418829477282976
0.04840182210022037
0.05202749174513895
0.051584092890504515
0.04939211963373897
0.05736094422176264
0.0670932997971285
0.06875722235082263
0.06233973388920761
0.06176457647871242
0.064264215922151
0.06392101680476459
0.05786899859090606
0.05334386175293572
0.05171759363829091
0.05203301193300752
0.05309148082555932
0.05937755809229066
0.0615025650226761
0.0627742114858797
0.06449667189003382
0.06043620207360826
0.0525720820932587
0.05456826176995877
0.07437484037152226
0.11065114886365435
0.1687314464646742
0.23563722070210538
0.2773524812768766
0.2880851790986875
0.28089132389830374
0.26012480784945624
0.2292356087594002
0.20290779627222144
0.18282989120113172
0.16304944135690916
0.16945563164709015
0.20489465306502241
0.2707752681973875
0.3382483466318229
0.4010788041022572
0.4312423799132931
0.4422580971881169
0.43836802442062917
0.43150570508116665
0.4261113135127784
0.4306201534555251
0.4489862368375436
0.47338981309280526
0.49549901613977715
0.502953140826534
0.4986657766073118
0.4817957102259044
0.4602747151539859
0.4436450469960447
0.4703968212050601
0.5467482361313583
0.6542414149406535
0.7425110607605274
0.7975598231464096
0.8199779265488867
0.8276470135422662
0.8169132632118392
0.7895337915454252
0.7656060331436965
0.7625407118035493
0.7726210384655224
0.7788086754485184
0.7792192827178682
0.7723262393161069
0.7544505845009385
0.7247933773208272
0.6789550010600738
0.6275523908546528
0.5810842853729412
0.5657778380496039
0.5771157936580897
0.5988006604794063
0.596170611008742
0.5643754440335618
0.5058308995604472
0.42581180106244293
0.3489567991383986
0.3195612393083413
0.34649851005064386
0.39031242146753997
0.4165438587822593
0.43108769257346374
0.4415307817497398
0.43663339558105635
0.4008444411584927
0.33362215558688735
0.2512945580768167
0.19325472468031818
0.19383580612415874
0.21812706587734898
0.23455059667778616
0.23434040123533384
0.23822668008211936
0.22634325769159802
0.20129341373126514
0.17678021164567226
0.15763289678227024
0.14239877523639433
0.13012648523891274
0.12413179770124956
0.11309415634202533
0.09444414700578632
0.08272140434539607
0.07674591958688919
0.07272247585588393
0.07378163452104983
0.09850214442854346
0.15756154204210215
0.23307029176802785
0.2942551960284793
0.2889225926011762
0.22350568488903766
0.1302363750251608
0.06872094149480262
0.0402844707164097
0.03769595865497242
0.032996422350256745
0.040401679664661405
0.06489106180487939
0.09771146285274142
0.12426601847020247
0.1367999357140549
0.12791762645448992
0.09773425935891106
0.06320424584523951
0.04579685473676318
0.037535692378822004
0.037006942442887464
0.0463865677938811
0.07233138091180787
0.09475634728458064
0.10599086643975619
0.0999458601196275
0.08067349784072926
0.064009233597477
0.057175391367712027
0.06107159593513268
0.07452168344610893
0.10424864478644123
0.14560104232202897
0.1823832477539084
0.17835750781970533
0.1371968172209141
0.08580477447564393
0.06217561535399619
0.06040343456499123
0.06612321297230936
0.06896784977240564
0.08642269078168104
0.12332867893726768
0.17207379112365012
0.21453589588735986
0.24498839989929316
0.251936053927294
0.2418870566128649
0.21904732640254873
0.18986662554365905
0.19557889905980083
0.24461539476797808
0.335219433259247
