0.272185315296222
0.2878375521272736
0.24819131435530561
0.19836436901883137
0.16591397030868987
0.14895717446884682
0.12466042462619611
0.11118714257164951
0.1254313840115224
0.12799883825742076
0.1141221232563635
0.09235313828450914
0.10896509297879536
0.12177140969648964
0.13809160111881472
0.12528868702262047
0.17725668227590152
0.2169106132534054
0.2819424373855827
0.3430704002446849
0.46799269720054276
0.5074403457112652
0.6554978235571305
0.7914232761958049
0.9071602920852946
0.884817802031872
0.897417443158841
0.8990382462603105
0.9148939469352408
0.9084294372981161
0.8847072515412927
0.8597090678492252
0.8911669702746742
0.8885517798891854
0.8876355255307983
0.833961811464684
0.8485640420670657
0.8202768736659345
0.7817053520282439
0.764399296852439
0.799050996124499
0.8529363091892344
0.8752059107072706
0.9102017248102702
0.9032713602353528
0.9078241601867024
0.8943924012491694
0.8372049598191935
0.5806548999285776
0.30253181560587544
0.13687254230667764
0.1215957544077626
0.15415886502840787
0.1893885099555099
0.18279376073543663
0.13662014601563072
0.1318083046078127
0.14323156091500178
0.15712036676153326
0.15886623663485358
0.11587615102692338
0.09292220225321897
0.09252688000609659
0.3513097905302298
0.6942924932937466
0.9168037367208719
0.9039168887516538
0.8754664860854575
0.8822252622089845
0.9040638347322171
0.9595622569827119
0.9559857186312
0.9471868602592375
0.9439005769145331
0.9531474297694328
0.9442039697158214
0.9310811724007632
0.9096451025982107
0.8884720164486429
0.8293721664613939
0.8703007282134327
0.9276529501772561
0.9566645481400732
0.9216653477702952
0.9321550056726535
0.8881695771448757
0.7718064253116641
0.5038312743325447
0.24357086882737217
0.08456185352703914
0.06409494094104262
0.05305004384175677
0.23136832457732331
0.49434272072321
0.4464242907557996
0.3404835544746185
0.29724477342339345
0.3242825560473377
0.15713409472418133
0.2420126646775479
0.2922013548141907
0.33061154635418755
0.2622979166923989
0.3095730850017982
0.25503391231143246
0.4488798619154767
0.5319759388191518
0.49694984926741376
0.33158063515373626
0.30419871904736995
0.24432698582334844
0.20000438798638726
0.3242015198042143
0.3691718760584534
0.30759978887919387
0.23403090055277426
0.24186616251985174
0.23516108483874715
0.21449542848669867
0.2125036293701798
0.21152127316845484
0.19954473513816473
0.21241081540503357
0.17566681663913716
0.18447094143572318
0.15211009229462705
0.1423055433021173
0.10390819869432584
0.12435516182004579
0.10588405098052878
0.07506924237686992
0.08817314821947758
0.1027476449769443
0.11954276958949726
0.0893347542191283
0.14065273430765235
0.17188509964007015
0.21811888864806558
0.21374638284779868
0.22058610090930353
0.3727245360716077
0.5908621380416144
0.7790197990181948
0.7397671768928121
0.7196131192163462
0.7278042671888532
0.7231072534462238
0.652078166775341
0.5986279640793989
0.5544544429554539
0.4519368236311523
0.5229604286495999
0.530895019136202
0.46271648692576683
0.33361661366585527
0.32680490976652105
0.3297605484075749
0.2775141861020574
0.21755335708656004
0.16063651356079395
0.17588496235486656
0.1526878583949874
0.15470868886326386
0.15781754448589044
0.16664433349142613
0.1537808636367174
0.1418229010272948
0.10924577190785519
0.0895501759878466
0.15298473513730693
0.2017697702040093
0.20923182339395002
0.15065474744764393
0.13705065492408738
0.12633910281042102
0.163142098820134
0.18228923593616153
0.1757656935401938
0.17069778467804234
0.173797637784356
0.1886376250454247
0.20273912291736385
0.24461485841847663
0.29226638986418957
0.30738772263187525
0.31899521261027397
0.30123312296086946
0.29363118570499486
0.27986852021658964
0.28545916523013876
0.34435833043210207
0.35090051882768747
0.36964024877066287
0.35014337022870134
0.333061786554964
0.2237714249123833
0.18498357705944798
0.1664098473472634
0.14045281666737858
0.10357914519278867
0.12561498474601054
0.1702779131402776
0.20952460049668267
0.20722631789536483
0.16342229455944043
0.13414693172446598
0.13487300588250203
0.14038498274866987
0.15389223218714762
0.1822040315756199
0.1974824993595115
0.1868608753921563
0.16751420314818588
0.15802974956898597
0.1470041758148279
0.15965272789341897
0.17429225127759537
0.16876453518955079
0.12404567239896665
0.0921684526445491
0.0839995864231817
0.10456885666399594
0.1191814007480987
0.11744069071101516
0.09829120450545506
0.08694657272463722
0.08499725588503133
0.08723707454105903
0.08895332718540239
0.092107449726473
0.094967286264044
0.09595225495810689
0.08865413881559105
0.09205036593209726
0.10524213861930519
0.1292938438298947
0.13763625753254646
0.13500100559405742
0.12893968225667743
0.13347872040060632
0.14347531042276265
0.15588795453405974
0.17136781311347657
0.2098861380315423
0.24119849478983355
0.3063278765190685
0.39991652052657845
0.5367678017192569
0.6384009590640515
0.6774111291453242
0.6851142229900207
0.6678233332205197
0.708677558951516
0.6096188472566484
0.5950612198805201
0.6088868447762166
0.719660731734041
0.6393881864360533
0.6559428126556031
0.6367149962174161
0.7108069000409639
0.6434483228186713
0.6865987250868862
0.6911173392037616
0.7555555110980415
0.7283971640730018
0.7504995954385042
0.7364321579135077
0.7264195197255569
0.6810423772171564
0.671393686006431
0.5390485132789513
0.39100510975305175
0.2608094828363923
0.23542141090865568
0.19052677134329202
0.1501616084798326
0.1355021975953851
0.13129147857939438
0.11066414454998688
0.0920617590361879
0.0735369536487046
0.08117005289403748
0.08883351283199317
0.09369187231872761
0.10507050988848608
0.1501438971859532
0.1769564029186452
0.1655157317951327
0.14842270047216705
0.19486001190396787
0.20330678519517179
0.1724436378700972
0.1212283285775889
0.10793003539244478
0.09812180704087524
0.10067512840929521
0.11035639777185072
0.09416048463582005
0.0885192528840278
0.08225461453047334
0.08386187269738248
0.07768284197303436
0.08579185711670574
0.10261997104009608
0.10871241658343078
0.0834795445718771
0.08104272893480988
0.11042484912793447
0.13043261594533512
0.12241957532402077
0.12262714238967044
0.12990036575934874
0.1306498110049186
0.131325950619778
0.1172714847030422
0.12103393284877173
0.1170920324353181
0.12563661173511703
0.11468897742374196
0.13113414439765508
0.12690529435844758
0.13419447702615436
0.13331376658695918
0.14244499448914857
0.14702442629882373
0.1475711820138816
0.15455005601105926
0.15088339206335769
0.15141147181684134
0.14537183211965057
0.14741457103103686
0.12499536282500374
0.11695522515001373
0.11923671699241559
0.13459183448619236
0.12941022762839377
0.13504233760800782
0.13791963522455133
0.1305192070937379
0.12273953101423468
0.1329197579438043
0.13282840826878237
0.1135160439237065
0.09306550584696718
0.09309848055653887
0.10129854546111855
0.11044862334520693
0.11843706555707703
0.11464952232442259
0.10509919323571916
0.09459543881337676
0.1014565882966618
0.10749510244963886
0.10486625652347961
0.12028601761269134
0.11201836397798479
0.1077775877316129
0.10402849353707709
0.12006859386010901
0.10838290530003221
0.12078397063226692
0.11869836269546523
0.10235473060614564
0.10512006691545757
0.11916049203308339
0.11562651015502363
0.11154799786534735
0.13817583427226926
0.1627982853736339
0.17219334232292313
0.1685549826540985
0.16094641996841616
0.15528458167236728
0.16178317276216883
0.17553919600670098
0.20210118493210102
0.21445744452370408
0.2653786387764398
0.301424255481145
0.33902856065215714
0.3945635171210167
0.5563517560847042
0.6624443630654454
0.7092718032645294
0.7295191471899791
0.7834478090511163
0.7959856999060383
0.8051401754291009
0.8272087404340729
0.8483045994955131
0.8604933292761445
0.8656987732042337
0.8642108393515393
0.8700276989559983
0.8806177721050494
0.8875361577491184
0.8858176436897047
0.8801263835689843
0.8738933958969907
0.8611228965495838
0.8246149434843537
0.7937820544318155
0.7866105082226669
0.7960265042437661
0.8202947564503047
0.8476268419393964
0.8474781163459354
0.8595387753505437
0.8787761501986701
0.8878520672928711
0.8719531107052824
0.8896888660510461
0.9055400189070872
0.9150496336494137
0.9312931193610066
0.9087096593827533
0.9241346222869503
0.9416977999096685
0.9838102748585161
0.9761792193953363
0.9774600013810003
0.9761997866223827
0.9780793483954667
0.9765979293839291
0.9774270907492051
1.0
0.9267462739040045
0.743750825157157
0.569855246280854
0.48633329103644385
0.40046590695503215
0.31921244576226215
0.18504300623414008
0.08832159920719805
0.01707959363803343
0.0660017544607124
0.06087665441696111
0.04742181036363681
0.015933078060495612
0.049784397204211406
0.06356713293794837
0.05030789035165729
0.02869336854011187
0.04841932915548906
0.06155872104947191
0.06188354866529601
0.04960753713985477
0.049244366730030416
0.06466013818057545
0.07353502092158146
0.08971546846938593
0.10270253768678618
0.14623792225583493
0.2098085557255357
0.272942166763303
0.3139550181746755
0.41165412796294426
0.4586764992625496
0.47404554413958877
0.4200334037764023
0.5014624603696453
0.5002548035237577
0.6083523956219774
0.6721635659450927
0.757276737681904
0.7350034875291372
0.7860227882112852
0.8541284924452839
0.9039205631844947
0.9190957325575252
0.923567645721802
0.9203706728002263
0.9088264357066032
0.8661116974964719
0.7876630694484517
0.7255605329598573
0.7630804329112645
0.8325950547676628
0.8465575272345224
0.8223712185019447
0.8242653962764367
0.8302692906626334
0.8061885612409259
0.8212384236447982
0.8039042907711829
0.8152069491175854
0.8019922527010676
0.7921757847625758
0.7678321554948365
0.7999723415328314
0.8406939899673518
0.837452120003268
0.8431000998492921
0.8459841252756247
0.8561557744096019
0.8497412510961085
0.8470798479359892
0.812597458007514
0.8121757630463382
0.814309993282184
0.818962013456828
0.8072741641750866
0.8242609678339545
0.8157550312049585
0.8019124883141225
0.8199384421301537
0.8213231503319711
0.7601286454437275
0.6791867299211088
0.6704226093654346
0.6970273937279035
0.7369736121631126
0.7760661330915731
0.8289855264646625
0.8714933844471238
0.8849932884521235
0.8842071922396119
0.8775537955617877
0.8606994133287226
0.8561355126587326
0.8956481769133999
0.9271282075760842
0.7286498346269458
0.4549954169953698
0.24588296265077686
0.15580318454309766
0.055008330721032554
0.03678109503482786
0.062386815679690434
0.060584227357604416
0.027864638906340392
0.03154558282929656
0.06755290273756663
0.10937393861688523
0.08273480392366436
0.06477913961236259
0.05179574074763563
0.08109197669766037
0.08595260616062439
0.08191265032587186
0.04439517393783611
0.03597479643796567
0.05312100698696055
0.05699030718560225
0.03714389910982394
0.07640913774772964
0.17455499081783374
0.25276663049084835
0.29259267885296797
0.32933709345294615
0.44765955358122167
0.4967113469530608
0.633877146018337
0.7686856956929725
0.9216797570741702
0.9328785550078105
0.949842587234446
0.9538699272577091
0.9546240795540327
0.9504614394835242
0.9344890209792925
0.9235619371161946
0.9194199152373836
0.8516580965507061
0.7865860983311495
0.7658451733986067
0.8137880881358527
0.8125562840821964
0.8164447621099125
0.8200519055926008
0.848810381874846
0.8649475051048753
0.8966534141544759
0.8978493574328343
0.9077564711190726
0.9128125501296624
0.9291790447211773
0.9223748984739677
0.9157252815266773
0.9071472323208584
0.9153659664235326
0.902910072155158
0.8893979735944963
0.9082004923838097
0.9296217345777339
0.9168844193203841
0.908429350428358
0.9270549723621496
0.9532646670458204
0.9853970550418407
0.9000359466839463
0.6985822559950536
0.431504444803539
0.2908861770347746
0.22437565174206597
0.22374954400239747
0.17386369674257987
0.10739581158317646
0.054674263721985375
0.04118418615038923
0.03198173218848379
0.051070806565909004
0.14033785420524955
0.17434328371440852
0.1716261181487178
0.09485022918217696
0.09381576538232007
0.06627994192634222
0.06573150023555917
0.019875508580522266
0.04473749653797021
0.07551408752359005
0.06324621087585441
0.053079115302968195
0.07538897348486506
0.09645145708901193
0.20319252708902075
0.3144074638055034
0.3967387171841261
0.37591526606599324
0.40992825721231413
0.48240086022741835
0.6084373480728574
0.7283153445346795
0.7725864911769814
0.7925042103994043
0.7892233601636446
0.8515892721910948
0.8399861490988767
0.8469851410919244
0.8670545119312743
0.9409242358671972
0.9433370786989036
0.9413576981382159
0.9463957656499059
0.9284155966197489
0.8682357245701076
0.8163822544915349
0.7873792979690918
0.7942932193813386
0.8073260292329434
0.8372117893532472
0.8545437660965278
0.864200520611313
0.8514087309051216
0.8527685320517214
0.8724715260251128
0.876139224368644
0.8808049129098849
0.8907217240934402
0.8900019605330335
0.8630079171385738
0.853797957494597
0.8436101407723116
0.8483538464655277
0.8332293623119741
0.8525822933409817
0.8982559896128288
0.9599595701681997
0.9202243254868663
0.8987944757180611
0.894790853440019
0.9337300074624766
0.8800718880295422
0.614588650353132
0.28126540069257044
0.09576866042119682
0.09482175625873114
0.06460755731510963
0.03867667012222246
0.030002250327733085
0.03617882863452502
0.044154223135805
0.05128067952628865
0.051956461068554345
0.04707098085956999
0.0476068868021927
0.03929633743204834
0.03412914173085569
0.032799730722645117
0.05231005761801367
0.04432360295687846
0.02597227820071021
0.004324547916760662
0.017036079094598998
0.0283944632206688
0.034646020754274455
0.02184859658105487
0.03929510747339262
0.061305024807968206
0.079919322659515
0.08730278439170497
0.2230989420462337
0.3137082000934773
0.3422075326938565
0.23368076745671096
0.1996101053383619
0.17518011834646227
0.3226861017735918
0.47095636692717036
0.49074429044654183
0.41950783879338227
0.42889922059007507
0.48419022521675564
0.4656727473585689
0.42609945882779826
0.5508885728517954
0.7269833560933697
0.8416002356688923
0.8322034796501661
0.8180500660498219
0.8015193893911946
0.8078078215444502
0.7999036473560954
0.6968713222007846
0.6738257715906341
0.7262547298132711
0.7973719608001058
0.7285555793053381
0.6810532332126401
0.7007535697946043
0.7978211911122236
0.8599797658716711
0.8695843065036428
0.8388240776519753
0.866813105383859
0.7608884054522272
0.6631894827156383
0.6647597894222358
0.6582262562957572
0.5019611553670854
0.35962916803670675
0.42014743468537846
0.37641875761333476
0.30648638278289986
0.22026994573659808
0.2540926938104855
0.3003118898710124
0.2941838137205152
0.2512864193860137
0.2774234653270279
0.32514213574555295
0.29497058783197067
0.24731523634426109
0.19326234308308693
0.15583970751497583
0.11876864898709184
0.13034105116800168
0.1266840211332436
0.12179515947346767
0.09857634270289818
0.06691647555978834
0.05234200493586714
0.04319245126432762
0.047754167451748236
0.04294098029392008
0.055262602502984974
0.05991974546641596
0.06750380286756784
0.055874196767361925
0.06653498460591314
0.08262997322954226
0.0917766045200993
0.08471026843633017
0.09236074493129952
0.09574741380376545
0.10984977392332627
0.12118002964770176
0.13798396340186855
0.1964163861978406
0.3294449998060761
0.38629461140161936
0.3672968326842635
0.3495637895514297
0.33311743937416965
0.3432380715400073
0.38733588993073176
0.4298362748939835
0.38893143358379906
0.4340311137677089
0.5494622167673078
0.598951285069901
0.6303538184589016
0.7117883958129885
0.8233628599224322
0.7956852266410984
0.7814780893848213
0.7996391634808997
0.8535439440133693
0.7891999220999816
0.7812536347990753
0.792686270549183
0.8428965602050652
0.8301393118419845
0.846779093563841
0.8466865159745635
0.8557909477399708
0.8681826240433371
0.8775720302891837
0.8744443599976064
0.8664426059925888
0.8441975533066417
0.8252452226016537
0.8217962619944927
0.685983814775487
0.5270910328164299
0.3680945363796968
0.3075086343608018
0.23499713009446757
0.23546092367319946
0.2378685399470966
0.243271351351907
0.259831027931817
0.22522171125558577
0.1910152489369511
0.17172648324393194
0.1757029435846594
0.16001389443050293
0.12376254637232516
0.08007243209617759
0.060091070300310856
0.06582201008028048
0.0785057401393181
0.10250307277369633
0.11321596047195345
0.07419312727147256
0.04253884968991188
0.04405892181827819
0.05347968261692174
0.042330576951974896
0.06257640155518589
0.06473208314323921
0.0472348223367388
0.019316291417249422
0.04730232845264822
0.05154604079946068
0.030165340416806793
0.008654176906931916
0.009618380411531674
0.015731001168412643
0.05408031920579735
0.0875279009561315
0.07752404755458114
0.053980095840489364
0.06746063332762252
0.07227695616433587
0.07252450605576395
0.059824955322331966
0.05827664890364323
0.05303781266048776
0.07751255171223184
0.14430151675907818
0.22802703441564515
0.28956655330578407
0.42837935921145265
0.5336423385436981
0.49519417782942027
0.41715380842195166
0.5055316677101892
0.6794239410635929
0.7774708695776885
0.8234373206978489
0.7678243563299297
0.7391115034872653
0.760102391454204
0.836482404668439
0.7257505225241604
0.6797233884233321
0.7224348914389382
0.8325950148724947
0.7929409181355414
0.7938788187741984
0.8059272994026077
0.7776836822613175
0.7582983672897433
0.7174826506390274
0.7186253422428064
0.5667333295913689
0.41900427262137463
0.30536182763190123
0.322874917152901
0.2830910314241229
0.21931737024506692
0.1904935129175442
0.15858936091365836
0.12447079831118563
0.10054536693408744
0.08555227574212
0.08278827641392515
0.06661895173556641
0.05551369278475776
0.042122447744677737
0.06032154193334662
0.07137667486094375
0.08955223535745352
0.07890578248503889
0.0612080322286652
0.06821760624601853
0.08579816693753661
0.08150364780452717
0.055648604379923916
0.052166021419271805
0.062481940808507865
0.07324921091542665
0.0618365168126165
0.06449108960239744
0.06136558329071971
0.045789752618452494
0.017198280979348474
0.028418756326010507
0.028902346251257875
0.04531063569433941
0.03378576267622118
0.022912269291563453
0.0096459052807809
0.01438415457234965
0.03206643743451992
0.04384234305730806
0.06461867835570063
0.0556285929601833
0.06438560688014155
0.06651210631721786
0.07957159514784344
0.08535390274346419
0.0964213670199298
0.10254244533826334
0.08628457229451068
0.0691559151495424
0.0513205240471347
0.04063533818317078
0.04059417443292331
0.061832506014326986
0.08294114697015456
0.07640992939454953
0.07254635638873137
0.09109538751556781
0.12174925106823047
0.12919528137109468
0.13400044350326692
0.1446490789250273
0.16474594300158987
0.18718102084154722
0.2066967629177431
0.21896133398829057
0.2219886939497015
0.21031112582874414
0.19517629596944608
0.1906924596580442
0.18952801269534134
0.17303783359007613
0.15702134384037364
0.15161778038082468
0.15258272368818704
0.144101778613102
0.13882559331724434
0.13539856033330747
0.13479741890630018
0.12658976691990909
0.12049847605467343
0.1128278729454844
0.10977942381464197
0.10783962529971661
0.1062707556202506
0.09124331641905743
0.0918253631486533
0.08504668640434623
0.08345154675274401
0.0766708957815073
0.08289703501937797
0.07928735823026327
0.08938443907916141
0.09408734516270527
0.07816990960109164
0.045182501518647084
0.03908940004471545
0.044487718323931766
0.044407575162241766
0.03624415506208515
0.030023613133529328
0.029436887739071136
0.030479733371726464
0.03588374942401095
0.04244596628340002
0.053508003632260756
0.05089897706802218
0.04787179666968593
0.041881349848493926
0.052666500832110455
0.05280884850189447
0.055814256394681995
0.0589501193889392
0.06479293212721773
0.05797069486499171
0.04873276652278534
0.04734631299322998
0.054257285509503296
0.051594234886785245
0.04105706436883604
0.0368010772780357
0.063172499099848
0.06694040323829094
0.051229632690797874
0.036968056067363635
0.049154539013506714
0.0649884071035519
0.09273075715454603
0.1151339725968479
0.12686128573225555
0.13030885813847193
0.13056392174193227
0.13375191901137115
0.15578565713044507
0.1897654524537339
0.2164534520093272
0.24189441757812802
0.26341023135655894
0.2788455548696155
0.2873926627155253
0.34314473551960895
0.39425605502099464
0.4492432845572038
0.5446326148194489
0.6275068516238522
0.6013016609437346
0.6174306478565289
0.7346908233144708
0.836015186518404
0.836827906566118
0.8211682595464495
0.829206586479061
0.8239432435734583
0.800206759244115
0.7829916949068082
0.7644969196838388
0.7922522853173516
0.8101155619538581
0.844551807444687
0.815516024918245
0.8200933700188253
0.8399766961308174
0.8731581161472759
0.9003437364101355
0.9170442939750462
0.9266053538540182
0.9254010523572542
0.9320903764520037
0.9398048528646529
0.947405283841268
0.9535422385746398
0.9566655635435775
0.9539138564207691
0.9356295329210372
0.9253348619339808
0.9202445564769323
0.9227315779045524
0.9086370874629304
0.8907713827352597
0.892274204504024
0.7359806507957292
0.479232124949984
0.25999491870834085
0.22583750901880653
0.14506738157459761
0.0760308760809052
0.037932076016001
0.05501212548447826
0.031142658674841377
0.029480716652501442
0.022581335608348362
0.023476335841662168
0.032914354326471926
0.0682096957075033
0.09436185068306373
0.08031092528532345
0.05723089050232143
0.03831300286585489
0.03095955204271335
0.04452312409646236
0.056779289891967274
0.06450086292482034
0.048485498524190415
0.04097631715373022
0.026635327148376717
0.04826448083856315
0.049195866393208575
0.04393815823747718
0.03517784742905764
0.03462736985987247
0.026450892738875884
0.03506451188164813
0.05588370916456226
0.06003616563322624
0.054925979127796926
0.06338741534863628
0.08328401829045827
0.08980320645965541
0.07925963579776868
0.15032071690099535
0.19630562336849172
0.1971657541483119
0.1497433852469791
0.16405843597452957
0.16766454966434102
0.18183546883331916
0.19006797062505518
0.3060239908629871
0.4773607651682901
0.5103560655201441
0.5548901284294006
0.6569376540533804
0.7343813655311603
0.577904493777521
0.5431793752919021
0.6022278942691055
0.6908394457076541
0.6423587694484535
0.6650421293727256
0.7399275262734145
0.8291442740257129
0.8324122887942572
0.835615998152629
0.8259891963269766
0.8275193150930306
0.7685707714246164
0.7525651160397477
0.7349709243349182
0.620123638698918
0.43036008605602466
0.3772485298740058
0.3980714111589921
0.35782422391303353
0.322404321602179
0.2866012495433633
0.21062577362446477
0.1520655341092268
0.15813507857779088
0.1437566282280419
0.12678057997439568
0.11890970493923592
0.11525660247073084
0.08317459302322297
0.09719898927268639
0.11443379470528701
0.11878452777737276
0.08688926083037236
0.07303581550904602
0.06396325705834056
0.04245451760079535
0.01897920246142041
0.011308031871439129
0.017558198403085576
0.011549245735497083
0.0
0.0070197361825292265
0.011698926643866557
0.012539969951430125
0.007802728761252273
0.022257214234615158
0.023804347764723826
0.015891291563825224
0.004483933937843176
0.015865317100543366
0.026539295132309057
0.023176516465414042
0.02085141332987595
0.027446505149076216
0.03662727945338717
0.05015407094863881
0.08529519150674245
0.10862490528548051
0.09920718170993524
0.08186538228037706
0.08525108382881932
0.08175297190109644
0.08012096507741336
0.08776869916864877
0.11508671734375563
0.13952926866359663
0.1498169886597375
0.13670053320571238
0.10891302396203735
0.11278311377271592
0.1579413746402384
0.20685575784792493
0.2244198722581534
0.23329873600487885
0.2594525363558278
0.2872680641239891
0.2977090473588658
0.31099370402150167
0.3436054468976701
0.38241970016231236
0.49850400242894977
0.5672756905193422
0.5334670109474959
0.4680445485199501
0.4473071734232334
0.4240333802239696
0.3890944322810472
0.4050959360964619
0.404563411130759
0.38821055970283513
0.3926779177579476
0.3574606555017443
0.3113862720082276
0.2488312560938113
0.22538439636711657
0.203333752946215
0.19196346286369328
0.17890872964180665
0.16260015606688016
0.1370336964904495
0.10793839953169448
0.10103264778861999
0.11981197117651562
0.13149581563890442
0.12826652372695113
0.12440739199541156
0.13501160319465252
0.13442477630626185
0.13008690436403708
0.1193197842530766
0.12426191723639272
0.11289783557441353
0.09964937238458425
0.07295095900455344
0.06291015101218977
0.060664905260079345
0.06088260010869332
0.05827970116871885
0.05132109391018015
0.04620147460605445
0.039772670012894265
0.04416180628291129
0.05905225847925926
0.05832252718585779
0.043438821004657215
0.022845289492143837
0.0376514781067537
0.04670906876758194
0.0482111164391142
0.03833513136103075
0.027122971895536203
0.021410619009978937
0.022010619458702713
0.025904115648636483
0.022975608287730195
0.01861075894522911
0.01321844808574845
0.014420132049420891
0.019779920530411926
0.01379704620009439
0.0024575211300504936
0.015760382495596362
0.02102163396538323
0.019085927111712378
0.012453254471199202
0.022451154808103023
0.032555696952358035
0.037908589327246625
0.024914574877371056
0.030921762211855233
0.05916991346742838
0.08811379306895196
0.10057508302836309
0.11324401749348037
0.12135487654107506
0.1253920765549022
0.13085964292004107
0.13160095507763295
0.12472451581322073
0.12518415879735673
0.13403615993138351
0.14679072235952717
0.15617321290651184
0.17094555117817875
0.19027233858057402
0.2193314299121583
0.23648863657574734
0.23801146466941786
0.2232439970541795
0.2171046711541912
0.212340176993425
0.21373405048593133
0.23967732907429892
0.26171325990310107
0.25681435235725447
0.23285563965611217
0.23197607814107973
0.23346249927706858
0.23223472602826803
0.22114374578067306
0.2619006577690276
0.32498218633662135
0.3334686129286047
0.27336734912973687
0.22600870449186633
0.22747130413605862
0.23395682254485936
0.2456136088840387
0.2506565360083002
0.23195459662925463
0.20269005837424675
0.18583169091309537
0.19134580343391508
0.1987164403946789
0.19582702908531865
0.1928996391651444
0.19602468978844045
0.1997234250311223
0.19366391849670175
0.18006275560397636
0.1661801400547834
0.1623857002570063
0.15921895795294458
0.15435835091627484
0.1458369811242567
0.1419356478398474
0.1354550170431581
0.12385499486604876
0.1091157597749485
0.0939087205994308
0.09786635550506446
0.09148369818857399
0.08770857042065774
0.0781006762230113
0.09457964661168336
0.09387229289585691
0.09179492810367956
0.06980452987819993
0.07046639645752009
0.06926780370931579
0.07341308589173852
0.06118748705357868
0.05889857468748439
0.06266206703819402
0.0695296387868856
0.06721340068445122
0.06556319104077922
0.06841409344605799
0.07271578870314767
0.07213052504611989
0.07526241194946147
0.06865801572517793
0.06446070621104906
0.07222756653498236
0.08595367583358195
0.09244268903605769
0.08577915740764457
0.08417423508168402
0.07939084497449905
0.08138590003468006
0.08186582607567085
0.0815924182373539
0.07805411136847269
0.07263557907873526
0.06349071793596586
0.0556760086159814
0.057163360894974716
0.062151004534069854
0.06012085386256983
0.058110769760950164
0.048109633955633474
0.04346025935010035
0.045104967849222424
0.04383641427465533
0.04978429716889016
0.047254066018574174
0.05678042321668447
0.04803776826847625
0.04935129614656636
0.038807681005860996
0.046697487364849584
0.05153374090033052
0.049378546944032035
0.05118816678904395
0.055146929848395844
0.06735167733857891
0.06798678794836883
0.08513920841061778
0.09060686489378413
0.11873323120225909
0.1356314301612788
0.16046994714393187
0.15806714409185288
0.1547690048305746
0.14790886742303225
0.16372063197572886
0.17735298704000663
0.182576294232704
0.18239881690172632
0.1988911173831903
0.20800151268188188
0.21143925660214824
0.2319375833297725
0.2539010472693324
0.2895358689144684
0.3773724921079681
0.43667288197942955
0.4338920684179559
0.4976821705149818
0.5188453310366344
0.5599757518421866
0.5982101957817572
0.7144245624166856
0.7234181055177327
0.7479084483534592
0.7606131054525151
0.7638993726377818
0.7636380769076173
0.7657259362677599
0.7719100304028381
0.7832036410176457
0.7905614462023909
0.7953257329399231
0.7970847523474978
0.8033087159055462
0.8084614722204844
0.8108968876261023
0.8102516100032849
0.8102204913210974
0.8108983445969506
0.8095045061907474
0.8076378695907092
0.8075962057117686
0.8135136840869858
0.8150574957083747
0.8217476406970302
0.8255860268906018
0.8345152587102931
0.8367826835417437
0.8367677815698533
0.8404488396407762
0.854219321493688
0.865750123579739
0.8667729452955493
0.8729099433293096
0.8722336950332301
0.8766604290406969
0.8858263698842299
0.8922431179459113
0.8859823473017069
0.8850968846674863
0.8925076329558878
0.8919692779076648
0.8847790405191083
0.8819694060203228
0.8995011719299917
0.8440854491664096
0.7811473523485237
0.7866387119026792
0.6696950231693802
0.638729020355874
0.5698920882270632
0.4970740591193916
0.2714142823548853
0.25281970944060733
0.2591566629472417
0.24935817491030945
0.22630866971172148
0.15983604729500056
0.1391555226717854
0.1422542421038465
0.14495722804041994
0.09617534971868211
0.061172485161133494
0.04051794464880817
0.03286548523190736
0.043868867365488
0.0433638123486337
0.04157487162840229
0.03588356507256726
0.029753517921712894
0.02780924409364984
0.026963522930452285
0.022996917069595474
0.020916914139567318
0.021040496760973942
0.021611490311168085
0.02915366907470215
0.02760869404565979
0.019256820262538766
0.014474238256102995
0.019074603152080344
0.01748974116020218
0.01182363435005824
0.013532852603639503
0.017108406283590533
0.013903355660307218
0.04853388386884737
0.06867785305026208
0.0758529580701674
0.05224295525820062
0.061246042907404416
0.06321206870002281
0.06464512052930216
0.05267611532260977
0.04873859183375116
0.08767047032946215
0.11962563988390804
0.23874520048700015
0.3909501438436131
0.4712835753436634
0.449527757284054
0.41361186559536345
0.376878372952348
0.28495934020236374
0.2590063456211965
0.2599623670628198
0.281040788264544
0.25424462416055
0.2328123160901772
0.22946555877229116
0.2743002898276853
0.28836337657774197
0.2543088844069964
0.25260526478623135
0.2632957200580419
0.2567611289758981
0.2356159085456623
0.23967798625473105
0.2517012496953163
0.22661861093365254
0.23936920651453977
0.23535216335622058
0.24564366922301378
0.21356572055561893
0.21043079083524735
0.22031228793127663
0.23491315782782307
0.24559060354737683
0.23900122714663663
0.23382585884571652
0.21539534959065165
0.22185690552218784
0.21778973405728763
0.24868720699611618
0.23509338255638287
0.24984231727552994
0.22575882695432595
0.23799131280054006
0.21299317924824485
0.20668674639551596
0.18888381316394384
0.23533700413481262
0.24899515406775738
0.2359973319555723
0.1946577470088207
0.22906852353886145
0.2321037367362472
0.2156223619965566
0.1843234831074359
0.2141389033906283
0.2300218911107461
0.22275635049371145
0.18599396914270222
0.16568347802044248
0.12538590597627264
0.09872058058366259
0.06653322633543324
0.06571096689437143
0.06757301525959943
0.06558462597194516
0.057412813339226855
0.05152615894800768
0.05693087228503572
0.053162203808945034
0.05507438272343307
0.05827455983975081
0.05813128557662682
0.060949019381407205
0.059864900478167754
0.07115222576448098
0.0628000883966506
0.0544605460904359
0.04234664667510649
0.047739947471002415
0.04862447406127022
0.054954613523432935
0.05381490322324517
0.0523415636126124
0.0504806459458895
0.06108413198390935
0.05877583707630723
0.061943396821732985
0.0583217443116189
0.0688875804008457
0.0629827693980798
0.05762028104403043
0.05294374317238987
0.05788642841044467
0.05860524744975396
0.05431079403092838
0.06453361864615817
0.06929632092630938
0.06646044317069125
0.06928162158224661
0.0694096046079846
0.08179403528792378
0.06025649354199449
0.06943668184695147
0.07501428814205478
0.06456572266080673
0.05767390452129065
0.06357859513884687
0.0817074460122087
0.038867434183608864
0.07032644870030373
0.05968816883703176
0.08392309790762377
0.06955880225805622
0.09741400518894743
0.06862338801455911
0.06750057848545088
0.07489400030326852
0.09158787318226758
0.0717239393266639
0.06263657174127428
0.0848030920735273
0.09488500529708685
0.09604561154314559
0.09280328437871385
0.11696885662926794
0.12341736123999515
0.12483288792184387
0.11494919331629064
0.11766336566108809
0.12037294757443197
0.14390393998161946
0.15522837804328699
0.16993288531864217
0.1553472876391879
0.13186612289522356
0.1090958094198319
0.11004355177977058
0.10387869239806581
0.08745321416029553
0.09520176778289284
0.09880768764460392
0.1020639584015937
0.11744268755475512
0.12944129399538598
0.10725097895765193
0.07833919856446044
0.05749373653089316
0.06439288943251335
0.09202515997360795
0.0920371929491665
0.0762086751646446
0.05798878739592187
0.0709684949546102
0.06128162441741831
0.07361896917735472
0.06772929662599637
0.06191495932809346
0.04927205020937316
0.055405807635549864
0.04457304207116055
0.05021886422782424
0.06268888758733132
0.06976482384565046
0.0690682556510125
0.07168898981757295
0.06626971776879234
0.06463141430987326
0.07542475835917112
0.07751069887061215
0.056465347163920966
0.046205910569068184
0.04175591195692342
0.0459245481935974
0.043695703332673294
0.05813747595213304
0.0593204781642398
0.06129593716026252
0.0644764238830833
0.08096542426087289
0.07774532187981771
0.06779572595220361
0.06502647783771791
0.07040906093706786
0.06446869566086341
0.05884101984553901
0.05359327514027893
0.05825440078113301
0.044492144906379115
0.04686659140804244
0.044456128877069845
0.0687178242114406
0.073351554213788
0.07245152805197534
0.07923494181889648
0.09079801374090991
0.09417521445667174
0.08813728225421312
0.07881879216260244
0.07572807649563344
0.06261810081433752
0.060660289762753734
0.05421918316475906
0.06751630227281376
0.07397721179232898
0.09544813663294918
0.0994914479509494
0.08213837292898572
0.07098012725326172
0.09111531241994596
0.09606890466918015
0.08314549843297872
0.07162463916215629
0.08750897708185995
0.12050744985501594
0.1292164894326527
0.12594305659881755
0.12935806517698242
0.15904576630876016
0.1785902395237537
0.1907571968838539
0.2078790524204129
0.20788800343773087
0.2192527751161593
0.24199683752862067
0.294027198088918
0.3109721032165458
0.3433501900274507
0.340763402152254
0.4629405165930006
0.6198873552974624
0.6794837201079434
0.6574061484157067
0.6950643577795229
0.7414905949350281
0.7290275217989759
0.7454250279334964
0.7769154432841886
0.7855197722992221
0.7935725717693503
0.7756610576437817
0.7626205802681615
0.7691408143517333
0.7886977750810512
0.7963586737690398
0.8061160831090641
0.8048117577452166
0.8103073227903834
0.815037857275708
0.8281425387051666
0.8212530216660012
0.8034954470499676
0.8005346145704967
0.8045908335768482
0.7910533695410303
0.7729660494836786
0.7715564395758959
0.7777393473015651
0.7836535436980279
0.7709019135759688
0.7389549117786741
0.7268977600117665
0.6074014359590983
0.3757776959468619
0.28886455999978045
0.31050585243972006
0.2812072611232125
0.1636383324854363
0.1503570935156139
0.12546194277046155
0.09723209862730009
0.07440584839774493
0.07958411126781031
0.08594934696696985
0.08826521255226986
0.08203810096805698
0.07822810136615582
0.07417077427752096
0.07817004599800885
0.0877193319562888
0.09370889368970435
0.09136100913604149
0.08442332927398002
0.0670965200095941
0.06512738250828486
0.0794880273049864
0.09146576628277242
0.17545271707535345
0.2730050702127416
0.4243044315851976
0.5783457305137777
0.7318958718398869
0.7799416121547234
0.7842292030214214
0.7934195553700037
0.8003205595540025
0.8104852679741152
0.8098953912437322
0.8108698458852066
0.8137421930645106
0.8122648514701216
0.8077191983243089
