1.0
0.9558863246488184
0.9541301400489338
0.9536834516997998
0.9495350527732368
0.9417545994378033
0.9387210846238617
0.9391685783618299
0.940198277639216
0.9426290774747367
0.9377808383587469
0.9351208487989242
0.9347764464411571
0.9364808135564622
0.9326109487036256
0.9246863350295497
0.9199627000226149
0.9212788357250734
0.916214136666735
0.9078719124941326
0.9057408571577867
0.9122000264110116
0.9199692801422068
0.9226504809335693
0.9237718004816234
0.9251833843609646
0.922085058445797
0.9162483548132021
0.9134040239147461
0.9185593491274444
0.9187102144802962
0.9173017853280666
0.9193767254075048
0.9278272100591272
0.9252503199757939
0.9242046906977528
0.92115821703155
0.9269251048130268
0.9234048910693723
0.9213624025650677
0.9189603299004178
0.9225239164492364
0.9293295386349009
0.9377324244625862
0.9461587300082784
0.9513838755033968
0.9583876469478559
0.954279302766605
0.9427447687525925
0.9327962836621482
0.9344399391684988
0.9256842832485823
0.9282895653361242
0.9385721333005465
0.9499861341240117
0.9450587677053988
0.9453977460364923
0.9429874286158781
0.9418850269793058
0.9431818908251628
0.9518720479809628
0.9609118930034741
0.9698863584078581
0.9733051547768136
0.9752402975776207
0.9721623309895583
0.9615112203175703
0.946553430921831
0.9414857541414565
0.9248582524975227
0.8884875712205317
0.8391260494175881
0.6028628843352527
0.4745847512845346
0.39473264362971855
0.4179116012775218
0.330652259682629
0.32821303291679227
0.26448033413758043
0.15087588222309678
0.08572509390148453
0.0475734991217546
0.03261462282630987
0.019590110780145276
0.023050503880824854
0.036693546786426307
0.03683068945569544
0.036185196318211224
0.02254489419165422
0.03169316350992211
0.04291574791210324
0.04435274690289519
0.0282848098961445
0.05499872652162428
0.15885650406319107
0.31787314899507924
0.4048348561058449
0.4557588215186917
0.44005916870715484
0.4499262911995543
0.47286214811070104
0.5296523652673697
0.4985921101696727
0.3806337082794558
0.2199284066799501
0.22897574648166505
0.23673295142235257
0.22864050929986163
0.13277858117474628
0.1481657992946609
0.14330543511273763
0.13278490343500507
0.14472057917912703
0.11461784241979688
0.12050423036536621
0.09097294508722696
0.09133083661538838
0.059631318621492034
0.2130369776925201
0.2761454749118704
0.21981810781575334
0.10542992819570898
0.10526166116508355
0.049997511129199264
0.049581381200906
0.09508110653500111
0.08102451919649283
0.06557019454678192
0.11370692413254796
0.15625997745157322
0.09981288794504135
0.06512718462510611
0.054153421430521945
0.0532520569642494
0.041091776861123044
0.03626231120301432
0.025135917399986364
0.05346344821304492
0.12003837912821902
0.1952551313476024
0.26547901995606704
0.3036455116669495
0.3297257892593762
0.2760223799550422
0.18984412854340535
0.0925926071203147
0.09009386219382773
0.09786528465140674
0.10803527416181524
0.11003127671972737
0.09032985979804695
0.08143608627729194
0.10829093568127333
0.1638980544950448
0.15582403996686864
0.11329800229470542
0.08444856144499832
0.10612351527440707
0.12087314921365726
0.09491472040164373
0.05267666150487508
0.1293063143923196
0.19757140733706116
0.17697576586191924
0.07181095055198283
0.03706174155394746
0.020773208318798822
0.04548502318967676
0.07719654131403439
0.09105621099939429
0.07512013967066794
0.052452950499048745
0.03218964822021228
0.029880862189099085
0.034933415111988005
0.052094493698962394
0.07021413561456477
0.08318419778950965
0.06542828323361811
0.07353525406732929
0.08432343085305309
0.08291046111336932
0.06820745055319563
0.054346750360669285
0.05664244452116114
0.046680560489162526
0.03592314255384877
0.04535554300423292
0.07932264727452698
0.10709279288546204
0.11122294133266034
0.18491876858324346
0.3046616421772806
0.35597895816827135
0.3421836564814722
0.23079839995659124
0.14189749844625368
0.04554467411824849
0.05661240435916131
0.05452287798600037
0.08888804076647808
0.09340883449838275
0.13175707812803464
0.12783878494818957
0.15716070692935258
0.15431353574733347
0.19688492321895784
0.1327494620260288
0.16559175260820266
0.17958731935129146
0.18958266416737787
0.09601912927513435
0.125915517120592
0.24717896661291305
0.26723220596316827
0.24183293228041666
0.14909923453765514
0.09791676882037259
0.014745773833356644
0.02316880381543161
0.03908314761129717
0.03912433785455348
0.04370924704324215
0.027566427833596197
0.01761645689485468
0.00014431778819841624
0.012291971387063103
0.024837845599238264
0.05970518672482166
0.04215573250214313
0.04256260023676691
0.03582243934360113
0.0709470305982956
0.05735432725383116
0.06216639197266219
0.051563377898498186
0.057163853476436335
0.06339830834660014
0.09784433357969353
0.12760020958901952
0.15386572874604243
0.18759037931050385
0.2259851057142942
0.2880935925970557
0.37645004099066737
0.28815203554401575
0.15065300468162635
0.04359290139018346
0.06469301312016355
0.03740322437755991
0.04574741533347193
0.05396543798910875
0.07453430979349826
0.08819381456663215
0.07683297072939095
0.08109920187319093
0.09363025701631363
0.11402876370849974
0.09567876117470271
0.12830860255474222
0.19480277260101778
0.26144514297275756
0.25662700157482277
0.2544324447026884
0.2212704748416178
0.16568754475682748
0.08989909033641007
0.06429261024815702
0.034607349278759476
0.027889158938357982
0.03767321826963554
0.07899413672655006
0.1240796389558761
0.12745317311487217
0.09163878951214763
0.0535759738808098
0.04134102548565746
0.04350847831894671
0.04909665393883388
0.07265303613949484
0.08001675087673728
0.05300412427903349
0.0319055955924755
0.027319289985927538
0.030734449186026216
0.03386828750419513
0.049462762109074764
0.05160275199954754
0.06280391622926097
0.0733516893271872
0.06856491015958015
0.04819563300711208
0.0514262971488917
0.08170293307862637
0.10639434792213943
0.10931403506233851
0.11613184673745322
0.17958340535020825
0.26291870793299443
0.325838452319055
0.33192681616033354
0.3402464452431341
0.35001657572283124
0.3855199883112728
0.33113365697575264
0.2242347502069692
0.11650836305472932
0.09182610561496475
0.0917954782795219
0.10158544139366564
0.07631459429013492
0.044387170284468556
0.02280505049517683
0.04495532816297118
0.06323996569620918
0.0710075471566919
0.07135715721805196
0.07629554049778108
0.1187708142459956
0.12338042734105635
0.10604999474391218
0.08441138328399084
0.19595213653064106
0.24729192884153026
0.1867219373315163
0.0665385093175598
0.1079330339834717
0.10508989591072611
0.11810579188214662
0.08834214260681425
0.10110398768667933
0.05059354745217
0.09727438507094183
0.13912914550992345
0.16223484169828528
0.16028923717159851
0.13099120652429766
0.0843413998485024
0.07408506423132379
0.16752665404514813
0.21142406706379582
0.19708790289776829
0.13087239281778465
0.0860762789794651
0.07517447915797572
0.07634891370414139
0.09400707978256666
0.06554600417872493
0.0446537291906969
0.01966409250967954
0.03358919080215906
0.03750462172421636
0.11908357144011714
0.24372188344487875
0.35897099589856213
0.38343934216545955
0.3402490189606658
0.27538950065770645
0.17926354223465307
0.17252424753742698
0.23492741678475831
0.28310838011243583
0.35931378870056235
0.30306859716469065
0.19438023782946048
0.04187885340888401
0.10041564136716077
0.08549704561771017
0.07155826576431845
0.06087363205786617
0.08274101184902327
0.05270510747115504
0.0327386018800613
0.03213001201390943
0.03836395197990559
0.055681688151036496
0.06374058071017745
0.08313674860170753
0.09455529175045822
0.11256244795115414
0.0984266806197452
0.09183580214049354
0.08252651820709428
0.07097573880381997
0.04980507760857269
0.16618069703119376
0.23218274041823514
0.32375746627582785
0.32018250595662623
0.35632439013052186
0.24256348652245105
0.17824670304429246
0.18574483841623252
0.2043513622865737
0.18184277495180656
0.19977076833229016
0.2522040145963987
0.23441834489034377
0.14858910869949962
0.15696266788989396
0.17792031831725844
0.19716104940001353
0.21349792034216358
0.20704535537490587
0.1491646239182624
0.06224014932947456
0.11054757387990465
0.11919307572047257
0.08509342204158374
0.017300357185151657
0.040190830768802595
0.03752315979888395
0.07668460467817317
0.06899318211628029
0.08461776432914248
0.09550208625349885
0.22504642768458133
0.3469679294310765
0.47187849742390053
0.4877887526704444
0.420355546187678
0.36009182589087285
0.3738990417771701
0.5290181029954794
0.5800189167297721
0.41122309436370247
0.16946241021173758
0.08683123401908203
0.08373718369400605
0.06229469379941776
0.07349458225393997
0.07503048111882851
0.090089902864112
0.09966316971391606
0.09408136492815967
0.07840738520754001
0.06709211808610335
0.20785129803017585
0.4028861710341804
0.35381815978139447
0.17892817134877023
0.1425233703084786
0.17042574282156933
0.08184058825806843
0.13506591462395512
0.1954255018214121
0.30741097290307223
0.3906804833459696
0.4703864275927053
0.41638609607336907
0.2620722423737846
0.09400864602593674
0.024887446545083215
0.1320198775916969
0.19723303265564468
0.24149808711101747
0.27363195746130475
0.29343091114152325
0.25461770870157485
0.2954703142087589
0.31821495685103063
0.3181382411967368
0.22657204282695723
0.2257758134210293
0.22563536335334056
0.24707607789421634
0.2160355088340592
0.2054952173201846
0.16938849895965205
0.12042844163441861
0.0707195782940016
0.08511242146271454
0.08547479993155238
0.07147257593668101
0.024674954889219846
0.10458053281179625
0.24017543157433066
0.37584633875577894
0.37912104980972466
0.30376191959717214
0.2735831282556112
0.22373233066993603
0.22310467013998997
0.20228160740070955
0.2794599318636026
0.28476971584024324
0.2734972477986132
0.2662850071430981
0.30556787457876583
0.35891443263417666
0.4589554804179474
0.3731577832320106
0.24556407705513042
0.2558241277887781
0.302339019498366
0.25752221810246717
0.1946519378233003
0.18752561884112162
0.13010269228504598
0.19973299020610272
0.25715956846072524
0.2048717896603428
0.20481712749629588
0.31369055462003975
0.3375998009496637
0.28327301312654635
0.3521206569561886
0.4157944218231358
0.41363344458611256
0.29189866801752934
0.2528947366740917
0.22091989501798612
0.27756639591199345
0.24587628450034354
0.2442048146328357
0.3041536197796271
0.2824893904584502
0.132461041042819
0.047788610750296986
0.1190179172291069
0.15295469220962069
0.0920922448512179
0.06387315765128525
0.07319413099878797
0.10998808063436953
0.10943242392580071
0.08120805283849142
0.03658411143579367
0.03312848564484073
0.03693841847075062
0.015736978884691694
0.01611770227784925
0.04830172402339619
0.07890334789607209
0.06616365961109963
0.04756068422671945
0.03717580905002551
0.05084686051700621
0.0852289308045639
0.11918134448153166
0.115354543991988
0.12167350974409159
0.16347180879400106
0.24547536542436582
0.3055083777004618
0.2311175048809445
0.05360705715979186
0.05155460573905528
0.2712031080836644
0.3427315297625014
0.20309386652325956
0.06360970068746903
0.08067566962326117
0.099205279916986
0.09922666867723035
0.0774481894299096
0.10917794497482713
0.12647281083196527
0.13100782971196756
0.1261574419056784
0.11732255671560379
0.13054489017892582
0.17580118712694703
0.17022896322120318
0.1581453325070112
0.1456975614609927
0.17221661680829933
0.14348700457024802
0.15266011913280794
0.14473722541106152
0.1609017627696962
0.18608901072045123
0.2441537575338477
0.17970586014547862
0.11010640733748558
0.045834345803207596
0.05021403203030207
0.015288686295656424
0.05492033242572791
0.08394804940433698
0.1487363820663655
0.21005643403598134
0.22685300406117945
0.18042627525518423
0.23784789056087846
0.3516532369965336
0.2950346646784775
0.2091820034383165
0.24494422597575108
0.306654913061799
0.2907196375655198
0.2477982646834237
0.22890344105038116
0.15316892070735402
0.09655296059692235
0.08916170619944053
0.14260241844412502
0.20168917608781775
0.20208170903856046
0.21730920804353596
0.24491531668822059
0.1886596155002206
0.1432665448235171
0.17175016331931045
0.20426956842290397
0.20612807142550346
0.19082113204838422
0.22162682754680696
0.1925637864461433
0.19952266323740003
0.1860580960864469
0.21905116154704923
0.2603001495316993
0.2795029700018026
0.19689823629374778
0.0939140244849691
0.060319550483293606
0.07591902262527479
0.06430099394691183
0.0757817969819685
0.1123559673758512
0.1550008381747542
0.16883049840899686
0.2331539906082867
0.332665733012974
0.3468669004810171
0.2856593906942079
0.298488247676436
0.414768122415412
0.33676357662932666
0.2297042751052918
0.2065003900920083
0.2889324039021912
0.24643485943341395
0.20193837870908452
0.15978920986544257
0.17786185091323561
0.3191087146421711
0.37675463202739984
0.2633322026057423
0.27529289053561534
0.44807762806990303
0.47217451445063846
0.32049032273181627
0.271558172774283
0.30090218171985106
0.2827432307123945
0.2702097416946381
0.24466672283075536
0.21616987550523784
0.172935676572206
0.20235392706126826
0.2765320754993972
0.272811907198757
0.21619726311459178
0.1796406683313627
0.2104499970809813
0.2141713280362605
0.21892819342145683
0.2150246986313704
0.23985295567063386
0.22288611302864256
0.24215751411724096
0.2470248055948786
0.2590194514711687
0.2710327028499839
0.3073007403531471
0.32202614101557325
0.25732434606860055
0.23568934180409307
0.29117204383999756
0.2581792907647913
0.21133035518508958
0.12382125842705348
0.14212323850745023
0.07622132798244126
0.1580597547143622
0.20672962969728484
0.24145061082798164
0.19028466390314142
0.13117536406627264
0.056717874654356897
0.029065771451782504
0.038750226528178326
0.05704605836553337
0.05614551018139492
0.03610498169454173
0.027682731723978504
0.03729291884624799
0.04944257503337396
0.042025369648410124
0.05356138377971291
0.05834160015716542
0.05896121793875297
0.06403015714894177
0.06430242717427179
0.0767693947925179
0.0794345915430374
0.08977685430958052
0.10894239864138067
0.1382845290573544
0.17136557201818195
0.19072492465232976
0.16731199608055555
0.13301302373454843
0.13759604641759576
0.14870041404929996
0.10999458873980582
0.12785377974966436
0.15742621843731852
0.21124803799481948
0.20927438919971988
0.21025197701866274
0.19055666128248308
0.22905983638860977
0.2719789727918217
0.27850480434800295
0.281484385771771
0.28326088399914545
0.21182039042002582
0.13261183504695576
0.1582263262577154
0.29880362433622276
0.3152499246564139
0.2850337446147393
0.23488812262466482
0.25470847349036124
0.23784114889294566
0.24048601962220265
0.22751410826267848
0.26974289780869787
0.2711666363615707
0.26026720680545173
0.23047209933318288
0.28459476724664484
0.36699708568577544
0.41539390447404806
0.3768476790330692
0.5210107685874724
0.5571536727936522
0.4730162561164567
0.30367257276317944
0.29799417472948997
0.2906290006709043
0.254152228950391
0.48974621370791055
0.5658698123726386
0.6351040229916519
0.4602946055589535
0.349551601957073
0.18464175949610115
0.177845461835399
0.25164601242197754
0.27405271953108423
0.3056838806291801
0.3005061129285395
0.31782455723372066
0.28292754741530635
0.18804916681386388
0.14570428098422117
0.1936239131378962
0.2250613662564222
0.21687898362000957
0.2379036204374508
0.28901882526765715
0.3214009594279462
0.2827930118296457
0.2706659488018722
0.21794843067493586
0.14687967418248157
0.04909878373590519
0.05577003803274432
0.09522123804415941
0.13928068838189336
0.18871517950877573
0.15375851030981225
0.09794264945658165
0.06335124615625448
0.07454448711550814
0.08314187322306933
0.08544455304672516
0.0839509917006323
0.08798873809189453
0.0801689040399922
0.091448464839357
0.07635905689988327
0.07625550575331469
0.04250897728162557
0.055853553502933424
0.04043293686055488
0.05239374993120402
0.07651633111340393
0.07929608572606277
0.07889401441310254
0.08166995916601728
0.10512870702683316
0.0712895629745858
0.04490007061908857
0.05022992555105253
0.09511930325907796
0.1797758587585283
0.21178870398493974
0.14648348585525936
0.019801967913350677
0.08441393482593362
0.12916222490261509
0.15990731346651701
0.14921973057430013
0.24328029359767178
0.26144024399099997
0.2816229871659112
0.27384861087286755
0.27597209068057255
0.28187067856056675
0.24046602469761374
0.22859210739620248
0.2343209794702609
0.20516226206673388
0.20889271769748727
0.28752346076684565
0.36470675197645736
0.34171258692972967
0.38750311362913553
0.346323213415315
0.2877872441171858
0.28312590440987084
0.3867907527763464
0.3911878537167684
0.3166488274336079
0.2611722005733638
0.2808351940930765
0.22783462280362213
0.21929548738614157
0.19479219385441626
0.2628869551444311
0.3199661392136833
0.3050810653092981
0.26041420773040813
0.1690752222754458
0.20248385530500318
0.25068727278072417
0.2665831380179972
0.26624649126645666
0.2413568137442896
0.21380190633343346
0.37134258570382916
0.5572413077103782
0.5783001466962248
0.38664401267321047
0.30956034172254343
0.19035471079599367
0.1563934889922707
0.22749105174041057
0.2548877730865841
0.2370474194363351
0.20261556761253516
0.1882847749762647
0.2213809954219911
0.2837901585990098
0.298516542856406
0.25790560498096626
0.23769739524417252
0.2673816128696362
0.31534642360590237
0.3340794810874089
0.2826864086238113
0.2995708172681905
0.40090312309068515
0.4095544286279
0.3583711826189382
0.28773940273874954
0.2814998444194404
0.23839497353402625
0.17421270701605907
0.06403419608247661
0.02154321934066363
0.08113102711007118
0.14638547733748092
0.15427261979979845
0.13606704652804372
0.08691715912697631
0.05653779331061056
0.05846678092387046
0.0896372867496024
0.07353770482147733
0.06770964903278424
0.05242243238190579
0.06415878631366728
0.07467622725119576
0.10800721794439767
0.08270673495323239
0.06470506433824268
0.051898495927106436
0.03506591447970225
0.03693138987054393
0.07059346703397536
0.07027075740782937
0.07453236690316582
0.07290752813450785
0.07312368829359697
0.04780048669658386
0.057015447906021956
0.0799274575770172
0.07836538199242946
0.06707153259090505
0.08451892440526124
0.10702523743786754
0.07607441362709653
0.06294901453788519
0.0772597958731622
0.10734072152366797
0.09829686537412383
0.08539922060382653
0.05014035517021387
0.11326800972507794
0.20734223298573418
0.2159161895341563
0.15973839647472826
0.16386718818602078
0.21432030001587782
0.18945425341317004
0.14831683655964537
0.12194479639226874
0.18147149360043333
0.17526012371964275
0.19338094108956166
0.21035268110797306
0.23084876006183283
0.20734598915844818
0.17940093025226228
0.19704350652284686
0.2409625302007507
0.2852125489344547
0.24314965216967785
0.24484171392049187
0.30552378832404187
0.3943562055313129
0.3186209646311293
0.25833864887207597
0.24099030488604783
0.29939513183157235
0.2999315839557297
0.30896493883013376
0.3233628104610211
0.231736112539011
0.19184841208019268
0.256001686960585
0.3426898769260759
0.2786698069207126
0.24142644625936224
0.2758994298462759
0.319424252448414
0.2899803014013447
0.3086460337793648
0.3053649778636175
0.31345786267378867
0.38775234966760064
0.5124493121940799
0.49448009472882476
0.39390508153581555
0.4519782989970555
0.46034607267075484
0.3885818091871443
0.2562825419453375
0.2447839362995114
0.24466987642378363
0.2522131935493765
0.32578305447479283
0.3761725180512005
0.40654071973138145
0.3984930373144243
0.32770042964388674
0.3192151872859947
0.37848493452269244
0.42805022308282875
0.3732437380884425
0.29844230589298615
0.4042641898751967
0.40403226664929165
0.48356350889826727
0.5164949114248782
0.4675089895551914
0.32354513077950486
0.26161420138661445
0.3189690937363456
0.33034944274253364
0.36258599852390333
0.409683866457618
0.35673821279285683
0.33312274870260644
0.24729665389025052
0.3310804165724372
0.2904879297286012
0.28217769904821727
0.25914225712958805
0.329132420848606
0.2631689607008438
0.12327106390640583
0.06707876482968739
0.10821122750544825
0.20990436485142192
0.2372872248006638
0.1923530006970436
0.09426991432680676
0.05450724712960521
0.04865618918330718
0.0542298709089961
0.038536841071899405
0.040272361453237746
0.04526158350955696
0.07146661240521429
0.06448222791533009
0.07174360996330935
0.09832277203738347
0.1264338588319749
0.09730610535103051
0.053525380044179525
0.038437284101075275
0.04345985469043057
0.05674647859803374
0.06363552679723017
0.10216031543401452
0.09322654306051102
0.08937203855008036
0.08942403501611124
0.10408123255788486
0.08666941618271289
0.080783945861729
0.07200303987947121
0.04141434490746167
0.05526673832445252
0.08104268510994803
0.06880685949903803
0.07910270176042873
0.09671267524003015
0.11904170311347761
0.10419172365747141
0.09717898266494994
0.0841944265356022
0.10660325259936808
0.15619441266376316
0.18958751435048796
0.16422840907311737
0.13458574577713697
0.09305236833443498
0.07299120988905769
0.04037513876017228
0.10750318853190512
0.13768218297406898
0.15480200697000648
0.11171086083481437
0.1543237101291375
0.18891270626018858
0.15165560801252703
0.06825376283941033
0.0872640099435061
0.17300525865118221
0.19947812664886808
0.20876081213808373
0.23912170000977698
0.29254575324228466
0.35583302204363326
0.3914243032565997
0.3773747996374334
0.3450291908283512
0.3015791815102496
0.304026315567514
0.37256733694896954
0.42681141866388794
0.41579482167584847
0.41825734720836627
0.45658706562823825
0.46744159389696893
0.43326323809347195
0.38454464759053386
0.3446502052788295
0.3109895649890649
0.2816052895670248
0.32798084799053034
0.3995160590006514
0.4410411424529916
0.44899851333285
0.48307049616993714
0.448522564035069
0.4277651534958197
0.44884975853782283
0.4018811263410834
0.31308812923179696
0.22914515593428003
0.24941395701893126
0.29621227305356984
0.4094032738685543
0.4435552426331356
0.5199845076334911
0.5400869497422836
0.49771373142051495
0.38646462705000934
0.3085937918884157
0.3003005673997227
0.3114000138674571
0.34065046832919693
0.2681359235325578
0.2031423770889571
0.21539993135694935
0.272118358109892
0.35827365899908487
0.5621531637810339
0.7270577146185777
0.7170189410733266
0.5154383658827892
0.41408762023565093
0.3170189668555604
0.28411183066629986
0.2661748322959222
0.35034037580982896
0.41328361038522315
0.46401608739237976
0.3411253428924148
0.2237573989529551
0.11223206348433837
0.21872719687306644
0.3022852438560695
0.3723480347135692
0.3352347147740825
0.3405801665857607
0.4109810466666131
0.41737400872360303
0.31475972253807705
0.20347873286931178
0.22792172852367487
0.2745597763302763
0.26138610161510045
0.19027522770022065
0.20146028397274257
0.22243083322660603
0.2943762485195413
0.2885521486914783
0.3200992552340205
0.2363116374558708
0.17410359647138118
0.1774629346619725
0.24850192013330175
0.26074211534029135
0.17134344479623104
0.2041463443174424
0.25781929987767704
0.2591014533793613
0.2594186801940553
0.34702286860154524
0.445707860832106
0.3607638057301955
0.3551631808028327
0.26952759393547865
0.1596496264376635
0.039615193216168756
0.10830374539840358
0.28885433036574
0.357433354439468
0.36552481123102815
0.22829051930613417
0.18277043679095717
0.10625565022638978
0.2162134579188679
0.2922065433467049
0.23471013879486566
0.129853852169164
0.07853263297360005
0.2520698730929511
0.35825824572997755
0.4174199137779871
0.24153748903571215
0.18184506575227133
0.09095161417886884
0.197197342054964
0.21210262526512194
0.20568616103664578
0.052614449810013654
0.11902730720413741
0.21126461456349244
0.24221337593045444
0.2845382993805403
0.25435010324171725
0.33384533063691735
0.3346554511236455
0.3613518020295075
0.2435009043500939
0.2632504732297111
0.33219583382895923
0.34978780380793517
0.3957972726204307
0.4780118278430162
0.44669711932591827
0.3047720399071324
0.3317893611856511
0.3590145722721639
0.375304766503122
0.3712714233345986
0.45229035052006494
0.43686078787931504
0.35881699470563183
0.37168348379694843
0.4109037973886593
0.37449162685883497
0.419005691507507
0.48171749776950196
0.49340773936661086
0.3724516420029808
0.36177151287103065
0.22023535449343123
0.17517507551287884
0.2965911171803685
0.4795612281677092
0.5924908003830153
0.6193625829804523
0.6628117224635159
0.47794454738606607
0.3420065833066704
0.2172186868446162
0.2344024739680363
0.2267817321541673
0.3381790946231871
0.3901453509199249
0.3435012771214626
0.3558341572718195
0.355227733642944
0.3427161513410193
0.2651211709397141
0.31453553247649296
0.39284896925817137
0.4449794265051668
0.3620722464706419
0.20485522978083262
0.17534708890316153
0.15903680042696644
0.3094035947251552
0.4017152417909615
0.3775564241536341
0.30734591118669013
0.2269543358554521
0.27037564113898294
0.26645603040683036
0.3002383646430669
0.2726622165747634
0.31298289550545705
0.21630141464689065
0.14987597235234276
0.2407035331022902
0.3624485144575534
0.2772882255604517
0.2653430562795371
0.34529699379133677
0.3759722241330078
0.2959088623284106
0.22790537733248933
0.2896615827856183
0.44767864657938833
0.526797090436737
0.4949710217997922
0.3775972047068834
0.2085125252468836
0.21652914938727247
0.4110585727166055
0.5409390912693748
0.4366121340766043
0.28110664202394825
0.1568064847732354
0.09666916403535399
0.10695368921688873
0.11881031856673098
0.19409440124112906
0.29657868795083897
0.3036313703596763
0.26278436209265604
0.23813995192393406
0.2958512289671162
0.2746115374297829
0.3002875962874058
0.21020737178592702
0.12751950899790004
0.1301518191962883
0.3133347561954191
0.43507486713568755
0.4860980330376249
0.5174181370417928
0.4631886429493109
0.36000264929486536
0.23816738205934934
0.2058053342023817
0.17773433976690164
0.20934412532522212
0.20558477143713572
0.2839520210898279
0.28348775849954694
0.2733852773197069
0.2717471288063708
0.2641542541005832
0.18144031143150213
0.2537373735561254
0.3906056526614689
0.4183063802853803
0.2912518658361314
0.26587022500287755
0.2767902028105932
0.38672752432167584
0.45040266846399024
0.5174161799976112
0.29658712669136866
0.17423209803060322
0.10839349913312132
0.1732872608270125
0.17543189430607642
0.27762161277549025
0.38982078799574255
0.42103136568889543
0.42584549952056167
0.373534405567799
0.34640668141376707
0.3232712462198167
0.2889004808191639
0.22997726612724886
0.18278357623919966
0.19446886926314175
0.22631319071709796
0.2632571536120182
0.28955275612710146
0.2957206000813336
0.34069460005989377
0.32375849326402306
0.32571542819535787
0.24179356136056318
0.21595864267869005
0.12967679403799776
0.09246588939748573
0.044500649349342204
0.06403662360909754
0.04134534393771855
0.05512511550215211
0.05247629580801107
0.06066718657310749
0.049832091754939474
0.05971007692521666
0.04157168082112116
0.024599306381257926
0.011847445021504066
0.047782313009902225
0.06205909174244708
0.060006958965105946
0.04338767303025611
0.04513281125661612
0.05776038373098293
0.1038712278395314
0.10933973397829033
0.053048477608497804
0.021898048559571386
0.026811211548708087
0.041374310654346665
0.07539821545304372
0.07046586051919174
0.04822555349181805
0.019792140805603767
0.08636102129568661
0.12320911497040705
0.11224472110009431
0.051147769057724085
0.1266320155768056
0.20025427824879327
0.18164766858634038
0.12371773578748678
0.10914871235953921
0.11447260963541496
0.1883096450209831
0.2943931017098578
0.2866946805766083
0.3053028336984522
0.25857201001562
0.22676744358235715
0.174540718576682
0.24100461886662122
0.2487530649023702
0.1679774828516801
0.18099717188258266
0.2454603244951089
0.3732498825980043
0.3602820394298807
0.3874530745354108
0.37654475679659577
0.36842322609767103
0.3733269880436284
0.3446740474207908
0.2597749726843482
0.16156099084127562
0.17295837208341625
0.22144669330914793
0.1936394950933738
0.1458948319371544
0.16957418950103514
0.27704957840908095
0.34628361279205055
0.36589927777601317
0.28559899139126627
0.204092006911981
0.16303502384654034
0.16604642827803745
0.13037509325690416
0.1168249491817917
0.09657901417835102
0.08117643535294378
0.09832606531392593
0.1706654369052478
0.2697948747015811
0.3455627517401149
0.30174930960993535
0.19961535436474093
0.152126208401291
0.13905925940167688
0.08091907688590588
0.022340191212287887
0.015664428993300034
0.05415102029081768
0.16328096319165553
0.34509593404830974
0.4831025104068698
0.38335038935957694
0.25945422641447397
0.16033233718183973
0.18044356640027007
0.12214798984901049
0.10799847174502354
0.04444279453103332
0.05638203376374026
0.1097926215541414
0.09421948238650697
0.16560555572269237
0.18000096509888033
0.1463748333178523
0.014460141893619723
0.10251106700885836
0.12611198849213473
0.12420640909553675
0.060022570907044534
0.07819782449355608
0.048822285461792105
0.08113853460932352
0.17440853260647715
0.28616577095815454
0.286458221738743
0.24875533228281868
0.20681999023387782
0.14026329845248037
0.07703690437893851
0.07377803879644605
0.07892938358088432
0.13895171355860958
0.26645608796946235
0.3880429842486167
0.37666526016290647
0.29924421984261484
0.1669785404606891
0.15731508196346045
0.14136769792393478
0.1371670408755108
0.044368741639293066
0.0
0.127872085530766
0.39508498286323657
0.5537861614690582
0.5907669138826601
0.49284672619954495
0.4179588924045003
0.2211044667714616
0.12070558250862495
0.011507228853285286
0.0307561841348745
0.14824242781652966
0.3381330724712059
0.5481123311854327
0.5914401497493841
0.5149546926269125
0.4150322117612351
0.3571724232318118
0.24087756415519065
0.11485981998165196
0.04905741615567903
0.15587665976598217
0.3631978294208735
0.6267839467689048
0.8629365455623725
0.9057346775200956
0.683620408072824
0.4776542992260143
0.3450672546796085
0.21701073383398847
0.08015920692119445
0.1623984318460209
0.28509157207846336
0.42218807840934636
0.5163222796462758
0.6070746866692514
0.6513517676511139
0.7095170720563507
0.6331967361178572
0.411758225073486
0.1483171513230206
0.05739867331749507
0.10781886833033247
0.1983645394072689
0.3099033622461031
0.4613350751605952
0.5581820949437862
0.399642517044021
0.13380017658511545
0.005737000618521619
0.05720049555958395
0.058650085494117946
0.037183401251003396
0.027798461533783632
0.09564460859691801
0.20333159628060063
0.29081576050976554
0.20620645645594474
0.1031839254431524
0.07395943707702854
0.12487456356913681
0.11020019094946745
0.06833742288902618
0.061785792078817826
0.1891524888084886
0.3460689397373966
0.4189210997123874
0.37220517611516996
0.2452503548160914
0.10448060533860935
0.06225197340897676
0.08778945560130515
0.08971543212048957
0.034029793414647284
0.13824968370004137
0.269975224637961
0.41437641028380306
0.4412043388822686
0.4151183165232388
0.35865008374871993
0.2134058690026151
0.097940305852906
0.018346605667563874
0.05269427806787477
0.1148940011009986
0.2709051337609704
0.4525664065534145
0.5702152371134123
0.47521265646691413
0.24646983822602408
0.053430222366150484
0.07983791011432186
0.13601048758407286
0.18305544518471575
0.149241366142796
0.07357328967966871
0.13350618998872146
0.36197460759605793
0.5336259397172318
0.5058727953923406
0.3222719862668088
0.12026279613704072
0.007908640322939475
0.07974995024619592
0.13592634861268602
0.08406673292261324
0.18061126007533868
0.4045756681173122
0.6259999977831532
0.6366228080151927
0.510436706043009
0.3930060538850676
0.296466367517351
0.19735370511354833
0.04105201171192422
0.10086366471280869
0.23368380915567669
0.41057084555346074
0.5567358289265116
0.7117131866853761
0.7170247120477797
0.6502058709108114
0.51585740888033
0.3391668317713743
0.14735893033005298
0.1602814860399225
0.3007940953342565
0.4108806743464485
0.3800007645618653
0.3472183031668815
0.35069772286132656
0.36266247395445966
0.30299485758612965
0.15343759479271188
0.14335282479847952
0.293874828151376
0.47493845842513754
0.5127277631976573
0.3475954322490561
0.22915775545964406
0.17894633442248264
0.2173308349104861
0.14057143140031642
0.07946496343933214
0.13247305284634492
0.3674367769568501
0.5881675864485931
0.43442568158460865
0.2547315913607207
0.21135380128596074
0.2286642198708045
0.118520192536184
0.06089407119913569
0.06807317838108662
0.1022965193803555
0.16299340436958326
0.3237742896882707
0.48199995076759644
0.4750439189242959
0.28797561719542186
0.1937247369604371
0.1674796274989596
0.1668400509998311
0.114398865796448
0.0891184350975411
0.03366839246485793
0.15917162188833608
0.4079741764889858
0.4919249277320644
0.38316326864304934
0.16776258547352796
0.06620201452768663
0.0075415785442223
0.052531694455437136
0.07301696937092453
0.06883639974198506
0.03612480498754948
0.1859727749175056
0.418346923747658
0.561327571253728
0.4707217111733864
0.27408297223203715
0.13969164206482546
0.10850954146996307
0.16913530816176328
0.15355482830648837
0.11980969099451856
0.05251441983602907
0.11354042600835168
0.28451005069700513
0.4566245603613782
0.4349002267228271
0.2799294884974551
0.13326682305348803
0.05977794270438511
0.06808673882613807
0.08742883229284677
0.06796070843486163
0.1794606825022268
0.4046861803084295
0.607236800559174
0.6078566904422547
0.5361960728040512
0.3049613706498734
0.14382072755105962
0.09600380446830217
0.1550120694400878
0.14080598792598356
0.16049655890427728
0.23273809122918726
0.4248760464359188
0.5988906239727445
0.6431029574732238
0.495308666358017
0.26854119822458966
0.1324885365120425
0.1476426888337129
0.1582150249516821
0.1043914649813712
0.272663702257472
0.33874197228488934
0.37782566685572444
0.26965708414771594
0.3415014495313914
0.3067284001941766
0.278519893106001
0.22487347481251851
0.22818667362798173
0.240297463087941
0.34787713834294204
0.5433521328381485
0.4922448596449702
0.23114833271922522
0.0195643924904529
0.1582628557571679
0.37095350542617817
0.5269626256418136
0.48740537233161535
0.4878402085077152
0.5595324980330283
0.5211049910325939
0.311211465117968
0.1217033170697002
0.07010578731090285
0.18980049024660095
0.30349200977106217
0.298384474459081
0.2240508706653507
0.34113536943872225
0.5822580690530902
0.5333576168990112
0.3139505109586507
0.20527057829952952
0.23715779228501105
0.2740900494616275
0.38666836081781186
0.506912150812252
0.540580825572222
0.5777971887471848
0.6832368733881131
0.48692524073073407
0.20357790317534358
0.019504536557368023
0.021713464805619552
0.10150051322280662
0.23356286810880436
0.37620985948943964
0.46718349836193906
0.5839168694837391
0.6806713985740814
0.48135636564039597
0.2224166311046374
0.02024000725282068
0.14469782838363993
0.256993156736444
0.33512991165744077
0.37844270705511257
0.4251290319427814
0.48514390441496846
0.3286331888199248
0.17522393737321632
0.11288594560213448
0.16190543438416638
0.08869741858773343
0.18414838296800093
0.34495600611125676
0.3934221704562184
0.38706806249418574
0.5148351445237124
0.6846962192285472
0.5515041050705761
0.37243540934067004
0.2776320788467759
0.2740364953790219
0.1455881153489353
0.06893697617099344
0.09173537907147568
0.07741176413600057
0.041335208498885584
0.22529270427478928
0.4709761947021454
0.4135809203906299
0.2369183357990984
0.09887806123395852
0.2580863836087319
0.2392998456664874
0.26151498011437596
0.13842357027559168
0.2132661725151037
0.1568132344650881
0.27622541933113637
0.428473613575514
0.5070563749170842
0.3158873651490826
0.30705308317698354
0.39605326245364386
0.40521253210500036
0.27731738882490276
0.19866979111972213
0.14652312968186498
0.2590731007039973
0.4735685854701193
0.5002691478754002
0.32304130468693887
0.201221217229419
0.38345777529334496
