0.08053048075333
0.07345674665404077
0.0899523609630692
0.09034552695367783
0.07334134946230597
0.1693100434665382
0.32187967393958256
0.4470827314151469
0.5139985506091983
0.6140207826835816
0.6966055824284705
0.7388322618410659
0.7695311647452486
0.7896660830057045
0.806733643885408
0.8064763462017704
0.8066972927001229
0.762415178294395
0.6625054416563692
0.5462617061538805
0.4836842222542072
0.45491431211110694
0.4294349137154583
0.38613448360729913
0.31883512377246725
0.23049244330003993
0.1428857811371266
0.09808157825607361
0.08443937593810813
0.09239058658668316
0.08382747165790728
0.07959558781214293
0.07080929206656607
0.08783694693197155
0.09572605653342087
0.09437082007968321
0.07981769338168869
0.07812005858713664
0.07921761350724228
0.10964530177242188
0.11856673247443858
0.11283098007060594
0.1037073714781933
0.10032117019613504
0.09037419551545196
0.09100391342925455
0.10269164539902281
0.1247545673882763
0.212097344999379
0.3650197813327517
0.5122221791430115
0.6297658605933028
0.7134306960829341
0.7833929966315742
0.8250418926677964
0.8637749648716538
0.8837784268783763
0.8999457520835272
0.9097634030978692
0.9275447163023992
0.9470165766239561
0.960804417564348
0.9775711420651815
0.9926174222831854
1.0
0.9913749976975201
0.9901378083311695
0.9877406226585314
0.976970727206688
0.9662630445987372
0.966616158552775
0.9626611689345513
0.9610489873657608
0.9543585425284321
0.8999992441193813
0.810504244221
0.7281188011420124
0.6841801863185504
0.6511166875983577
0.6176211291524896
0.6160363590007254
0.5920251587885402
0.514641461603877
0.3990054012483612
0.3617946386301877
0.34651773278022513
0.32486411465585313
0.29307659281072385
0.286638970693821
0.2770204132111616
0.2533485259114281
0.2000880065029663
0.1401832571041442
0.10473168746985781
0.09490281847025314
0.09475831104284442
0.09406810157309554
0.11097288724970601
0.12043154926124551
0.12614677850415515
0.11934867281500537
0.12966739787771395
0.14670098205193272
0.1822110877021016
0.21691159564453433
0.2640542515384396
0.33000348017014114
0.392462845317497
0.4401112248666598
0.4698434673433783
0.5125867428297566
0.5688581282906038
0.4546054812264267
0.44772461744024133
0.40603876897519503
0.5498393335699941
0.3800095018650445
0.5167210789523357
0.35861822631591606
0.49783823379652165
0.5566257018915581
0.7702488637843479
0.4497854170009731
0.36983174941746055
0.4258264029334406
0.5185478509748521
0.34671169108964467
0.2679708914083061
0.2344863706772155
0.23320434358029932
0.1986856027532114
0.134269203345937
0.07302824637908972
0.050498083344562524
0.04908907629206365
0.054393922525856515
0.05993875944300868
0.08304481052040665
0.07913792741724564
0.06143168064859817
0.0469837476905553
0.05724500053673968
0.06634725331285322
0.10678226691098532
0.15480894246098212
0.1826107152696696
0.15852766258625473
0.1344204659707611
0.11922887726710736
0.10040698761939978
0.06135488140512233
0.03395705470698666
0.020906262747843372
0.04046620642750462
0.02990469908343367
0.04038609810984386
0.06868770031695175
0.0741254881313584
0.07187988805073395
0.03419314819600214
0.05753007998336742
0.021214898906976722
0.02052178750842107
0.04649554171024341
0.33068668565492193
0.6520258053886298
0.8230958881842568
0.8097550397906917
0.8024604458087728
0.794393600239039
0.7723219824809232
0.7321589833271672
0.6765530782001784
0.6134543987729286
0.5696001267438707
0.5513890499064842
0.5476576792432916
0.5427710745812231
0.5421660843536648
0.5363655118056618
0.512311706604873
0.452662981832654
0.33602097544458814
0.21685197763593222
0.137541741817854
0.11437166299433839
0.09403325211004347
0.07326848523018882
0.05460053069905922
0.051492318819150715
0.03298951229717086
0.02642458279287838
0.04234315999474467
0.0805003073092367
0.0666213945271139
0.0718813098927823
0.08077518662099145
0.08264318029987985
0.04055958234455104
0.07203297164717153
0.10490678621850794
0.0973488251970552
0.047650259681742115
0.0485680653075534
0.04637736175375722
0.0365472134817398
0.013797233698349483
0.021595873323815126
0.07185627035834855
0.1643706080909239
0.2055252215150525
0.18595833348675206
0.10864783039917361
0.03300403290690084
0.005402526786396252
0.044446403731193795
0.06481290906776545
0.099681341338111
0.31804798828319464
0.5806544472575338
0.7376557077521388
0.7457971858084383
0.7635584152657153
0.766924699477126
0.7742658692874784
0.7686959238063378
0.7415085685241404
0.7023887553934017
0.6566994718379527
0.6246808133121373
0.6008132590389481
0.585658759494402
0.5559862632918122
0.49656040421806696
0.41403513910256495
0.31311462698318837
0.22508947631051718
0.1753936231019884
0.16649233765441832
0.14193238962109261
0.09290336625692136
0.05214899608437789
0.03535045363607759
0.039266250495509455
0.04478204929329475
0.05449025750631495
0.05190611579122695
0.049241967344039926
0.0447095886284129
0.044178404258011804
0.04103414947452743
0.04767294521479572
0.060533747649058306
0.06406758477642151
0.06340857883292095
0.06001365039089909
0.058433128746065134
0.060325655507146324
0.10208571461722402
0.18240314957642556
0.28624104060452626
0.386886960995192
0.4806915491107468
0.5555539829300095
0.6153215312846867
0.6670625485379684
0.7207975674304898
0.7709931414760256
0.8091665012865745
0.8327660007682831
0.8511052720553163
0.8657209466027055
0.8812591647192242
0.8893550465051542
0.8927964084156422
0.8964191605062555
0.9031625688987838
0.9050378400128687
0.8970204527164156
0.8876035140612216
0.8651625976533105
0.830067423808889
0.7894999401587313
0.7598874789643126
0.737271768872139
0.7238196442882705
0.6985393585865197
0.6574788269503027
0.5980994584235921
0.5398924861675651
0.4926759170677729
0.4620072524764227
0.44647339223602966
0.4278381356239656
0.36014650464550657
0.2820851038169166
0.21170357578844656
0.17775015067419175
0.1381425228678124
0.11311724994908284
0.07938763263981258
0.05718398742426981
0.047188620394750316
0.04901330440314287
0.04648231174211512
0.04987021423419715
0.03824258615809157
0.03660694074287258
0.027071398154931803
0.03483585366559606
0.032723619868123686
0.03597408414441543
0.020916740448405424
0.011637097593778787
0.010576688633191996
0.020963214210276998
0.02012933594747707
0.016617282477652286
0.0
0.0014476240120652123
0.03646510450635571
0.1280241943653993
0.23846954984012833
0.35537077205370826
0.4608909655513122
0.5460841258023087
0.6009246800370084
0.6400767897842582
0.6724968490629863
0.701921862490967
0.7201996246755826
0.7377439986955351
0.7574357292276211
0.7861507119019947
0.8135863283954174
0.8385249579500412
0.8539917395539613
0.8706500029317178
0.8843264426219796
0.8988006134247305
0.9071428137946316
0.9048691547540291
0.9059735753134702
0.9109298172706755
0.9216857524343165
0.9101414554288402
0.8870174490770097
0.858103547042558
0.8267560915689129
0.7994164258460307
0.7756765138678514
0.757523609141844
0.7273528084209018
0.6881718174562008
0.6428049402237294
0.5751769225433359
0.4854543710848947
0.34512825744229986
0.22196106392058657
0.1352659135868481
0.10601640292778476
0.0757339293064207
0.05505222624351388
0.04904129226226362
0.05557191434785934
0.06851203824591659
0.07362468827010267
0.07726162774824327
0.06291811120668507
0.04460235727476829
0.041363402729908606
0.055272050481715906
0.06593548367254491
0.06773785251940459
0.0671219887789341
0.06977889137071236
0.06323088415504917
0.06959888670055153
0.06785090504801006
0.06790534014618954
0.05744037258404886
0.046578028900338006
0.034281854164299914
0.049231195178721474
0.10025786700043997
0.19147571676750894
0.3013318581586104
0.39878848387403487
0.4755808766708781
0.5372925542849926
0.5868298812626931
0.6204752578554902
0.6552516893425452
0.6846381860999111
0.7148753673192464
0.7444414590696591
0.773133511551552
0.8026019100770623
0.8300471963603708
0.8488864844056743
0.8555089593028512
0.8624666521660469
0.8685621134340068
0.879320064852221
0.89039161128273
0.8954127660981139
0.8938806302449317
0.8994831774848516
0.900201142822938
0.9027257585761558
0.9003339503240062
0.897359242471922
0.8875401905471656
0.8754800809047929
0.8494188189016678
0.8112300274087059
0.7548049424079071
0.6849979906830985
0.6322385676355243
0.5911883357168547
0.5631136713051521
0.5167010115289737
0.43857548560471055
0.3189308535865075
0.2215610232425352
0.13697519701400976
0.0793871748670301
0.04723134147906933
0.04785584492142617
0.04341666526726627
0.050139108998887495
0.06124509896280032
0.06886318892142304
0.05706340065437476
0.04397933517229545
0.041957341019754534
0.04283495084315166
0.04757015719779677
0.0363276651846463
0.026256194306234125
0.015198736644135836
0.020765971738618702
0.016149220934025706
0.023058834174123546
0.05367219913289138
0.11932295801333598
0.1178756884528241
0.20837814063311735
0.3607699199916469
0.5184631535438131
0.5428005679737475
0.5851062491937848
0.6294441416333064
0.6632134336422765
0.6863934535017195
0.7117315267703263
0.7315054622402526
0.7438495887123616
0.7473966539353243
0.754959217356939
0.7644326292130321
0.7750617738146826
0.7833465732357192
0.7943718746264523
0.8056820791189763
0.8156050782211276
0.8233016263120579
0.8246526513607122
0.8304126315792916
0.8262685183451292
0.8176131481227776
0.8023636783832231
0.7867046315879287
0.7676626487395625
0.7418732637796671
0.7036075494705876
0.6520643134458142
0.6051293230960925
0.5530148331545279
0.4716281111728466
0.34011533626271284
0.19911878725847545
0.08940534781626105
0.042041258853681485
0.04519348761701616
0.07160395944610234
0.07059325451294778
0.043769221237186455
0.029041062813322888
0.053055337191450655
0.0623497733722597
0.06794339819193199
0.04524058928266918
0.043005918874297486
0.04621194906111818
0.05498475214349822
0.039615131993084945
0.020859647779459364
0.016400131955486806
0.029463577793401582
0.04390129548101037
0.04729010127222203
0.02813076048532718
0.02668909291894467
0.023442516452090265
0.08086084723960218
0.18293770646280927
0.29707809556648807
0.35502760879973466
0.4105587624619776
0.48344733748331686
0.564452527135034
0.6282028251073503
0.6720755207568094
0.7064388569736638
0.7379193069290289
0.7649878838977621
0.7857192171552576
0.8029922680715917
0.8095332402217318
0.8116500784092112
0.8164134338133932
0.824394191102007
0.8255650282792554
0.821894645379193
0.8263661344772972
0.8311368126202202
0.845555638411834
0.8474334224994658
0.84630532439925
0.8334182748158384
0.8070921891078695
0.7612199435832686
0.7128340409616493
0.6744394759483765
0.639838240749429
0.6072145811497017
0.5756439185255344
0.544566019745238
0.4934015597274105
0.42986496432033516
0.3740036158723873
0.3276505372678407
0.2616138646033077
0.18995959622359376
0.12454270343054638
0.08446658203303514
0.06374573420756867
0.062407276971292454
0.05397621945516557
0.05470158693037857
0.04620683988149328
0.038756032628806156
0.029700753938742244
0.04056840312502906
0.03543150325964073
0.04083357389172309
0.046199432155493485
0.05618705318140557
0.07851701304116275
0.07902541537897145
0.16749015610754642
0.19620968007165962
0.1728568884137895
0.09167384956364663
0.10994120146131328
0.1357533064818942
0.16800934078279228
0.2484414061291591
0.3355287122715651
0.41276502825644734
0.4581805996036627
0.4895189970995325
0.5036482083444314
0.5229548860902936
0.5527535025658087
0.5872749175692252
0.616378187169586
0.6377102280027295
0.64809972182293
0.6521188128754148
0.6578591639153627
0.6721510297241832
0.6843805672773117
0.6937900340437648
0.7035769316174675
0.717642396541802
0.7202615608137687
0.7165195633663962
0.722542347079027
0.7261644823512525
0.722284043300402
0.713653792111884
0.7089695398194703
0.7059032666969209
0.7070353542516933
0.7120518362788439
0.7051337538092641
0.6834154701777573
0.631183849955936
0.5453431366414532
0.45133458824187733
0.3843676756055387
0.3532454834927545
0.34343841432053923
0.3188138706838403
0.24747773528594738
0.14698231529950698
0.05649836278428393
0.021112091529786187
0.041344010350723506
0.06672843098368585
0.06271379017640487
0.0511106095102585
0.05023008083791636
0.04578454783819124
0.0351902069455573
0.029643855756198864
0.021778580334681427
0.027112720766300426
0.038261281676786836
0.029895233973764673
0.05942415807711531
0.12562919981019072
0.12920281800365951
0.11639400435282558
0.17137675554620085
0.1864779832358401
0.12297377624321201
0.17174413916024867
0.31340932054203147
0.4025183873387327
0.343158172627819
0.28073527780655766
0.28111254405485925
0.3466007068388418
0.394308205820461
0.4332638482462206
0.4777857756621028
0.4958947787904599
0.5158781142817049
0.53856069198526
0.5542276770268256
0.5384425547980419
0.5264366685406803
0.5671323323896147
0.6274438691160179
0.6554131884497417
0.6544799928732097
0.6686155420562648
0.6710632757026614
0.6780902006620875
0.6777549842357677
0.6726272282237328
0.654726504038114
0.6296869027032729
0.5854224569384618
0.5673647393217779
0.5682773620651642
0.5755167050869402
0.5490268797498478
0.5245516882162762
0.5246464159290364
0.5416133619536924
0.5424313353431783
0.5062594491553222
0.450127391655514
0.3802460323971281
0.3201654940757541
0.277364914294302
0.2654491359072514
0.2563418314566349
0.21341032255911602
0.16677652512592095
0.11978487350101273
0.10280681939507597
0.06468650418105129
0.056694841955498614
0.053352828604667064
0.08778505156495377
0.11668931530746299
0.11151101106593429
0.09836346949229487
0.08889214538774043
0.09480067569639253
0.09200519525853537
0.09132879775348879
0.08462116702858236
0.0793708390588592
0.08981129241797028
0.09826613484347652
0.10562646607953713
0.1159807832004181
0.10681426028302252
0.07211409512063265
0.06743141558162369
0.14610429298402522
0.18939149555149523
0.2640472392035395
0.28165019700726085
0.3268176690870688
0.3380484086712392
0.41681699621115087
0.4631342584814583
0.5088418036459617
0.5525883418205292
0.5853422737110641
0.6210962822598722
0.6534922460238335
0.6737688391058309
0.6898843729849218
0.7031134028938685
0.7135462384387866
0.7217391574851927
0.7380520411465347
0.7532646135126561
0.767842109825933
0.774626717413758
0.7814236278708437
0.777456641092125
0.7805912945692404
0.7899961285241639
0.7985874181272472
0.7876623200224832
0.7638167190441049
0.7238921590079829
0.6591438646978857
0.5916066184006694
0.5416910042815879
0.5089362019351793
0.47464071234086225
0.4306295921785238
0.37219168622009746
0.29288210915787605
0.18981863108362787
0.10655591169370661
0.0778110051311432
0.07318451437468948
0.07786394097803188
0.09160454715209214
0.10222554524112164
0.09439994010522644
0.08727151066682466
0.061721095990378734
0.03752294972153839
0.014740149654110222
0.028372370180936194
0.04490102123941434
0.045623250661540944
0.025053847765093794
0.00026004890947288744
0.004663898677501847
0.027350587776214543
0.04723352102207757
0.05195135806975133
0.04704129094870011
0.05944787899992508
0.06047373911899746
0.06794375800339032
0.060746742981548016
0.05788824681195553
0.07336793327787175
0.10238353368007463
0.14947734079539626
0.22199515062085584
0.3091784981676042
0.367256019627406
0.40186549607715155
0.4216473954220646
0.43732972874175013
0.450826219546345
0.46695987864392
0.48017893201351397
0.49357263054385975
0.51278730109997
0.5478421317191132
0.5805829329502987
0.5951127459467371
0.5905629495261504
0.5927291018252523
0.5988424094717569
0.6031480779635507
0.6061247591091254
0.6116778402173497
0.6208364379869611
0.6256618330652417
0.6291344935741859
0.6282887638117204
0.632464028490552
0.6328360849083462
0.6330680762654975
0.6156594607457845
0.5930936205725137
0.5670005890057289
0.5491824091715108
0.5317987912075343
0.5173622271825278
0.49540870755320165
0.4644723095681359
0.41492618721691404
0.35375932878929034
0.2849341072843123
0.22730531676120502
0.17052425033706067
0.12234103695986885
0.08784419511158786
0.07961458534412989
0.06812036954230485
0.06005395667122068
0.06300347400911689
0.055374144754149854
0.04775612877984601
0.07159919078652632
0.08591530175679604
0.06865427066013614
0.033526839353565534
0.01999403710166645
0.03704309289774505
0.061794074399456035
0.063022024455361
0.038960214762404265
0.043131198691714584
0.04797273983525873
0.05327928008985775
0.056751271103490146
0.0714519374741552
0.0994717066848401
0.13944930864892102
0.1868851938050496
0.2400512391810991
0.30595147684823715
0.3769944993927105
0.43713572532628514
0.4251897149786835
0.318907900374421
0.22842793966617947
0.207587161749827
0.18531781163850364
0.15486282610601723
0.1670912328894862
0.3150068505102672
0.49284858979249696
0.6264012155166273
0.6427831721054603
0.6367274388932624
0.6283912593406585
0.623420750676161
0.6275305340068444
0.6336873048234579
0.6392729285689602
0.6434736820157488
0.6456320880055124
0.6469275536054269
0.6474617066302262
0.6453184101137311
0.6429997672839558
0.6418446159084087
0.6336864053308031
0.6465641662146375
0.46827200214186365
0.2695245796518305
0.13677989846642855
0.18639127253699156
0.16507811425874727
0.13505334585136872
0.21153987032194957
0.32587908380160985
0.3780327467144471
0.29610814057275064
0.2438943334028787
0.2120700667211698
0.1981643623235029
0.18800618934928728
0.17886258551748238
0.1449825864103103
0.1062463099488405
0.08245263299797763
0.08263413484152124
0.05238675639150147
0.02222507535456565
0.009584352190719576
0.038325394645907215
0.06478694788988028
0.07648226852176959
0.06560758116460141
0.05563009159541897
0.0547891192285194
0.060173823690011105
0.0627580744080454
0.0637008937977135
0.060695858971503376
0.05638581983139124
0.04926117193627007
0.05611512634153887
0.07205355570168984
0.08749916683782137
0.10033891147765468
0.1310006377877788
0.19475336885985808
0.26733613374388165
0.3226520381441074
0.3624856086306206
0.4009279185455602
0.44217220461301154
0.4864308296984786
0.5165667162116613
0.535868570421477
0.5542205964674201
0.5818729157721274
0.6110762796223718
0.6474361193321425
0.6786605675362352
0.6963570005621627
0.7172333783314714
0.7411721364931311
0.7638419136928734
0.772893587864461
0.7861227990888096
0.7914430691430431
0.80071945309554
0.8043455173811123
0.8090213318956501
0.8137798592405909
0.8212372879514499
0.824194079145939
0.8225941888846132
0.8190609317254617
0.8073205035658255
0.791981030454193
0.7825116508237602
0.7808434121768721
0.7797116128313509
0.7792172854247538
0.7772622505807936
0.7678093028511455
0.741984046131492
0.6880153615814939
0.6147057200110145
0.5453178302755248
0.49766764027496835
0.47257707286033374
0.45592276825508793
0.43450341381047536
0.4167121158567741
0.39592050723954914
0.35434998070487256
0.28869075509323705
0.22717966380326224
0.17926352781101146
0.1423846456749286
0.10948952682262955
0.08218005185653453
0.05690562565295039
0.048646345623681975
0.04191484324905315
0.043930770397758535
0.04173646679287678
0.04895743505479202
0.046686413152520576
0.0481303465553038
0.046063919234730966
0.04760831565150255
0.042394937555986605
0.05058034513767238
0.0466102119194921
0.04709291760452768
0.049892152607415474
0.06159941541716405
0.054063764870924395
0.04309863883484521
0.047655210936950784
0.059600884935549894
0.09249997773431368
0.13403103883501716
0.20717659094064123
0.2902876221333714
0.37673790881037644
0.43412629322051993
0.4751133712354624
0.5018790802814818
0.5305911505998097
0.5604589757195922
0.6019765234099931
0.47957764898700866
0.4369102062786159
0.5063171542321822
0.6653067161171078
0.6720560563422565
0.6942215020026273
0.71841748598636
0.7296682761246966
0.724384322679532
0.718980256015396
0.707703629308001
0.7020914781523254
0.7034236980143272
0.7097968025246795
0.7082253709691368
0.7081016050052998
0.7131645158150166
0.7144947553770166
0.7115626475606548
0.7012139047211172
0.6900932016415738
0.6805977943647941
0.6787139117152348
0.6745396271500242
0.6636050251564617
0.6425242092240669
0.6084022156966071
0.5650718449751441
0.5139329918360936
0.47131730766030683
0.439139766968656
0.41996953476097904
0.3936455958999785
0.35976374930927046
0.3141080738653366
0.25354976856843675
0.20028466890098126
0.15799241649863677
0.13065665828416606
0.10118234041993397
0.07258722756835648
0.055117339414319864
0.03791353040219884
0.039718372159237
0.04623812758374493
0.06837487373573185
0.06396420314662067
0.04934095099516131
0.04138005888218678
0.04988290140097203
0.05340329446142943
0.05224380619648167
0.0552160762520193
0.0623737924384989
0.056481000841380156
0.05452778740165527
0.05090717051075794
0.04731966730523656
0.04164799044333734
0.03639353773290643
0.03945735168263177
0.05115605396487951
0.07648267149537069
0.08611104453449052
0.10070431546711786
0.14706661433690982
0.21865443503024293
0.2729949992451455
0.30852768050001494
0.3491709270776897
0.4004995145346856
0.4494884942463051
0.49533669940989383
0.5275921397004381
0.5501972281122437
0.5681606247170716
0.5913810981683779
0.6181823667127135
0.6468327004983665
0.6731328998179862
0.6884489125608924
0.7035526230412036
0.7245698966943622
0.7485031581771459
0.7530801000859231
0.7483833025329252
0.7470386643849822
0.7532228491537152
0.751264383557186
0.7377181184659579
0.7299028508911577
0.7338781531971524
0.7425646365741405
0.7406223513319391
0.725294589162191
0.7042167398742163
0.676099618778653
0.6366311121985657
0.5935375418567236
0.560031871350216
0.544923807548359
0.5324429706429273
0.5220416386919707
0.49024652331134055
0.43937112471321327
0.3766133004994518
0.3188262484125948
0.26518691682176737
0.22106443169354892
0.19178015771891377
0.17578331711135273
0.1591941760390207
0.13322590336936074
0.0987872098221979
0.06487087904778747
0.04593650761155064
0.042923788831967374
0.04392596199648829
0.042743379074475125
0.039542309925446745
0.03777013395390499
0.039452525639419055
0.04562129511834105
0.04925278283875082
0.04305325493968292
0.03324737929821114
0.024729600458940033
0.020470936576125476
0.02376847948169661
0.025773428508860465
0.03122167326637496
0.027148998690290235
0.03323425371498652
0.04075188151842952
0.06078824252353416
0.0869939563820369
0.14467866463277035
0.22373152858633663
0.29325894223809895
0.3405112604197013
0.3792952465992132
0.4156857141520358
0.4431587079356657
0.470435334654874
0.5081814721261373
0.5417799189334801
0.5609628615134081
0.5677990055114299
0.5770070823195164
0.5841760885750399
0.5931136556393846
0.6043763446791106
0.6188827630123062
0.6283908740235413
0.6351467290502452
0.6430668871366888
0.651214927742521
0.6539750184083214
0.648965851749695
0.643478537534013
0.640737751875142
0.635894333284499
0.6311080752569599
0.6276348814493536
0.6244806157664216
0.6057717435166603
0.5743290018846323
0.540888353339954
0.5201038652735795
0.5024072821037102
0.479875574324661
0.4521634664024594
0.4281720429634787
0.3949934580449344
0.3400445212142664
0.27111002095254944
0.21476343110128937
0.1775202715775419
0.16125875654777463
0.1495815059439018
0.13529957025763786
0.10912202003069196
0.06202589667159477
0.03557034954089021
0.029509168397449895
0.037451616798487276
0.0377222931885987
0.05434156637743243
0.08206774720307497
0.09157510330689635
0.09658326694153443
0.08840570893818808
0.09827610672105415
0.08490546897974569
0.07774850080359993
0.07672729237261453
0.08052848282060356
0.07583848347226178
0.07904595420297776
0.09288703356821962
0.10968792021333967
0.0923124308144969
0.056480136858747275
0.03197350485691312
0.0607404967756033
0.08852814405730812
0.11220271402638612
0.1339332125542361
0.18314825111087335
0.2386514831064685
0.2846733467841475
0.31828326423774334
0.3565219173823188
0.3920055009814558
0.42122568398034865
0.4496488816753668
0.46877376443860874
0.4817819031733557
0.49336155559641864
0.5085159848833882
0.528373206492982
0.5577010986973125
0.5879484996140761
0.6107472784989288
0.6239282227656311
0.6326339350312045
0.6364443602072734
0.646505247120489
0.6505586323209409
0.6550695166860748
0.6484110047437525
0.6514937876372534
0.6577090553435878
0.6577152741818534
0.6509463276117557
0.6478997645742426
0.6529825500681603
0.6403468268257932
0.6155894137138508
0.5768103937512107
0.5360747092279401
0.5068541906136977
0.4921920309340445
0.47991158540407475
0.4644229081951273
0.4366089844007246
0.39103068191229085
0.32926553674749276
0.26318079568330566
0.198640406715986
0.15177062506269737
0.10666070359668674
0.0639134733940718
0.04408961056747988
0.04093163384070655
0.023260921087067888
0.017320079260449723
0.04231128863420353
0.049235717556465115
0.038125700861796764
0.021698362650315
0.021854621997421234
0.013392396164778652
0.015282156235224277
0.01198032535472645
0.014300814434418697
0.017772812081153392
0.01780844617326513
0.013511129392515642
0.015239078220896962
0.019783595062251955
0.02425763979880563
0.025560608462648203
0.02983436997652274
0.027494382480685017
0.03570223004502322
0.04704381543810689
0.06942131469785266
0.09608845513914033
0.13682249986132167
0.183903102452593
0.22850697684093085
0.30101359312004866
0.36383154713924476
0.39114210669782307
0.3865950326420908
0.39987600146831154
0.421253329609574
0.43069480420030426
0.44260749801349947
0.4631780479254027
0.49705428732412843
0.5280436108636558
0.5440788987811186
0.5606181841878587
0.5778773327300117
0.5891952987012702
0.5907892815017921
0.5960125212017391
0.6018709333343595
0.6076990135377416
0.6107544581266044
0.6130859995557465
0.6105778024281885
0.6128653125891845
0.6155107898523885
0.6202129882103827
0.6200397404350773
0.6185123552454785
0.6125495104913232
0.6108243026381075
0.6042906950737225
0.5881792811950047
0.5640424585252417
0.5503179351649338
0.5432644995805449
0.5378812571366461
0.522922350646741
0.5003475923419535
0.46416339760947495
0.4117961276479807
0.3579627082956435
0.31516869801386316
0.29000345778234626
0.2687961152076733
0.25023638644221385
0.2362857450658979
0.21625350252332018
0.18834035603539262
0.1325635807198703
0.0965370816656464
0.05054510055206057
0.02399784988719952
0.015670484543052917
0.036635360310212015
0.04735163312048784
0.037063035039216534
0.025107106222845545
0.012829055338475365
0.0409137154901551
0.043422812292310355
0.06596107547627988
0.06010581317221348
0.05622152669981024
0.022292323994940227
0.02154834285640967
0.011285564846282571
0.000814960394411832
0.0012781418124510197
0.015417437073995092
0.03124384016993139
0.054325861988627114
0.08176192434929563
0.12842997328231098
0.18399333675333748
0.2423120740459079
0.2874863957109486
0.33560383684250567
0.3801109452912951
0.4142593822025298
0.43687655334317743
0.4595506971378948
0.48431207074632987
0.504827337324624
0.5201585779901982
0.5301030914920886
0.54108921098981
0.5548086750539665
0.5749340268857379
0.598176124928586
0.6184306588916785
0.6313770771759191
0.6470453786453949
0.6570199935060813
0.6637091338933043
0.6685150066214184
0.6651272746591305
0.6651856103429424
0.6679049146296266
0.6729528746108728
0.6688417848228906
0.6699457776827143
0.6750584805796279
0.6774247280206691
0.6730138069164568
0.6545205395705894
0.6183568754077843
0.5731646171016961
0.5345672584419582
0.5060248632763954
0.4787161763717768
0.44480205691549213
0.39363325389150516
0.31802070677430155
0.2411682549958408
0.1855863757134159
0.1354839564487565
0.09801199480588836
0.05739563394546815
0.04266071248460286
0.03034283956423359
0.026001585684268528
0.01331384650557745
0.014405402521303153
0.01352697442023835
0.011976439327510144
0.007819621753360366
0.010360841689077568
0.01410138321019201
0.020236263870840775
0.018867219872490994
0.015078600227402077
0.01768914425179755
0.021216863991963632
0.019333546096647964
0.020721719865493135
0.038403752953684464
0.05964685736594767
0.08562317639644915
0.11440393020744302
0.1639683832002042
0.22059017178365714
0.28830885440763293
0.3451285497410277
0.4015124223906501
0.4495734262743308
0.4900905934444179
0.5271341123560387
0.5633794822310626
0.5942572935415913
0.6109994288800062
0.6157487923663123
0.6168271993614726
0.62174683771224
0.6352451072435021
0.6525814759773457
0.6700602618933879
0.6818073846624343
0.6848612334798485
0.6860029901379887
0.6915925427913628
0.6940137305821766
0.6894789086719618
0.6857598663358818
0.6892173556252615
0.6924757630789408
0.6946883886377109
0.6959731944954937
0.6905700449721531
0.6852266028940347
0.6788825650888674
0.6683184888178687
0.6493368848922036
0.6334982950312453
0.6246734904263379
0.6166973260923828
0.5975013848315993
0.568054457705091
0.5244377376425418
0.4820340596012558
0.45078535040394924
0.433394997143263
0.4096752096539213
0.38079835481887947
0.352616103530111
0.31193260863797734
0.24809094949850788
0.17533875167203306
0.1375965713109137
0.11624161487981007
0.0950941193007279
0.07561440749931764
0.07242308528382119
0.06854497314652884
0.06031022674430382
0.047845286254432705
0.04137889797276098
0.04152875657361332
0.04548638731160984
0.04551387521092333
0.040143491275061206
0.03328320498044264
0.027417270745320806
0.031080371380393036
0.03170772908104729
0.03069505158039578
0.029821641069272223
0.03292065136544896
0.0372109360486926
0.03562362268803034
0.04179201051358813
0.06031742197407137
0.08191186521256438
0.11536953522671081
0.1676165872965122
0.23967822098639927
0.3102705691707387
0.3779912072403374
0.4352169020715535
0.48303678527756816
0.5178693160289733
0.5300141553919517
0.5317038290788118
0.5383132651133432
0.5565355177111636
0.5818982467780219
0.6039035529055393
0.6253122059190962
0.6380652110219824
0.6485530567838418
0.6517694704769944
0.6577231597034264
0.6614509033735906
0.663475463288976
0.6642542670851554
0.6627209095257366
0.6575338854414331
0.6507775997750419
0.6464569225218648
0.6431362860163736
0.6375840314925421
0.628751779660232
0.6196483375252217
0.6031235270251645
0.5770122479937435
0.5370040154934084
0.4948368377133149
0.45132434392382836
0.4236862955145918
0.4060984767226726
0.3838700228468185
0.3519757349299851
0.3212609229953631
0.29033110265850887
0.24449798446739532
0.183996279495917
0.11985983008957621
0.08096714216778722
0.06303626595604177
0.061313835254055246
0.051595259454350326
0.050954675477479144
0.050660196741162164
0.05291640376534473
0.05086791375146098
0.05266440888683505
0.06107514367304368
0.052907722278679195
0.04538845177785149
0.03702109351384007
0.042228525542310574
0.04388233026722497
0.05216504639819815
0.05505800724441881
0.05672233781690047
0.05355648111453394
0.05229906860957646
0.049197042723416004
0.061085388870212934
0.07401496985804189
0.10215071003054689
0.15073636937859725
0.22291885477237353
0.28763222890978646
0.34252385478295816
0.38965539919950987
0.4299009799481434
0.47070392277893686
0.5112266946234004
0.5446146278848539
0.5700888566021967
0.5935358916884355
0.6136619037428684
0.6261626772767586
0.6377152055097998
0.6463302738210815
0.6575212209585427
0.6630200572631715
0.670920843494468
0.6784278803855306
0.6895752952624837
0.6979203096469713
0.6989284286137267
0.7007779987998941
0.6968474170395865
0.6885591831054292
0.6723842157108189
0.6652799424596284
0.6598661171852845
0.6555433453060393
0.6410652607216075
0.615563230809431
0.5779072277638706
0.5246867654609052
0.4649377589454725
0.416517389692857
0.38268509395799516
0.35325322476829496
0.32506462585385776
0.28545770077139787
0.217501171831895
0.1407393735481762
0.07864045294645515
0.04982968041667852
0.03922947880106588
0.03924993431556055
0.035927839888640734
0.03802185216116719
0.04069561480287505
0.04300161909112353
0.04393514437886026
0.03835417558799271
0.030493615019365525
0.026774080404048557
0.02773058450111369
0.024494566040385624
0.020293091018739263
0.02322583784209541
0.022025472366900785
0.023268036628992263
0.022289692014382193
0.025229326326215606
0.030659702633129417
0.03796609079564688
0.04530334152154355
0.04590319271536948
0.052379767555520866
0.06242439196703706
0.08240160798144755
0.12164997608264387
0.19004884978347877
0.2627757051553079
0.33299333967346084
0.39062522622549917
0.43629116582309735
0.47126948724081064
0.5052722278735754
0.5233709135017469
0.5619046901806795
0.5745845380459755
0.611141488336488
0.6497566937482172
0.6950628953604376
0.68319498647723
0.6804065460134167
0.690143530818049
0.6991966560825761
0.7081368844200769
0.715222144117144
0.7176035772777188
0.721085231765327
0.722891316703466
0.722094566317408
0.7133262827437679
0.6995861999464987
0.6771841255820075
0.6562958611127612
0.6305354063392075
0.6072982840479735
0.5925493866342528
0.5811125431455527
0.558569956847522
0.5244380614672028
0.49192597746209704
0.46755283129003056
0.4426339702472733
0.4043846023114885
0.35965752282523344
0.32947301565944315
0.3059844184176543
0.2715921734487636
0.20516484535423998
0.14045869002549066
0.09137176958341237
0.06079086284722937
0.03996361774306834
0.03525416276513857
0.04593969845607577
0.04304354776270359
0.0384420936096605
0.02645949748977613
0.0328267410197456
0.036911821794885204
0.03383750532687909
0.030106588182745142
0.03548289837873338
0.034000147787210035
0.02815529879142448
0.02717152246546124
0.0332786271707658
0.03255808052781806
0.033448971350123376
0.036696728693813956
0.04867552411808104
0.0599063381276709
0.07131185977859106
0.1046674353032812
0.1629912399499979
0.23594156523886314
0.3053151471647717
0.36370085560978976
0.4016788806485402
0.44061272228334836
0.48366444636843103
0.5209031646338447
0.5497438748265405
0.5726951792486368
0.5897302621249455
0.6033393055404543
0.6192410148073162
0.6353129554852343
0.6503873778004493
0.6575747933639526
0.6582467347050622
0.6664594568304664
0.6828447293055162
0.6923517479297482
0.692941705629567
0.6803631433124654
0.6655022181342267
0.6562629858112603
0.6605574962594988
0.6647812047545285
0.6676631687133862
0.6661972981736044
0.6657327252633067
0.6690905708684252
0.6587142675213558
0.6295353003347532
0.5842273231234878
0.5423153763303838
0.5063054278190567
0.4726075955474326
0.43555156365909575
0.39063263168023005
0.3205988868195331
0.2397178234729589
0.16672290993081565
0.11912106032830633
0.07256514373628309
0.04737152831591161
0.032498666259806006
0.031192395978103533
0.02560025639383452
0.02709795819837391
0.030009986440212924
0.0372038510729253
0.037923065021670886
0.03801357614536098
0.036210398031334065
0.03339566041085908
0.027920840142735655
0.02706954436538179
0.02983917625879818
0.034831517008049685
0.03218026328701435
0.02516151742479294
0.0352766381048165
0.058330848254261665
0.08712542196572064
0.12334741657401274
0.1739369137078391
0.22680145824239534
0.2805195340605402
0.33116274776199484
0.37336935805807947
0.4140988589053803
0.451596324380902
0.48149639371251796
0.508667101519106
0.5323853460396955
0.555331930984627
0.5677656931907703
0.5750656268058951
0.5737885216117806
0.5842533995829977
0.6041309695679162
0.6246876958486223
0.637312188701722
0.6416581405190794
0.6453384937700556
0.648468921183458
0.6506259689348078
0.6520959161481334
0.6586046328826786
0.6639837434413771
0.6611905868366665
0.6508983482500136
0.643716104165577
0.6271369075990969
0.5917693049660929
0.54021498754133
0.4968205845361264
0.4701549563536067
0.45015575926518975
0.42386886896465015
0.375919677926964
0.3185858700389119
0.2339582342610641
0.15760396514584768
0.09345819607637088
0.068118004372126
0.02728007570531749
0.011869941450955738
0.01888427610254599
0.06367256914635905
