-0.022013298925917187
0.051333974906940104
0.0012235235813630103
-0.05291661191286975
0.298652383450109
0.47479320475974895
0.3896290547485132
0.20824050071931505
0.3112669013261469
0.25700201025423286
0.13140846171355736
0.0955342845577678
0.06265940566819721
0.053113859569439294
-0.0008007045138193511
0.0006875804556119407
-0.13780492845820982
-0.31091681809802735
-0.36174784943339255
-0.19473970038733773
-0.0895313031508322
-0.07929130576060306
-0.13474994934959011
-0.20943407043189238
-0.2749204035463723
-0.2726299313806306
-0.1394296558669292
-0.042454221973566936
0.02474398590238292
-0.02664821804413989
-0.013169525855648359
-0.02734275164772334
0.05298967296454982
0.024550728862352388
-0.004217464885261163
-0.04528899783522946
-0.0052830007001913315
0.0034155658390275633
0.0946902707967672
0.027763288545166166
-0.017849530454262248
-0.028392461521564067
-0.010537781036010755
-0.030954757979439373
0.001959667762594338
0.036371954897535745
0.06865930922925524
0.2718087286835267
0.47589112853765747
0.4580904993212332
0.3657932515272288
0.260363056819736
0.21772108110153865
0.12961041304506077
0.12053643588728048
0.06225031680954126
0.050312346715048833
0.030552305684031694
0.05533504049947357
0.06059598450911671
0.042907446039615535
0.05217766363064689
0.04682368032399127
0.022974413208489787
-0.026840810137362895
-0.0038501050459586713
-0.007459987052384408
-0.03351566862064088
-0.03332206367162516
0.0010988825584957872
-0.012307837344862297
-0.0050170722136989275
-0.02082051149848468
-0.1691648948752275
-0.27850639527657084
-0.2563816168640122
-0.13673596560503976
-0.10289285272080219
-0.1042374127172123
-0.004931768510094306
-0.07472230655291247
-0.24081629789983455
-0.3598567782576328
-0.11579904323198922
-0.04754138202227744
-0.06738556495180628
-0.09892204183378434
-0.02003373296795471
-0.029932731161491515
-0.07366637252056422
-0.165745519725696
-0.18642221167614095
-0.11032447485281265
-0.030587215797907828
-0.0004497038129950183
-0.0021479161028413207
0.052607306855820685
0.02943514010798886
0.017785662846296898
-0.02115554960996762
0.0321116366761061
0.053008124838128653
0.11050663759705158
0.10798718802487808
0.14670686822373868
0.2052324929698956
0.1943721175284093
0.14828066868624293
0.09252605938971084
0.13301609689414348
0.17511526610105552
-0.35555162769742327
-0.02141309091743169
-0.1297254081594256
0.447504072065567
-0.5285065567046013
0.425443304881719
-0.49201246573226604
0.43324948296359467
0.18294525778172735
0.664790399842441
-0.997274925782274
-0.24881398707311955
0.1742540826102423
0.28854702819329725
-0.5347502041693749
-0.24503956986809033
-0.10420306360096783
-0.003989639039213808
-0.10742153291417933
-0.20046236343914248
-0.19058045910375732
-0.0701133526885797
-0.004384797760280505
0.016508560296639153
0.017255405820950587
0.0719055031225138
-0.012158130968923188
-0.05510143546581114
-0.04496163731952649
0.031932784451167436
0.028326002709089828
0.12583283862743008
0.14945791719911433
0.0865184818820898
-0.07494590980199281
-0.0750210451670844
-0.04727587701193344
-0.05857329061990703
-0.12152926243975441
-0.08526141081372265
-0.040613766446981045
0.06087009790737571
-0.03286716958963234
0.032617874335051644
0.08807393955196395
0.016922271458616387
-0.006988256152831183
-0.11728027351902447
0.07262399861773594
-0.11301201393245848
-0.002156946838996861
0.08082972973644374
0.8843963479460151
1.0
0.5323661897667236
-0.04151641544490632
-0.02270060983537781
-0.02510383913548638
-0.06868637026331104
-0.12498633589037898
-0.17304430650419786
-0.19636164896306224
-0.1364734927555652
-0.05667245510748238
-0.011611940265115356
-0.01520700207966596
-0.0018827157678767835
-0.018051249262180744
-0.0748548923041866
-0.18562546888673115
-0.36298725933128395
-0.37085119890602636
-0.24681164211753057
-0.07210475600579397
-0.06329267006503679
-0.0646194801836213
-0.058094248053581626
-0.009672684366859136
-0.05758031122171815
-0.02042991064932472
0.04953824861118039
0.11874417078789745
-0.04319085953065465
0.016368736461428213
0.027677541208115174
0.005813153656599324
-0.13096319548706725
0.09794446853748252
0.10230255998267121
-0.023520202046099985
-0.15466080057883413
0.0028561901413430985
-0.006817419415387739
-0.03059119686443285
-0.07079741738958677
0.02426918836377076
0.15640920743227268
0.28790250564338854
0.1280722168475262
-0.0608917085617072
-0.24058851954173918
-0.23540176980305538
-0.08589525652331971
0.12150365314112084
0.06338009935873751
0.10850976469731058
0.6795520169658864
0.8172253013948624
0.4885843361515122
0.025336093728787513
0.05527254033681181
0.010475799567137435
0.022845552749494177
-0.017333543098507515
-0.08460642857529269
-0.12173996481709742
-0.14218400670702722
-0.0996413339040362
-0.07427528367217834
-0.0471604563960482
-0.0923401303494552
-0.18493191592418382
-0.2568167398475799
-0.3140623283060241
-0.27393225806311683
-0.1546523599420808
-0.027700596973522982
-0.07642999723680827
-0.15257720069937758
-0.12682666899167586
-0.052276680356320056
0.01218587037481421
0.01716503985682231
0.030211722186409613
-0.008041789985699417
-0.008290769108332185
-0.014104659026211885
-0.0016530336264108816
-0.009784849059429855
0.020659780688295395
0.04002252338563779
0.010997220414033856
-0.002050811441964103
-0.010564939758455856
-0.0049185472535797185
0.0058895000479540684
0.12995634999151065
0.24994602283643583
0.3231411448259105
0.3132078051189987
0.29191773536096444
0.2329701839019812
0.18599524516095747
0.16101686373000332
0.16722215128071366
0.1562074797713162
0.11879462370527118
0.07344110328448451
0.05707139330633279
0.04548364531371442
0.04835457982643126
0.025194199176990957
0.010709439651605214
0.011273921748510852
0.020985332872376635
0.00583580086868594
-0.024949926118852335
-0.029305297976162176
-0.06983561922528374
-0.10921537929619267
-0.12624508240321244
-0.09215330277545501
-0.0703795731777544
-0.041862704407157815
-0.07867167160568682
-0.12777943647273254
-0.18478723840383288
-0.18113876799146897
-0.14693688443199934
-0.09544018361899162
-0.04834101821547612
-0.0579924928763949
-0.21065480926989133
-0.2429252961583983
-0.2190257074420159
-0.10566228332981006
-0.12325803294414325
-0.07787807765038965
-0.10496579855332223
-0.06909723669481267
-0.03110535386355263
0.005678374951374275
-0.007876391343591064
0.010543075162742613
-0.03618491295345969
-0.0050900911677804845
-0.029674390705504
0.024162808179404416
-0.006573223326256595
0.010115370574816363
-0.046858109614814236
-0.028878036581156476
-0.00329996846156032
0.032322630328023134
-0.002595010104872886
-0.010929430169396133
-0.0517126034683326
0.00450497285629229
0.10897359936539726
0.28492979608246316
0.34370342324410635
0.36379393305880525
0.32837643168079883
0.26511916856433687
0.1706625520109276
0.12184047114990243
0.10089048387757614
0.09156996960832212
0.056879978384711934
0.054597691169663135
0.06128021558160911
0.08936037012290793
0.08537901179339277
0.0776084454805573
0.04813227103110707
0.05184013509329389
0.042560767894040896
0.04504328889288557
0.025960736983452855
-0.007075574995309354
0.003436931551802438
0.015423711751349928
0.033472224522661284
-0.03592558856526101
-0.07196137952638047
-0.08997940262739439
-0.09755256533851989
-0.08508041518735271
-0.0738780637659444
-0.056491424825743465
-0.093890842627387
-0.12193034883885294
-0.1411806855949155
-0.2104568461394817
-0.27921453053333134
-0.4366916600720209
-0.383293492631029
-0.2697933273906466
-0.09102380900060426
-0.09423836614246969
-0.06436098748277409
-0.01870588923698891
0.02032314674605324
0.040269369968961945
0.015910450082837462
0.011318072574401533
-0.0446366958166955
-0.056998207834436584
-0.010079552553525958
0.04328339407705273
0.033184360496368234
0.005608930678447415
-0.0019165538916669927
0.008268220171823527
-0.02037724887368052
0.019817078452133353
-0.005439678972140177
0.00016940078202928554
-0.032566739993602246
-0.03380336540634213
-0.03826541488701165
0.04652200773690425
0.15879383706535338
0.2838678647114635
0.34186980247577303
0.30328279294530414
0.23897617215258668
0.19204533100499757
0.154159029933087
0.1047036433680369
0.10822346036135928
0.09145010660923704
0.09409741722200733
0.09200900212496367
0.08928901188772125
0.09170498304074823
0.08540910395862285
0.05862743403577947
0.02060899059742545
0.02165218125001854
0.01896893622230365
0.03347849906083439
0.034454399575389164
0.015625719083144717
-0.004767971775275719
0.017434999027080022
0.0022342917310573603
0.007856546552159486
-0.007443252642664834
-0.009257222882011052
-0.03055666528523808
-0.037530785708154074
-0.08110205201508584
-0.11884264674842207
-0.17559357555830113
-0.21723763911053592
-0.16418611929756846
-0.12774738398700985
-0.08736771431678729
-0.1444351369812688
-0.24312485199127146
-0.372331361700847
-0.3030126877320826
-0.2632291589602327
-0.17921260939129527
-0.10006821894142999
0.0019434404465735922
-0.013814625675948275
0.02092009132654648
0.03456158706452021
0.023707321924998716
-0.03672067153487789
-0.040717312890263785
-0.006292399612647626
0.0027311017224556887
0.014735854005479197
-0.03498637832352024
-0.03134218730280445
-0.034410555649936274
0.01732510843714393
-0.01436722303969286
0.021502558561260147
0.09526809242564982
0.2043036619221745
-0.0045038698111553605
0.28164156376382743
0.4742397361541783
0.4907377404993384
0.07573747774657107
0.13165431353361481
0.13797850842519296
0.10508926531246657
0.07213569228250898
0.07885150519365416
0.061536035470293564
0.03841463959426359
0.011038385945359507
0.02353452461026779
0.029481041287296974
0.03307765519012645
0.025782106541843774
0.03431048606801963
0.03519709801251906
0.030880146526742557
0.02395148184045699
0.004204359088846301
0.0179249268602983
-0.012896385717358934
-0.026935314410284423
-0.047456001473433096
-0.04873059591459084
-0.05925821563258844
-0.0802559768672638
-0.11908202879496942
-0.1604013730649632
-0.14606061779411272
-0.16217910220439868
-0.25327361962379846
-0.40926475126685685
-0.43877803960217493
-0.3414257172706751
-0.14739596287508497
0.009809663902567291
0.08218878501619666
-0.0031452906636206626
-0.0834757787909287
-0.04583369256773945
0.07473187328710416
0.028924073074298597
0.017407232659092345
-0.07065062270686279
-0.006954243262456396
0.009977092703426046
0.02730076278807742
-0.04782990680733433
-0.05836663842599418
-0.013877911371850316
0.04065314502865288
0.044929847631293755
0.010545886208998675
-0.059623430856389735
-0.004486436533395417
-0.010103271800660318
0.17868453375702015
0.3176608540777827
0.35520228348873395
0.1803375613939321
0.172811681653508
0.22682758041329593
0.2520862997286171
0.19838947098984533
0.1365308266413954
0.106937917317161
0.09796644112753665
0.08423679317713759
0.06451543551459443
0.05375333986925493
0.02035535591048155
0.006587552082776438
0.014823453204606861
0.024835934371224416
0.0036436185492095983
-0.011422147739446888
0.013915171927431668
0.014846241400289718
0.044871056482515395
0.005843621184958952
-0.003510615517807591
-0.04010420391420678
-0.08192617733497158
-0.14275338017549025
-0.15057582363987895
-0.11948300924298375
-0.10767825351491468
-0.10152408342552233
-0.0982471808920375
-0.09671371106652725
-0.15922263078402815
-0.19772443348859736
-0.17383924028373163
-0.14424972173620415
-0.20550461680252557
-0.22298644634083037
-0.20357587600059873
-0.12471597429755824
-0.06448280508964749
-0.004165248343822293
-0.02623725839267284
0.002257327012702555
-0.026435458763705136
-0.011593370982751134
-0.02817982042636918
0.03381987600915882
-0.01598591503470083
0.016811120403139018
0.016698428340182654
0.031081248477272987
0.06949032498210334
0.0015821364614118038
0.2753002522751975
0.08937450251283255
-0.07267335417245094
-0.2526397623713369
0.05684758180954032
0.0803266811771001
0.10038004189353048
0.2503027499826855
0.2710137073088711
0.24035765097287776
0.14133222056763137
0.09752437711860756
0.04396978262903968
0.06008194010695827
0.09273261375772553
0.10742985488983127
0.09056871016662088
0.06638482376755843
0.03233186743279088
0.012507319543962442
0.017863841304801453
0.0444759599163176
0.03805804149604467
0.02928204562908543
0.03045660167929021
0.04377140553565249
0.008150779382657491
-0.01164501057472638
0.01874276533035312
0.01127200222377826
-0.012075837682217015
-0.02685714455080768
-0.01457728612780096
-0.00954217191199829
0.003523030609253743
0.015611177472906003
-0.021528914609939734
-0.06758680253279932
-0.16254360896084646
-0.26713433890533855
-0.2925524551056068
-0.20839950234455545
-0.09685155090539033
-0.030519375233064895
-0.07663101727889157
-0.22199642376879808
-0.312739451299036
-0.28158399322874683
-0.11012126778656856
0.0629612691965562
0.07899573713277408
-0.01249347048254849
-0.036108833172136805
-0.0027401851136948105
-0.01383439714221332
-0.03296934684271513
-0.017260118201465682
-0.024476557438866866
0.01659972317108374
0.03469406687777252
-0.02603494933936306
0.09189333725635254
0.20602857749763778
0.01112101818300253
-0.039860735479232065
0.17110506569799613
0.046994675600513174
-0.19762364148271247
0.1517722552966779
0.44085880828698226
0.27730538028031165
-0.18472763216662944
-0.19425862270671415
0.0011740439465142457
0.20379766658428886
0.14846464700954165
0.12122906933348132
0.13855122106757387
0.05635480405673283
0.06218768355314553
0.07058766365685801
0.048755299555652123
-0.04912293978356564
-0.037362043772666574
0.1266439762536874
0.18768812454698938
0.08703988284060549
-0.0029040833164206007
0.0439895061478041
0.007617291192012083
0.021867629951963244
-0.001043185861084783
-0.0159574595719457
-0.05570664474481664
-0.0779226673540176
-0.1377499440512887
-0.05619520471596882
0.002840061129633137
0.022528670109555286
-0.08243573132037509
-0.07616623694573142
0.00029479047816755694
0.052800748438955936
0.002545514502448182
-0.11256608351273815
-0.17468168066909334
-0.2174691936552651
-0.18696926278744294
-0.13319442655135955
-0.0370816301386702
-0.028341723404741913
-0.13360187496965295
-0.14512331231826917
-0.1462369463881256
-0.052835316534156504
-0.1186295501326224
-0.024869870285870413
-0.0104002692034536
0.10715229128909777
0.08994940848303967
-0.016114764507415724
-0.04091484903716061
-0.029474544252202396
0.018387211347152963
-0.008699471263174845
-0.0021049335842056333
-0.02087399358803674
-0.01633890070425848
0.032490452353770335
0.02631127648732333
0.022905182668576708
0.03222239834808192
-0.028526009920582813
-0.10798612130122089
-0.014572391755131545
0.24482819728765529
0.1347087855451263
0.2323269688232017
0.054780002566472225
0.14056014131500813
0.03494980503300275
0.24512604504920232
0.14413826212223343
0.14224083641723612
0.1361382274614507
0.10192948781858889
0.11126565784595184
0.1008154991860496
0.06310029447644468
0.050151173291459114
0.04116843887513671
0.03246674589002186
0.025496176914892428
0.05076532130560262
0.04734117769018823
0.0453648355212915
0.021113543826993916
0.021151830075086777
-0.012345172234261336
0.009754970013340733
0.02926762842543644
0.026735896986969224
-0.03399865573110769
-0.07420696552022746
-0.12424431880315463
-0.2014952127949976
-0.21017436766858758
-0.15533625087555175
-0.10193219665738362
-0.1067267801777119
-0.13696160056331724
-0.1818574283979389
-0.24680959208433959
-0.3207311894040503
-0.2591116807033177
-0.08945349257937424
-0.014397533547387289
0.014562268693646688
0.04276045252581682
0.03305230342894603
-0.02435310441623373
-0.022183509571784138
-0.07951230680416622
-0.07530407841065831
-0.07089955336377773
0.042423158867560845
0.05143678451654515
0.002247561463182792
-0.0640115119301124
-0.07715773565375024
0.013704679877377435
0.07060045822467631
0.03093761702954174
0.014681801118964785
-0.01528001671604885
0.03860901860161185
0.0031924532559949904
0.02324652812450231
-0.022396946340697065
-0.008895574780814597
0.04817243066684499
0.09029588562465232
0.146554851940671
0.225673767593434
0.27131258596523233
0.1807359200707758
0.1077039000991365
0.061560818867330024
0.04880306304654279
0.042000771072566855
0.050207578557332315
0.041137392112573216
0.04168088386326679
0.059795615834244836
0.10908983210071417
0.10188862550665884
0.04521644612855866
-0.01415886252615902
0.006741016471623846
0.019024473744654654
0.013399141988569693
0.0092633637262757
0.017281061555239206
0.02850134704171878
0.015016519253179384
0.010806840175020658
-0.002631891701099054
0.012993328301551138
0.001157831072987356
0.0007219518038875624
-0.0541752138181635
-0.07022437912934394
-0.08120091817145261
-0.055449768608891364
-0.05409742199574508
-0.04492625745962956
-0.06831885158432532
-0.0962733638241875
-0.1541864009345575
-0.19034986614239685
-0.21418251709287525
-0.17933947964650881
-0.17670138161576937
-0.14994505934143207
-0.10735338379238266
-0.025610357600650224
-0.03576973700354201
-0.02510249258717188
0.009178830577306063
-0.02374229835847258
-0.023707091687489707
0.07419906429829541
0.04455141030489589
-0.026857967232505078
-0.10931576378151116
-0.042113771467085524
0.05305627217192281
0.07702448902649425
0.0019106762614563698
-0.074879802100956
0.012980006706829141
0.015066765439441555
0.016513832050689143
0.010804756720905308
0.04574813792620904
0.08719688170524097
0.1244093840712828
0.14761939098931054
0.16545151869496974
0.20508003420732823
0.22108426326474842
0.18715812125027464
-0.037175711309287776
-0.33074657916640643
-0.2815715708165785
-0.06485602479281699
-0.06930170882953518
-0.09477521926904715
0.0380545225666991
0.46031002307888963
0.5534394300625948
0.41561272040204
0.050980274678070925
-0.018845303420311585
-0.025942000337563817
-0.015468109418537025
0.012789551841959013
0.019159730137168637
0.017382333499050377
0.01307264876517204
0.006716910133917445
0.004031459353557997
0.001662272011082813
-0.006669889798264575
-0.007215563519613439
-0.003594804692638944
-0.025388164952856587
0.040075297693311855
-0.5548411417212887
-0.6184974386397298
-0.41309841545405285
0.15438946279456534
-0.06632606168805484
-0.09343639340352196
0.2380243169084449
0.3558210204048809
0.16230100759614807
-0.2549475028424259
-0.16248817515011568
-0.09903639092582259
-0.04327423442620748
-0.031612002244336475
-0.028454686249787017
-0.10543378327309302
-0.12054640746377981
-0.07404537913273465
0.0005648295909133111
-0.09412915077094883
-0.0938624623790974
-0.03933764172354958
0.08944146756549178
0.08234774921243024
0.03639557064070052
-0.03384177863616651
-0.03104971961537149
-0.0026170867947747038
0.008378538638485694
0.00804212920037783
0.0029340324030558817
-0.009351599732706752
-0.01341274334629434
-0.02217174149547977
0.02132934953873342
0.04960002807426065
0.04806638901896047
0.039956992010416366
0.0954185918463077
0.19839704274074774
0.2258759062518397
0.17214183086724308
0.12396116140332045
0.11963159028629494
0.12835127606507438
0.13773183023015176
0.0937821904104127
0.060066929372969105
0.05711108582469
0.08605338599179638
0.09088020118572415
0.11315099057936034
0.0971697695256337
0.05507089532264672
0.06496681072198758
0.0744968685465259
0.07054782878141276
0.02816860324721203
0.04116900312452534
0.01655655887351077
0.02886789495217619
0.011284229223559396
0.014551027955802376
0.014808428394538331
0.023207347792074843
0.009201466652859642
-0.004978821945648825
-0.010995415566208568
-0.03653594423662066
-0.04773608991132207
-0.029468493093151974
-0.005191520560181541
-0.00352213370864717
-0.0015383355970066154
-0.006084023773950457
-0.029417357393280146
-0.080367608964179
-0.16794931346897482
-0.22813792989545403
-0.2159335277727616
-0.1482863027696142
-0.07808127263006666
-0.05182781548367985
-0.06665654173186725
-0.05536611281080813
-0.06470301105714642
-0.1293665289465164
-0.20433001019621733
-0.19142111094644193
-0.14911392062054588
-0.11476623875314709
-0.1023688584183504
-0.08498646224190723
-0.07865343698124146
-0.025702690777622335
-0.02094828161665107
0.00627351923530531
-0.006828622692126032
0.022471488276620672
-0.007067368281065648
0.004493487764514576
-0.006430674616538875
0.004806126369087904
-0.01622391353980348
0.025472801408273682
-0.012354963881987627
0.0015021690649916369
0.008711155383781631
0.036432734425397545
-0.023450772356889516
-0.03412322173897321
0.014179948292264656
0.0371746645988715
0.10238122524897951
0.12924371341753313
0.2276272872292776
0.25863963049874095
0.26903131728452667
0.17859134131475807
0.1275508504812934
0.08329427512030185
0.08935130693742811
0.0929479894777065
0.12920165999336927
-0.380902501147063
-0.13278010702137155
0.21599283651205337
0.49477188465772276
0.021003792599986523
0.0689783605517451
0.07529734942880599
0.03501220189953315
-0.016443542415700084
-0.016817332009294816
-0.03509260471224428
-0.017464886193518683
0.0041458377775660795
0.019832955650198828
-0.004890259103357625
-0.0003851568521738166
0.01575566278364292
0.004139675129198046
-0.009124652543988684
-0.03220505131187923
-0.03460737394426035
-0.029549490534016253
-0.005862599770361636
-0.012990278210352734
-0.03402823161594685
-0.06560301761536366
-0.10618686438094144
-0.13484312385424185
-0.15914294276224947
-0.1326190356502642
-0.10013577157462521
-0.059657324709062
-0.08191949639625712
-0.1054395325996423
-0.14207941903174087
-0.18845606270125928
-0.16575977338706496
-0.13161252335969897
-0.08506825511044265
-0.09172340388764025
-0.08898733797265532
-0.054365892856465856
-0.053537860645098724
0.005616626318432448
0.020289329944985116
0.03444452416862653
-0.013725906116773231
-0.04550722664447215
-0.024774114398433984
0.026460651681102395
0.010955382784937377
-0.00360830099338184
0.009249636514847299
0.02227464926278364
-0.018338232836395338
-0.006078355605577034
-0.011267277055771834
-0.011164228023324748
-0.017650128831496213
-0.01635173680311444
0.00953451902234773
0.036406094259370025
0.07881585519831875
0.029963276948973185
0.045413925776362024
0.14427841499103697
0.22277966265870816
0.1691065944910075
0.11057689236317425
0.12648085490293795
0.1597333916254062
0.15245258576739448
0.14267856712119378
0.10037819334687882
0.0703465187510773
0.05590167988172462
0.07226158293627671
0.08340493546674771
0.08915918425804138
0.08184561948578156
0.04766308177977008
0.04700240198835767
0.06540527549392912
0.07447976300743644
0.01424333866530284
-0.014616326692154366
-0.004184483199733698
0.019245041729926953
-0.006094700197573834
-0.04215566751552595
-0.024320934162255534
0.012371049965187423
0.02703213783676605
-0.006044347304527024
-0.04769964572770029
-0.06559378548569791
-0.08749983854707566
-0.12282509086598814
-0.13410620648228522
-0.10426888121892959
-0.047015949425561844
-0.0388400793397804
-0.03236870742527903
-0.09894567274280318
-0.1583230782491697
-0.19530091532513047
-0.1798319860175999
-0.16692437458367834
-0.1373081657931498
-0.0911319916445419
-0.049781802541870424
-0.0516250280578248
-0.08081267133357774
-0.10717242760764348
-0.10554684659159617
-0.05892333137628754
-0.009375512020074176
0.0031187399945312067
-0.0036801710386000245
-0.009961654067144334
-0.005514971140178781
0.0052355644930761995
0.01919706970017541
0.011301106828883356
-0.019292789201033982
-0.030515660992655912
-0.026507133169246203
-0.013252864719191109
0.010261878193678891
0.006239355571850247
0.01695481322668885
-0.012674070245353086
0.018937174626417815
0.02339468599301951
0.062352697740958155
0.08155158288919404
0.1795134943375072
0.24601070675448528
0.2163677230129436
0.1470481347579549
0.12069487901645479
0.11324630372726911
0.0854953290666822
0.08488423924797517
0.11746511754480839
0.10455759894774184
0.05969687909715425
0.02127392395823825
0.02865532467916636
0.02230978369973534
0.027813504536116508
0.03504923100884816
0.04514364247096544
0.029589024265439405
0.02102406651360326
0.02464735103839037
0.025356516233016102
0.008589339100971795
-0.015588412213171263
-0.01707639648801445
-0.008529262360405208
-0.015072608011925576
-0.014894725645310825
-0.010808499788275548
-0.009816002749822458
-0.05822158305924961
-0.09784909368671381
-0.10406653435904423
-0.06468085206556727
-0.055071362567169865
-0.07011815989824824
-0.08623944680361992
-0.07466076168648096
-0.10325099834107045
-0.17099983617371828
-0.21452259008748034
-0.17534930044607452
-0.11589986166207426
-0.05060546329760277
-0.0363393371262978
-0.044445057601763704
-0.08146393831115394
-0.14656206003837313
-0.08232905832514122
-0.018862257257888516
0.0247167179882103
0.0008423387427453436
0.051718798516056576
0.08628324135766777
0.029586675010812837
0.015585290825429312
-0.025448373699795725
0.030716452422743144
-0.04160911921458352
-0.022272321471707376
-0.003177977308930622
0.011829217840452358
-0.0145951708345613
0.0099815756431217
0.04307312280158304
0.05228397544327549
-0.054072126086730364
-0.055754640122008134
-0.07626407896475224
0.08952222170311741
0.08647452356480528
0.07367472092628578
0.06762481501119152
0.1531560757290107
0.17272479006475572
0.14321898845001999
0.10459329533684789
0.1189978150692194
0.11042410158011244
0.09093254199211426
0.08845234193262173
0.059516198273934555
0.04048103058702397
0.036035613817140044
0.047160237756067584
0.06179522003436867
0.09126773057894719
0.09412922068695255
0.07094927907857063
0.041018797454931526
0.02709197769878826
0.011857956103277703
0.03130925024489264
0.01261404214902664
0.014037769098491209
-0.020721137058691053
0.009593549942054198
0.019341771121690127
1.9352882620426775e-05
-0.02106480709757952
-0.009480834577619897
0.015817512346862874
-0.039322082082128194
-0.0770445040505959
-0.120679424262997
-0.12676851967799702
-0.09093358641939578
-0.04562830598342475
-0.03821646595704618
-0.04820040965377517
-0.08655629547204695
-0.14183863616171816
-0.19221172080133228
-0.20565420456418362
-0.20084821611758205
-0.14585768982043607
-0.1403810451195466
-0.13302840388074016
-0.06169140826369565
-0.009827551433484029
-0.054990854422839144
-0.01848776405294308
0.07777207267657059
0.021548664625708175
-0.01728705907932185
-0.05112150125106426
0.0004862755186350616
-0.02633425348166646
0.0058808901698970155
-0.010275222273697066
0.007221309007180172
0.010804777362968154
0.0001108924806331092
-0.013373151654584981
0.005377337280980153
0.014142432596193967
0.01392312501590697
0.0040548087171036196
0.013299848202162286
-0.007281987632805131
0.025542634121673225
0.03529475465820341
0.06963826650888659
0.0829875318740598
0.12676341665446653
0.14651375976348385
0.1388062381738745
0.22563893353287354
0.19548803790604893
0.084989837468939
-0.014150390588919601
0.041330071599210566
0.06652575683589018
0.029381653247058274
0.037072031015287686
0.0640150814160164
0.10542208314630531
0.09643806694065056
0.049901449691990736
0.05146987836540714
0.05371007599839267
0.03522125155704107
0.004960438062575599
0.016254602627516032
0.018231244728234678
0.01813685245733802
0.009508473762531892
0.007255703666190197
-0.007805452164170714
0.007118679365560451
0.008232664810298987
0.014633133873931026
-0.0005391431191107258
-0.004753187818726096
-0.01855623666081213
-0.005368807428879034
-0.0203324374878471
-0.05013835194440869
-0.07511324077120267
-0.04271040317681243
-0.02195013041123928
-0.01675252751162099
-0.046551775278099936
-0.0702521321509073
-0.11260438742241649
-0.16296574785196893
-0.16752837126382727
-0.13317398241846745
-0.07831365273038383
-0.06599676563578229
-0.057757451943108634
-0.04341407727723137
-0.06233988117965566
-0.08686507422768984
-0.17357605062759637
-0.11211364207405901
-0.14312599459319364
-0.08261443762857769
-0.02591457072219496
0.06524221446965198
0.033348796185030075
-0.03201788219809018
-0.03720657735752636
-0.03820901387463493
0.08739882083126027
0.007808251930965215
0.07013856016860967
-0.018221442533724777
-0.006043905385099602
-0.10558690374511996
-0.0023152523077399675
-0.03193753072651832
-0.03258428186567584
0.0014414099921072473
0.044001163858486916
0.0492514048991371
0.07183072461835617
0.08538039932206284
0.14522990220329043
0.17291191784266585
0.18148657823206207
0.140581457067752
0.14974037761550568
0.13850510478050293
0.10626915558718114
0.07038411992723327
0.07056141752522561
0.07705682902522425
0.06384304094469359
0.04771047072724848
0.030947098847261323
0.034188552912033175
0.04269465876275326
0.06262963516066858
0.07232887817116668
0.06303164700232732
0.04028895795497026
0.04875939624923643
0.031040773588204125
0.020816452079551642
0.014955766145425814
-0.010542544477919608
0.0001815393154131652
0.008462412820876949
0.015709136146976718
-0.012793617507228442
0.0034356005603634232
0.015910614621555266
0.007363707982402407
-0.01372668571404507
-0.057550625523570466
-0.11254049675858935
-0.14063727548498056
-0.12011409843820266
-0.0888232817380317
-0.08498400981259484
-0.10553996502010378
-0.15923614612000248
-0.2353045193496867
-0.23916307433141687
-0.17296953862476588
-0.155917584221248
-0.11661188863003967
-0.1263971871650142
-0.022927369492200065
-0.03833293914097688
-0.013509882903652902
-0.039483954487726305
0.0033968973856345125
-0.0027336481838650664
-0.0048252297884341325
-0.012935921333184497
0.007908218388793412
0.01164047976547147
0.019091608471863114
-0.00426043364867737
-0.011790097788989774
0.008123953369135246
0.010978183244821464
-0.005860842268057697
0.004319965057461177
0.055026083045367415
0.06610805565742633
0.08083771142468978
0.08956504839761148
0.1542434454723024
0.17620571261406998
0.21073899337274304
0.17682159389894397
0.17546532366289677
0.14956474618935642
0.12608849866663305
0.11527858463768925
0.11279476306856813
0.096091043431371
0.05210114271890226
0.014779910675805872
0.0033559779340095073
0.015309802164279166
0.04200630642932231
0.05395038347092955
0.05439358248857987
0.036556777708171215
0.009503507758236955
0.0035531206380551247
0.017394560170596207
0.007534681095846115
-0.014112262191957988
-0.011573574792767664
0.010759627686305813
0.010140089561392033
0.0068856401940845914
0.003998286479553519
-0.01681447788808664
-0.01662866968250511
-0.01974250072765788
-0.032875164031549026
-0.059070317804417884
-0.04928932983349343
-0.027462590338272433
-0.02482164120124967
-0.05973733069502402
-0.09163816453755255
-0.13573423646239077
-0.13195927740272637
-0.0972452691822806
-0.054118382085251465
-0.07381543681640582
-0.08986411258911559
-0.08770252222052642
-0.12660610673810918
-0.19867378485500967
-0.22640317769822915
-0.11745280310843609
-0.06645613658493098
-0.06581052315263737
-0.06062041813505273
-0.009931321832652223
-0.012068596380379496
-0.02562634269070491
-0.03879061005768222
-0.02012325261558797
0.00046635654251036375
0.012316056449260104
8.554171473511612e-05
-0.01671251212834849
-0.021349054233745366
-0.018254653339381664
0.011399485497153344
0.0019523228331931033
-0.003151429248610522
-0.0027180335585882277
0.009644049248485624
0.01335126792778671
-0.004939682918088947
0.01919588200362443
0.05765065727396074
0.0672014140587345
0.1041195047831938
0.1625916325192557
0.22425415788033543
0.2196817749511566
0.2107450786748518
0.1780850550615867
0.1488143841485758
0.10839803999050161
0.0377944626631229
0.005258225914916316
0.020568413954730972
0.056707233818658845
0.07892823347456819
0.06848000998370271
0.06662323912289059
0.039687060552890376
0.03263793642850328
0.010009405937932925
0.01852774486768429
0.01160065314566334
0.006300384208008339
0.002423619622860908
-0.004771773697175768
-0.016141900458933104
-0.021025406654472813
-0.013445848911137438
-0.01033374494908404
-0.017278489243487637
-0.02748576593982634
-0.028329703966808527
-0.05142483278646127
-0.08125770386456749
-0.12450470560040076
-0.1312232939924634
-0.1354098866815162
-0.08600897529109285
-0.054732890307582695
-0.06917444067898071
-0.09925429540996732
-0.09558379309707724
-0.09625289433321169
-0.14263161680749498
-0.1882799237814746
-0.19959116543137906
-0.1210331563552587
-0.05580047716132976
-0.005360164997694614
-0.030243985879338856
-0.0019934827026415634
-0.0009164111004006111
0.007021264718881399
-0.006374854127880345
0.005590651822482472
0.02617401452141034
-0.025416828804202925
-0.0233997980297553
-0.026039027775223402
0.01620540951498541
0.005146602524725228
0.025775623390757643
0.009002828067175827
0.005179358721904042
-0.009852073737521371
-0.003913038991329652
-0.009653433695625328
0.03699626163365784
0.04023656067317393
0.08755778068920603
0.1511974620093105
0.22463024562212466
0.20138654201531403
0.17082148578319073
0.14667228956001946
0.12524332792716628
0.12697782599457175
0.1261059402852604
0.10390248560188883
0.07927521783981496
0.07296663756865499
0.06263168975849598
0.03890212167211431
0.03595120395741187
0.026809895783686595
0.03482597184785112
0.017112252965608074
0.024587066267699735
0.023361727315628404
0.034690500447593114
0.025969494132564625
0.003137243195260382
0.005755820168113202
-0.012231880648596424
-0.025792794668219134
-0.050336129034072474
-0.022108336068999562
-0.01684770058133759
-0.013452367339612392
-0.0450554684920731
-0.0793617345230355
-0.117184621271035
-0.16562086292845932
-0.18593754338080484
-0.1506830830081735
-0.10528533146820206
-0.09159130458218656
-0.087722275886585
-0.12325584608336529
-0.2114791656733912
-0.23888096272665155
-0.19325042233629125
-0.08965846596472136
-0.03298758527874707
6.365709382542015e-05
-0.01033828196726339
0.0065165183568744005
0.008320688262057035
0.0071762326670950635
0.002905109370157568
-0.01736784738656397
-0.02446188492438025
-0.011575106754505122
0.0029766188998645218
-0.010070415526780282
-0.013074894289647419
0.009126641119157957
-0.003735509937879417
0.0038668315987211628
-0.00304458609154364
0.009148074825962695
0.016899207016606715
0.02273731305597843
0.022833356648195847
0.0018667232122964775
0.020154952952876844
0.03125864171110151
0.06216863988101516
0.12214002494848228
0.21285573246581482
0.2263243125583383
0.21851567458182725
0.17934911441781703
0.14211136084347203
0.10885173721363745
0.10581575209684148
0.056322696231852466
0.11991623276639143
0.039459396900708564
0.11376439420385902
0.12016963712271164
0.14099186445076445
-0.03693266133622516
-0.008677563024770449
0.030301274282141046
0.02817311901529414
0.027821786357378826
0.022049166322914468
0.007410965594691388
0.010834829231167428
0.005620495069617726
-0.00247946900059407
-0.027286698180124757
-0.04275882378919884
-0.06971474367345033
-0.06500380186065559
-0.08016594678824877
-0.07231339374579344
-0.04589823183042194
-0.03559119567570337
-0.0701520136008116
-0.10621767872084378
-0.10117686272387282
-0.0758486741118409
-0.07754692632322116
-0.11903115925467073
-0.13918964962411828
-0.09393349677065668
-0.07309597804728858
-0.10702788069310043
-0.20672032757659609
-0.201364077247658
-0.1527573750832097
-0.0951670831784405
-0.06481391099042523
-0.014655716309401504
0.0332531429717942
-0.009012754798644948
-0.01431962020950496
-0.03728956539687707
0.019814716413130637
0.012712678053406954
-0.009567202619319893
-0.011610528924165654
0.016730954514478973
-0.00461428596914118
-0.01818903655623835
-0.003061489453193049
0.01900517033334074
-0.0022423246928195066
0.002772431887669426
0.010106946662396601
0.03727773771893848
0.03495003664321161
0.035493722832042565
0.10380178906423347
0.18150234772240756
0.22701974583524942
0.21588900219619006
0.18169499092856384
0.1181867463576318
0.1211612257700667
0.13397598188714938
0.11588604056759455
0.08975163128783586
0.07142393506622259
0.05301278876478799
0.04235103222660013
0.04948575598277723
0.05001551224524936
0.04691125788763192
0.022367073045634463
0.0020910661038295924
0.025557803644356922
0.05099059364021923
0.029585624782039657
0.001835934884952081
-0.03914419858846739
-0.04624685967446062
-0.028752279929762255
0.013364418411918114
0.013144084350916251
0.00896860600491515
-0.004561755633726113
-0.001445740284228978
0.010449538817124064
-0.032290818981730966
-0.09080427932579312
-0.14099739007443107
-0.13042902099137332
-0.11206213716266568
-0.10486688424226458
-0.11531752473536085
-0.13978669019848006
-0.217943414168612
-0.25170002150253046
-0.22715850346083633
-0.14813586855518635
-0.1448809489196534
-0.07840195566991857
-0.046284006965688775
-0.004065083276462082
-0.017402610640445806
0.004660813802504373
0.009062165366768082
0.022387142401691658
0.0022381773789062194
0.0002816685493041953
-0.0056114490993854045
-0.00875939917557407
-0.017037515608621413
-0.0026492130122818306
0.008619031183354576
0.015536050367564648
-0.008250641015113754
-0.021842176788299805
0.031478024488292775
0.07174417533897305
0.08960805561215958
0.11272201977245506
0.15743335942337897
0.1645132549636896
0.1671694248202714
0.15760052415474687
0.13134600708143876
0.12674927621963777
0.11669125597465287
0.09304833272835118
0.08455462201149286
0.07381063513289596
0.07140924816108171
0.03869358395096052
0.022717226651938944
-0.0039743221901302325
0.03256646118868961
0.0618585437135447
0.06397206259151499
0.03928713336726503
0.013524502777499345
0.011453175243730766
0.009741818599605078
0.006712683327000666
0.004574442148667636
0.0202549777939865
0.016739669179266357
-0.008692239547506343
-0.03202921136767487
-0.022350979520914863
-0.051594080982794964
-0.11006317146293093
-0.1604358581285975
-0.13504239085850092
-0.08298282575931956
-0.06223704448120492
-0.08180420212243318
-0.1492167871668533
-0.1784215004247077
-0.26335926932264825
-0.23761274126379286
-0.19962016801016172
-0.07885809771695428
-0.12708670111704076
-0.04795598577332531
0.021828449201589186
0.13938014481685806
