0.05647779573125773
0.12011200179711276
0.12659551790254855
0.1321110149334938
0.11511183884890311
0.08560531028984751
0.060572778647091166
0.06497836479347818
0.04801094062272699
0.028789247011653824
0.02389003589311072
0.010802957145498641
0.0060207807916525975
0.014990303059668699
0.025484315797770444
-0.0005801771655698539
-0.0037982320343722922
-0.024275766884243315
-0.055279968171651185
-0.16147941060747992
-0.2717632212942167
-0.43847049399954635
-0.6547763525132175
-0.9921771442770483
-0.9733117241860453
-0.5530600507564951
-0.1047720594152095
0.000447798314243348
-0.006776119985933404
0.0048436633671075525
-0.014450095547912002
0.002315162015601357
0.015549205231068636
0.012426209864695862
-3.100245168553462e-05
0.003097083072467382
-0.00029309584958794036
0.10674846882652264
0.3377626288511472
0.5216574446676632
0.5120523930133943
0.4350361258832297
0.4242847500192638
0.42069732151552564
0.37360774939080693
0.30075600041449607
0.22905616731781395
0.16532982048332437
0.1561986146963586
0.12615979567117602
0.07877499554996084
0.04947501297229039
0.04065715516227421
0.04011491388408048
0.04414276044839699
0.054912364096465986
0.0395926177353445
0.026656776168177954
0.005068054882790602
0.005036504244910696
0.013966098346063497
0.007855465675677398
-0.01947546805013069
-0.02486579932426191
0.009958400874819754
0.028849383875349476
0.018343376295417504
-0.017156468126249755
-0.012995448203349792
-0.012571457935852985
0.004428675804469101
0.01663512002570519
-0.020377934138190158
-0.11358967422237755
-0.23854011761565
-0.38507559409688863
-0.5328291324531618
-0.7037113381363649
-0.8229733403292271
-0.8961145940776328
-0.5861548752587528
-0.2294453598985998
0.02148253512993142
-0.004159842970845906
-0.0022665891544745146
0.02081113348402626
0.002860954742234075
0.0072611783875781155
-0.029724832086716082
0.03140864491657185
0.017049280329931246
0.038920988648879475
0.04050887988461476
0.25143054597735737
0.4315737984839314
0.5559671193956031
0.5023982601636068
0.4809313365009232
0.434364473684791
0.388623710389145
0.3058435875524322
0.2002382457208404
0.1636425310239337
0.15047377740390766
0.11109767503644362
0.06201490768582032
0.028381998758634387
0.02783174488657588
0.021279056706323216
0.018846477858129422
0.017923436733441312
0.0208146836190217
0.03900785028100049
0.009835545046107178
-0.0019439639003443812
-0.012050278276843213
-0.0072304142687879035
-0.015619902046731492
0.002515717372736423
0.020989695843635223
0.013183280711895869
-0.017481062006443653
-0.007391124953939657
-0.00394946111088131
-0.028115190970456443
-0.06067694043554669
-0.14689775828917165
-0.2839459702403313
-0.44721541575058243
-0.5913461904149521
-0.7850760129335896
-1.0
-0.6996358575948669
-0.0639890698840473
0.28103881304544737
0.1285029070747796
-0.01982772288742204
-0.012694538551552366
-0.029658385120084854
-0.020153600388709475
-0.019253423409995897
-0.02894724432846265
-0.08713883121707525
-0.19889319328629348
-0.19049526035584408
0.23161122784711968
0.5661332645105496
0.6267780862415171
0.44432460872937485
0.4129913713151496
0.33643592285960244
0.3208290639097461
0.27518799635273294
0.19605473274888907
0.11993131358868131
0.10879893940815606
0.09365396410821956
0.07085827363085984
0.05802033801460873
0.068510095901945
0.06962374881786762
0.050977314331317004
0.016684001327873538
0.0015013167572988462
-0.00658333300583811
-0.029946640837133325
-0.02993350812777411
-0.03346824749843741
-0.04985667346714875
-0.1588684406986133
-0.27093847813703664
-0.36614346741064774
-0.49422161193326464
-0.6348646229429409
-0.8685537363287367
-0.7423550547306257
-0.39754205840052076
-0.015723947712018304
0.0209743115157523
0.01450894134592594
-0.00020437075678999417
-0.00569400700220087
-0.008422570343629095
-0.03326520903585112
-0.027597474833923486
0.011059710776725256
0.00504422126265009
0.053048022942524656
0.2912870671690657
0.5463398213929878
0.5725094673547987
0.46676615040806857
0.38270146863014276
0.342062456391278
0.32560880571686623
0.3067346914821254
0.22787105028219434
0.16533648452328883
0.1362199083841128
0.10220835109543282
0.09493617242394087
0.10567364806253607
0.09360855971936725
0.03931086440584866
0.015929993297819293
0.005125525182930405
-0.004248531182304176
-0.0014462503835187743
0.008365697816901477
0.009445043952724169
0.0018164976829708745
-0.005611993825630968
-0.010053921280502733
-0.015318886152632171
-0.014646575630220737
-0.0030807084374049514
-0.006819548780641984
-0.022632596193090694
-0.04028122201944864
-0.043976691145907056
-0.07171813120652543
-0.1946933658133172
-0.3535398780259037
-0.5798331194955554
-0.775460841667359
-0.990379687289691
-0.7663550768318153
-0.358641878713435
0.010894754145023233
0.014417169144170926
0.01192303147273763
-0.02299159339785318
-0.016659586113625106
-0.01054283579284331
-0.019909450787983375
-0.013121549895630465
-0.000849296030468246
0.0026529750554788213
0.008199996624620438
0.012558922211764635
0.07814743488831664
0.2908488723869031
0.5081262132560954
0.5408120906046405
0.4996337232710213
0.4825205653669144
0.4225270150797404
0.3256298490223222
0.2718012740113227
0.2298492740772364
0.16602617588472335
0.11167554144166923
0.0923983161915199
0.06510801717635616
0.041806819778637816
0.007340377902429757
0.030251390676982022
0.018438380518701253
0.0014760322583114557
-0.035664922497451915
0.00679431218702062
0.005775345027524046
-0.004109392625303589
-0.026550828690575838
0.007950474634758597
0.005780594614087456
0.013750758200842893
0.003265076907589886
-0.009729783822309365
-0.029662603946758355
-0.010354281686710922
0.023185323667451095
0.010176778499184419
-0.019038761262087756
-0.03144976395805862
-0.05572615023649199
-0.1261691006616271
-0.23864873733176256
-0.34879768815910267
-0.4525873019266232
-0.5752172103283797
-0.6582965345670087
-0.7250382698258645
-0.5479615586757278
-0.30565268220162456
-0.039659896334492836
-0.00908738517984195
0.005051352589772786
-0.005289419145737765
0.006985359312505507
0.01470447883713934
-0.015129074163958235
-0.008718224146625616
0.0015796431881683708
0.027616701907765714
0.018667966915446366
0.048228379976311
0.20798864298283867
0.4201983223304505
0.5961610414386376
0.5766976675589656
0.5082749173725883
0.4032012744020921
0.31697003382144573
0.23564558779078623
0.20108182243703734
0.15664240822368694
0.08775642731584589
0.05672906907374614
0.07221884726122677
0.05058444768853832
0.014725177193968023
-0.007547007495771945
0.0007930459482702028
-0.010141102572400973
-0.01251309048549175
-0.021138975456121832
-0.011533537929616587
-0.043524531350983
-0.07463037105192513
-0.16779084827616186
-0.25999755310538314
-0.3907303148513453
-0.5211803004929095
-0.6955737818816918
-0.8204608858172774
-0.6194434362165293
-0.27585000524772996
-0.0074452637507405875
-0.0008051310835602137
-0.012818684611863286
-0.02164197416282382
0.017117877827666075
0.0034633262485691202
0.008552257584800755
0.013265337995357306
0.03599698070336048
0.2358666361515742
0.4863187871060565
0.5596145925947993
0.4137495740136354
0.344249464844703
0.30787938121955605
0.2583395572764366
0.248518886992381
0.23248602055512527
0.18691693444881935
0.125620677593942
0.10439838482798418
0.07967263732924426
0.04302008076676698
0.04344106925773345
0.0656951424245601
0.08650091172240038
0.0626698087494621
0.02426166558760733
0.0020372179385053004
0.005032617515845962
0.011268563274012685
0.0031336122618867627
0.028344366133077416
0.018778452395751356
0.0002891378293093158
-0.01507857433607997
0.0025776646704933283
0.005693961894875277
0.014513201351591853
0.03128039957310972
0.023564670604902194
0.005070593825355167
-0.026145141267753542
-0.06526260641854448
-0.16378950307181997
-0.2634196721800868
-0.44273219831886634
-0.6425734096114668
-0.9354282103256828
-0.9186887870078465
-0.5573382102096687
-0.14375369508898964
0.0033902167640868495
-0.00441276046716477
0.020350636491712752
-0.014109891989802236
-0.004689644915183246
-0.01276876250125018
-0.0006782867113825645
-0.007743765728963683
0.008352367666488737
0.024087808767796145
0.010987630596036677
0.21360431723193585
0.5050089913969097
0.636945352649981
0.545595176515331
0.4561046963778784
0.3979298113380085
0.29264351304661124
0.26035801543723835
0.21761466871553836
0.1859140577701779
0.14105752588001605
0.12063148271260517
0.10307383536505409
0.07586391807930234
0.030723217980685877
0.0040431569044926344
0.009990323292405772
0.00034340172510227284
-0.010806163199831964
-0.0021312680859004967
-0.008979748215730925
-0.013913818383431534
-0.002123396175050887
0.0020254940508290043
-0.0014942958997787889
-0.010294071664050206
-0.008431747867982889
-0.030394008867289227
-0.04372982434113963
-0.11297071192488767
-0.2004850661374369
-0.363392546688306
-0.527275245939466
-0.7495417256015618
-0.9401451402889034
-0.7783564141603164
-0.3894306028482906
-0.014384592931617998
0.018855743196896608
0.031435505747688636
-0.012242132896796522
0.003894522519410698
-0.0040202150098191895
-0.0028774637850182147
-0.011842711719088565
-0.021914763902522966
-0.026550621119548225
-0.01273755458244573
0.12257350324360444
0.37376692971642683
0.5393497292711115
0.5234114329754204
0.4612954857915201
0.39797674604688044
0.33063613805356024
0.2721559610458353
0.2414123435485766
0.1780858754919656
0.13693235712653604
0.1534761913671122
0.15513109761447946
0.10291127239426075
0.057556056299265766
0.054109732821163437
0.030977539296058936
0.0020577349071870684
0.020829484334847315
0.049593309959060555
0.023310084101722885
-0.0105002466694182
-0.008148063326015099
-0.018019157163167623
-0.017771197601024243
-0.004967119158227967
0.02201403049732188
0.0025060165156294764
-0.01233058835789804
-0.03253438333863829
-0.029505353305782835
-0.008436743208114954
-0.11377157507401325
-0.24086240348493107
-0.4220350222113728
-0.5065550579723272
-0.6738409404585767
-0.798203708675123
-0.7185120159496262
-0.3822134967864118
-0.06301921822433804
0.04831256268260677
0.07270989604145095
0.05087157471097542
0.025004140463677372
0.015285286542290178
0.009833516350023552
-0.014048356434231999
-0.03514975846253135
-0.059685307092819676
-0.07517386128671083
0.007775764942314758
0.2897942934195005
0.4819693930447457
0.5064155738371655
0.425826314025103
0.3945048345621643
0.3194043577519099
0.2605227932938046
0.23940796708243134
0.18002882479769322
0.1095029737016073
0.03480717827930962
0.04084342796498292
0.06784652281431242
0.07202695734708547
0.04837759568843354
0.018259088936505925
-0.006726668708943098
-0.06329022195197793
-0.12188358977878573
-0.22111692777258796
-0.35273651886910834
-0.4935999368325758
-0.654023771229196
-0.8239972864684527
-0.6603023818044979
-0.28191150715653723
0.03771974460345132
0.009409533934086844
0.012035804079791825
-0.0060131155923872324
-0.009766835074915816
0.010833800991624634
0.033276026918169534
0.014645951960301263
0.021052798206917148
0.22804941927681846
0.4281971709103539
0.4994115773637084
0.4395284378443245
0.37492094705550205
0.307661166242664
0.25057124480551074
0.21491896420079565
0.21845769238034987
0.21747175623486023
0.16760072904601414
0.09716413909392127
0.07515248016445993
0.09587216504774412
0.07935768148291306
0.06632938456809606
0.03170899031875884
0.0187412102019985
-0.0026021603600971327
0.023327993792231237
0.03364958989170765
0.03615153231563609
0.014680927604780729
0.015078695006778196
0.009048323451282276
-0.0033915580275479017
-0.022758314121254133
-0.011405932967890555
-0.008661583918278152
-0.016907212387874297
-0.02859434122127308
-0.047707966059627495
-0.06165350623667881
-0.14240256528672188
-0.2393142202602766
-0.34417948295338796
-0.39714816463689406
-0.5110885584661576
-0.6701048360016512
-0.7867490237682955
-0.5537287583247854
-0.19064925324725152
0.04200310024673308
0.005404615621448133
-0.012028613052552033
-0.012231271058760209
-0.017284687156021532
-0.021747850773986624
-0.016231981039050984
-0.02234641814258269
0.015265462571614383
0.2896667858329697
0.45673865063329144
0.4975633903343369
0.3953846801165637
0.4105497667940233
0.3435512898628304
0.3082038745959709
0.24574826603408506
0.20011595862192386
0.1672840591417508
0.1387630281952411
0.11611637665686438
0.07476878857851023
0.04746176489530004
0.04538567512540561
0.06903852861123046
0.05885454653787803
0.020955925288670393
0.009973421592104003
0.018388935451297304
0.027416001938253
0.013663079762407533
0.010982697469851865
0.00592732192477532
-0.0005701120920638559
0.006670433264592048
0.006253495672108837
0.018597406883624563
0.011354926722913342
-0.007433750729651721
-0.027575590566562558
-0.014721991569007928
-0.022483215951770424
-0.07807918771655163
-0.1790615066870022
-0.3258530294645661
-0.5041096622968985
-0.7624014792293139
-0.9533248527590769
-0.7902399695412848
-0.34061965233631
-0.022446773602964726
0.025995101056050338
0.0035328225267428452
0.021750692624102622
-0.0037318271899162143
-0.013645298203696527
-0.013375934221573172
-0.0030869152916681315
-0.0024486757020879286
-0.028604800431341577
-0.02043189229706232
-0.017422227124132415
0.1888527096047091
0.3738289257245825
0.473056302590405
0.44364086656606505
0.42712817692434707
0.3758758521821126
0.31263052669108504
0.28003740272701466
0.2368216196411693
0.20331766690971306
0.17882099312323727
0.1267875649348369
0.09255029803656552
0.08543955138936235
0.07777574092406316
0.0772472617513243
0.04467975161776294
0.03956676984875983
0.010686253431452988
0.010386326228366532
0.0010880296612002138
0.02457306124465874
0.020566975556485203
-0.012186084312872143
-0.012574086736708191
0.0003975026508504298
-0.003113008993674242
-0.02600049347672006
-0.02960906708581385
-0.06378794997856065
-0.15500755431614896
-0.2168466057677104
-0.2963826325325333
-0.44859098029603317
-0.7227945412930021
-0.9269078603183544
-0.7709360307563901
-0.2984747518928789
0.02905545062381147
0.04035197109685949
-0.014375945391048953
0.0070805393764509506
0.004601157956429068
0.0031971378519906075
-0.01881383989361406
-0.0659178028708796
-0.055362423139383866
-0.02310155523821569
0.020130894397658448
-0.01942091848495328
0.20249039573326597
0.40881398447165834
0.5467915929066255
0.4635021284274412
0.445340476224916
0.35824289339298654
0.33576261139332964
0.30082779490033484
0.2333025529279294
0.14908992028292534
0.11850774367123473
0.09742068959563778
0.08264531801383629
0.0922194076477076
0.06935120201298828
0.03733998567965701
0.022663677257372363
0.04121741477839432
0.03323777129717063
0.01646017704843883
-0.00971922396373329
-0.017279779115339393
-0.04771836361765966
-0.0643494617710556
-0.09759801729652971
-0.15879239796012656
-0.28192618685217813
-0.38269394595210077
-0.4967247244287566
-0.6306199235385046
-0.822734871524706
-0.6754870111258903
-0.33208029874323564
-0.023821348875817227
-0.015761472065775165
-0.004736481733358933
0.00914533003196915
0.009652825849124492
0.0015519166750533246
0.01590175302082489
-0.008012520828527762
-0.00986255975874098
0.05492585402014126
0.3131993874633551
0.46062085036513023
0.5073235331144442
0.3944076419087092
0.3621136117508866
0.3574169584413063
0.35408339864662475
0.29362182496038747
0.22476588829757319
0.19340682410610957
0.14156315455891214
0.0902836546119359
0.0988499369545659
0.0953907996387045
0.05181386602699068
0.034798941805404424
0.038550490678960374
0.016426514750795523
-0.018841496331502783
-0.008493015207468464
-0.009203367829559397
-0.027108506796649477
-0.027330404291135243
-0.04068758114721187
-0.120858806283396
-0.20015852737526546
-0.2667361648827303
-0.30797609564103334
-0.41495377274273565
-0.481391339369373
-0.6217804732486739
-0.7036924158715612
-0.5754787738918414
-0.22402232790985369
-0.013971397662785765
0.012787403832857579
-0.0025160018692194624
0.001861446901106585
-0.026805936447714614
-0.02082950237747611
0.007042165774915596
0.029847173042172125
0.01612074578629287
-0.00029917489351092994
0.16364598448735088
0.3621086362358945
0.4918238621971807
0.4360341652900864
0.40167152569152803
0.3515192098782897
0.30592815604064233
0.24798378569106694
0.20343020983448049
0.19670411419334782
0.19688069181268097
0.18198723022137842
0.14845542613114449
0.1123150418964426
0.0967984726503791
0.07044776413221794
0.06172622943455777
0.0541233245088248
0.059856689653298045
0.05306521476037518
0.025134750575632983
0.016451825748130016
0.007324310948394748
0.019516440451646747
0.01250686021422963
0.011250298768147891
0.00021520745434765173
0.005892108489299809
-0.002062673039007131
0.005714450482236221
0.0022894865271109286
0.017149284182062817
0.006164522229763322
0.013384289375378888
-0.00814100074519562
-0.006393212410178563
-0.03999414780566868
-0.13362379916595182
-0.29610121822973856
-0.389696438424022
-0.45196441193269743
-0.5121103646800539
-0.6489696842780641
-0.738948367618881
-0.640415602103751
-0.333877246415358
-0.045569598934036705
0.05788705080055432
0.028622898856305267
0.0025051193505612607
-0.013486187027312198
-0.0009007317534028417
-0.010446355919007246
-0.020097137479265344
-0.048335284100770856
-0.03816636568168409
-0.05027817838605892
-0.05333390909315017
0.0872147688096605
0.4027147304444073
0.638970439107502
0.5591401120443856
0.3702475908050757
0.2838269640386509
0.2642777233325808
0.2230425935516927
0.19187619787630178
0.19480275163651045
0.14833260340968707
0.1207406312200886
0.08953405982025502
0.09175287639526498
0.07473514980544985
0.06777042031382352
0.058170284083233145
0.04608619389495188
0.04453079311975622
0.019131997320737157
0.01955662650654397
0.0035903699678136803
0.006318169842770631
-0.013573044825536349
-0.007074571595196732
0.0060368969650742175
0.004072956750251849
-0.0005515475529113271
-0.011277451244771567
0.0024857947868471373
-0.0033348603348751994
-0.037271876609184594
-0.09192545243163472
-0.16350913671824133
-0.19241398628088882
-0.2529620854782858
-0.31235575524906345
-0.3740582177974228
-0.47167579581111024
-0.6062285648796322
-0.7360910209407414
-0.5103001478588521
-0.15657582048694987
0.09014852624319264
0.040896028967136254
0.006426117173853031
0.00014191700601178862
0.002980459223977428
-0.002115425588669314
-0.00809976691855764
-0.019993966088714708
-0.05355066375350755
-0.026640283024083895
0.17102610135267873
0.3812527655588014
0.38456467338779216
0.31498123574325837
0.3106278912441992
0.3731557264066156
0.3147899983812386
0.254890839614004
0.16655784128358808
0.1487779266444897
0.12385674423385526
0.12118489804235305
0.12040974742908207
0.11382734410202101
0.10338970247383608
0.09207373953467377
0.06837253502081947
0.046636321834965105
0.04478560745573068
0.039231800677294155
0.028081465759363725
0.012255896717864074
0.012981484044100138
0.02906213893209119
0.043730081669672335
0.029424121208976722
0.008121265188753377
0.0018629305054323276
-0.019216961550777806
-0.02232807496743337
-0.002646659830311695
-0.0005869794671050282
-0.0407763646377176
-0.08079029659911452
-0.17437400801993375
-0.2842594260983931
-0.3408094926460294
-0.4248087741859192
-0.5177243070292479
-0.6571676747607367
-0.7237289760366895
-0.5166501640096272
-0.13504300886959775
0.10102276561676916
0.07440829262938994
0.04167012624522938
0.011840867622544481
-0.03415049962892078
-0.04173115179979295
-0.05701857836839932
-0.04325421138130928
-0.06198714932817438
-0.000850098309856131
0.21015743548567897
0.4113003638335111
0.48227330213736885
0.4050513722081189
0.3676382131564295
0.3459266038864728
0.3129038486054771
0.2435378308987449
0.19320173363865803
0.19073610138348152
0.18384898076451764
0.13538906316234414
0.10419737870496663
0.0632829607320928
0.06812252381308127
0.06451443051226999
0.05440257800946932
0.032842253297284546
0.004869837584975202
0.02573046411437701
0.030958604692661283
0.05356460684008032
0.031166765499676705
0.028461884049540042
0.020160068846165526
0.013971890113760863
0.008898093446616021
0.004506972264166935
-0.006063048710062301
-0.03733062369176716
-0.046503812696011795
-0.09419083360696877
-0.17703155144592303
-0.3095346070120553
-0.43486047458717925
-0.5829718626119671
-0.7790238336160216
-0.8384709853632809
-0.552648745137931
-0.09963923323462365
0.13997521506473054
0.1059374206386199
0.02221756149818134
-0.004759625443648968
-0.010898402380056788
-0.020945959266036186
-0.033590969881579356
-0.043000965401054074
-0.08345882750760447
-0.11003502280579815
-0.056316121001859745
0.18433771711720798
0.3905592062648808
0.4948057108277545
0.42787734792432003
0.379890346635724
0.28538619835564205
0.24535040609948225
0.22029688687459203
0.24402089323451898
0.22095448649210392
0.1687598460511207
0.11535022061644742
0.08362116022315345
0.05327013859763883
0.059365000077535264
0.0677018385590446
0.05783212098301329
0.026606412395841668
0.020151697829335867
0.0009178023390048627
0.023548869480340386
0.041928520472483556
0.027955797640419045
0.005182878533198075
0.003897932397153535
0.033250193710177185
0.02950343098089994
0.015917206913709722
-0.004952910667236642
-0.01285036979188576
-0.004370623111583622
0.0028274080192573587
-0.01109475322973137
-0.02045986147896865
-0.03465831571266732
-0.05974639635620913
-0.14595655541200653
-0.2390779896742878
-0.29716114237313457
-0.36680891709015595
-0.4469799707751017
-0.63499307369941
-0.7661145036841956
-0.6606825142692515
-0.290020175599167
-0.020923635595919834
0.016260350542092076
0.008462060051484473
-0.0062546687210324374
-0.0013050554553902549
-0.0007529674733724254
0.010699394430376092
0.004833825056565174
-0.0038837848813782667
0.005338621021071969
0.15320301479150067
0.3815071122971952
0.4445568728716597
0.4020454086432724
0.334811455051521
0.2914494728928261
0.23427534859252921
0.2539407870522707
0.24783025804675513
0.20043077230991116
0.14733324638842527
0.13217650314341606
0.13755502185002427
0.1152428710436168
0.070466833323287
0.06295997596154558
0.062480497840958875
0.04768709297326418
0.030561416855140626
0.031486542953784474
0.02516753883778794
0.02418777227243735
0.029275154826955096
0.023443814886651315
0.013131088479584094
0.0054459342400265485
0.014366212662955605
0.0029936718435618235
-0.00455516496499876
0.012741685670747245
0.015250213528845405
0.005670221517691868
0.0005615978003698324
0.007137461673354486
-0.017473285616308846
-0.06428136588512665
-0.09004286121504827
-0.12899306894060403
-0.15524030750670414
-0.20036240261667237
-0.2697376083524894
-0.34875421046072674
-0.44240743682398387
-0.6414528340984279
-0.8218460852028238
-0.6130644258336486
-0.2121909677944173
0.05512693398089239
0.022798247297440337
0.012465694164718166
-0.0036267980309862445
0.006640754397031631
-0.026723133464002447
-0.03415302081569417
-0.008294331879682709
-0.0007086015988440671
0.002998064656542834
0.0041855934007822716
0.025499573761057635
0.06014409539126797
0.20873076916901243
0.38544827235795365
0.43020573783825855
0.37776987759867453
0.29758187306098693
0.2453321744224852
0.20791260237055822
0.2148644986493379
0.1797495389088925
0.1545120647468853
0.15800841987685388
0.17719611891983528
0.16351317284898434
0.13673927870777688
0.08080687376398124
0.062125340029721615
0.058273835942186665
0.0652800956959421
0.043839145550432376
0.04350562021474157
0.022477212169533207
0.0268737832671894
0.020013720524077683
0.02469593832409215
-0.008569642636108358
-0.0086572807364224
-0.012844714719859653
0.002548283875679908
-0.014028033003181393
-0.027798557550330186
-0.07696017329389386
-0.1688131233963612
-0.25683118994352955
-0.32105053267689687
-0.3472927337199259
-0.40406639599112487
-0.4915605589262937
-0.6592011562636775
-0.6557593124409311
-0.3953154708445957
-0.07039188005703755
0.046532329047072
0.020457062904087282
-0.0003380444878632624
-0.010478687836952256
0.0012497669667276765
-0.01423541236110985
0.008368902192310651
-0.0052305955068182915
0.0029970492452811174
-0.009086428573455358
0.06339911681660801
0.23441227517366153
0.3852964253336837
0.39956884336711096
0.3585547039469173
0.31291231665412866
0.2369764486001919
0.16899305859332153
0.17852829941291648
0.180841181911038
0.18356437844809714
0.18080953616259937
0.1523789444322526
0.09769899428778613
0.07340479952074713
0.08701186430054592
0.09719394814877072
0.08317805628309169
0.05622829669434218
0.04741797264354363
0.04537064837691022
0.05897579625342336
0.060245447401647945
0.043745137789897345
0.03908226083529521
0.02941606762368976
0.027712013224134583
0.01065204650005118
0.014632734715626634
0.006750675717065475
0.030191104774143107
0.038918663260015106
0.04241955763451953
0.018579527984183507
0.00685071938944997
-0.0006087030183654429
0.0034270557798618487
0.0049295113788642335
-0.009859172348541993
-0.07450089451882602
-0.20687254383113216
-0.3195217804209584
-0.41337358046657147
-0.5210191550646054
-0.6658331418752998
-0.8338814769998687
-0.6686336529540903
-0.20788772815078418
0.14032750885265766
0.12795568825128512
0.1323077928643519
0.12359524842914607
0.04640307925181811
-0.026065219878601744
0.011166962958002806
0.007349226856756304
0.004988268081302328
0.005588159014258832
-0.01820412328327383
-0.1234665231459813
-0.20835098642926522
0.0179608472707995
0.3489089983513199
0.49917754959133326
0.4290159647664468
0.3959302543934834
0.36511398476346474
0.30229655087712276
0.2545100268009181
0.19203665627413072
0.1409096607858334
0.11276122949839328
0.11346170621300089
0.08993763911410468
0.0674113986745532
0.05108975099614686
0.020029265385274754
-0.05210168622873016
-0.1461716507797388
-0.25636637140818314
-0.3408258097907742
-0.48414222669041346
-0.5709918882738003
-0.6047677757797556
-0.5847254706810524
-0.4039909796385091
-0.14782106062948164
0.03384359221995222
0.0040161655931532
0.02573935140441223
0.003857672344560875
0.0038753799712196325
0.018567941354507428
0.019854867988308506
0.0029516010172704146
-0.025936896074634643
0.00013795634497409406
0.057227910742538954
0.2566714974572473
0.4057047727904862
0.4252141593706958
0.31860066405699994
0.25096947388912844
0.20883500811529546
0.21868393594187555
0.22243542319313978
0.1942145082385951
0.1254034709771301
0.11852989730198846
0.11532359455013574
0.10711806889058076
0.08794074737133896
0.0712585733472377
0.08742446297672687
0.08237430443701803
0.08040270308523592
0.03175477503078008
0.04638267211879765
0.04371373638053271
0.0532996768292433
0.04384185560660861
0.02729028962233691
0.010783130887137886
0.018488965026237415
0.036601033756368306
0.008758093384413936
0.0021683889863445775
-0.030076392094429454
-0.048886077522197535
-0.10350493231661136
-0.15446345094943617
-0.27327829625296884
-0.3403478225086476
-0.48056910193011565
-0.6125450079459294
-0.8594487363223872
-0.6854517901704525
-0.3283233089944618
0.02708107461123533
0.010627077609979035
0.001794847543100118
-0.0038692972943268587
-0.013233313704015565
0.015569362287307148
-0.015316902880442438
-0.0013872746657384442
-0.017966763128063015
0.021078276792202907
0.011264002014404471
0.22055685889261317
0.420429655313913
0.49426998534449895
0.3776947932824937
0.30753811042069706
0.24609985711765153
0.21128569718021223
0.188591800962264
0.18060334867125694
0.13627904907126231
0.09569336761079625
0.09592661622284218
0.1298451913632301
0.11492974381463776
0.09311085833912015
0.06472800198823903
0.048155600850015474
0.03532581426177204
0.06024520762352339
0.047065133195548996
0.03774072856241012
0.015202337902954098
0.019900116659467275
0.002064756417355429
0.022931718681277715
0.025422278125657984
0.029722354438856576
0.01838521123091394
0.02338688533485619
0.015042457703278536
0.004743316507318991
-0.031252991603967946
-0.05734358774845731
-0.09138197315755729
-0.10157242908633794
-0.12870227328735118
-0.18852345695444808
-0.3212741181042349
-0.537567415147323
-0.6924447648391406
-0.7922480658165783
-0.6425261890054197
-0.33962400715356766
-0.02868322878565288
0.02674900257206358
0.0014451656249016408
-0.017606423034622797
0.0014052085352858922
-0.012324437001119227
0.004877081587077162
-0.016129161241577514
-0.021569798960617732
-0.00870771488059899
0.03725588093306909
0.03893297111296753
0.2035964238661022
0.3949233803314521
0.4467443002563958
0.36904383677179725
0.3073644721752457
0.2499541661652305
0.18667624929693363
0.20513858293931386
0.17325783952599205
0.1595902676318094
0.15511851238642083
0.17945156761271489
0.15953162932302697
0.11994875151041365
0.061167191648074555
0.06332103273106247
0.04405610235289319
0.03973980137066404
0.02639044249182126
0.06519843921590421
0.044947593210030404
0.031339993605581554
0.021805926905528274
0.034733555992937405
0.024912057742856486
0.028618428980588938
0.028228960731490522
0.014659365215519138
-0.005081755035772569
-0.008256933957031276
0.002924813744357189
-0.0004212757978089746
-0.006188014808307016
-0.012505120468886109
-0.015923844674209542
-0.04946046668678754
-0.12823220769680047
-0.24073570888240628
-0.3748053478098505
-0.5699438293639961
-0.7344087495189439
-0.8074226674341103
-0.5951590808564078
-0.27569386703204446
-0.010832704000742564
0.022863077656114443
0.005613866540450676
-0.014855240208338378
-0.01694620935954171
-0.017336476413681853
0.009463618347395565
0.0063938434792053375
0.0012263296845845195
-0.004917440224221491
0.019259753203391995
0.042178575369029234
0.20264060404449522
0.3500610197129167
0.36747542440592623
0.29194909095029153
0.2598785611726537
0.24096935081700407
0.2030508153649754
0.20400412285239694
0.19801571462726444
0.1663363302210572
0.11011492593301402
0.11010029348238269
0.12289880455080195
0.11693306384860531
0.07672968146904742
0.057687505124797527
0.04950557104422859
0.052857913413727524
0.02732384630583626
-0.09791582391717521
-0.2617834337758612
-0.45235925040659297
-0.5048805840288516
-0.5896171530864023
-0.600121324934317
-0.4497720334392939
-0.16203935620275675
0.007393995626752129
-0.004644684193529988
0.000492451200317023
-0.016551976707332355
-0.005175433187283952
-0.017915069063058016
-0.0053380111077284305
0.017404586605152483
0.03090717797791101
0.033289489368304274
0.05991845079948433
0.20499780455353514
0.32921819951977943
0.37060216604720053
0.32000459604479226
0.2754452515628882
0.21253238778102732
0.1747837789724384
0.1705833348060196
0.1561125620906015
0.1475270385630936
0.13491155253102086
0.12932506609874433
0.13195953090758725
0.10890903539189302
0.059393096784877905
0.03988827101701825
0.046536292086169086
0.029085055046024166
0.0007334674430569774
-0.04268557707155752
-0.10821206564461973
-0.20250094273077907
-0.2513204165088307
-0.3247320083473957
-0.3484864589338505
-0.37941821589483404
-0.4669044303038704
-0.5084201799631747
-0.36361661873081846
-0.08843223979462445
0.031047199123259074
0.01170829918361961
-0.02062118233278738
-0.01372249040936571
0.016561450664044908
0.0031099153746339003
0.008729764851512556
-0.01743072111036293
0.00637357027684942
0.06907109301812309
0.19348151687818949
0.311708494353391
0.3363893193730152
0.3134802911895214
0.23628023478873955
0.22597920881027325
0.18052615924489313
0.18244223768094806
0.1796725191078057
0.18191900737295313
0.14651044541187458
0.10971239753196955
0.09874040872812574
0.11838351333029562
0.10670161888938469
0.09066460258830769
0.07643496023146432
0.07064720851392935
0.04992669623020757
0.040890978257591935
0.042260468347705915
0.02273059831288498
0.018017866958774918
0.034964442442238994
0.045695828622115235
0.03865931169036735
0.033221959474948874
0.040856781719297124
0.0333955611352359
0.020775375839741955
0.020619421846165848
0.01803972544597713
0.007095077454949844
0.02151127427869183
0.02649202033753616
0.009138436167311432
-0.012812707572053186
-0.015820267617024448
-0.02330162314984073
-0.02042699063154031
-0.03246582294346754
-0.1122476065874361
-0.17130008613789757
-0.21856006993719926
-0.23195898353290623
-0.2892213583763788
-0.36271567387321674
-0.4238677549142892
-0.5666951230444234
-0.6633143729243975
-0.5479293285765976
-0.22872192715540882
-0.018802912087720017
-0.002825845147264815
-0.005471264118832509
-0.005143132768265114
0.009540220464536057
-0.01788139555431632
-0.01781914613054784
-0.0032331025402682198
-0.000797723614466683
0.01582976114831638
0.03905758206693249
0.12200987405611591
0.27999388165018946
0.37800580794066885
0.30825392503527926
0.22388781244472278
0.23150021071482166
0.19614601439919807
0.13108480907806994
0.09751946575341625
0.09759666668057518
0.09071984111965331
0.09234396842438394
0.09765934205288324
0.08551923363358382
0.08989304712134988
0.07587367073421981
0.07479924872865583
0.07362962955765816
0.09843186939006593
0.09733571230342682
0.07257880924246049
0.06835879231527789
0.08200248982642176
0.09598463483740191
0.07274480559603642
0.056077679947910866
0.046491717724733615
0.05105603666815115
0.049892195591065835
0.0380458157959313
0.028755306673564015
0.033975710558369725
0.03873236440878988
0.04394508349388286
0.027227669236662956
0.03689143001522313
0.01704931209006121
0.01424580182788719
-0.00012954227546655865
0.02813028770676475
0.01270557341478914
0.004612374867929667
-0.09293014741781744
-0.1767684677657332
-0.29863492359594807
-0.4031783983785547
-0.5341706141871824
-0.5987045706105192
-0.7575814339666807
-0.6023752401139755
-0.26734983247560684
0.01986705616986039
-0.045268542018963645
-0.0519933173479681
-0.0274745408594219
-0.0033376749256761517
0.005757171492685309
0.015621314262090187
0.014758907705912032
0.0333746931918441
0.038843930897045326
0.04484941573699206
0.11232281474847369
0.29125857590855775
0.38090214785476995
0.4086447156148814
0.36253253942942776
0.30103927160416477
0.2122864467570385
0.20710004195469525
0.20744309891107482
0.1812021065527005
0.14563241357966616
0.1461204769604168
0.1415709543902987
0.13515439751632607
0.1067143761852862
0.06489538209347669
0.030105110436079663
0.03255793293839122
0.0665290873427598
0.0660144150126129
0.05097857750761899
0.024051943749594733
0.02191979014584234
0.019026476099546913
0.005443971226403113
-0.0226720310121893
-0.04495940860595893
-0.05880449389678277
-0.06074321164253198
-0.07932046819084963
-0.09739015159667437
-0.12229145436196771
-0.18323575608975087
-0.26344864890215025
-0.3351110396727595
-0.3766870400265046
-0.3644458456886381
-0.3804042897537351
-0.43181212667459956
-0.49007815548108585
-0.34659737180223865
-0.14623915732172993
-0.003774988702129169
0.0047547471792343055
0.02960327622221297
0.013937753284739
-0.0005039547799868274
-0.03331441655581001
0.010775127808837734
-0.0008860374344269462
0.03379888305217469
0.008448784363770157
0.03819606918490983
0.22098361665519523
0.42480573130119254
0.44116276097735885
0.32924977619276297
0.27189536400675984
0.2413052734773584
0.18412082516462272
0.17786798185773273
0.16983267223446316
0.1730575367089669
0.13185151423312466
0.10373492037974044
0.08060986925642333
0.09711197732140738
0.10255228703744583
0.09445270643845194
0.07327329697442403
0.05959960709332336
0.03579539762706266
0.025726133023606993
0.04217722184563492
0.045130897582606404
0.040741014702109446
0.035423231084962696
0.026156968283121772
0.015375817612211936
0.03447794310635659
0.030720290247368356
0.019640269190928247
0.005638089725076652
0.024525001182937014
0.034032230169649895
0.031158142143563456
0.013674073199240412
-0.0050932990415472985
-0.0033885318560813154
-0.001558219856803544
-0.021142830739178883
-0.09683012496060799
-0.16371989246446755
-0.23021196404014038
-0.3295452331500078
-0.5036868216267666
-0.5588851617533308
-0.6727995940808689
-0.7256985122759301
-0.5749335848769606
-0.21442457039218127
-0.028933303858491518
-0.003712822503526684
0.002995833204147268
0.005082356211668437
-0.009376043163416583
-0.005295934200248669
0.005974167427045
0.008095748310094257
0.027852737917367393
0.02661213275877058
0.12025035744784378
0.3261230903205196
0.48219823471346773
0.4748293226861468
0.35800226844469096
0.2808601355188884
0.2185114844046887
0.20070190676006275
0.17494960872559195
0.1724046469181898
0.1651150918175222
0.14759992184448079
0.1124313754268043
0.09508851480660796
0.07598339611007583
0.08177988916995646
0.0870278040209557
0.06593500471871136
0.04060803426166284
0.03603093883213448
0.04615701698467615
0.039303402123354786
0.04249147905511329
0.04004822154889672
0.04539645130175545
0.0500075300776489
0.043948074308521774
0.02430495426345271
0.020721105113430036
0.035136648746497294
0.028647229118525526
0.03409701533415097
0.02038481836999387
0.009378002370319667
-0.007291892275021295
0.0071028962231360895
0.00941960869487957
0.013730782809717542
0.0034051247692220713
-0.03532042564824241
-0.13608262495035103
-0.22164733090746247
-0.27449666330544265
-0.32032348886767154
-0.4309201242528096
-0.515185375218725
-0.5946194043959993
-0.6577132112260821
-0.6161737092972431
-0.3356256834096824
-0.04837443517741616
0.06316802658280074
0.02719714605968997
0.012485124336580665
0.008418700378712302
0.006067952905964562
-0.013598590001194424
-0.040423819816852384
-0.05246685458711204
-0.023484285694286695
-0.024008501429870096
0.03483190053012237
0.2724948806222696
0.45138491933057195
0.48943207394086663
0.37798782125540936
0.31558114690104355
0.20996456085293552
0.17900804457567368
0.18001297396641347
0.17301571069171306
0.12129823887943161
0.09488977225854917
0.06382609640975713
0.06500804591052553
0.07470919920067723
