0.5890371949482995
-0.011090946043557308
-0.0012411247341582005
0.10230604321347939
0.0862547800001784
-0.014464009392306897
-0.009845236687687867
0.017021844881281847
-0.0443899315734775
-0.007719184119861815
0.014638484041501925
0.03204759405657981
-0.08887647114841364
-0.012107517414867276
-0.14675356163365277
-0.03393437927988665
0.007595861517242154
0.06353337593333971
-0.2634440865653278
-0.22265306359713274
-0.12539982596114652
0.2686236804179977
0.2696592035756176
0.1432756669630707
-0.19991209959809178
-0.23909902715086906
0.0667781961444981
0.0909840672041375
-0.17252358677921104
-0.09929429812676714
0.08642294964317884
-0.06220697088079671
0.0776956587211621
0.12177247041046081
0.013008515808086261
-0.04708393093775401
0.13877881257138422
-0.2335220455807127
-0.06940567750246453
0.07083097075302809
0.013375434961723366
-0.16951756405257773
0.2110242458921596
0.09419467955108408
0.05169757545300983
-0.11487005149889273
0.1489510111282896
-0.03852591682341985
-0.03628832748720751
-0.25340021325588363
0.034775915336413846
0.15296508954554303
-0.03596688950902084
-0.07865153044270115
-0.0018037804012934005
0.16927538752865268
0.06243036929979216
0.07115014593126283
-0.13531104350265175
0.07467664245594162
0.06344172308731205
0.06303042980906737
-0.1620161658618627
0.13780038355742483
0.044802822144436455
0.20097116049004596
-0.19180543085357385
-0.10410753641476274
-0.22641943478858728
0.10455473190523316
0.10707644880660032
0.2362191568164003
-0.04590305970872005
-0.10469222886940065
-0.13394650025121846
0.15193195015348016
0.2504980143169442
0.027070428041866768
-0.10869303506992642
-0.02471566591525151
0.11958862768271593
-0.019740978640758102
-0.14396442196036774
-0.12302226268264703
-0.12002007202853239
-0.15540729584323373
-0.22105582876410607
-0.18361602734042862
-0.2625942592773658
-0.3015391367630819
-0.2898766386436635
-0.26882922003318954
-0.32146531364764974
-0.3185213022260271
-0.32087096430004686
-0.23042944112352354
-0.2034792839794476
-0.11642724246450885
-0.10283191736192115
-0.06959029325118489
-0.11302442463013185
-0.0872502354167497
-0.04783391201367333
0.0019092299153046137
-0.02145479689074427
-0.047290114904943316
0.0017977075537614197
-0.003921060441873817
-0.022061059744851404
-0.023044326214388084
0.015555461061172084
-0.018309059261314563
-0.01885243265399254
0.0508863828107162
0.31369527938418307
0.5981050262858132
0.7074648080300194
0.5426509591958845
0.42256183791233637
0.27169186628624953
0.213101976447641
0.09351144289625635
0.08430946592143117
0.042339652137786205
0.09913712099356371
0.07730390235835845
0.0755603965102794
0.03976470917175562
0.03418281430913273
0.005496906269478861
-0.006057662047630755
-0.07796578743871094
-0.10452001488834022
-0.10938920303592695
-0.2315862428746652
-0.6793119561487152
-0.45074407038885855
-0.1902792930223929
-0.25042288076658586
-0.6593785226271062
-0.41051589498026914
-0.170398221365505
-0.0775983162926716
-0.047546678955851414
-0.0277547149789863
-0.02444921682398748
0.0029052458026162663
0.0067016330420774
-0.019306755887766588
-0.023352529076139196
-0.010079906058722287
-0.02249653472726177
-0.0978398792916443
-0.04730985613494363
0.041879594955617994
0.04932270055440082
-0.016731674244982574
-0.03146246587658122
-0.050296985293867516
-0.02219140816021034
0.11728597555913121
0.20302694280377026
0.6246265265246831
0.7673523617824032
1.0
-0.2793486437708527
-0.017816562904498654
0.23894211903227866
0.8324273098878907
0.014590017980903104
0.11162322186308442
0.09823119183845386
0.05045888674706796
0.01281477145958406
-0.027076856029399587
-0.043539106386530545
-0.020695248150912685
-0.018135181990787754
-0.03918241086029111
-0.10633889187475887
-0.1894298556096192
-0.234311883846847
-0.17420761332800755
-0.39814673312186494
-0.42589602894871603
-0.3909190083911402
-0.1432531040923444
-0.23947054252215105
-0.21985236978012088
-0.3005643398480098
-0.23359770019600998
-0.14211626334727423
-0.07453013391526025
0.026823897461970964
0.01420764839690796
-0.015028602284004091
-0.01028857525156139
0.0379415054354875
0.028483223339183964
-0.03731910064810281
-0.006982816934170183
-0.055256287414172586
0.007968086782252259
-0.016530067417877867
0.08193149297727277
0.21876477066787514
0.5350876575152453
0.6496341170908674
0.6663358109075019
0.3219573536676235
0.1330546254461766
0.0611472046333217
0.22586944679263793
0.20190983486247227
0.16134912476624838
0.09698822274589414
0.036464047337893955
0.013684241604139145
0.011464926260139563
0.03224549289626248
0.015665210289906497
-0.0014572769186283437
-0.012741800904977812
0.019600103545589383
0.020371022655102076
0.012782300481972266
0.010590318546728268
0.034906927198247104
0.020147334691418425
-0.034541975222826066
-0.0345575742929566
-0.024979318152928445
0.013107612367131597
0.01119793359540354
-0.014489726484748177
-0.02062057233091358
-0.09243687896109581
-0.21686059881940611
-0.45718139313184497
-0.49391507833374393
-0.49374264580546395
-0.3865063418908528
-0.44083923452047213
-0.42051780463737554
-0.29481251951351584
-0.05769410128451909
-0.015640022486285852
-0.05855267442010085
-0.05698138433720227
-0.004022749840489345
0.0062105101912893305
-0.02667497980720263
-0.004368526470639737
0.002124193231031373
0.03349863611206662
0.008371276035166415
0.016750700943658107
-0.01580779278407031
0.009502785475788887
0.021569002761618123
0.014240007498654424
-0.024426209368223272
-0.025096551635031137
0.1715912548775194
0.40521645163353787
0.4486467640140664
0.49741267250244225
0.3047174919900426
0.3691037946086865
0.4348517481689923
0.5292936097358896
0.19192649420208718
0.04813635708957975
0.04656083774456992
0.04487252508997636
0.01398942391718888
0.02510453162768173
0.023757724525143516
0.03615386868031953
0.0031722827698579064
0.03402670983634635
0.00491451071357544
0.010295150045067165
0.02277739545559379
0.05427722523590912
0.02253133454700367
-0.02868467878541051
-0.009776120747509469
0.003976944811121252
-0.0025290078958076618
-0.023524042992696493
0.019957373775172507
-0.007581708931614334
-0.029509993401480025
-0.08309380228380112
-0.20444857854829182
-0.34335840240567983
-0.791157708730414
-0.5751703940286783
-0.311192507979708
-0.07356555678260367
-0.3974182683096854
-0.30435870604127385
-0.21623153309144413
-0.11266356766639478
-0.040149890306223526
-0.021072508577130413
-0.02303950675430156
-0.021465183314289277
-0.03829075302864091
-0.031930713666182296
-0.021097093271344538
0.012286948425294257
0.0010648131985441967
0.013127498778892164
-0.0205957496230846
-0.029867437909694337
-0.04778705513310218
-0.0017102722012743636
0.009201542950390485
0.012289430807045327
-0.01631070773925354
0.0034207988267550143
-0.004209457288080157
0.2077560513573602
0.48289045555956484
0.6595936849535142
0.5461519706759976
0.3812837120841283
0.23677720648310313
0.235958174917975
0.2569261626987965
0.19974746068250804
0.07063848561252187
0.05340222334801944
0.056146100537009976
0.04501309988530014
0.009591167395996749
0.011815060259893501
0.003244562750018193
0.0014467473160497458
0.0002992483404332723
0.01013948306175982
-0.009429255377627607
-0.008385108295822216
-0.0036455825948648463
0.009165153693814463
-0.010540827211737158
-0.005086662809779951
-0.016832507846575556
0.010958671690421574
-0.020003844735190245
-0.009878035083929562
-0.04788487040930185
-0.055747762781786996
-0.09642157904975969
-0.12114398301275535
-0.2213152411454941
-0.3595064385600311
-0.23922667629387748
-0.3166393449861498
-0.22858587486885426
-0.3402811440678922
-0.2666645576177191
-0.3821397135984653
-0.25646554998566484
-0.20279321854225346
-0.11319837050485644
-0.07798243831203405
-0.04951130289547235
-0.017901975714985224
0.008123325567236014
-0.021613470562519888
-0.0068442324147211945
0.01630211598731092
0.005303923624341557
-0.003998076857193288
-0.012108458531913772
-0.02276946075993532
-0.05380282676312651
-0.0036254725372820984
0.01700576324519783
0.03202745155234877
-0.016863281605546947
-0.004986482268911764
-0.0016864058247748727
0.008759918323795886
0.029972080904338474
0.03764165154991457
0.17713996583460392
0.4432817495645255
0.5919876028145596
0.4756864118239548
0.2706778992036173
0.23381427409086994
0.2334888186779117
0.2267751487663746
0.1561513689139095
0.10755350472783706
0.09103084886201417
0.0824930727908668
0.05047641187399889
0.032625205642395974
0.017372027773530696
0.008648099076571287
0.005233314466861768
0.0011250740136489535
-0.017234018439499475
-0.014093863884683349
0.011787153585044568
0.005537775021891074
-0.007506434969246362
-0.005740274336834389
-0.023192272327628775
-0.02800489510930648
-0.04771547029440255
-0.08921972273356026
-0.09611181461559319
-0.06198983231091533
-0.033356810715874895
-0.07250615632338024
-0.14559127456382917
-0.25919732984491634
-0.28336541107638274
-0.1787300000632259
-0.2830380471822051
-0.2840263721631888
-0.26368870709182185
-0.24814317586239976
-0.26917302879476485
-0.18501611102615478
-0.028218001198521935
-0.06725098693649102
-0.034787166405215
-0.07698434791821146
-0.022759342745448136
-0.02582360743843146
-0.056894584713490216
-0.04811944916634415
0.04991090867587246
0.06848792383116592
0.01425678467182496
-0.08668757352637835
-0.020759929162345248
0.03935123884920182
0.08625600274951509
-0.0051949237774252905
-0.008080339704465879
-0.015177983941009597
-0.0038418289752736997
-0.017310622052840348
0.00250650788515576
-0.012574580204896317
-0.021029195861858602
0.038559162448245754
0.13482323089770973
0.27116932064322097
0.5239857580626494
0.3579952358314937
0.29102380647706877
0.11754803456692724
0.2424961019622203
0.18273043177893397
0.31715617301169935
0.21650149711174071
0.08010118984605291
0.05958055387409411
0.07894248668165932
0.09189407231698361
0.03792727120013412
0.04690306871327503
0.011107926013744022
0.0029933694576358945
-0.013861488597647936
0.01777814108325614
0.01578156488801645
0.029549624128150376
0.015811307778665705
0.0034835712881305385
-0.0055816339882168485
-0.0023877217690696797
-0.009390913852838726
-0.021418475139983448
-0.01930534230685278
-0.00636357887948787
0.008576426666417674
-0.002265576252504043
-0.024432884588131348
-0.03574723170729723
-0.08118050338509218
-0.13145380269105195
-0.17523701672406283
-0.2731307333898707
-0.36205293335729877
-0.5037448959195623
-0.3903557879700124
-0.3224985973311778
-0.22584486572374113
-0.22220485005570348
-0.12178170273527948
-0.0690409438440837
-0.050367414703815096
-0.0054107374572361635
-0.016842035093645725
-0.026538105584845956
-0.021875289699227963
-0.042449835150776535
-0.00027477720767453905
0.02033692467492834
0.041010994460627004
-0.0061250873728622545
-0.04450544553001857
-0.015605221512242041
0.00653537094119094
0.024858114125946306
0.0025281207158483377
0.007710004177411793
-0.016873225565819095
0.002355667513161591
0.0322873114319726
-0.004047261100332584
0.024688880470047768
0.4061765805272689
0.32234433424406345
0.44877287867628385
0.31055645227193723
0.5094986874385774
0.2527523926117045
0.32624405292367337
0.159785488459321
0.06171410114144962
0.024812583053294663
0.029653947951457846
0.06654983308290421
0.03168254382249748
0.034191653177793116
0.021533396065418625
0.011689166750065483
-0.020083115725134566
-0.013532448671420939
0.014687010308679081
0.012144139209851787
0.004290619124571015
0.0013537279835985259
0.0017643425020664914
0.007972570635807438
-0.006101676004699328
0.004911970923336718
-0.0016254522701355876
0.003968206700017309
-0.028602828936749928
-0.05093438681531272
-0.10757293708398591
-0.18551542547347405
-0.2969618696210825
-0.3771518526892971
-0.34841756973176446
-0.2640741926406833
-0.29970813790329387
-0.3523272170203952
-0.3504900003848674
-0.29213326067158885
-0.21487286762567098
-0.07728235460986514
-0.01360287349560334
-0.03257031205692566
-0.030716269240408867
0.0072225563153265285
0.03142863568869013
0.005779996234822917
-0.0077517181655972715
-0.004134117377171053
0.006407045953432009
0.003699371731491205
-0.018002967265511413
-0.02387427651442415
-0.0009570689387963289
0.021689963679896132
0.015088696369029365
0.014087611649394476
0.016879672194498135
-0.03587463129308436
0.039779309311852404
0.3365913502084251
0.5829708570061622
0.42217284950473405
0.1339386404102509
0.19508674620758276
0.3566245437378578
0.3342788046572038
0.16769122962747104
0.1306834165328548
0.08489259529692497
0.04509124324327709
0.027642808858053737
0.03681038459505081
0.03612405714162116
0.032794834041952076
0.027439532877941722
0.01179671111102172
-0.004307564151149366
0.0013854489406990899
0.012670175695929337
0.018773194987545753
-0.0009080559075430253
-0.019549537493086824
-0.013176326523899348
0.00983069052442516
-0.0012966852260087138
0.010934632677047097
-0.0064529952861740875
0.010188501718481699
-0.03824790286264582
-0.012685770542649166
-0.012993527023949732
-0.020880971880649003
-0.13209193911562855
-0.17468938482595278
-0.29250000988872044
-0.33719328126675385
-0.3277798550893349
-0.32258009905305873
-0.4807154006745562
-0.45319808666729167
-0.29896414094723217
-0.1074669118496432
-0.03920809806804997
0.012170897388088821
-0.005782194238887579
-0.011357280417757399
-0.002818862517979347
0.0062410663200818065
0.02509773816392168
0.007421132293630861
0.002045138989389134
-0.007949549332030079
0.023008438718223615
0.006549203126338492
0.023422393026086123
-0.0026346449241370705
0.0255325116916249
-0.011955550210607239
-0.020905435282681892
-0.04442090435100242
0.03099515404291724
0.11964898707446474
0.20512327676827743
0.416716004364886
0.6029421898253577
0.4160863222708053
0.17185477974527158
0.14851666209976433
0.299982696189578
0.21479806660563103
0.15270615541479962
0.08577337009465383
0.04256743454985562
0.036653280954252444
0.02338079213288525
0.015777691865895303
-0.021836305256301283
0.014509032545414077
0.020206261139199513
0.016991534958849763
0.009543231269703117
0.012448548757309556
0.0007974827737042096
-0.012611169550658077
-0.0009149702741981276
0.026154614627552628
0.010905496238150807
-0.017230398164319163
-0.027498025707645535
0.010974462781343095
0.012589577148232951
-0.006821731836941156
-0.014518170014152084
-0.0011826932150125272
-0.00815402065214927
0.0014922646705228927
0.0006156769526793296
0.0005269880971770598
-0.047055720566210615
-0.07875578720632057
-0.12743333291209644
-0.1471781577344747
-0.22261870892124247
-0.2874863355642786
-0.31684900621583967
-0.30053598893440514
-0.307319724844585
-0.2997136826056955
-0.2846655043990606
-0.1518671601942527
-0.07101887171522012
-0.05756256130303279
-0.05901007652249519
-0.028002255666561872
-0.0020714345018356963
-0.019869572842192734
-0.018891751887481996
-0.03700158755321081
-0.021366969313661454
0.010725839112187788
0.007758516529171214
-0.007805146314757817
-0.027005196018130503
0.027931454824744066
0.026664964716933953
0.008502439863532727
-0.013520064471469008
0.035747098937376126
0.009547677464879627
0.005917592155376587
0.01860837467815395
0.061911979557116664
0.03416110653375055
0.038133805585985156
0.2051767990903972
0.46282401476011986
0.42640635087335577
0.31608375150469503
0.21921083002309252
0.21886210095324693
0.10549911881629102
0.14195008550040328
0.10068622426107939
0.05306182914101782
0.001299707719852861
0.03978128054588932
0.02887771615589496
0.046994970388107925
0.039653234179462434
0.01357824444962805
0.001115612755130672
0.00015528790188971617
0.015578491471462862
0.005158566092591254
-0.003488407930057325
-0.02933558985060143
-0.005564776918236969
0.016573870409169408
0.017454415626190448
0.012309363100812393
0.010018062616566008
-0.010935743597818246
-0.008774560524315718
-0.01202135038103257
0.00024109730963749293
-0.029866184080963365
-0.020059314855829177
-0.06068900568636747
-0.0534354093511108
-0.09932280532709475
-0.13228995437822122
-0.18556712504551237
-0.24154170350450796
-0.29824665234655173
-0.29758611721674605
-0.21523333556810534
-0.1699452809507799
-0.2185305961347309
-0.17680469947755204
-0.12449789220609474
-0.04719763476890769
-0.029279568991418974
0.0009762609202018619
-0.07828746522181433
-0.10124300959656621
-0.023862764631870897
0.1097358826459356
0.0023361642342849247
-0.05808787267215578
-0.07777512500818204
0.07165807296990441
0.005307997161681772
0.035738309362652904
-0.043774437199500936
0.0353843022544451
-0.030237802814229622
0.04662364079413599
-0.05496128101738874
0.04058927852951581
0.01774456014692769
0.13781450828217157
0.2602433359471344
0.07148229725412145
0.196116723949109
0.4137626043914333
0.5808787118909047
0.15952274236366096
0.10666431000453255
0.1282692334581825
0.11831302997047614
0.026116655932849682
0.001289228339284314
0.004425719804076449
0.03779253729096636
0.04169161974187021
0.03206120842857435
0.00597549867803511
0.0038706976815069305
-0.013834899752256966
-0.0009213239779422652
-0.013943286120313253
-0.016209638584862116
0.005138587795607046
0.023611707166355043
0.010206111840935226
0.006226846624455663
0.01586873049853403
0.010563786414814437
-0.014326897473695274
-0.0077177343841805714
-0.010249933507056897
-0.002389372857337516
-0.0044892312822481404
0.007758473644830247
0.007192636462644908
-0.006222217009899326
-0.014736343820671143
-0.06622212739262798
-0.15006545879543828
-0.20627770823215846
-0.2106520468732033
-0.2887125776181819
-0.3462795275636995
-0.3380481782392298
-0.2729186844162335
-0.2074235820097291
-0.10430614618693637
-0.042485967563432606
-0.005392527950359922
0.00012162669445725356
-0.018336459516906677
-0.0612574802489918
0.005180371756562639
0.02819416025095935
0.008424547414466119
-0.02056178825655552
-0.031256321281808885
-0.042628148968787256
-0.022409502993389056
0.03013529741323058
0.005104614524762454
0.008746233981467079
0.0012699931174949832
0.0034351177651595942
0.05464951895189349
0.18252871714027194
0.2946678067692285
0.300712861301353
0.38425406201487244
0.3850480493120944
0.3009913335782674
0.11578043833951306
0.08338682676726342
0.10524781241274053
0.10552636741230775
0.06754680063259004
0.048219335628249066
0.05912031444186026
0.0580320262731382
0.04995137173604275
0.04423071908517912
0.023303459091734948
0.010909581753595734
0.006053467530457125
0.012738754688317123
0.013225838480785174
0.0022666343482844143
-0.005712587053801954
-0.013447939987654933
-0.01862934036034681
-0.022600610823000494
-0.022525613520162698
-0.028396833400596667
-0.05445142987772154
-0.07493134007833724
-0.1696028720575123
-0.17638338409669174
-0.1281200766565553
-0.10029280463323278
-0.23753531246489085
-0.2775612001881078
-0.2723533155300293
-0.16926907869546062
-0.17138560005697062
-0.21024823486503094
-0.23364897968012147
-0.15552726463603225
-0.048082708548364175
-0.044894320772561724
-0.014310423855677705
-0.025477969946090435
-0.019860378019117497
-0.054875651891509454
0.013159664464971705
0.055762332223028656
0.04051403286087392
-0.029475336589215185
-0.03377611518098409
-0.006030072757132901
0.023058821628100357
0.015072728717568214
-0.018978264521033416
-0.021317299139593373
-0.0020346176520432717
0.00752218977757494
0.007260127647562225
0.015165535913737838
0.06256424543291947
0.15724930822200262
0.2942891368159565
0.41750483306042135
0.43341473991332446
0.31605663143175317
0.1967348424021967
0.08901534116497846
0.0849631780049104
0.10473294464271049
0.11593626044988799
0.06494463111273949
0.037449924410808494
0.03514083202994298
0.0005099783498835427
-0.00939901080668864
-0.025632770486474925
0.010353645834327303
-0.00414888361682543
-0.006937317663069547
-0.021176908544478346
0.005160349611860925
-0.01251206870583379
-0.023929557716182735
-0.025568582363948267
-0.009963320377855567
-0.009101611994074988
-0.013428558363860381
-0.021244175126969096
-0.008997213203757319
-0.024197211503074263
0.0025407871354701725
-0.002904258047509725
-0.027794285584652148
-0.10845449409067076
-0.11491774224145114
-0.140210621365566
-0.2702965122445951
-0.30988130390748037
-0.27418166009363776
-0.23476220765164613
-0.2947417226101521
-0.22855143855246024
-0.12104850389890258
-0.044477782589603825
-0.02626170995633147
-0.02598153673150577
-0.0026162786969271745
-0.010891064332200629
0.00979819563455298
0.0009071101511197491
0.006366181424181612
-0.03951806741669778
-0.0018118585762597096
-0.010898957615400247
0.017885210880181527
0.008562620924141775
0.024422074065366967
-0.005791276402269738
-0.01759906871595938
-0.013227321162259935
0.0003443034792600954
0.004023549221838923
-0.012103815005942818
0.009009154012641895
0.14397629486298277
0.305797284418237
0.2579083391924575
0.22580760035714237
0.2532968408395938
0.32963681182127674
0.21943308300582975
0.1261027287404426
0.0726040656018809
0.055834633020173996
0.05397470432614461
0.030804153295409437
0.028628502181958546
0.017802167754120513
0.031366655063082734
0.04567922580536152
0.03439226260044369
0.02449781226781302
0.030213509197026946
0.027871439333936376
0.011569544626809461
0.023562700734909386
0.03397445441302424
0.040396913268958924
0.017539454527984707
0.019174797757403425
0.01605696364861004
0.031003359369147613
0.023700912520638173
0.029771047438072414
0.026798658612016812
-0.000740973786702123
-0.022626036223048575
-0.05815969712705423
-0.09726648000748876
-0.12974675988192574
-0.18330154107446275
-0.21312722284576865
-0.40614681797075447
-0.3209593475524234
-0.32465398906888626
-0.2581102552294695
-0.34008714113529376
-0.16531591148711727
-0.0768488977095619
-0.040885767422243646
-0.04252472355766941
-0.006872712463893244
0.044362406202047594
0.0007981843781763108
-0.0043537881501539925
-0.021550831567702693
0.04975898823471948
0.013586163614151249
0.0028147430360964593
-0.04309663809644685
-0.008179665293149074
0.03364312429592098
0.011532505317717264
0.014026931939288934
0.001673343332019333
0.028824818905560712
-0.03988605895618952
-0.04546251134896106
-0.020636592663721417
-0.004705272761185918
0.12857563823382612
0.6152028268712683
0.5695999731347948
0.17979141778713154
-0.022945648745065196
0.18448207026302216
0.26902813853536844
0.21105132123043033
0.20475517798684287
0.0759257961370419
0.13238577883983446
0.12362160049269878
0.07208190257002388
-0.0013080427989558196
-0.014949284787644375
0.0035368882153136924
0.0172425372612432
0.04333995619274606
0.03425128201610256
-0.0016020179738457084
-0.01436519731953713
-0.016139649357696566
-0.011634611505915755
-0.010900892854710029
-0.0022935471884778223
-0.0076807026130506295
-0.004843981074680046
-0.0030990531898805176
-0.020317929166775966
-0.02137293510461691
-0.05456056902081847
-0.0769316212889549
-0.13408368253910322
-0.26016430858735984
-0.4400391940304134
-0.34376476741264417
-0.1943148705861711
-0.23335930033390193
-0.3740781816411181
-0.2607291687882446
-0.10840703076093208
-0.05591327940639718
-0.05348606346299016
-0.002173778056019103
-0.007211365197345008
-0.008619425504648618
-0.020041999660025237
0.005588261379111657
-0.002083430169005352
0.007957532587281527
-0.019317404454694716
-0.014856607993980303
-0.028046226081586696
0.0073413455636773105
0.011580279043719336
0.044045942331597115
-0.02699200854938486
0.0178672694774421
-0.022252517378792677
0.03111854885222908
-0.0478273613916335
0.020427242635506094
0.03856596412946218
0.12415716221208412
0.21393423454331276
0.41411425292615645
0.43654819238980996
0.10897153877859879
0.05098192624200291
0.17056439143359103
0.24412544540167344
0.0836642630058579
0.07741585291490222
0.09267106164087038
0.0638535917996194
0.03965760867529445
0.015182825146855166
0.030533516806022704
-0.04919495342131837
-0.02708559761491028
0.014557046500050894
0.051391430735900065
-0.020413544192015638
-0.0015044586001618308
0.009735996059034883
-0.006528513057107679
-0.0449067352332746
-0.031043861723023827
0.047336483311571725
0.059082707253299865
-0.007478419528853738
-0.10059473139515637
-0.1552040381220161
-0.25904332527698415
-0.28482609805026987
-0.3873679948369527
-0.4173121272705454
-0.3292410822250446
-0.12511143425015317
-0.05176072468607573
-0.036364319631851445
-0.038298421901519664
-0.022459018553208168
-0.05128668006988165
-0.007450811207284598
-0.004991364554768237
0.026096925900832197
-0.025356389398839753
-0.0061832831638562675
-0.04243074981498361
0.011742525994399153
0.006186165720649531
0.04475854433123346
0.005484939603231413
0.027594867360620723
-0.014469008334287993
-0.00936627240368791
-0.004411296797044015
0.011262618735973609
-0.002317585104285329
0.015355193962673229
0.06914795564962477
0.12596576793411016
0.30963879385653326
0.34824532014984794
0.3145847134478875
0.08721121962209769
0.10410370318057942
0.22184064268738946
0.30243235444044897
0.16391182844810184
0.0810786917593568
0.13054911605921665
0.13230503670192992
0.056274000956686526
0.06151599108730912
0.06612809566118345
0.06486843470565166
0.03906552980065281
0.04156356552546473
0.04561814127059425
0.03718674548398464
0.034311794487741236
0.014301197324449557
-0.010745602261233715
-0.030916238185533605
-0.03965703838115431
-0.02399362585714876
-0.02819471839382505
-0.023420078271685848
-0.06535453200025668
-0.09230382433626483
-0.146859623463012
-0.2400864021201405
-0.3320791498570218
-0.33173187225417294
-0.2280770321072968
-0.217504985115616
-0.31115962265324243
-0.3977288552708122
-0.26031932244831457
-0.09959409611664524
-0.0015252471957147569
-0.005859766746326867
0.00616891183427995
-0.012620784315600148
-0.012461890092653726
-0.002272630598407641
-0.001519892138244429
-0.012040065365054564
-0.020998322577351233
-0.016800679087694302
-0.006272536031815122
0.0047474041623388665
0.0185611119839712
0.004696187204984361
-0.015464443965044958
-0.015356768849187998
-0.0019397901376458436
0.009479852398557451
0.015139221168699086
0.017670486626740475
-0.0010603098119140622
0.009794363404666022
0.0254685499492808
0.13855502554955768
0.3597374291763041
0.5138717501719136
0.2960775947771247
0.3231727443339092
0.3304658514965436
0.34256778302275503
0.0781792620193801
0.09271209331229319
0.04168556655684017
0.08189153220418031
0.058997452195239684
0.06820541559768122
0.061327262299356304
0.05985695977818228
0.036785819357550494
0.04272212941277892
0.03684068165528704
0.014777043116202452
0.005068771228498868
0.0074149393338933944
0.02254345862415397
0.012452719911758222
-0.0015080017667774565
-0.013320104101352604
0.0017638821242000184
-0.006147826434608026
-0.007743447677280497
-0.044446436337750306
-0.07107809790590403
-0.13558686981412266
-0.19759495985066225
-0.26359816967791294
-0.4410975927616484
-0.413345354059527
-0.30132106996185004
-0.24932242284750133
-0.3645072649701666
-0.29462813606820426
-0.12634171025989446
-0.04138318894138067
-0.0136369202267036
-7.52346451481213e-05
0.004081508335617965
0.008707634399552404
0.0009221201896596075
0.006186754939231283
-0.026725278250201184
-0.03420977209036638
-0.012978356865537926
0.016269348769962423
0.0007441337398540278
0.004845083640232581
0.0071653692454646525
0.022922917937119924
-0.004591725597070563
-0.008987639071518913
-0.003313038957869736
0.001889518215428911
-0.0007356706580783154
-0.00650297885863044
0.020329724999474913
0.03261618557749155
0.19447902880355908
0.4182875240739263
0.5231108467268947
0.042296424739514074
0.13088190217824563
0.31586743853518234
0.48313771342138484
0.12692278927391487
0.18104396125909963
0.12623416708486843
0.0523152511788594
-0.021684593676017883
0.030536769625722927
0.04594113891932684
0.02816291887920265
0.0035713703350539715
0.050443450674932874
0.025222923564825687
0.007723334477411251
0.00018167570662650407
0.01620834441412322
-0.011589017012321429
0.002159071826393348
-0.0006568254687458308
-0.005284617312406762
-0.031571565791046266
-0.03643782283928761
-0.056889519914003046
-0.06720805708897612
-0.09207003948116724
-0.24368314961972345
-0.377477841349208
-0.3464087692024342
-0.2553373123872867
-0.3701510130514349
-0.41687446502298514
-0.29487083358181343
-0.13055340414673605
-0.009496386382212814
-0.01930767201803108
-0.01969533577353953
-0.02795671515507956
0.026288452611125192
-0.01833239963688422
-0.011472179891740921
0.010623902957006229
-0.010027258274000703
0.003421750004292909
0.0027951952730861413
0.015636937076254492
-0.012114700808183674
-0.00407464709055908
-0.007768444090734684
0.0018217987219840267
0.008418998052804888
0.010077853361784251
0.0018503727940857187
-0.01038476049805643
0.002479750507858563
0.019528470140980272
0.055440831477169356
0.13996923813035286
0.2725927657696226
0.44492738106465474
0.27117938668550196
0.17920492522290946
0.19684944613218935
0.26728571345568497
0.15251809826529428
0.0854715125579375
0.14004743157030441
0.09349514150310932
0.10918169020275892
0.04996054449211908
0.05245234884416574
0.02001226561010629
0.00822098700445088
0.021203824687646866
0.03313665544877424
0.02389475431854543
0.01994889594019559
0.023303382066600615
0.013395088443505471
0.013495923326833853
0.0029430585981375305
-0.0031445907955422476
-0.0068535568939092064
0.012000068627186918
-0.00017621500385825634
-0.011503864612319135
-0.01069597397312443
-0.01447393346587637
-0.018460092331936073
-0.00951529120222357
-0.008984139143565877
-0.03328914830889811
-0.050452968581128396
-0.05027587831897355
-0.034311888937386334
-0.019688818609094706
-0.04351775871421692
-0.11428223147312537
-0.12222087950728223
-0.1395888172117003
-0.25812334206410875
-0.3933193703833142
-0.4345106807989161
-0.43879443685570263
-0.36785897311766463
-0.14785485566576714
0.011161575593263468
0.005425278764078743
-0.04921402168802127
-0.017593671913080523
-0.009349115679409062
0.0026348865429665965
-0.008245334509772762
0.0006145770233439674
-0.008236774372931688
-0.0014663294864669892
0.003142230981477996
-0.0038718384263584787
-0.005628208231001942
-0.004503537526648159
-0.000931969232890093
-0.004928960038048934
-0.00698298844482472
0.007873926208151302
-0.007789835234439258
-0.014727994417320723
0.00169446022317373
0.007738623227623796
-0.002031496543405081
0.005674467281606797
0.0037205028144266902
0.013949686675348677
-0.011974784104673212
-0.001325420250800763
-0.00828057940377004
0.025141426830521497
-0.021815571900227308
0.06398815237221664
0.2327474192588171
0.3857031911514274
0.462876646164588
0.3680026897479186
0.27368642047807185
0.18870803945418393
0.18484477245865313
0.11146368291064433
0.09764653694316909
0.0970111249003405
0.04909581142469093
0.031202665158635325
0.02475372427548548
0.02403581321789186
-1.6669244276542495e-05
0.00978834835969211
0.02503368286994395
0.016032182658180256
-0.008321784159118068
-0.005090947507829812
0.011612066700418712
0.01145048833011781
0.010561618921224338
-0.0055447185386923595
-0.003993372240472075
-0.00042130601730467926
0.011923209159037738
-0.0027093742958004814
-0.005413247457140061
0.007168849530472204
0.017490377103033704
0.008091717647398336
-0.0382424256317971
-0.056021452501400365
-0.0804528839202301
-0.05815845168866232
-0.1662129207930298
-0.14997335293628494
-0.3248747380091321
-0.27161218713891067
-0.24731884216935593
-0.16652569192697786
-0.3725182837149037
-0.33731996803012326
-0.18126746680217395
-0.024871720875140575
0.004903127948008132
-0.015526242011508318
-0.020606304994068722
-0.012479572677540227
-0.005341707548817639
-0.011708749077207344
0.010985270661281063
0.015683518162167096
0.004089013641013329
-0.03208692279049683
-0.05065269850899405
-0.03511107263079685
0.030487816358553313
0.026627091845340387
0.003940472233114423
-0.011408606939050776
0.0018714569738426973
-0.008741178910874534
0.011970110075475552
-0.003932451617308814
0.03978783563240605
0.0952219515345873
0.2823833791609464
0.34035050509657105
0.3070722059612043
0.15811960261743213
0.09750983484674466
0.2014466087868571
0.3268154071086451
0.2928438721171011
0.14493957800013132
0.11926455295643529
0.12671429316961555
0.07654795269155236
0.023112777096676255
0.029490237217024994
0.04472768894623078
0.05307573189193105
0.05364288155175295
0.046604141428373054
0.03112473306427413
0.006839691487196679
-0.014309948896561795
-0.033827186856459385
-0.009064098211231634
-0.00016328089915849923
0.0013507643531141358
-0.03648943457393919
-0.0451361525103303
-0.04683022924323336
-0.051081093559349186
-0.08337493833190396
-0.11126952898929336
-0.13058122151472726
-0.587065709325852
-0.48401486629945273
-0.1918328044387406
0.006734366743090403
-0.3637340482035922
-0.3792628803908534
-0.22094765876508454
-0.0929274976757619
-0.0006742661479132833
0.0014854149741622194
0.023678748057061685
-0.018999159453889043
-0.01000026123426492
-0.0015309471019324021
0.026080145271119463
-0.05120057268887151
-0.016366468581900186
-0.029084691821545747
0.003751239212703978
-0.011399466299802053
0.025082495778896326
0.02096859301092642
0.019622094842758855
0.00834121992837571
-0.007069250506728004
0.0072252523651778824
0.028045868398907672
0.009601980759449109
-0.0016643191474321267
0.004603285104566938
0.05360626378478914
0.0883325902825489
0.12460057293644444
0.22128695303223647
0.2652863398992303
0.24034512906390568
0.03846606560192861
0.20151066995297623
0.23891513889251895
0.33315397379678746
0.1774805768133915
0.2065400745105299
0.06062848525271122
0.05389793357206699
0.07470835891044432
0.06353116138896807
0.03468635011535599
0.005430388096684923
0.03194630147813635
0.014922298454933957
0.01033164984209149
-0.005879821526361975
0.0015893118090417357
-0.015126137347764397
-0.0010219459291028435
-0.03283930895216166
-0.006289175131474704
-0.007203115432530547
0.023219813865597745
-0.02019956298790396
-0.025688372296905418
-0.011700444093020318
-0.0014971332203761703
-0.00827213103895831
-0.024598860423279884
-0.00832505234430686
-0.035113068555188
-0.06489325553327359
-0.11082473788365577
-0.07388272663965335
-0.29833596885546027
-0.336128651009969
-0.31154784735893665
-0.3191183359822806
-0.5123377773398266
-0.35091846516466874
-0.09905242018279431
-0.006189889949313132
0.00894955208238612
0.014583613482525144
0.00704569666591769
-0.0033982910632158305
0.006886860675595428
-0.012962780933161272
-0.004290878677917696
-0.0016002095480892394
0.0016925403571991045
-0.0030021987739397116
-0.015685908163308056
-0.000531829726602111
0.01650618649080085
0.03170909478673325
-0.017533649792512013
-0.004538769452459421
0.020262868108517552
0.013334246391246831
-0.004594902901714048
0.07920000744848828
0.22379211424886675
0.29623211326286364
0.36657578828821236
0.21876483101145727
0.19939561620314822
0.21128691791987667
0.32284217378108915
0.15986185093476604
0.15767748239498974
0.09012832216719456
0.0676426242983295
-0.0028877701553844423
0.023681982669347307
0.0020717263671275105
0.021808969283051958
0.014188303313713046
0.002867813602663222
-0.023532391564532587
-0.014596415777344246
-0.010201073745151681
0.010847534096459104
0.009411634314450265
-0.011903935894088547
-0.014406083406027653
-0.008466731582102567
-0.011962556837663754
-0.003761387457079627
-0.013558929263427492
-0.013092518673087533
-0.0279996819346127
-0.06201228801183941
-0.06762759349035542
-0.32798144685556674
-0.24245916362273834
-0.27839247041039106
-0.08975622503238032
-0.22652974085520447
-0.21152915546813333
-0.3818122991343706
-0.2590901126634661
-0.025534162491218877
0.022917057350838137
-0.07601136098309329
-0.04372774764319623
-0.021329214726247624
-0.05838165345657285
-0.028870481102018588
0.04193086899489041
0.006601386514066405
-0.029207872564276757
0.003140934957204806
0.019685111907121897
-0.0037667218181755345
-0.007560045390500088
-0.024270131963476785
0.004820200174508367
0.015400519697869165
-0.007093670213637285
0.03055226595549518
-0.0017020484370394906
-0.02316342825269252
-0.017017127491827273
0.020467084515333515
0.018097921967934655
-0.05301339844487333
0.09616965493668804
0.23653109372423903
0.4746753617957741
0.489488076592076
0.28548677358080204
0.08729088721865569
0.04073715931752581
0.17789626301658443
0.23566832771009075
0.3000404369962152
0.1910494580810632
0.0886668146411055
0.046953675249399876
0.05424015230352149
0.029880412602349412
0.04431447466738557
0.026189912810010593
0.044693555475791784
0.012761938270391425
0.016485019052413258
-0.002334372118164049
0.02072574472516225
0.009906182113070336
0.01652318160153766
-0.027307661030039992
-0.02773492228103722
-0.03560122979769584
-0.02157219386827471
-0.036880268028247856
-0.07292119062490243
-0.12825240142688338
-0.24808890695699548
-0.5075990115535369
-0.4616898534526484
-0.24913345733114362
-0.23921416402652435
-0.4100283158483868
-0.28812946030574177
-0.06976678956863229
-0.030279331327697685
-0.012729541144219928
-0.006393747268019099
-0.035461335353907754
-0.022428226840241903
0.009046419929315106
0.016532960677757856
0.0071646653388637745
0.00390804167985082
0.003314904601434705
-0.017980060691698652
0.009781194310198247
0.005837912503023703
0.007261805279789705
-0.018139764173445042
-0.009028067038794252
-0.013671930308497745
0.015132751575388913
-0.008788733280179869
-0.0045116651221559275
0.019071845108508935
0.2745819114895542
0.4247834610467734
0.3531728746763603
0.2616913543995047
0.28124855828079076
0.2263994968619014
0.13319698950607795
0.11983328962157792
0.15556469482114346
0.08901036758627053
0.076922934064391
0.028200289057419677
-0.03768883119127439
-0.015658446946423623
-0.0012294200580223683
0.06476460981395966
0.0023181004207194576
0.03347779730789428
0.01846574696209396
0.02216221218227449
0.005599933758777346
0.018303203331271216
0.03885916664033393
0.03313298204510508
0.02181320906095838
0.005720960355862085
-0.04130666844282729
-0.04896879500689523
-0.055775470007091585
-0.2138686721592228
-0.5902775017154792
-0.44490459166630186
-0.2692283556752857
-0.26849453929401745
-0.4512434311829749
-0.22513772711206584
-0.07044922596503593
0.0047577141484956955
-0.003081866865425908
0.0022876926991470823
-0.02491875809631215
0.0074285394515531625
-0.013393262802141075
0.036784122916522825
