0.025423728813559032
0.4565217391304308
0.593023255813948
0.6951219512195067
0.7499999999999925
0.41489361702127336
0.299999999999998
0.299999999999996
0.37499999999999706
0.26470588235293957
0.37499999999999506
0.1666666666666646
0.10714285714285882
0.299999999999996
0.0
0.8076923076922994
0.07894736842105318
0.41489361702127336
0.37499999999999506
2.6645352591003524e-15
0.2647058823529359
0.5454545454545382
0.19811320754716902
0.5454545454545382
0.3
0.37499999999999506
0.33673469387754845
1.0
0.8684210526315597
0.23076923076923492
0.29999999999999233
0.868421052631573
0.37499999999999506
0.0
0.4148936170212777
0.41489361702126903
