0.7929763403603844
0.8074931648936992
0.8103308669142518
0.8121327195657188
0.8164096852904382
0.8167272446753883
0.8153378979504055
0.8147065604700493
0.8159475709409857
0.8171238004850166
0.8170272650853772
0.8144018226422711
0.8121010219473359
0.8117128456730973
0.8128339865174813
0.8141817189072521
0.8141904205254227
0.8121413261859686
0.8098180162170127
0.8088730394711201
0.8089884126244163
0.8089405867317299
0.8101982882609868
0.8113712819849042
0.8108224946624497
0.8104143097072916
0.8106980972684853
0.8129584678622154
0.8128788926890844
0.812775392401599
0.8124093797461603
0.8124342277775363
0.8115845074803554
0.8114417410841136
0.8130655281238445
0.814009280911819
0.8154899899139074
0.8178625014385333
0.8165965392643415
0.8176178326193805
0.8195617030967506
0.8241361348246735
0.8239294843812508
0.8253726808333121
0.8252252819742603
0.82727296541111
0.8312082571735094
0.83376863887426
0.833678281087054
0.8325750799699166
0.8346233018643725
0.8361809770532349
0.839619991544611
0.8412349904437864
0.8434331724069852
0.8412426099932857
0.8411957738362725
0.8409910902818595
0.8438771228514653
0.8448595214563291
0.845245850976209
0.8425546156221065
0.8418857374621408
0.8413718482359969
0.8418370333576681
0.8426479470886976
0.8436367571823503
0.8401507721709742
0.8366016458388515
0.8379385917596702
0.8404455655596583
0.8415374286980087
0.8435970787685846
0.8399022797253243
0.8381081479587806
0.8363714804614835
0.839295794297505
0.8389358894271248
0.8397962571089168
0.8397215511781689
0.8413453950154267
0.8218579951769834
0.7850966724606488
0.7156887235249076
0.6388017772615188
0.5308448890621436
0.5062818960458537
0.35149031759853644
0.17630255552510024
0.03154891515000588
0.056112208980165626
0.0415074230106987
0.036724726426553
0.032375378571041766
0.030216940767107073
0.01975517338257158
0.03538872017074866
0.12359935817583202
0.4119347502918198
0.6398475413036393
0.735725291241304
0.7164468779663801
0.7842673655902113
0.8181616105439833
0.8528806722963022
0.8788967961138334
0.8941074310130684
0.8947684811635331
0.8946301636944606
0.8956049026228918
0.8912751382429278
0.8753216868062065
0.8465652300577378
0.8057011611396305
0.7158991196570776
0.6632094347848269
0.7088948991824028
0.5925849950801199
0.31508275001990227
0.08368566250791988
0.07299846656975674
0.07632287493462855
0.07012296805108689
0.01952668192385745
0.21391076974537082
0.32944472545090725
0.2762179172030642
0.052306190006897985
0.04596127281972988
0.011828443995995757
0.1966560670614756
0.48858277903913855
0.6499822558368795
0.6059502064959964
0.6426076931433788
0.744852426302285
0.7932791075914986
0.8334442267067715
0.8700472168043735
0.8914252517537673
0.8946981534076893
0.8985559114565524
0.9073981656896823
0.9106147233695188
0.9101879169956272
0.9060515136658602
0.8632860579535163
0.7752668986895139
0.6832565671519183
0.5106325758185967
0.28269941333111065
0.10213870556256857
0.06112633512678318
0.0637680089709949
0.06336712550979869
0.05827706960511338
0.04188366749811649
0.039312840140917835
0.04191111222971932
0.04108691664253236
0.0327596308470539
0.11925165475400586
0.31579119528868554
0.5172955313266895
0.6522967956495559
0.7395917865480124
0.8061743371106399
0.8499500339952062
0.8872680327400699
0.9044277568975713
0.9014746585792931
0.9077471800156054
0.9112434312829658
0.9075982445468197
0.9047498194277953
0.9046690106018285
0.9081747019598261
0.8747832564379094
0.7574703720995121
0.7102304218190049
0.5567009866179005
0.32209506247262604
0.08134454648076603
0.06093870423196965
0.06588765995137078
0.06523262396289357
0.061941882349337375
0.055702021935762965
0.04670027589832935
0.04031176635400699
0.03393953107522471
0.007017769728019259
0.21689341517668337
0.4731577071333596
0.6203834823923546
0.5990616322542633
0.690372521512812
0.7824673748108053
0.8365943318818595
0.8750809700136102
0.9017873661462861
0.9102657669595365
0.9134967721345882
0.9151934184632038
0.9199011004797257
0.9234577364391902
0.9225109352217621
0.9302712967903058
0.9337411493481693
0.8860417144171961
0.7572831474868141
0.6456958734171049
0.45616922803990356
0.24101976556122862
0.06756408826640745
0.04926399113314241
0.042471853411070216
0.03392582401154113
0.021846467826572773
0.022752789238415838
0.021099574136574047
0.02228256481688391
0.020237856323382736
0.01970821125421589
0.040417298828971
0.17657874580855462
0.3870906522279818
0.590764907191348
0.7238424905634366
0.8280167671442809
0.8945287589668055
0.9399908197220386
0.9566303678469196
0.9618374473331308
0.9547412531965925
0.9490670761212237
0.9388421126203687
0.9372935912383756
0.9368094619500986
0.9405078073308751
0.9384422098936159
0.936956841818924
0.9226381514149244
0.8651858162287573
0.7180598141134968
0.5998910203176884
0.4136822817105666
0.21924023060963949
0.056605007407037666
0.05279851953026691
0.05766528011291972
0.05876489682867416
0.05613263467482985
0.04662199914755557
0.03377629533466787
0.027690846067097565
0.02313286852879331
0.017174154434718845
0.01614939803232477
0.02029911014929878
0.01807838208510281
0.03156520245204575
0.12529536165461672
0.29496023333744964
0.4882452825143788
0.6470307672096857
0.7701475313585039
0.8588255572697083
0.9123604058640453
0.9341642424740781
0.9312332475140834
0.9214130899295171
0.9139639198827135
0.9071661729213251
0.9056295480192337
0.9037570754176977
0.9115432822332893
0.9157844641272562
0.9205026722459193
0.9190957321297817
0.9068459649552968
0.8283590578792781
0.7148649537157981
0.5258114456541481
0.2980154435556004
0.11361413220092789
0.04991190895860363
0.043582746092743964
0.028707389741865444
0.028904593477229592
0.02324109772941039
0.022852967066801497
0.01872057146951614
0.023084301815425163
0.0212916395853543
0.019284355526400586
0.02064095913024168
0.023232397592362012
0.05601612448260792
0.1718478808062271
0.35766756319005616
0.5460831791883991
0.6887473725592623
0.794451937392046
0.8683801728310623
0.9119130429689439
0.9244943362105599
0.9142036619394417
0.904430869679814
0.9047619620495221
0.9111654238822304
0.9074222448382371
0.9025032189129621
0.9022257474014976
0.9076683091400025
0.9208943408080611
0.8955755216930263
0.7851476387045798
0.5825063660778911
0.33523294946180426
0.11882600065576442
0.006607331653716571
0.00032055701303430954
0.015287560239160024
0.01910430883613626
0.018881311988366296
0.020956476291962383
0.023337635977397398
0.028600833824728118
0.04168097628209832
0.11382617092366343
0.24879324837521027
0.4155800003028918
0.5526320401228573
0.6771762465707247
0.7684300610887166
0.8395369875040062
0.8800234606047797
0.9045975575695963
0.9138847213623722
0.9199256266669216
0.9186680770244446
0.9135246261781543
0.9111114827946342
0.9091335663216928
0.9064180859461825
0.9071757851730166
0.908238818429051
0.9128133304066253
0.913078031682175
0.9141479341082477
0.9266515997333071
0.9171280970330847
0.8466131473808471
0.6945176256211039
0.4963665910742442
0.27209369688499296
0.10957444759831515
0.03251544821610245
0.018065197593954724
0.010942746724854437
0.011516932552862447
0.01436697147075773
0.022109227594926242
0.024960972600152696
0.031220309933300334
0.027924419993751004
0.02358055432500423
0.07066004035529197
0.20165173928841756
0.37890800247302564
0.5470328720488229
0.6938532039603689
0.7943548352269744
0.8549994030061934
0.89338712178848
0.922888075908453
0.9350774568287292
0.932817892999306
0.9226466444193736
0.9202522275311221
0.9248305379439002
0.9262749841658656
0.9338554495129856
0.9168990508576598
0.8520779371418619
0.6966399594471503
0.48622723855228117
0.23823463211795193
0.07255695499763547
0.004872076916403977
0.01311447460220403
0.016193543264012778
0.024407741868804584
0.027173210888405998
0.026528495827088945
0.020544289933737976
0.01791762533464804
0.018145143282949066
0.0248032636835858
0.02805892058325418
0.028967323284852367
0.027902151610284746
0.026166937766848117
0.023625596109929543
0.012510045700482277
0.11625312270921773
0.2781011527190549
0.46751449603257533
0.597449101227483
0.7271684007555815
0.793368021019488
0.8299016129441162
0.8549637988711292
0.8722928030034824
0.8763785111898461
0.8795351289988865
0.8742258438462707
0.869797709337098
0.861972343393796
0.8589580357543461
0.8464280062521332
0.8344028926541881
0.8134780136024672
0.781210771706554
0.7566348591574664
0.7376307735512733
0.7359977787064786
0.7287247112570746
0.7133928644443642
0.6633337920302959
0.6186077794934715
0.4929550603862677
0.302923074627334
0.13213676572834765
0.07894222726261256
0.06408767895502758
0.04626956543026798
0.03140066971366731
0.024371754801338213
0.01641422815607511
0.05048334990973787
0.055526243136829787
0.0398984313833662
0.011663358621484054
0.027455933495082765
0.0
0.20224782767721053
0.3709290714273008
0.5198500135866784
0.5121461237958955
0.6470809502175289
0.6616168804197025
0.6626930884009357
0.6363554914073528
0.6645845205417743
0.7092690609651884
0.7593124250744783
0.8025214092501582
0.8363746027203663
0.8581274383423976
0.8712827902333306
0.8753538953185191
0.8773458844993473
0.8848875450136328
0.8921373725628718
0.8735819395627021
0.814588547641992
0.6881138725647782
0.6306512857783813
0.4834900889627139
0.27531232873940326
0.0677418669263069
0.04886398947458223
0.05754952548684557
0.054165986796219985
0.04846727066691634
0.042687083157239625
0.037998525927416434
0.034350961568798535
0.03494401951459312
0.03679129409654932
0.03932923665968703
0.04005754597666519
0.038367866486681085
0.049854094059144795
0.1102794388651768
0.2267562013923461
0.38668777141529415
0.5426311121383859
0.6632607126061002
0.7435460337708745
0.8021651729691341
0.8335789639736151
0.846842340488745
0.8686870159839378
0.8970804284223134
0.9093931200065357
0.9065041318501083
0.899126993235115
0.900383963651334
0.9002898211006556
0.9040903704491818
0.9023124510183332
0.9082920252566121
0.8878843712861241
0.821387323770223
0.731880107656047
0.5849361789146666
0.39412846529216344
0.19554163802050362
0.0879083095115662
0.04881492334666097
0.043827566813113665
0.0412353136177269
0.03125076785275218
0.030530185507930383
0.024292151936923686
0.025126509642935498
0.026179107494837706
0.03247867927661528
0.034546700336232715
0.02714784494605745
0.04060435273069319
0.12563291553859782
0.3006806658172481
0.49055440064431605
0.6334899621008793
0.7218600099738298
0.7860518021628505
0.8289411969501601
0.8607083484733514
0.8792123460215232
0.8952567663738358
0.9015639018453492
0.908003862977451
0.9091565585220741
0.9093939065765413
0.9109230289970214
0.9187441349116069
0.9192619326315457
0.9080201753546604
0.875247263220909
0.8026241011603467
0.664331636400671
0.5002161148654752
0.31744541014544125
0.16509953659035098
0.06878923730313845
0.050244864123832444
0.04478941758456316
0.03969218188238597
0.033492740034540565
0.03654920484447848
0.03508685782793826
0.03089628315296148
0.02787780221020264
0.028910166096559844
0.029418318068708975
0.027772292501177614
0.018713354537271788
0.06239024146169548
0.1851604666081584
0.360346601652145
0.5274828134528987
0.6693195079733885
0.7745781926865885
0.8387685708041857
0.8856772302711479
0.9027954542442215
0.9161033927394208
0.9150642972107061
0.9139214404474038
0.9046130116754661
0.901184404285645
0.9012655493185269
0.9019287874726821
0.9201160571328952
0.9212691999372221
0.885092260091744
0.7467843937433678
0.7002335395705993
0.5368324418803357
0.30232169702746087
0.05361900247068629
0.02978512615006738
0.026011425091942725
0.02192989733341327
0.020025766241660595
0.019140692006945566
0.017396014431676106
0.013273713996069228
0.0120355086097662
0.01367149024659902
0.014752452238689165
0.01168991306652772
0.0131040541223754
0.015309620639233698
0.04392697002918831
0.14881258943018305
0.3269444595138994
0.5136973385620869
0.65560069226576
0.7567945005552561
0.8189930863760014
0.8663522866902147
0.8987176292557622
0.9173504204446493
0.9161275166126837
0.9139125332126056
0.9144777086273546
0.9165593621846223
0.9124249747531614
0.9137660730163433
0.9156490703771654
0.9209131279508899
0.9203542769565364
0.9276172781334111
0.9233910638410971
0.8844553704360953
0.7864877333984446
0.6436426959476805
0.4766298937649447
0.28817543426958586
0.13546687250418732
0.06246523625208277
0.05054808854399091
0.04608502686783946
0.035928852953435696
0.026372597245259654
0.01851648498911977
0.01540512826015745
0.013654946234093395
0.011515212592364977
0.014508318435305029
0.015257809942730516
0.014985682957295321
0.027714970914384667
0.10585132338749416
0.24490358075737104
0.41980491494356686
0.583519856413178
0.7119119986220827
0.792542795188701
0.8388111972635428
0.8808896272895301
0.9082153069296313
0.9247577972673093
0.9275101120700409
0.9219163658384194
0.9202069929177874
0.9184122140475061
0.9240586500507388
0.9205865763421468
0.8922355579036855
0.8161897524311115
0.6828840007687579
0.5208422877472764
0.32954617210712805
0.16508689453494457
0.060687680564165215
0.033452295337258395
0.029525160311837016
0.031149829498929846
0.03132803696290849
0.0304160153716001
0.022141222209656815
0.014821557305505648
0.013540520202327492
0.01920190048029482
0.01661080764076235
0.014276243627041118
0.013551587567754198
0.021572751552452845
0.017259820909648095
0.06034048848435256
0.18762807988651325
0.38087506648188724
0.5595362426338183
0.6975852727205909
0.7893832218323547
0.8458510818462948
0.8876913537562183
0.9277160344942345
0.9408296866339523
0.9318795878294003
0.9155678922160159
0.9126097668058185
0.906646989028574
0.9035973385004802
0.9029300069102973
0.9221203749639292
0.905227179659227
0.8470094304821418
0.7312685635739978
0.5854820071169397
0.3816556321733184
0.19029359320685887
0.06928297027220888
0.03620318993211978
0.030142873568693686
0.026344674253349337
0.019194763367237907
0.013824244205775523
0.008935950440232873
0.013102353290664209
0.017597039390429423
0.01702759801622687
0.01806172278091357
0.01644649414002829
0.012943308478226027
0.04852534753862571
0.19508242618966445
0.3875010453219735
0.5655600977648725
0.6819931649289401
0.7800140370396564
0.8377996777248151
0.8866624769960845
0.9187286358846709
0.9299155349209977
0.9343541744851015
0.93545179642401
0.9419368514343375
0.9399260485925731
0.9373484306390921
0.9250918507105252
0.8854523915160111
0.8289563119594607
0.7200413630482221
0.5738504327131315
0.38911683500329236
0.21858402557440115
0.09951715320567606
0.04947184600224553
0.04326614865608908
0.03191565776793214
0.023112825538068104
0.014866763099088368
0.013853383163042781
0.016047372711291592
0.019737759940421772
0.020301486701258517
0.016927727519937284
0.014756638868267134
0.013277297975423005
0.013114670726514918
0.014979077678005845
0.016576290508133126
0.018560363248500234
0.10116237619799563
0.2763030644805599
0.4883758026921938
0.6470043506739702
0.7581549938623018
0.8277161626485767
0.8813824144812288
0.9251242895765891
0.949591023332607
0.9477303995705847
0.9393790887861281
0.938360372463584
0.9409675442920434
0.9360069752549524
0.9348256633881336
0.9320653325239505
0.9324270283123198
0.9247270375682133
0.8891143834373582
0.7897850600863181
0.630737614436057
0.43527529865028647
0.22768553879198022
0.07876429458931516
0.019894508896241107
0.01692326818548346
0.017684981999020282
0.01977654834088137
0.024280626375546968
0.025164049028134624
0.022463461862617724
0.021269888401065747
0.02382279354990323
0.02657507316470012
0.022648582675609527
0.021514068553450193
0.021593612264394005
0.019982724799591504
0.06101630467882482
0.17996524308934686
0.3545059688573199
0.5244397066395056
0.6573171465912421
0.7514128675905072
0.8188003123372252
0.8711731049432491
0.9111164572418514
0.9337422272621987
0.9382358830898019
0.9278821610126016
0.9216934758040408
0.9182491804898077
0.9182564437973093
0.9178226193258152
0.912922894383218
0.9188210850350318
0.8898482376443829
0.7979161613875567
0.6256160272063814
0.4320627088983969
0.2214612248594795
0.0734759781893058
0.015839584718831762
0.024257095352499015
0.02761285395998391
0.02746572973646104
0.031393712028747835
0.033691098836914686
0.0294270739262077
0.028269605414677348
0.03191767031164974
0.03330670640100843
0.02940953018355233
0.027804214922422993
0.025208376526702148
0.05282029454416099
0.1658187834987737
0.34578342178130883
0.5165239408431488
0.6398758331634318
0.7291764170634059
0.8034512806220725
0.8506981204004601
0.8832154485291237
0.9029376926896052
0.9161473565425403
0.916953769214693
0.9132968393778755
0.9080103366125015
0.9098249296984249
0.8998823908741218
0.8553614781151586
0.750311353341974
0.5975703806669418
0.41028154647613174
0.21262777693654591
0.07467551500987832
0.013976264879444918
0.012804128032221213
0.012530605169533334
0.015396114784246124
0.018082803778912977
0.01741096374575873
0.011106429608277417
0.01075977088565294
0.017378188338149022
0.024335003426231627
0.02512457159535556
0.027144839968070242
0.027939783043362833
0.0283264770226303
0.028296129949042768
0.028445243036626135
0.025654396616385446
0.01725634349878041
0.059336576073812354
0.1913916043499027
0.37995932032351337
0.5523225321559408
0.6797467415903253
0.7709832394422396
0.8288557656782428
0.8761998404429051
0.9145126192879477
0.9321422657856885
0.9297579889348054
0.9271807701600998
0.9399223102357747
0.9478475790664003
0.9510978464189115
0.9443865097990606
0.9403439606928409
0.9376629436427995
0.9387662232992052
0.9386520958870601
0.9367086588276262
0.9093822571680694
0.8313862607132165
0.6942832912162615
0.5081785957714094
0.2837352867447126
0.10074617542269368
0.00946662032991107
0.0043214330221719634
0.011967746972651152
0.020477660623029696
0.023242172990418197
0.02569277745236689
0.024136087024803656
0.028410757969721756
0.02772170397434227
0.02823279592191853
0.02586786093594918
0.03112242319292799
0.02757068386608033
0.03314396022626785
0.07632099600529452
0.19089625221969594
0.3370935251109077
0.4842539235969157
0.619384333687694
0.7307333638030873
0.8041380754945895
0.8473872931603761
0.8911106854827892
0.9222472837113302
0.9399219795085819
0.9410602362450932
0.9385428708629336
0.9351685577851053
0.926509415968936
0.9285025151787524
0.929246470195343
0.9321715931541499
0.9286392816061655
0.9249707898257531
0.9289854536051209
0.9105555533389554
0.8425237815574005
0.7017766628220627
0.5163719599941369
0.29029958818792784
0.10869853130630613
0.022586863051354492
0.017723012492689243
0.02341789671196044
0.027816934058238096
0.028628241185019082
0.026811375736749063
0.026144887244124053
0.026914645116462917
0.025393847353869996
0.023118406659624616
0.023017042252001255
0.02239364477085669
0.020979259707056483
0.07444478785163512
0.20500032534156326
0.38066989422073066
0.536942782545813
0.6637856101025825
0.7570287349269101
0.8238469261486961
0.8707811320564277
0.905158857089161
0.9241497607716491
0.9286263698317341
0.9251497772654668
0.9264833341635964
0.9256445294593272
0.9189076023493045
0.9123091946378975
0.9111045384972795
0.918810670190955
0.924672396139233
0.9299962299112754
0.8933901123036536
0.8061535192626942
0.6680894602141982
0.5033887372060007
0.30993372383984963
0.14317083299476732
0.04470568947298238
0.009942284680974245
0.006784176320532588
0.01858877109572397
0.026951641961233154
0.025793109306106034
0.024081657071811768
0.02418711501725351
0.024623889760480848
0.025616835846548957
0.02636883877199582
0.028332780736088855
0.028653150689047665
0.025688695677420725
0.023841520054209697
0.02383907611779962
0.021841298515948435
0.07582603948746067
0.21760995367942076
0.4128509832541078
0.5743315277162839
0.6816635778434862
0.7613615319441595
0.8305831477692345
0.8832467257634669
0.9130105890275986
0.927670448275063
0.9355392505155605
0.9363157739388512
0.9375486710647217
0.9379242632621111
0.9405328271133707
0.9411454916147957
0.9365778259787911
0.9391646280250601
0.9447787032664305
0.918101765381003
0.8465033153421588
0.7179072229166105
0.5467555258209306
0.34938725162127704
0.1658340018932056
0.04961425679508315
0.010413684163608775
0.011916207741403275
0.007601965684004552
0.008693651158634923
0.012814103240987453
0.01652132606279589
0.01754741381520508
0.021128467518657067
0.022178224067200644
0.025309660421872562
0.024603080586256612
0.021850248454876493
0.022557166131437982
0.01792571558047655
0.054412781048322895
0.17022178925383033
0.354712250611113
0.5226025031728936
0.6496373027863455
0.7437945628542849
0.8252708883482944
0.8763865286302925
0.9074765927622507
0.9281912786735549
0.9483545696549318
0.9573530477814769
0.9549485662266495
0.9491438749345836
0.9456320924294861
0.951574970393956
0.9508035800063516
0.9439802414044776
0.9368149213411753
0.942062876219471
0.9148264083682545
0.8395836236213698
0.7062054679576111
0.5360337478945366
0.3227141388297495
0.13239643498653617
0.03061273508946508
0.011208864493107533
0.016013241970180333
0.014147772401002724
0.020238922639459974
0.02581564512507851
0.028373697986905724
0.025767131901799255
0.02658936118346639
0.026868333019670308
0.02521380608651786
0.02353676025940685
0.02479351888671276
0.06973187515087868
0.18686668118385238
0.3514894453717587
0.5130932344617803
0.6457357425755552
0.7134310369733788
0.7470934144573367
0.7842062582343531
0.8460768225912727
0.8884621497580812
0.9250560656188269
0.9448613784435667
0.9566681624310969
0.9607939694057512
0.9678536960936623
0.9682956086878106
0.9710521466484962
0.9546998682008734
0.8987974415663115
0.7794686634181565
0.5987947994773257
0.3823525118258957
0.1758023345464021
0.05414444003203988
0.012920587983266306
0.015749170884752788
0.010466819928727684
0.013676597488368926
0.02374706050814121
0.03146267197496428
0.03124634709857952
0.02807905745236378
0.027838666312827946
0.02912480233610412
0.03085524554815865
0.03044094403619841
0.030134241252222575
0.029483461778865735
0.025014972322528733
0.02252446577584239
0.01964130666149213
0.05079309306682602
0.1621331016087795
0.3354248360739066
0.5072655296228793
0.631955146058796
0.7269457685128156
0.8002100554074456
0.856850611260963
0.8928349213950048
0.9076189603492039
0.920552438905618
0.9274730001374701
0.9326764748732587
0.9357341871325667
0.93824311259296
0.9307276522415708
0.9120794683529928
0.8930954796464924
0.873107348325616
0.8514621339712255
0.8202678308002623
0.7702885447997054
0.6898821224105885
0.5747821923007191
0.41954256216089114
0.2459175470797625
0.10694278602032457
0.03981923376743715
0.025747928869734357
0.023295979774552736
0.024100252145974797
0.023676844106992192
0.027261935385123646
0.024710413339687647
0.025793632365311812
0.025701006764699177
0.028546854431085643
0.02229059477626125
0.02016628888391865
0.07919545535062948
0.2073570581978942
0.36011333900041387
0.4890653565248129
0.6030891180794026
0.6956335951084728
0.761312480936435
0.8053455843268114
0.8369048606534469
0.8566951923308731
0.8716082789478905
0.8876255635552496
0.8999453092070065
0.9006279335531552
0.9005473405938944
0.9017554355126274
0.8979429688736231
0.8688180860810891
0.8152713090174729
0.7402086554337622
0.6522216712654186
0.5464851311593929
0.42051635576138635
0.27803108690509154
0.14862687230924995
0.0674935486109876
0.030659199870968303
0.017989279076078248
0.013487066035679557
0.015892894811902283
0.01642896253312485
0.01864616903319131
0.021037588925353845
0.022735775686834214
0.024451482374012172
0.026547140070979677
0.025941661896517178
0.021499490936276525
0.019437300837819034
0.020370849113590887
0.014272063202657843
0.02286249133700182
0.1043145052904902
0.2533279297633181
0.4233843499093706
0.5607414857837519
0.6791705125491585
0.7684835738597448
0.8399435754546488
0.8770400268690676
0.9014563264865443
0.9214955832144502
0.9376853988617733
0.9390471064926171
0.9350263039483478
0.9326335205011237
0.9266397948003762
0.9301069511304904
0.9323940767583898
0.9333761406441992
0.911492344500048
0.8905719380214805
0.8687868002598258
0.8466603992117693
0.8019487119205448
0.7373689416469135
0.6597955066737105
0.5451742453129585
0.38589188282744447
0.20967629348703146
0.08273925197709112
0.02619746236542283
0.014186731885215534
0.01470884553128897
0.012579334541783064
0.015542537449032359
0.020582803509137083
0.024992676518865827
0.024526110152739117
0.030224594188720894
0.03669841668290097
0.032318780543797894
0.022455477870928497
0.024026070111113598
0.0733209022653935
0.1971717432653977
0.3495120935310367
0.49472809925427047
0.6104849817164759
0.7070460634449712
0.7691468802389061
0.8207645071751718
0.8545181483816637
0.8835183359092595
0.9065832784258248
0.9301694718596332
0.932872605574994
0.9331950072435896
0.9233012706417235
0.9239527187231227
0.9202013184528949
0.9287628166741477
0.922196337636178
0.9183162681027403
0.9041832645283167
0.9010818791127588
0.9054862812760076
0.8624931892711236
0.7579525550210695
0.5909329974289794
0.4115430490087706
0.21421245669037856
0.07988967469736712
0.025553008489718365
0.030198058959514915
0.03224540175461864
0.02803096492185483
0.023613443196848712
0.027267182571308102
0.026227557915691993
0.0231250686953759
0.01894199112452536
0.023370581666456263
0.028012523011535166
0.030344300343749752
0.022138163486699426
0.02267196664246271
0.06132928909954963
0.17354342122483551
0.31575519706920985
0.46141246893790455
0.57792814172428
0.6771801990275419
0.7391510316612957
0.7869206857358191
0.8221740972126712
0.8473179282139514
0.8672051558449869
0.8896487366733725
0.9100334523931447
0.9221919225403931
0.9280330348273894
0.9330668506903386
0.9351909398160517
0.9399646398250072
0.9357074046455898
0.9372706290550193
0.9320383233917332
0.918712108801219
0.8627911365254506
0.7714300198261396
0.6325942062717433
0.4781289061031928
0.3157159294882692
0.15775483967766682
0.05333471597236134
0.0234194906578333
0.03485726246793194
0.032946966393826105
0.030818580107242022
0.026059910728522123
0.024955649209607314
0.022952836288411826
0.023671977550448708
0.021729217948874995
0.022765102648634374
0.025015167808110955
0.021938058304297688
0.020300047037415177
0.022354679642068356
0.04993550502513283
0.14823943219950725
0.298161235229879
0.4504192258935675
0.5748860381818621
0.6842891962362606
0.7665574538957601
0.8217324508249352
0.8636676480891983
0.8945540190330742
0.9129627223627036
0.919027172989218
0.9146317751426682
0.9097026504288522
0.904218186474815
0.8987354395121127
0.8980360557116858
0.8925755153681378
0.8381864876612539
0.7172836144119514
0.5423002711737354
0.36416835172743994
0.19372103016975545
0.07886793281232596
0.029813966500795073
0.03291239459119665
0.033811986085514285
0.030546241058275154
0.027716719538271227
0.02628859553493533
0.02362773804400043
0.025760991004125173
0.02525399477336789
0.02491887286839539
0.024246132405785364
0.02573486679682566
0.02635372502847874
0.025341464087928287
0.02434356953207849
0.024752482888355194
0.02606510509903098
0.025947128491034577
0.03277390877126424
0.09905455644926833
0.24228748620985646
0.4133239138877073
0.5528500517816197
0.6635582856660818
0.7568359338602255
0.8310703547437359
0.8727919741724433
0.915016759994284
0.9424221248786373
0.95973996192113
0.9478224050309223
0.9440177420918267
0.9336225807486547
0.9269975146556527
0.9312514459824894
0.9363757451092144
0.9328643898759548
0.9278232269399224
0.9246428697389036
0.9332450656108344
0.9236709519414504
0.8713848934976294
0.7488173600154021
0.59281654923744
0.4201629262873954
0.2405143840487084
0.09805558659875252
0.02918778510661653
0.024017183257424586
0.027104164135918686
0.025586375926781854
0.02198298666843676
0.01901970335665492
0.01930537132159927
0.02259456165984935
0.020656495182682505
0.01986102733365257
0.02140592832486031
0.022284367756125054
0.019125100050529583
0.015435989170803563
0.043934865870234506
0.14418760388688784
0.2927252557494247
0.43845281382441603
0.5540053812946815
0.6635596534290102
0.747652816854821
0.8057702248068421
0.8397901392620566
0.8689451820181808
0.8845456818064763
0.8924716561072759
0.8911601308303493
0.8879398308802063
0.8822830740350637
0.8824294909560236
0.8862996326451937
0.8882346352287208
0.8819710772785222
0.874349319875393
0.8657047475218077
0.8477745378421103
0.8037332701939336
0.7224155814491239
0.5924891545985044
0.4287403944152847
0.24199164930645584
0.09977397575325576
0.031145815544859085
0.02505194859757515
0.024396501200249256
0.02360650704700231
0.020032381033880078
0.020535480761448715
0.02262331567377928
0.02231113513850509
0.018113558723107284
0.016216153601838455
0.017252567068204133
0.01756151527828297
0.015098518850302521
0.05721112787476269
0.17903589854709184
0.3445265620500836
0.49735579247264855
0.625669849584196
0.726424347565488
0.7953305772450749
0.8466501878931448
0.8890113107947226
0.929215654757007
0.9444059981463517
0.9398642871320128
0.9281411225295396
0.9284647431067042
0.9180362458712312
0.9097979051573888
0.9150821368604334
0.925891660447145
0.9236466981162853
0.9165219622750023
0.9133646296952962
0.9071396612447404
0.9022153677039153
0.8514419267860884
0.7552030160715452
0.5900283903997611
0.4205148214451752
0.21302048935492018
0.07344709205001423
0.00736602186353955
0.01613813880177293
0.014424776879154865
0.018503130451878985
0.022190633562004243
0.028023630567825947
0.029348458056292333
0.025487016678471107
0.02138903860321171
0.024243174357895837
0.026315142713580215
0.02445823855608393
0.025564996011454913
0.025420091073918814
0.02073935945930566
0.01380910871165997
0.03511054955635922
0.1143429528188503
0.24974482169731033
0.398461085196197
0.5287365493870255
0.6375801037330848
0.7262311713074379
0.7971343769122823
0.8443201749365922
0.894621668146671
0.9403854801428749
0.9688934634404891
0.9575169869310666
0.942369078077949
0.9373337240641759
0.9410994996236267
0.9389261492900783
0.9354802978685391
0.9330430451444183
0.9332453064735845
0.9355573374476346
0.9116413113896568
0.8267760012974819
0.6684507292529908
0.47169629595172397
0.24625778044364038
0.08612171608475894
0.021108039850996577
0.032274812014701074
0.031531260506429744
0.029353071138570264
0.02907840431705213
0.0339026246587087
0.03978277031313368
0.03900628067376376
0.035588320274808787
0.031959666684815
0.03370743498366554
0.03735655409781459
0.03827556670136052
0.032809886452815365
0.02391968207314902
0.025114949917456615
0.07213053063086082
0.1967865291531325
0.3596887305605313
0.5245803134714979
0.6649552840100301
0.7755717550550538
0.8395684053441222
0.8844743612290876
0.9287561560218635
0.956670262929689
0.9658202270213911
0.956035684143444
0.9416229022394141
0.9359022736769316
0.9362895483803989
0.9398352307246962
0.9333516955360948
0.9356952704618665
0.9341452137329815
0.939979503119772
0.9394140954949979
0.9395516307523539
0.9415831927805889
0.9214409456276856
0.8637196826192812
0.7580905362225956
0.6019082519596761
0.40208959354499835
0.19116170153758413
0.05749897782213577
0.008845608487133385
0.0206702265245588
0.018457874162533028
0.016118249835590497
0.015696737177097776
0.019285070245695802
0.01807188084625813
0.01595351047730494
0.017162440184736737
0.0181822815796857
0.020781441370049728
0.014943721553192952
0.018079509158786693
0.06265376113247288
0.18624885298675078
0.34072032236665795
0.49109272914667834
0.6145698900747124
0.7165695460557246
0.7928858987307355
0.8440642616097794
0.877686715262317
0.9103234254524318
0.9384715942437493
0.9459302836150895
0.9295653112468014
0.9205732035600858
0.9181124768952917
0.9214105922235267
0.9233990385078357
0.9251318720731213
0.9268437991404073
0.9184561374561211
0.9232451556682137
0.8958435701360349
0.8070086720743922
0.6419279344311649
0.4630612874100062
0.25580409699233914
0.09473294017440406
0.016925780415078598
0.017448914635510796
0.01720702387944483
0.020161543760288943
0.02186630800982289
0.02174143189170301
0.022385146641552122
0.026401996458107306
0.028099725872248862
0.027844501647566983
0.028125385420794742
0.02644095446301506
0.023173758301889332
0.017014275980979383
0.013509640133619338
0.04809944878768631
0.1567592622747159
0.3135270191584356
0.471898135394393
0.6084595720226958
0.7252825144820417
0.811987952159558
0.8844370434098551
0.9231923605355923
0.9514463669931081
0.9705405379941208
1.0
0.9920140118608795
0.9790998114270288
0.9719979843864088
0.9742688969182429
0.9693139446379603
0.9656800909952646
0.9745032141615073
0.9652645112111712
0.9127594581072089
0.7981382687324342
0.6302463959241491
0.43292464776100303
0.22824350461442597
0.08354120459955466
0.02405179596370554
0.03155641871683042
0.03390950447186208
0.03516028806521297
0.03439130561017291
0.03913477703685178
0.03670803088789336
0.03687892794709302
0.033880462368651255
0.03482823059789209
0.03550447529449251
0.03582458458112421
0.03681011887260333
0.03282729172721884
0.022802166087528993
0.030558451866682913
0.10205175928874184
0.24613006369287457
0.4117349615219677
0.5561183894107655
0.671416342407414
0.7634700194182225
0.8299481493514241
0.8741159660696879
0.9166810395180705
0.9410045334080276
0.960877581467964
0.9693169803947692
0.978255436041986
0.9722011475921597
0.9690031403579942
0.9583328635109329
0.9522317145393685
0.9408155763711873
0.9390537663234029
0.9321941520605476
0.9385654294827243
0.9394388049147452
0.9434423273963339
0.9382839717256022
0.9382430314817615
0.9401823527801906
0.9391499087859595
0.9358940885631722
0.9371868811145595
0.9381005825223122
0.930281247648768
0.9369286543495071
0.9254917904609452
0.8493310359694394
0.7066128861990334
0.5330528645070117
0.32186708091635485
0.1341357995675787
0.03667693775815412
0.02494808521099133
0.03006183005952058
0.030077366664131862
0.032042295526703575
0.03184772785635427
0.030925651098984673
0.026962850493892337
0.029015346660703482
0.02917190623687298
0.027404416750731003
0.021585521243963835
0.019190901994872656
0.019175209709301196
0.03538474124717422
0.09138069528697404
0.2153117523357938
0.369238227895749
0.5173328293804011
0.6306709379803679
0.7287891194297271
0.8011386629791456
0.8514574195469764
0.9038445352270529
0.9425727798149486
0.9605962058697016
0.948088150098393
0.9485633878138655
0.9473019731067116
0.946343956418562
0.9416539350601651
0.9358950911144069
0.9307175260113386
0.9294397421441821
0.9201565045729845
0.923925767301308
0.8911705212317725
0.7914858022284998
0.6178119279080925
0.43652633309530087
0.23477352284681455
0.08459358641417362
0.015679838049947447
0.01775794516115188
0.020367042692053788
0.02404042086107791
0.02182396012353566
0.02480967476011292
0.027089993134901503
0.030467800154514287
0.02743971192209587
0.031161662358340076
0.023424908125269643
0.019020847548062093
0.016885443949084995
0.021714343558013313
0.059571026921795334
0.16066893791756187
0.31590311084400013
0.4592410166626959
0.5808059075590742
0.6742454706125005
0.7585082432506337
0.8191508853977137
0.8643929926954811
0.8961141530378632
0.9281915226163292
0.9554024121382036
0.9687101508496314
0.9664297662915878
0.9564687299792697
0.9470329198495006
0.9420848816623737
0.9402580328484728
0.936675598197434
0.9337470613016563
0.9324230438419034
0.9433780925845421
0.8945211277196922
0.7755642134138265
0.5799346310108693
0.3889435833850085
0.18715819019029048
0.06454914513454531
0.019342071720521985
0.03196228997561064
0.032144974312701476
0.03167985801210659
0.03168439044259063
0.02925192076341914
0.029902441228779327
0.031371895721552225
0.0333388314978492
0.031680743305563676
0.031057483329756334
0.030179332977497978
0.034386976581590664
0.03334105380777711
0.03126947500731826
0.027075151093187762
0.027385211777929307
0.047291710683343736
0.12217467885622171
