0.09841269841269873
0.12704918032786938
0.7534722222222241
0.7121621621621652
0.0
0.635897435897437
0.3479591836734706
0.944531250000003
0.5046511627906989
0.6730263157894766
0.635897435897437
1.0
0.7534722222222252
0.635897435897437
0.7971428571428625
0.6006249999999992
0.6730263157894766
0.5046511627906989
0.6730263157894766
0.37135416666666937
0.5351190476190438
0.8924242424242536
0.47556818181818167
0.6358974358974407
0.6006249999999992
0.6730263157894766
0.47556818181818167
0.39574468085106257
0.7121621621621715
0.5351190476190438
0.504651162790702
0.6006249999999992
0.4211956521739157
0.5351190476190504
0.47556818181818167
0.5351190476190504
0.5046511627906957
0.30392156862745456
0.5046511627906957
