0.04972763346995612
0.009720597342149957
0.006172277416000173
0.014650820049132011
0.00108780516451772
-0.004759231231601345
-0.0021626574563156364
0.004251102828272273
0.004029194642938172
-0.0003306836807962284
-0.008993498489123898
-0.007881432566921849
-0.0013297045399133886
0.0038404873496802995
0.004616680606719992
2.980754351542191e-05
-0.007019208093608512
-0.007958538474319729
-0.0032370341839935693
0.00039521273169798777
-0.00016382842242330527
0.004308278337178111
0.004018110285183753
-0.0018798804629311203
-0.0013982446224016273
0.0009721191982442187
0.0077429385561092155
-0.00027258613160784404
-0.00035454202455176525
-0.0012537826804515948
8.511736116121457e-05
-0.0029107315717171473
-0.0004890487591031994
0.0055623105838124775
0.0032328414949800164
0.005072194291701925
0.008127079254081439
-0.004336575319248754
0.0034984580483239007
0.0066587619344638015
0.015669794987013545
-0.0007078846674315265
0.004943694402900817
-0.0005049173405655155
0.0070143750223388745
0.013480409982833882
0.008770631791127161
-0.0003095221625794739
-0.003779034503775539
0.007016219518180134
0.005335843295428412
0.011780403609105603
0.005532206656371246
0.007529910326832357
-0.007503809428262048
-0.00016043806575909348
-0.0007011470551169757
0.00988615447368407
0.0033652234090144717
0.0013233784509221315
-0.009218873243460846
-0.0022912537034875165
-0.0017603364305464858
0.00159349967846311
0.002777799008305723
0.0033871860747308187
-0.011941301937599859
-0.012157593623684201
0.004579731370800199
0.008587682103513399
0.003740196061379691
0.007055366933100142
-0.01265659801472016
-0.006145829391182612
-0.005948984543182404
0.01001728761376711
-0.00123286035711527
0.0029472043718215897
-0.00025590645762376963
0.005562505144722879
-0.06675442513096945
-0.1259265466571878
-0.23775812931107154
-0.263377563986923
-0.36980818736325216
-0.08414095733099371
-0.5302412286929101
-0.6001087084036381
-0.49585609824622146
0.08414198777410692
-0.050028946890562136
-0.016383209853408638
-0.014898766289821506
-0.007393766022000229
-0.035836965085045
0.05355298486482143
0.30216706586217734
0.9876978717112055
0.780719206775632
0.3284308903701819
-0.06603853804375077
0.23232025313606966
0.11610532220280517
0.11893074640930741
0.0891186820188005
0.05210429287607927
0.0022644387215762347
-0.0004738088821520462
0.0033389850549399914
-0.014831682755688653
-0.05464882377033674
-0.09850573986072583
-0.1399805747177872
-0.307618445993473
-0.18048942666227058
0.15649634830632292
-0.3984215877825613
-0.950588739140291
-0.7926547246888626
-0.036609174493702656
0.011387818340947787
-0.02123788824099131
-0.17331845306126306
0.6658660542046652
0.3957635631314773
-0.18232935207352907
-0.7670134934870195
-0.021734623543643337
-0.11692259537505369
0.6331302189284483
1.0
0.5528766987588525
-0.15083254643806715
0.1255708544074146
0.3502411014951231
0.16588643417091245
0.13758631008164215
0.1253841755337642
0.0732308283971937
0.011211381211913406
0.013214816906368988
0.030289294779597114
0.011018373954359206
-0.0014620326142827027
-0.014169321134557123
-0.1464938080610321
-0.30151115212346463
-0.3151829817637104
-0.5913264673995645
-0.7807889896178003
-0.618513826793479
-0.14048858413108664
0.009049099434291736
-0.0013732332285744126
-0.017436074520905027
-0.05615588239917984
-0.008806413567920987
0.00890042597061243
-0.002823296236248577
-0.02852526149136923
0.2962799235500243
0.6732495947466187
0.6902565875966231
0.4624491654370983
0.2990305008646689
0.22807967832598378
0.14995440666599852
0.12783345001919252
0.0587809318347472
-0.010115889355490683
0.021486630647188733
0.011976469175003022
-0.012486650198783589
-0.009757329501393273
-0.00027681203072994
0.012008806368722699
-0.1143829740543605
-0.4018573139253308
-0.16182126657913298
-0.5259177351774917
-0.8036466500647789
-0.8246950556901461
-0.0699005654897307
0.016952733396249337
-0.0022438371056887475
-0.011272492302136419
-0.021374749749011872
-0.03083563671323915
-0.02188394991689277
-0.021828202138863745
-0.09222095903736754
0.7189326527430534
0.8778377635284178
0.5043244390402348
-0.07303836635450736
0.31278703014178216
0.3154725125155384
0.18541282743319418
0.13183664444757812
0.0914832217708099
0.02904290859789202
0.011067864099051647
0.005811891337800307
0.016126246154829885
0.01218331798200301
-0.0032432839427879684
0.026583252748509287
0.011886039939123568
-0.16339523919490784
-0.44106469756777217
-0.3822441369402584
-0.6492268011147371
-0.7369982041764553
-0.5941754220425319
-0.06268729918304045
-0.023266585219484454
-0.02927457148965179
-0.041378043492959364
0.003104619668762665
-0.005663116919455757
0.0040523550321780065
-0.007004184302454559
-0.0018143083432781938
0.0709393375976491
0.46642339119005366
0.7211121757009157
0.6976896823986101
0.4558595630751022
0.3568507858534453
0.2278379781416301
0.15573107526628688
0.05699905983990322
0.017836940823043348
-0.024308135725110376
-0.01943699169195259
-0.03502578928658457
-0.005304486771705177
-0.0016583932487618223
0.012668746055206584
-0.007075739740518202
-0.005088154025471783
-0.049048921583767974
-0.1968039676703621
-0.5039826644110528
-0.40478924657244175
-0.6378612540991786
-0.6660646084206402
-0.5571097694377393
-0.01303919004528102
0.01667117253396531
0.003766756074855441
-0.009016859526187238
-0.03257884646062122
-0.044003180544405295
-0.020845811698231752
-0.015613430875941957
-0.020411678169863397
-0.0035103207769232323
0.01421491061527638
-0.007607142385674836
0.04619933638678085
0.32107428117007264
0.5811899518664326
0.6621012783226173
0.5439224236097192
0.4217386045790787
0.30376811121686503
0.18338454960720843
0.07468941934885726
-0.010040173919469564
-0.03363911962026202
-0.02551726080953332
-0.023285799765759636
-0.00526373517408351
-0.00641418727615229
0.02667178608919991
0.014528241918099571
0.016162303499735495
-0.0048194976972344645
-0.041961789284367654
-0.26885825741778707
-0.3887760164001849
-0.647606061058625
-0.7803191443336562
-0.6316698807911149
-0.21821306728244347
-0.0216806568435709
-0.05095579041090533
0.0006755248056205277
-0.01940040261972516
-0.001329548296486782
-0.014155592577638296
0.01494803375938645
-0.006140795468583327
-0.006875986254753229
0.004647069103922542
0.008877017264246168
0.11230122337264699
0.3967836842984144
0.636528535278564
0.6454209507650666
0.4886986614016304
0.3620928147228668
0.2532424488947523
0.14912259944616707
0.04309743756021407
-0.03525088266641926
-0.03347686888062163
0.0011341626378248645
0.02193516923932021
-0.01282232454383864
-0.016850208368912118
-0.0009504834606764368
0.018643589350334135
0.04530600018908365
-0.08673005270230967
-0.3782726227427111
-0.6941511835415527
-0.847039364575199
-0.7413057453358308
-0.3844069911993334
-0.02153545524523052
0.05126972836685849
0.013074338319777602
-0.0007638795581920831
0.00710851120658965
0.00815670367848082
0.01802917523948079
0.04480625417509254
0.24713461180998525
0.4623320577182192
0.571330902875525
0.4694741323652908
0.42662833285840945
0.31259151963104437
0.2435780060467041
0.13868711371596348
0.0841789940986817
0.031813340169729136
0.02069322558263053
-0.004307758046386402
-0.01761897981670091
-0.008266264389347158
-0.006775387081030945
-0.009301924983549145
0.0025955118039763746
0.003641438800967948
0.01567006988358215
0.0009067387967224075
0.0036649692617184326
0.04283152281732992
-0.03262292318405966
-0.24155017940814308
-0.5210058398882694
-0.6787697953519971
-0.768250677267285
-0.5567124987833012
-0.26396693492066914
-0.049499583386029444
-0.02439807861654424
0.0019668834829063044
0.009762857597332019
0.02652123223571579
0.009768701828987324
0.02144146827381311
-0.01129012798185292
-0.014879986964259542
0.16127159351518183
0.44871432985943593
0.6071943947293558
0.5759146480184433
0.5029355858424495
0.34427007582059
0.20773901561930122
0.13149779450543694
0.10105602848097825
0.04175493512635076
-0.0077401749710255385
-0.034841787896102525
-0.0082021164559778
0.015683081489056776
0.00494797551131921
0.025967015131180115
-0.05808443681105607
-0.22204584594765586
-0.5324554804926691
-0.7207724139713841
-0.849502961734124
-0.5675317479443039
-0.23185572030287677
0.02823447580374463
0.010547402945587057
0.02813787936412042
0.009473161948307813
-0.0022084825912278344
-0.02049900076910008
-0.00899768500558084
0.000779366666241971
0.02280750656742295
0.011152309008013917
0.0031117491628093862
-0.0036487639906317444
-0.005944005026745885
-0.008705409791732345
-0.03807651014237362
0.3553737042627104
0.5544132255434752
0.6488386829363306
0.44509323697945696
0.44435570369464567
0.226767943965922
0.12514645089217993
0.08585095127892675
0.059360803315865074
0.013995664044187697
0.010813048890441955
-0.018187048100696452
-0.015168651334350995
-0.026805926358327556
-0.010325562943621854
-0.04292183273441464
-0.04119223457312532
-0.07167853503355343
-0.11053199509328267
-0.08418521341400223
-0.0650988238707229
-0.005593852079283579
-0.02491401831689914
-0.05251950638173707
-0.17147821819710235
-0.15320972936607008
-0.430425562141837
-0.6509578533309217
-0.5850314544427649
-0.1822188113768956
-0.05088451209878179
-0.06103625599744011
-0.05093365939646651
-0.024077669579161094
-0.027258645128274448
0.11670436570487455
0.017274517953251828
-0.05353333940423557
-0.09671972999868055
0.05409773832141505
-0.09405077496705262
0.6928034310634983
0.5778205173735423
0.5101312625710401
-0.026389807697256625
0.4622215812575522
0.04979308026901573
0.0036865690499590154
-0.09021989394241547
0.0966990274483052
0.15306766592442947
0.17142440912744913
0.14801312248186418
0.11596469963597701
0.07451471458252731
0.04506388539031533
0.013945640868589177
0.006823593385248654
0.02583408850527689
0.024834409637011293
-0.06356195661049838
-0.2020828841631462
-0.4332411865307177
-0.19683908470422412
-0.5041032244658981
-0.7131165175430727
-0.711036206337222
-0.06466649565514283
0.02975245380398051
-0.011590370294324009
-0.019521050645545875
-0.0198001322678515
-0.016060733867279468
-0.012494794785675504
0.002031530248728852
0.006327871024346166
0.0086937661372079
0.0024948361595421562
-0.005788026311595242
0.03934627117419108
0.20698806353376362
0.39899316420237485
0.5478483587181768
0.5341866102853088
0.4132187823803898
0.2750187559777438
0.20080087499066596
0.10760848430644075
0.04543392560851213
0.0748293136561723
0.09726212529858042
0.04217733793804076
-0.009896278887449988
-0.025270515894270682
0.00430577389682347
-0.0003224869353017899
0.013018847514087356
-0.006090293754909228
0.02048313495455721
-0.06990677157371822
-0.22778678616085551
-0.30660851659586885
-0.5033589689203096
-0.6536151225418286
-0.6802626108666764
-0.36869982804851154
-0.13391507032730388
-0.017084276049149787
-0.0088798081471395
-0.03420223417491911
-0.0024683672828027027
-0.02136849186820449
0.0028581067500109344
0.0036056921436593012
0.021579292073347262
0.007084041900816401
-0.02534490708319214
0.04609550011190706
0.2912668122484632
0.5996290955794237
0.6504157620272385
0.489628237471834
0.3027131271211231
0.2198900941751978
0.14691836350552595
0.10881892687375506
0.06338576358023244
0.054960439363771325
0.021605201623329576
0.022060198220555022
0.0039485785210065915
0.0008130398649006934
0.005238035293587512
0.026791333556294688
0.0017737250436280724
-0.038508833949203326
-0.1122641772372678
-0.24877189746896217
-0.4737232294462471
-0.5621805569739865
-0.6260842095670525
-0.5218634242923924
-0.3299125956469065
-0.06352407100287538
-0.01868772645816324
-0.017460669041368657
-0.021236295253173294
0.010469973060127577
-0.005009294992683625
-0.01435488601432677
-0.010339858666272524
0.003536380344790966
0.0017406833677761702
-0.0056384890453512046
-0.0310315486463551
0.14961593143887428
0.42055152923398886
0.6001031349861552
0.5725279837137115
0.48586404978024117
0.36056544466286555
0.2198852502490836
0.16068642416850507
0.05863877223535597
0.04558657344181935
-0.0035594397020925726
-0.00391487560545643
-0.03188618372356857
-0.011744753902766497
0.0002779637133316775
0.0022719337660542056
0.062300806723037325
0.003950110616856167
-0.12392473302766566
-0.47377598785467206
-0.1594607559459233
-0.5597332857391106
-0.8033206117527408
-0.8519353808767508
-0.08164335548177347
-0.01292687823104452
-0.013981343916352454
-0.006522633981840864
-0.0030318370960955307
-0.0059764232037897965
-0.014121011426739598
-0.004241493962353487
0.005604083387059443
0.0037028539963578173
-0.010490780892965837
0.00484416464073287
0.007555206243090137
0.09802922519862713
0.3592875029847414
0.6101938013035845
0.6397252165895223
0.48609239196493464
0.3466411401819017
0.21306233129329996
0.16222975963170683
0.11086804063351907
0.06382694842365762
-0.004189078223370629
-0.007587463939399145
0.0019360181564754748
0.0071307402572564444
-0.014162415640050992
0.00459395529136934
0.006450240021085412
0.01803212024710858
-0.0019143537450464721
0.02487953612628253
-0.014476970139810757
-0.13337489105136444
-0.3355898347703846
-0.48931814592458917
-0.57210524193314
-0.6455540098358269
-0.5231058190285617
-0.250068367356853
-0.04082239555043895
-0.015288294948812998
-0.03479014936865501
-0.03273511917918548
-0.026911248384630812
-0.010658006277960003
-0.005995278795172622
-0.007329694590921938
0.010252935823047364
0.0025673961192108907
-0.0009321756943435562
0.04360439601725333
0.26765742656359703
0.4763259121710971
0.5991275447228956
0.5608083630323258
0.439809503348003
0.27620218794086776
0.15849321140021125
0.14414038969207021
0.09360458813440314
0.05666658671147804
0.009428101950951376
-0.019161474445852582
-0.005855486498826163
-0.006148046056226667
0.019341964169639226
-0.011893648529354017
-0.09711690391877897
-0.2604962216626369
-0.45664115749896333
-0.5550766900491414
-0.6552881520988572
-0.5633580992231227
-0.35762131277237136
-0.09329528306059676
-0.013452468939266087
0.005565332394854827
0.0006104527494979464
-0.003124145732090901
-0.028345447067471097
-0.025073638703918422
-0.00438821474917391
0.019393156041164924
-0.008875833328095257
-0.007997089399272727
-0.0024823218621473917
0.027476635934953312
-0.014774018497954334
0.14757357174631738
0.43602584545909395
0.661970894291341
0.6120069483932388
0.4728893397646427
0.31445546209139924
0.1934316309439466
0.1433245749471629
0.13710523599183608
0.04492104217143531
-0.03065871822389891
-0.05587599539240375
-0.010133109745790889
-0.020425598386832163
-0.010446630619836406
-0.0022859559019519455
0.06573693761569564
-0.05786793264055813
-0.19942590653210504
-0.39647234103402684
-0.4993943701465914
-0.6982107720215344
-0.6555139735931104
-0.4145239814296804
-0.1133153595845606
-0.02075971850047805
-0.013010797434784832
-0.02449214337966748
-0.018396806256883502
-0.016744934824316257
0.014272085011356926
0.015396624958763247
-0.0019506312743527033
0.003542412263958122
-0.005532993640571529
-0.012000223063075247
0.1218868901011161
0.5020338072462683
0.6591333072221303
0.6099443632157712
0.3988434849805142
0.33577219243373385
0.1979457114208284
0.16738036385997282
0.10984318177447823
0.03832091609753806
0.015204636581674773
0.0037599229322754046
0.022214668080196946
-0.006888039906119429
-0.00882967487291172
-0.04198512649128626
-0.1357856529331416
-0.19352829747514233
-0.3730900408989176
-0.5007795598584492
-0.6328081334467412
-0.5841630876243649
-0.4078656302539017
-0.17143106523003776
-0.021257723570808247
-0.03888130281488196
-0.030154254025709235
-0.028247029479132595
-0.003471350494719993
0.007515549136923693
0.012641485269127232
0.0019310557674484038
-0.01155687041609114
-0.007437101719681474
-0.00506750780982797
-0.0005570824533539839
0.006386558252448245
0.005471280169282386
0.006796475481555197
0.28295462374752245
0.5999474563189545
0.7264588319957238
0.5433848341836758
0.38074845030571325
0.23828298655860494
0.18383467367234702
0.1498385495422048
0.08381121957038089
-0.006373598871502341
-0.02860755950656582
-0.0034896303789494956
0.008930912182709456
-0.016992515016818362
-0.00404660422753355
-0.00945556110807045
0.001238995177655836
-0.0263764514454442
-0.1219917625543569
-0.34025431478379276
-0.5448197753908256
-0.6695595427414569
-0.7111023121247605
-0.5101322972255716
-0.20165946889291647
-0.010178036434655395
0.002609263840148562
0.007164696672297801
0.015428797194173824
0.003026179572958366
-0.009250908035176279
-0.004088606532324604
0.008745020733261829
0.009427981414072648
-0.013450261068919386
-0.0038862977439559554
0.0002724783573416191
-0.005518122866829912
0.14056123744638765
0.4074616454407131
0.5978922743504796
0.5821109573391121
0.45517396832774526
0.3223265194260809
0.23083685727216952
0.1794039067244674
0.136826644016244
0.07750496645911471
0.015393095743656528
-0.035466854016405105
-0.021199448199293116
-0.011798493159121175
2.488058544678546e-05
-0.001486073228979991
-0.016784092518987447
0.02020435407180334
-0.0992469897474274
-0.314914916946228
-0.5902170891245804
-0.6630202388701065
-0.7214190253854554
-0.5069260214923018
-0.19743446250608
0.02883432823478955
0.011495209139141201
-0.0005039765718120364
0.013455371266564873
0.00786973823876219
-0.014606491066954792
-0.0039649284016834135
0.01249650938846503
0.004758167143899121
-0.013349844524520628
-0.005499035186790588
-0.008892089312880715
0.09458510264579734
0.3870782779318011
0.6164719804617087
0.5848746005637718
0.4225440401963898
0.3059006943729157
0.2544298295126684
0.16184486667325002
0.11138866980817241
0.06755888841713636
0.04524993195534145
0.002762380553288545
-0.012526876393200667
-0.01810900663923533
0.006215919994544071
-0.034058338673246556
-0.1525071565303261
-0.35985101898187466
-0.5232168431599749
-0.6415611401986078
-0.6770664054706269
-0.47255785875884654
-0.20792633095896557
-0.004015175039252501
-0.0009369572960106328
0.009815852736806761
0.009203299610596394
-0.002301399651312793
-0.021596290708619275
-0.0011874854489198638
0.022671503432005705
0.02383069038442273
0.0027046794168818235
0.006920464246071315
0.0027230912509077264
0.0013246269128569309
-0.00010395442534856568
0.0005107894600435439
-0.009560092673034943
-0.028767676177050804
0.14414656435500836
0.4523567829112795
0.6459419718605577
0.5904331627097105
0.4364938328909802
0.31253220109193147
0.198243339377687
0.16217794680017988
0.1312410864545074
0.06039065893733837
-0.008167381582625892
-0.008828307479114715
0.04364636586133675
0.027148145426419513
0.011133847021028157
-0.022989799646579608
-0.013847821868828842
-0.009183870266201224
0.0037793035413975786
-0.00039094542384287065
-0.00665727725382816
-0.09360706142453408
-0.26717663459596314
-0.469648592854491
-0.6375048524476989
-0.7688344362397999
-0.6268323651589315
-0.31267969441509036
-0.01762492809542235
0.02619258066066885
0.029150856366409326
0.009469884919609152
0.008394587961297396
-0.0053324699785686725
0.014642959241240682
-0.0023603663765862305
0.001750754304441107
-0.008101125689897232
0.017999593875399067
-0.012166544482300113
0.019091354547279907
0.14790368269667864
0.39247952144633524
0.5008012863941207
0.5041004897738179
0.46289155649834846
0.3814280281549135
0.251449109244661
0.14815094299795892
0.14977523648387814
0.10665895565912396
0.06054497609181811
0.003899118134137878
-0.008623278647936812
-0.011558767798154557
-0.02966204002883895
0.006827395808742928
0.0025484307741168275
0.010020059277860476
-0.012099994289849295
-0.012566482030919084
0.013752300199492388
-0.06313194205940496
-0.2330440106719554
-0.48213168908679604
-0.6351070156337816
-0.7744148189614628
-0.6220775606705246
-0.29497700868681026
-0.01666120419647541
0.019507924371465677
0.015068978499694425
0.002779146592255046
-0.00622370401105718
-0.0022830678566885428
0.002636818902676523
-0.005209519034041687
-0.0077945614460235065
-0.0003472255311501288
-0.0021354588517144635
-0.004845000494193748
0.18314709120783282
0.4472202512934982
0.6017591459482459
0.5353154812946612
0.43450229921566175
0.31940593648541227
0.2288868694787171
0.16077393394313735
0.11776149157382326
0.06505366896312754
0.015334701746742592
-0.011909127954462447
0.004568122214974344
-0.0028733400194412852
-0.023077460313182304
-0.022602959717890454
-0.004126570441111367
0.02639748737438464
0.0200794435992786
0.018236884648123546
-0.12539488887339953
-0.298830457993988
-0.47294082173291296
-0.5641851747393654
-0.6626834935917842
-0.5712491663244958
-0.337294051834915
-0.11908264425856975
-0.010818154800040355
0.04043684353247965
0.02864715876411311
-0.0039685736439753466
-0.005862609223733224
0.0003612480157342274
0.0014961794358194322
0.0034013539882706196
0.0025759990250718875
0.006727517159318442
0.0010974328138335654
-0.010154791904939805
-0.006327532039454019
-8.371746434298923e-06
-0.006843421721559187
0.1849256637249225
0.4856832498521628
0.6688015229988151
0.5531543974451579
0.36766779374208325
0.2730067199426948
0.23711984201834616
0.18039999710014046
0.10195662830063561
0.05021760135669577
0.026954718145491427
0.002659994414454063
0.004223310424449811
0.0012865975670569403
0.008935680580882495
0.002098692844085328
-0.01564661762214561
0.00886113514157258
0.019231111820281695
-0.0913823120354611
-0.2452617287188381
-0.44050813834191
-0.5862830980288924
-0.6760884362468547
-0.628764831024185
-0.3981127465547631
-0.1342822394220217
0.005146920498010288
-0.014778510771323526
0.0037395874712347673
0.014114679860701307
0.012699155882974815
0.003514881339422467
0.01226696138627226
0.0035959592098716727
0.010726789383054776
-0.002420401445380757
-0.00942987406918184
0.0024215587253817923
-0.01586511395132644
0.12498707370992528
0.39670576022638915
0.6319752656667093
0.575110963379863
0.4351599028155355
0.32253732256994994
0.2790985619029209
0.17509750969932467
0.10649955230658033
0.07095851479631093
0.06906970192888946
0.030824442427982105
-0.008236593145374756
-0.019884070398156362
-0.012029671698444816
0.020357431234059066
-0.0026424111119485046
-0.02337346437278557
-0.02454492778259679
0.01797696018546453
-0.09329899160888093
-0.2577454602806127
-0.45688917865786605
-0.5829261697575251
-0.7307300096646203
-0.6519365855694145
-0.34866182408434265
-0.06646829426777208
0.01645747812704672
-0.0063901982677092165
0.020865340472589724
0.019103159309533668
0.008762654313124589
-0.008928837198378923
0.0028165606226883797
0.0009556228490156777
-0.005667610620295453
-0.005744749480956779
0.004305048410238894
0.15393711647602437
0.4012473036107179
0.5639181254523612
0.5535765740490409
0.4543692052542667
0.23189140157549903
0.11531105617541182
0.1271306881291843
0.2119386880966791
0.14519167115496395
0.12535309157850444
0.06784344156300438
0.04044434271720286
0.014133023136883296
0.024183215849223637
0.001513779232995321
0.009442568451552278
-0.05601501259286902
-0.191494729125132
-0.40876279303036833
-0.6189014452184313
-0.7414267991618487
-0.7075412040240597
-0.4167412214188795
-0.14121301805341488
0.009689359642097654
-0.01809478454451419
0.010995148535386549
0.03449654521694943
0.02642996050122404
-0.0007410246048375499
-0.010849605453228476
-0.000823464005425579
0.004405681188141415
0.00592766314645105
-0.0014191969934973334
-0.0010506156901438969
-0.0022292563395381725
-0.01530688790369807
-0.008531273242569993
-0.009876311403017554
0.1067109830213568
0.3813971245991311
0.5936138330444934
0.5886432672940656
0.42712643728698635
0.3253920198343922
0.25096808167469054
0.19402320352870675
0.12326487662011938
0.05064298108948369
0.04430385444619535
0.0237065021729858
0.017824592688136343
0.010474246219517688
0.008594367549980995
-0.02574433939420738
-0.06387967638263246
-0.06502998159330468
-0.06846968948289557
-0.07414605606919532
-0.10685662493726046
-0.1712049084579277
-0.2754335903158335
-0.3942768009481864
-0.5317760375135339
-0.5947554915578365
-0.47606044721953866
-0.22993288897121214
-0.048201498254055716
-0.008399194025688766
0.0027550489161247906
-0.0014503915592863823
0.012280792168158845
-0.008740282888640982
0.003710585503758583
-0.0003172905966197617
0.009748500392812188
-0.021430925633492887
-0.0072768465686184215
0.20220543048911072
0.439019786778121
0.523269281415342
0.4417273659228308
0.3905903669525122
0.3170127063814435
0.2249841591507981
0.15083615710284154
0.10810684679328716
0.06779212338382128
0.05108503609001437
0.05486748540019017
0.04220150176836272
0.00233834150196126
-0.0002760725755951763
0.004138350035009607
-0.013059670398699931
-0.0997677896456348
-0.18342541078500646
-0.257128417866256
-0.30140093577692423
-0.3622023465742298
-0.43150821843138454
-0.4880857523829638
-0.4432763748105461
-0.2779236033202561
-0.1261766985641234
-0.04340103277654214
-0.015422408624060626
0.008241208075562941
0.0018363092489584046
0.007595079206853221
0.008191850194048476
0.00581716811721702
0.005877182925656115
0.0071787116799642775
-0.0020740759568063562
-0.01521673344020942
-0.00706406784253231
0.003197885761968689
-0.020891496600694837
0.029426660123523535
0.27901528230046
0.5104480623349259
0.5825312078980756
0.47051924417556773
0.40568067910988087
0.3059434359586997
0.24478747118001226
0.12707453580766917
0.08363845655667962
0.06864482044875726
0.05545849346106631
0.004664553036681811
-0.013773328644814868
-0.008196521075493266
-0.02053161103395854
0.011876803964344467
0.007834588388314839
0.0033640768231054715
-0.0749633221156782
-0.07166321415687833
-0.07462536612037783
-0.07579436940923316
-0.15316065798955694
-0.22121911981311343
-0.26572914293340216
-0.39263711287074143
-0.5456244870723244
-0.6036295484801957
-0.43482503074148204
-0.19368487805938653
-0.041142964954597745
0.0017885093232348776
-0.007294676718960066
0.010150502799744424
0.017265518547308043
0.015106096252217798
-0.0015982311552306184
0.019520255605859408
0.02217619090189929
-0.015002519329020794
-0.03378691386632897
0.005380090878101485
0.16886029997160337
0.4242531975268071
0.5218445041689217
0.49743993874172376
0.39652720259132773
0.3307716552361571
0.21272742180129725
0.17681707366408475
0.11562368163509885
0.09934064385932719
0.0790093594392665
0.0807949134699752
0.009259631285701639
0.0011043924908808215
-0.03389116581638332
0.002231546667948823
-0.012850486496470494
0.029327560205961684
-0.022493587494906892
-0.013291245282596996
-0.04841284813808268
-0.010623849371465847
0.015087355772999592
-0.14727358011748767
-0.35810575038456477
-0.5721283827047611
-0.614503370400529
-0.6759593563108381
-0.46012501248360044
-0.18613118970698805
0.015911700708468327
0.007013208148148117
-0.014436626248462339
-0.01513229705866849
0.012515947409219517
-0.00356125223544364
-0.010627630473752762
-0.014329204554500768
0.015170213482447783
0.01590105034798711
0.007987543573584072
-0.028110263707826308
0.0018285519408174017
0.13242132655557357
0.3843914500495523
0.48714889734116906
0.4989515035535616
0.399126451968181
0.33998963860101133
0.21228215881281093
0.1636357760854068
0.1207611706309062
0.08613062789267963
0.06812404214847606
0.07688087423155758
0.06982819619923285
0.04164904973882413
0.020008831146093812
0.01724342328541192
0.00727610403078092
0.01635239192951956
-0.014583232725011384
0.005354852246440431
-0.01792335352883628
-0.04564917852235339
-0.1915582575398249
-0.31295908510868464
-0.47558448013838084
-0.5291235568067674
-0.5563484599085248
-0.5410984446764067
-0.3576929394296088
-0.10247512162166322
0.03918028512229612
-0.006543752235499818
-0.007290824029650952
-0.016300904245735034
-0.0037826669284013953
-0.006860670295045983
0.0024634308288026515
-0.006654956610214098
0.00354844095198351
0.007707637112868464
-0.010540691815993264
-0.005611035919891878
0.0070381795168182465
0.09447859428902251
0.33674180244896706
0.5135597287919685
0.5215623799282431
0.42636321782639197
0.3747624097611713
0.2818113392302335
0.18900290609034703
0.14364974338992673
0.10580179776847852
0.06305933158675425
0.02077388049017858
-0.01505651133043748
-0.016884801943692535
-0.018787126114232503
-0.018781244530723506
-0.002395751302403412
-0.01870517537280392
-0.1863105549280756
-0.41415488301918096
-0.5994084681487261
-0.6101939703960181
-0.5838702474432538
-0.3934312710862828
-0.16803520986214823
0.010613719003003817
0.0030815662199028676
-0.011186866063453926
-0.00969257489606015
-0.004892063469153335
-0.009114813347874244
0.007307494904021086
-0.0017367243556530225
-0.0011479658805534751
-0.002304484087983675
0.005099685400335298
0.0021199095740867526
-0.00346751735630127
-0.003418305057078813
0.0014007397730291084
0.0044964100810901105
-0.00040413091079323054
0.023385253901502936
0.2270455047740857
0.4906468777394901
0.5858882406449567
0.47794919810067293
0.3792329695849787
0.3195241968857098
0.25429129242951476
0.14291812882098243
0.1446417340016282
0.09387755131655
0.05932255025643214
-0.04082379721085675
-0.013032938689718226
-0.035608804938576204
-0.022694278465027157
0.014571915320864682
0.017553375270151134
-0.01202820807137567
-0.017268590811303757
-0.010894368588175704
0.029466970712120046
-0.032796291934103994
-0.17910679735201687
-0.419857205433164
-0.534383474952121
-0.5914279710149569
-0.61538918799744
-0.48799507412279497
-0.23590784490255604
-0.017711986046644305
0.010574506380664705
-0.005199209756635934
-0.0123434722157971
-0.010150778226858889
0.0009785605538085327
0.011267178381750587
-0.00663888023140146
-0.0027248888724196057
0.005292085060465556
0.003009109462144753
-0.01082212615691263
-0.012637113112172117
0.09762339494856873
0.34341748768892927
0.5088182950311125
0.49919227016864953
0.39582731805342025
0.37528005365510125
0.2880625854897159
0.19908218593052615
0.11653580525313267
0.09987110312245204
0.05343978179526793
0.027150562026699725
-0.004492652515563718
-0.011031193166005487
-0.019377318392075616
0.0005015536946516393
0.013257237280384682
0.006628384810756066
-0.02145592607050699
-0.02610846178308219
-0.02961213208281947
-0.061420243314583574
-0.15086412390911635
-0.278555148975323
-0.44506522191960324
-0.5609242096206593
-0.6397110557088317
-0.4871691000448412
-0.23508694954107814
-0.020874646605654013
-0.0022452463938143546
-0.002706138632861506
-0.01224323046325112
0.0017233768166003177
0.007151914595915537
-0.001069379821940024
-0.014378870597214533
-0.006499594053640809
0.003550252251137044
0.0010583074360883717
-0.008437036855226315
0.14425747044239207
0.4173128585836885
0.5668911295641489
0.5235191716003946
0.43954202149672544
0.3451362751244451
0.23603948132313554
0.17579621371544554
0.14510875902586595
0.13772067547337974
0.05203478395805229
-0.015557709616811825
-0.040157903067708375
0.0011085678832614292
-0.03572299761411159
-0.02822057857615049
0.01810122707595592
0.03702820996914116
-0.007690157285201216
-0.02440590582827031
-0.010815497349717767
-0.0213237370721697
-0.016868252677069793
-0.1739252998598996
-0.3296680528567465
-0.5658085365082869
-0.5806716617544934
-0.7107754226551994
-0.478111086030261
-0.22636184862567307
0.030049038263086567
-0.005869150894109523
0.013970470687983927
0.012631605669602461
0.01998103211010143
0.00453821947122066
-0.013227434213406511
-0.01403769476077673
0.009776891382596973
0.007097563431752785
-0.006360857301876754
0.003791216801892822
-0.0004963743692875685
-0.016033927087051078
-0.023739693776896754
0.07296845396707062
0.27141196749599894
0.4638214432696339
0.5094301322801655
0.44626085536428617
0.3728454775813505
0.3036757649677568
0.24288015688771045
0.16163576708911395
0.17230863482588865
0.1567647293602181
0.09765458975812055
-0.03897031700988573
-0.0518894237204106
-0.01724869224765779
0.012899729298287638
-0.007444849150066122
-0.011803823631604756
-0.008348851352484438
0.0006928496806477509
0.007919902082229202
-0.08192476082765582
-0.2907075872476961
-0.5423459572161863
-0.6739857136346332
-0.7722435332512401
-0.5485488576021195
-0.22270547218282785
0.038251971147323954
-0.002547048549391609
-0.007461425345777422
-0.0009408759467655812
0.016525450202806113
0.020142540621206413
-0.002659878687049998
-0.01170828245144171
-0.012430015620738595
0.0059870105308635286
0.012500120627633638
0.003148093565402468
-0.018722782206249403
-0.03045354883573334
0.004094410669754383
0.16105268474710233
0.4270112785424599
0.5580243078950312
0.564838968636732
0.4808568890031913
0.3789186343916811
0.21922163222243435
0.15382612841679202
0.15168805380220557
0.09562025591533736
0.03134336022118692
-0.03351712082687519
-0.04937123364418383
-0.019596112064320166
0.001326616193645793
0.012145796183831348
-0.022209461904595586
0.008027956434323101
-0.005309746129034115
0.019985459183453857
-0.0019368135959323951
0.00047112940239139487
0.006959150858351229
-0.06899761593053941
-0.19772518457586052
-0.36183446756586496
-0.5350051155129586
-0.6844822697483576
-0.7225371415260032
-0.45786397143980034
-0.16666295799172143
0.04050543356351308
-0.00757845127305504
-0.008014423589718201
-0.001443898900642254
0.012291896977460501
-0.004155801266759598
-0.007256514330608412
0.004141209618132194
0.003493484333927796
0.008903466807665905
-0.01999721018097092
0.010741694668328871
0.15268987093274017
0.423377124405599
0.5291446895469505
0.5151032797284212
0.4229731499784392
0.34940158538428717
0.26142298578294565
0.17531236704013126
0.11517429640050177
0.1117976151240789
0.09642203894471554
0.025549869420347166
-0.0560584958376168
-0.030802620376185887
-0.008429261742179743
0.011297751089278763
0.0068114571319570225
0.005935851342777987
0.005864235772357403
-0.028732080142527143
0.016404864699258354
-0.09386460508030237
-0.3043054794809073
-0.5654869214430344
-0.6127107924089331
-0.7099630897548435
-0.5517520329906231
-0.2665297712299897
0.0017920053183494097
-0.0008286009677813765
0.010120758942642891
0.005839699416285279
-0.0004277653020303877
0.002205056006996724
0.013759788507681166
0.00581560146599929
-0.000874274995093187
0.0009621722223530762
-0.0057700473737691245
-0.011191836947678486
-0.021099413202654304
-0.012005190698781937
0.11848798768615422
0.37221607009141927
0.5370106620996365
0.5425029972868112
0.46779356264855665
0.40017900954629343
0.29701097611154975
0.24817561489831894
0.13275700898760043
0.0967845877004679
0.06540741294847541
0.10091389652665597
-0.02735614046765266
-0.044237816903979495
-0.024327431335450393
0.00777905014738097
-0.016973274719245403
-0.012447828491190466
0.030223760979153937
-0.031647336715948104
-0.17985696734724074
-0.3926368662815313
-0.5751165135622821
-0.6759290605042503
-0.7011387952816244
-0.495680230954511
-0.20378199799819682
0.025707215013950145
0.008060535944416528
0.004284580828104088
-0.002634162697310618
0.01624884339820904
-0.008312860897579388
0.0005854108315129097
-0.010271295689691309
0.003246596458474166
0.002316487902114938
0.0010965398968225243
0.0033759647577388525
-0.013643243259248589
-0.03434124123748382
0.026569291061476454
0.2449015608668696
0.49354272319942405
0.5672824412237183
0.4945879289725745
0.3949551317711438
0.3153314624316983
0.2277219836542123
0.15129761993703936
0.14580739515071406
0.08332054893222522
0.06807546978249113
0.02890930696143847
0.03061883438710197
-0.020739069778204486
-0.010954829081931901
-0.03655121785456281
-0.020899591305746403
-0.03910617870780972
-0.006035110784652648
-0.023497727276770988
0.021824920984493918
0.0029917626451661343
0.01371413549129183
-0.017670036550562665
-0.000140241513232598
0.006643178643335598
-0.0035366547556981093
-0.01115286847418024
0.004428483240294744
0.0031298999723693177
-0.026785266824582273
0.022770806603154135
-0.039177175021371746
-0.26088998151473514
-0.4888834899813272
-0.5945328555794304
-0.7234205536039718
-0.6430767505892045
-0.3338470164281032
-0.04017738722060098
0.01751722140768264
5.322090776150356e-05
0.006730897797121588
-0.0006664949193282486
-0.0031585898773120935
-0.013574641999173286
0.0070308611120446785
0.000536297535463232
-0.006054565798957491
-0.019932727181241002
-0.00820280964653219
-5.375419558268961e-05
0.05552603058508114
0.19181510886908987
0.42452797898915484
0.5272778037925534
0.5073006183003618
0.3882416508997667
0.3361055272560056
0.24783461252753816
0.1723677707563933
0.17945297066229593
0.13266427154107463
0.061739557619287365
-0.0428465613392253
0.0016279350123627526
-0.004320997892273835
-0.003281702731687899
-0.016065749265023927
-0.01972701952056781
-0.017735838793213145
-0.004377070732925457
-0.031799890829813646
0.01291167465556265
-0.1122036618288071
-0.3414717287361681
-0.5949228597267535
-0.6209969398986432
-0.6911077403013888
-0.514443969225194
-0.23606523670738344
0.007118591844940699
0.00893750870972604
0.012583220439603363
-0.007592524584430492
0.010227617117839748
0.00781127002507117
0.011570736356153319
-0.010372768603135827
0.0127496055809007
-0.026502385412619685
-0.01508618566410541
-0.0073148619546011305
0.016541479113764905
0.12967872349646672
0.3463126423438975
0.5317573437346987
0.4910064750418283
0.4164226359171287
0.3200788390360827
0.2886435847795427
0.2077324193331216
0.15497762089418482
0.10866138328859386
0.10988158418652062
0.09321137259942788
0.04558588907905065
-0.0078114967369558655
-0.03412170213831219
-0.032322530767556534
-0.016949590373575057
-0.006257902202662644
-0.012271691846113214
-0.010031753777986823
-0.0045354447038552705
0.037526708907259614
-0.16736037799990996
-0.4074889670080914
-0.6701325174310754
-0.6542431363406196
-0.6912193537471437
-0.41999940404599595
-0.15485761171963183
0.043230775866975046
0.0006257883557597166
-0.0015932639306758501
1.552591899977895e-05
-0.008332466949299722
0.002228369103166748
0.005033641775424151
0.006737772514793292
-0.005679809775038613
-0.0021349878248035385
-0.003008119217009489
0.014413355926178
-0.0035828265482387217
-0.007096229003589854
-0.014367729097882816
0.0010621182372830822
0.06819005623212258
0.2565129023841975
