0.13563305820337407
-0.06321082952757694
-0.05742092473769016
-0.02353692701319315
-0.0038837819820290273
-0.02661609375778994
-0.01693883456309602
0.019624358505717344
0.00375182957678135
0.02903633165235598
-0.020483768059684434
0.018127013770139973
0.018964498715111498
0.008193794855609874
-0.04137349411021433
-0.030238406122356124
0.0055795289055927295
-0.0033029262747155744
-0.003055996816328953
0.026721102716156197
0.028075159156867806
-0.016085914405889044
-0.024928150713538072
0.003695697919757194
0.022104949632361554
0.008860615236305327
0.001406972438286074
-0.011262437289600245
-0.008494564546723404
-0.005651586602063801
-0.010611772442693788
-0.017193999718907817
-0.0008495031338816004
0.013796129210506717
0.011646565930309103
0.04090384365146491
0.0012634523719073948
-0.001897710741945946
-0.02094940088467216
0.00824108917606102
-0.016732710440631685
0.013881857867463909
-0.0011478361651800462
-0.01691052106408752
-0.035975071086245806
0.011752254364872913
0.025345701293581404
-0.017859699456367503
-0.04919104170973929
-0.02363807599270389
0.028671720501382225
0.03188061949716448
0.00561199872150164
-0.026744147119340908
-0.0063305944412888
-0.0073971399665518816
0.007754496411859051
-0.02126584963202563
0.006208689008101561
-0.03408961994017543
0.0006099388198849167
-0.025525629037442803
-0.028304308322281004
-0.011725610467288454
0.006876922358067244
-0.01078709886142655
-0.025931486664728474
0.011014124930720605
-0.002609260031370631
0.007468085279332837
0.012569281403330409
0.04303742914281469
0.02931899126967593
-0.004270853500438056
-0.0162926560313742
0.010665427170734702
0.001366067213403614
-0.02400435467081866
-0.007577035491391961
-0.038936311793800894
-0.16218036665635543
-0.2801316684329976
-0.2616089622143341
-0.1753674926161345
-0.13470677798488312
-0.2330953537346686
-0.3310785961057137
-0.3668923476739163
-0.298389981887326
-0.20123824490700828
-0.1243004454886278
-0.1366166362588521
-0.22228865338136172
-0.3133596504631303
-0.25517629098440414
-0.2684476360573089
-0.2821493841111762
-0.21122428200911916
-0.14478903399780577
-0.24961261355628228
-0.299575771322648
-0.1717275625213044
-0.15614687871317348
-0.15701770972411525
-0.1413696392737569
-0.14411643513008413
-0.08173840243507183
-0.018069225092338326
-0.009119642452120422
-0.0913606927002129
-0.030287087137096286
-0.012155193650469773
-0.006591590755850337
0.020052017382931178
0.07408672406362574
0.04686692623715806
0.014410683897684835
0.04178805054868
-0.03404366978736154
-0.07127175128317872
-0.0019916554471060867
0.0932152534398938
0.08804190110231352
0.20380632391576772
0.6716944269385483
0.9175009701062024
0.9246237637078446
0.7123564703805804
0.6400712237685092
0.5137101322507235
0.4284430204641398
0.31283778903658255
0.2394934901642183
0.21201420660259404
0.21771908632893097
0.26886638517860273
0.24382378614947436
0.1166742995375512
0.0385468604965302
0.047941852879877525
0.07368377811564561
0.041109850458474664
0.006781718074012448
-0.042700918826460606
0.014369856002789397
0.03735337727918802
-0.049511934507253816
-0.04927357135686361
-0.026757213005666792
-0.007496761101041627
-0.0730122691179031
-0.012353125165173522
0.015038313983549562
-0.009504706051486792
-0.08983655154728437
-0.09421293053586334
-0.02889840965276671
-0.0006767913173967326
-0.001552376464664778
-0.028012441056923628
-0.018515646332580956
0.0017449278266370805
0.026548105320980866
0.006936735062298799
-0.041102182863628274
-0.027369625875502613
-0.016841766547958208
-0.038211395439733106
-0.01767125425361611
-0.013336513104559862
-0.07935728696620832
-0.1469510723693181
-0.19717595529411314
-0.3009041590478397
-0.49341593704298187
-0.5562969484734249
-0.5846382034695589
-0.4935988098706543
-0.5379544325323979
-0.5701410210502249
-0.62382966958706
-0.5599842355080359
-0.4060687678332242
-0.2648554843606749
-0.16699724168888916
-0.0314358467643683
0.06929846354882473
-0.022350639317152157
-0.13402869129325146
-0.033325361998387884
-0.0800894159938585
-0.0004291941278390143
0.1947777911676691
0.045585298842252875
-0.041835462797779915
-0.15637065773946168
0.038279403124674746
-0.08817390780856744
0.08357733377109959
0.17418194633910658
0.4264773457502361
0.5444867614319306
0.5879356895865979
0.7231158612029481
0.7470989986171565
0.6644363517554791
0.4522147863820056
0.352488135202557
0.23704455356647203
0.24286256434940146
0.23068391565968022
0.24969042786114654
0.19380306754776905
0.062386222372149636
0.038540614388421275
0.08588492382898752
0.13099379663058056
0.07725399539329583
0.08291938460471945
0.05458984872397694
0.025064769843193002
-0.03330784273625349
-0.018620925385156098
0.006278815219871586
0.04907008856140612
0.010178477473736049
0.02446875743657776
0.01422992736092408
0.01261426913914812
-0.02971402178158676
0.0041361394572323375
0.008371811289801625
0.02032261658833021
-0.006048617677043378
0.016087472493128863
0.013164798804462691
0.002067689310132352
-0.050410781595749105
-0.11455778234093028
-0.10913364182337054
-0.16701059210407146
-0.1991671415642271
-0.29117887909855483
-0.2863920880876805
-0.2684590471301872
-0.26761204919508325
-0.397985684735841
-0.7102866311854756
-0.7508426131277485
-0.6009298039493263
-0.4689133231547246
-0.5795432797529833
-0.5321940052165248
-0.3231318609595605
-0.09854447623245788
-0.003365969672041806
-0.11204817748719642
-0.15470923549443732
-0.12566086485130387
0.07938419919714369
0.12539988975940403
0.0616520175068349
-0.0990133598578949
0.09490129602414699
0.05785075718649332
-0.07475664237738765
-0.16764428612828167
0.16953482938085268
0.34229095832963274
0.4690836415554421
0.5752470012093045
0.8514347770802098
0.9914630293825629
0.8928050731300162
0.6024858831147423
0.3830897715020448
0.141066714713599
0.08502168804007935
0.19007858527233001
0.2606926688254742
0.1406896926552623
0.013820796156062218
0.01963002651362228
0.001625579393233194
0.0200977072519378
-0.00035483210793267974
0.01563204474568758
-0.0009046337196068411
-0.005040456967156349
-0.006944440395150461
-0.02059738192562465
-0.02778127391534951
-0.16378379835192677
-0.3048439587491429
-0.3623271870721328
-0.2644265689255909
-0.1353643962149636
-0.07953508183364197
-0.1067593092525284
-0.26696570726602514
-0.4482022830910108
-0.7394305224470497
-0.7763271609509707
-0.5954005044016982
-0.3704225834101413
-0.33032858945394106
-0.3044490158179969
-0.17521393511740124
-0.08968978703036283
0.06154202405287067
0.006736110101591952
-0.08800684473672342
-0.20451965843815506
-0.01607536733633298
0.14258783647001744
0.1086562692492478
0.04660821883893794
0.0006282674937751192
-0.023645746637462814
-0.09575637811551184
-0.05210199785461928
-0.02988392930516917
0.010171404694637703
0.1901522147995387
0.3352508132494211
0.46827436665069366
0.6324892362351529
0.8584968247867597
0.8124956476637206
0.6304277267617953
0.3978642893459162
0.28191810090005104
0.20303455941557108
0.20196308045669611
0.16779189073542086
0.11463881900734174
0.07391926334546903
0.0632963050427387
0.1016731725458099
0.07554219674580703
0.02621608244192009
0.014383870796205856
0.03662523258585564
-0.004451690463097803
-0.03868699359170426
-0.09465373811237236
-0.11654586273919296
-0.053610163157666826
0.030336195002683187
-0.0033083436809083363
-0.03282219413084958
-0.04691847104333717
-0.0738014760901583
-0.221949943013143
-0.3037512437170822
-0.36819793629627506
-0.2967393534632934
-0.2120481957667728
-0.04774008537500605
-0.0045504495934560645
0.035943857983187104
-0.08777235517690146
-0.3696066326403832
-0.6230844458372733
-0.5520910934065922
-0.3380139422888832
-0.20886070148289893
-0.1967852355742183
-0.22763355413236955
-0.34297904426416365
-0.2585030443298472
-0.17320619550065613
0.0003750275652692485
-0.05629530033849902
-0.007937033601553558
-0.01403248610032426
-0.1475802011698651
-0.07932457277102983
-0.11212818083214263
0.13211231300995757
-0.1256030609495923
-0.015533239458700847
0.060219878170992384
0.152158110613592
0.029184115744735426
0.06509572115644009
0.4159538329050799
0.6167147514348997
0.8092087180265092
0.8682665155476267
0.694221622797727
0.3943782773372048
0.17138939421472033
0.18971984219637442
0.2038122982878685
0.21269758973739353
0.16789850365229914
0.1267298409115201
0.11007788843942762
0.08671416384494582
0.07531486827724372
0.002437788330183641
0.014416996025515058
-0.01891100008812266
0.03882321787337844
0.014574245913955307
0.0015035558060244572
-0.03400231018045323
0.03794015072266378
0.05091734615265785
0.003423437098493752
-0.006440070610610012
0.026069805472131072
0.02316626286804746
-0.06738289450395205
-0.12097487692255328
-0.10555903859304269
-0.05397272987864338
-0.03655103879973938
-0.06968104748356475
-0.11471709518975041
-0.2666849183123769
-0.3809933466508568
-0.3708998429477177
-0.30658481656134307
-0.2550421523770476
-0.3011704350400222
-0.3886988023344111
-0.5143335333528171
-0.4490578123720638
-0.30607396563769357
-0.18749433467224497
-0.19771030353520072
-0.28486036889826405
-0.2698099507964832
-0.14998030065949686
-0.06028088180200807
-0.043351991815700174
-0.04004290808037268
-0.023808400393677
-0.061230109121659604
-0.03482218641229832
0.03038004477549716
0.013423105602166124
-0.053688020856268066
-0.032011788450369644
0.05916223678880365
0.15515391656190486
0.28233840955789496
0.3772885944324472
0.463952324346808
0.6089072970376295
0.7770260788680192
0.6857934702552092
0.49343868336882896
0.2570882636657898
0.18991100798445862
0.2297127162006522
0.28135339711016916
0.20494082362098076
0.03591876328476604
0.014301879133219684
-0.011419076926559066
-0.008116742818543892
-0.011113410263122831
0.03732014924891633
0.062366553553236705
0.027977590960932393
0.0043309711253905125
-0.004316797653539749
0.03038429865517249
-0.006102191579067713
-0.04889333434155232
-0.03673356316649735
0.04337246154010914
0.02713020858681206
0.00482407248707585
-0.045385712439984266
-0.050138444958372226
-0.07665489278250606
-0.1298727557424565
-0.1744754068075277
-0.3118951357479615
-0.5036546529879207
-0.5442729871549578
-0.3767191819877169
-0.2631082611244571
-0.28612230218572904
-0.3249937366367046
-0.38201752828171426
-0.4664507111135388
-0.40856903164949826
-0.26681956586742905
-0.09757008735262265
-0.082755234996161
-0.07330675253323976
-0.06651405669397478
0.005264531773782269
0.0024294627794485568
-0.017959547995327216
-0.05859890053925654
-0.027474869348779875
-0.00827579152973054
0.030575265989983644
0.011413913059315108
-0.0004846352515284852
-0.03484775513926199
0.2148543373921716
0.23683754592957737
0.48709636022574004
0.48052368822439395
0.6394904766892175
0.44909259793816103
0.46280323424343195
0.2906245304025992
0.30852399147827053
0.2414834503638294
0.1808927144358643
0.07896535749048603
0.09385683105140964
0.07375243637387559
0.07284689235275829
0.05549471988150267
0.07878924715500588
0.0752447750244644
0.04881440546106772
0.10078985022103953
0.04041480334925987
-0.0006844663878563554
-0.023519998925657166
0.0783368957725299
0.013285138302077983
0.0074452186396921916
-0.00821870391420135
0.00836322096387837
0.016112129695684714
0.026371523090964417
0.03820877026867352
-0.01715010689483226
-0.04423254466289692
-0.05043829220168513
-0.04518304724726736
-0.1033506386127257
-0.10604234058803107
-0.15815519703058015
-0.1816859842263613
-0.2579835158917662
-0.196767791034865
-0.3006341547474732
-0.31054745193664685
-0.45727581152095725
-0.37281435772812027
-0.3141676853074021
-0.26489548988657247
-0.35336485986914146
-0.318899330915977
-0.33340469292479397
-0.328529373784758
-0.20142996113469655
-0.033020793157584785
-0.016998812729507037
-0.04376489723511779
-0.055327779676070804
-0.0515988414455837
-0.03927387179547309
-0.037571773551583525
-0.0023512117964359282
0.006984470418460434
0.010373582337817275
-0.022695054858288377
-0.03909843836180361
-0.03117342435431397
-0.012914563087813
0.06988476889160843
0.13484932634847177
0.2103355556112218
0.26343094672518985
0.4611303668251063
0.6042225211366383
0.6128186448097404
0.5617422526656154
0.4925262171429324
0.33729195137235746
0.18791212733303464
0.1234245555675574
0.06317883379213918
0.029356392865892367
0.06767963345134496
0.05458204126226083
-0.003717038019091978
0.0088107067887009
0.06514677782122114
0.09032670761809765
0.06938823584387861
0.06931952819217085
0.02899528593478341
0.00297877007052708
0.012105051776110813
0.044246327811174116
0.033529235799160825
0.023418067631134666
-0.013848620243833884
0.016678647157418888
-0.0038202236996139277
-0.009574204217178105
0.013004772340181978
0.024603160430688387
-0.035898103619422195
-0.1514453605952584
-0.3200322105919514
-0.5084501305530631
-0.5782032653348952
-0.43990454617992636
-0.285052122192971
-0.18963865267293725
-0.22913549656804869
-0.23247393521393026
-0.22175201162598807
-0.1975808605089414
-0.2553833472272306
-0.3566734238191513
-0.36851548952365276
-0.2112876947056597
-0.05608476318600108
-0.042351649460070945
-0.03227143577286155
-0.021182605737550635
-0.045501667799038185
-0.07974184944099054
-0.048422134169054144
0.004852015483898134
-0.010161531160718619
0.011483335230983176
0.01758243360978026
0.14819551846434303
0.2204144556056708
0.38343433029944457
0.5231098997248668
0.7149198641822763
0.7724897861812301
0.6572687513560201
0.38097983099452093
0.16853015835996296
0.16994111839442944
0.20270144589542963
0.16147678475282137
0.09545231823555647
0.06597522192827218
0.0587357647415718
0.019264607598938277
0.02672659164243166
0.03335130085252228
0.07154643904635334
0.0748039095769002
0.061046011690532295
0.07274790550250104
0.0073229715324879706
-0.034991617877835855
-0.05203417288543496
0.023850504469570308
0.067899942656951
0.05201132200999497
0.028194788787591137
-4.36327426707429e-05
-0.012658068791091317
0.004683908848314359
0.00922239947124802
-0.10033278269533669
-0.2652311566491711
-0.4130769555047901
-0.5578240751367896
-0.49094052428589763
-0.33531582025757234
-0.27561482132142706
-0.42270939300236454
-0.49641502076723715
-0.45510442958852027
-0.4107166523951399
-0.3550587030115087
-0.22853855446388424
-0.12321265979746064
-0.15279979823323916
-0.12708950064807453
-0.01828774985411713
0.03508734613991883
0.09051494757690644
0.03596848564850817
-0.07182869499182071
-0.07806297290328898
0.03658186082696394
0.1189178710479424
0.06405241279979612
0.09794191768468227
0.161496776776574
0.4352261838123305
0.5944312889729949
0.7503116175669576
0.6792544001040737
0.4936016389624489
0.31192808014444645
0.23961071353742847
0.19147004462511502
0.12566810490914995
0.10156710589423883
0.09473351768455664
0.08925196499280025
0.06555311899771561
0.030032781099314895
0.07159102470897126
0.054552367271264446
0.07849073897619467
0.0847449480519391
0.10243895272915111
0.06348228956265638
0.07586914527483891
0.022975288220185536
-0.0007833710490149545
-0.0031596479236261064
0.03465711902191994
0.03061229188792527
0.022145444358035008
-0.022224051470460117
-0.04071292626554956
-0.018125751455475764
0.01910776454299081
0.05659997185971755
0.010725502129798066
-0.03794032816641343
-0.04968296542374956
0.00139463909734179
-0.045988202831464965
-0.12025006883983301
-0.26355224908538055
-0.4207199054696869
-0.48698472698096706
-0.3949047358643147
-0.3507240743207051
-0.3131631248063097
-0.35782269724752486
-0.4422165893741704
-0.6827948287578071
-0.7904581756214755
-0.5294724113388509
-0.1879680808368303
0.024726092216145943
-0.06278250508647228
-0.013389991726142124
-0.021767535392598358
0.022155006243398837
0.020969197425953278
0.009726919459253715
-0.039009954959497384
-0.03247437697876697
-0.0091292380955356
0.03448946093116691
0.026958824599152012
0.05748769339457188
0.013243991318034653
0.019390614574799736
-0.0109641698923156
0.06167155474734249
0.17725781521426048
0.48525652246212553
0.597028354349314
0.7636211090537477
0.7948554944938682
0.8268323509000116
0.5741431879318258
0.3866952178916585
0.24634018570723673
0.17737376647667957
0.12262651730391545
0.12721653467714383
0.1808340070703477
0.15811457040455448
0.08551761784635595
0.004452973714158989
-0.022247177612017686
-0.0364945674372724
-0.004926782242790376
0.014855974894531264
0.016978277131164572
0.022482791248072634
-0.002076063497933535
-0.01882489708688955
-0.019761872249002707
-0.05008278950609811
-0.008689504158123437
0.028024831637618413
0.05513316805263343
-0.04168765410332223
-0.05926454316282592
-0.023935480242344785
-0.07272226407048059
0.014744442651771527
-0.01993468723296368
-0.004148522913097225
-0.1193261869319702
-0.1519448554745857
-0.1930340518971057
-0.12367378475118958
-0.054826787857941525
-0.2391543557268278
-0.30147137783728667
-0.32164663554415923
-0.38683555414883436
-0.5140007020019354
-0.5816895632019118
-0.5237361369589456
-0.5616147298112961
-0.5343758882850439
-0.47889480541165347
-0.3289270113153596
-0.19205474035489808
-0.08280250415217781
-0.002684719407451203
-0.04517002036583189
-0.010512453797313682
0.03435741244470647
0.03245094699684683
-0.034378765646875
-0.024940772679227376
-0.03821689771785866
-0.03716484573217275
-0.01842522931930848
0.00719277615875405
0.015906531292052443
0.02193678930660787
0.040134007324626325
0.13489263956173642
0.3655421936238558
0.6155336740420629
0.7569544246406879
0.7593548128052799
0.6515890563671991
0.4632164843791148
0.24930056329974626
0.18378560040461048
0.20022039038654174
0.2771269835914614
0.23823031198322303
0.12151836438773544
0.03053511947042131
0.0379679615624982
0.07523677568685037
0.04607312609739506
0.03855029573607316
0.07953488353895716
0.07814738119428619
0.03828827988722518
0.007986642997402364
-0.03473271663339226
-0.044448136001885
0.034551929593688004
0.07664676789379402
-0.025927749437455204
-0.059309585292059604
-0.000608826892984996
0.024122377538314973
-0.030944040700114847
-0.024022869599778472
-0.043134590590306846
0.03172678623148451
-0.002666024070408082
-0.03856755540654578
-0.00795826689645903
0.023867813271150385
-0.09287541164522632
-0.22086061302803886
-0.22527301432217764
-0.19440559076986733
-0.1593831308197463
-0.18583730498882856
-0.2555273272940391
-0.5119555725081979
-0.6798026756156811
-0.6903857924852772
-0.39078764482749184
-0.1516801918886359
-0.18394213054804986
-0.3821985805171496
-0.4057163289319481
-0.2586438246952398
-0.10659275106164244
-0.0246108941746289
0.03343530152386161
-0.019649476865527874
-0.06520049889169399
-0.0035274482755827626
-0.0070505128142352
-0.025261487090105315
-0.052977973169963034
0.026531384700310728
0.0071182839282406315
-0.023898868868735237
-0.030846206015631636
-0.013060994885848748
-0.018865340048136427
0.016303134482699832
0.13317817850789884
0.29207814102222834
0.3755980024944598
0.47669117588315646
0.49753875449015406
0.4863596844874858
0.3985153284144176
0.33264925087289243
0.25976487432031986
0.21843717030581083
0.22544300516760946
0.21410211257733733
0.1727760331450102
0.12935988136544568
0.12366915414458617
0.14805978502738745
0.1400864371173531
0.13593477244576202
0.12599988058962067
0.1389451977876079
0.1378704933222719
0.10681840378448591
0.08583849060431561
0.11659498870840475
0.12265202822278799
0.12607630588811006
0.06426009993772891
0.012248119400249204
-0.041056686821480115
0.021805980470668725
0.008340172122610014
0.016808196580559192
-0.01155655255638641
0.012239574402965888
0.00888887550727089
-0.06070751038784674
-0.16712716120007215
-0.24638938351809683
-0.3288974257425749
-0.38874381397575264
-0.33705704976939355
-0.22910309301412551
-0.18744659933625166
-0.2815769515497464
-0.5599235062342799
-0.6415146477380338
-0.4347678026420529
-0.20233315143408231
-0.29878920671912396
-0.49593322450389776
-0.5054509546543547
-0.2785506171837482
-0.03552054844201086
-0.008719030798745206
-0.019625508672289467
-0.03503146965510484
-0.017230168412114798
-0.023256826257732115
-0.037289449874603774
-0.022564615081917847
-0.03820322807325978
-0.016971631465864112
-0.03626923147621349
0.01668211631305192
0.0022911097011412327
0.009623493656546734
-0.004735122994685399
0.02674034684304324
0.08818095398316185
0.18771949437423446
0.3714562164283246
0.6134629676954191
0.7158017232149676
0.7221077044873013
0.5717351124542154
0.41824225249285424
0.24624426874034128
0.24049978093943594
0.22478428169087813
0.173120577636097
0.15163447988210357
0.12248761502199762
0.10439223959456467
0.07810641251588032
0.11745322412507993
0.08283909740190276
0.05771838974266458
0.035987681434833545
-0.018476013615053317
-0.0826397141408324
-0.03690026668556175
0.03384974174059558
-0.03523796661613321
0.012367904759540202
-0.007574706617797655
0.026886418324242108
-0.09699533078448136
-0.047574626616361304
-0.02392587945499814
0.005631598121513267
-0.0068096525350868735
-0.05101319511209853
0.16027999640107532
0.09863577291541524
0.0702650911877755
-0.07622248269036361
0.044042652195467206
-0.0877883169905692
-0.11247516136296887
-0.19602986362321106
-0.3026895898276234
-0.2911537513469958
-0.24976981125296202
-0.3481541973870172
-0.5573763329652467
-0.5220497255932719
-0.45625548059244647
-0.43269027143055167
-0.5232960376591181
-0.5220242226324994
-0.35149352829962904
-0.05324024264708762
0.02999117001420821
0.015573004324686349
-0.06374340086479802
-0.05989507986986889
-0.04451490032771346
-0.0369320897299238
-0.0459124051389584
-0.024326759127483576
0.012683842331401017
0.009709915614434314
-0.012653864231596403
0.0012210774734126065
0.01139662503953222
0.026709718592823853
-0.0003539778099748935
-0.013860860023577545
-0.012421034883347464
0.0845961082057092
0.22768601069295932
0.45091598286531065
0.5773204350302553
0.6474795931933384
0.6920930834708636
0.6201327259006363
0.4162358372327861
0.2037434811579596
0.20258845520538563
0.16430140086657338
0.17400451848895224
0.15859882903540656
0.12503072095371384
0.05656255660086565
0.007061462452864284
0.034792859217948974
-0.01345463041594118
0.00780445416790125
-0.028500117847004923
0.09122753219580357
0.006677369638947664
-0.005727707355158267
-0.002168437528737787
0.03947167946022244
-0.045545746053264766
-0.012673088502671848
-0.004532796375884078
-0.012592088641260475
-0.036470753369327084
0.06526095174742319
0.033386560012685355
-0.003023979063233047
-0.09046646492464838
-0.12723078126928652
-0.1561642690160629
-0.18356172792929965
-0.14456790196891095
-0.07492160879895111
-0.08622783511864436
-0.23225083792042325
-0.23410413569471167
-0.14525204764700964
-0.20898546537662976
-0.46356272315758157
-0.6929547991246701
-0.6968311191131217
-0.48210904669639504
-0.28701314383855475
-0.2099016031414736
-0.16827016501209074
-0.07271280780787358
-0.04697699501207003
-0.004403769342741626
-0.04054114035322305
-0.0485861623395236
-0.029968084307916556
0.03128179312540948
-0.02593631088439569
-0.0029911337993360444
-0.000819965775690886
-0.007363200363256294
-0.0188077040331702
0.03519978278460031
0.021607329859712327
-0.04344240986042283
-0.01861589871006542
-0.03173440632245235
0.021985501205473344
-0.005478211769338397
0.0017980848293416218
-0.026884340622587162
0.07773766247753598
0.21523392889930437
0.36101517806725014
0.5567967508817782
0.593749356309643
0.6407517815456
0.560730821019708
0.44134155643549955
0.24451861582750656
0.18645128353308718
0.15573141654895192
0.16147955478489473
0.15933868383012892
0.2060447688263291
0.21594470852276873
0.1722073923633901
0.07579613583337405
0.03525573679926971
0.07862538670315583
0.07430663051655256
0.05159523402668209
0.004989929227859847
0.030571135961032045
0.013450647390350743
0.03990047569458906
0.013152062456250904
0.007142095035920792
-0.027540895608080287
-0.008695573128159882
0.017643758277885686
0.011203592240935136
-0.000418490586621738
-0.02000359554038542
-0.028425407505280467
-0.04383379402715319
-0.0362933632718201
-0.09794325650256958
-0.21084834182762696
-0.3240610273714792
-0.42167811086570517
-0.517452027034858
-0.43612220593608947
-0.24305316909742275
-0.12720147600912599
-0.13595053707890778
-0.2589548936758736
-0.3302461600224263
-0.3621232956889945
-0.48575800826284865
-0.49998287281841797
-0.32234164015205
-0.10919285715348397
-0.06848390905246175
-0.03334184792699401
-0.001199030951830913
-0.024861324059745362
-0.029066734938176443
-0.0251679149551844
-0.01712140169583566
-0.02435052626644482
-0.024520016625999435
-0.008264166467770222
0.010589590590257632
0.013728711048582849
0.03300166120223366
0.021655937466157852
0.12411390606803827
0.23818168910355006
0.41687687006082513
0.46339834026168725
0.5007766366603037
0.5388587795652353
0.5038435211921174
0.3470399041026476
0.18826724166077125
0.20906003083919233
0.21647911117698543
0.18048490676726944
0.21053284882880585
0.20772663085823634
0.1930308773652044
0.13154072016307347
0.09862772292235672
0.038125206493791725
0.059714582072475486
0.0579019863882861
0.04520195270044314
0.050869556197195215
0.05794582471756803
0.04017362975193179
0.02619913809187152
0.01544079250866443
-0.06535923602749225
-0.027929509678202624
0.006683330113742694
0.04608691042004801
0.002198370486799798
0.02657187589917853
-0.02419894815894701
-0.11599020033912147
-0.23123957703319567
-0.21234296544290449
-0.15686222414319895
-0.13289779770623325
-0.19336346572310778
-0.29434768553455437
-0.3893278336130625
-0.398843364939765
-0.4554594545559262
-0.4164807512386666
-0.40814965552136145
-0.3127422703660723
-0.39973760693902394
-0.35209416300027907
-0.28915378513601475
-0.18825245996139797
-0.12649603641720947
-0.07392887621467718
-0.03371074573606024
-0.04515412938213313
-0.0006898617169438123
-0.01755852673051205
0.002689851587459415
0.013586109946591481
0.038332186212457986
-0.015885547083264017
-0.0682367275163197
-0.04958371431179462
0.036232934842517196
0.04324328441802272
0.10680057736232311
0.2202025484575477
0.32999857823292716
0.2976543538311651
0.3106265385569771
0.3661896945747509
0.4681812084842274
0.5314571739844434
0.4500172296348836
0.31282809981738824
0.23907726203432472
0.23918277954112294
0.21045249774588928
0.24155774248360964
0.2698272134289063
0.2534935960371682
0.12092985415537442
0.04230001893122563
-0.044067761529801186
-0.025988953603216722
0.060599432128232614
0.0805285892276083
0.0922778384696666
0.037372130808804235
0.05185659867491265
0.03776494063923949
0.02573883971538883
-0.007180862326262095
-0.014392177756316299
0.0008280401528454471
-0.03904073069410701
-0.08293176407839818
-0.08736998411961039
-0.11264605447322662
-0.11965172213788006
-0.24439407027308332
-0.33711669491163027
-0.42295875412070716
-0.4855760546377949
-0.51978712706377
-0.4443566079091314
-0.3412370879242822
-0.3246369149281926
-0.3686342002385906
-0.42846806060030884
-0.3471855834818923
-0.19753200102561355
-0.04469899018566664
-0.07123969919351694
-0.056083811872593724
-0.04713521970146798
0.001489037008864582
-0.01226094900847313
-0.02109607504058596
-0.04205332821200008
-0.026257242954956368
-0.013012289572335727
0.00633798846673545
0.016080002457622332
0.006313989005801855
0.007096139776361871
0.1108240739744238
0.24932205828021387
0.2929267068953639
0.4019423538441906
0.5268651975568341
0.669751846145177
0.630142558204304
0.4733006388396235
0.25664260423378676
0.2113615454399097
0.2965123442755594
0.3237088791861213
0.270732306490853
0.14096025590966188
0.0874341063895775
0.06286801923543349
0.07406111014323594
0.06745626896374309
0.06608472484625405
0.048673405240012325
0.022387481469291374
-0.0075982859509247155
-0.060992226086119275
-0.028833624644802658
-0.019647365991041815
0.004743206285061051
-0.06805842953900529
-0.10603133813379773
-0.20397583838715552
-0.20183306868081255
-0.16102186278843766
-0.08161095201946113
-0.08764166862029943
-0.1639137462564109
-0.32270694944512884
-0.514501930263607
-0.7547914762999763
-0.6912927794621857
-0.5298320720113583
-0.4093815258514546
-0.4034350076912134
-0.2548048627853733
-0.11474356308102132
-0.048125842282352935
-0.026458007696339967
-0.03083201327156635
-0.034475444189829084
-0.03393812204132625
-0.011896688322509048
-0.022740723150549497
-0.029587862097440444
-0.05194468546467402
-0.03023214184444659
-0.03441298391243132
-0.022303658664818784
0.008184318436050525
0.02931388353186565
0.043701305968194756
0.05018680607755592
0.14284891687994278
0.20906661147592037
0.363278100564605
0.4850858997325437
0.6193929229404168
0.601230461019751
0.49740539664337263
0.3427015155819774
0.22549471369070664
0.18326119415747877
0.19125386120412818
0.27924341936701924
0.3683712236423394
0.2705844744361402
0.12696329629909414
0.01581452315137447
0.0733410766386389
0.0977762683338318
0.11059785031208622
0.13602850137218248
0.18819378888909377
0.0559212728549101
-0.008750014481847543
0.02233470998997292
0.11029200803645572
0.04676679774982748
0.04060905951934226
0.03502819050578917
0.020585149499254815
-0.019311922979686584
-0.03959915629798614
0.0626337308026133
-0.0040699484227829956
-0.0039305705381521274
-0.09829513175042257
0.026887142646670015
-0.13456892503884205
-0.2536113320971813
-0.5119347913802355
-0.4990125124677803
-0.5422739390741962
-0.7228558511297034
-0.7685727901346394
-0.6895374539258974
-0.4687508209986245
-0.4059468395260469
-0.2956038925693606
-0.1988356501963773
-0.04331842243447173
0.012919887160220484
-0.026664881771266333
-0.038209212904115566
-0.01701565715134022
-0.00715639104460427
0.005628026250000095
0.00033497036987977164
-0.01428195947528419
0.0005651065466046581
-0.003774676003933582
0.010944259023111996
-0.0035090858007782583
0.13900102437437023
0.18485584056257945
0.4592958860223516
0.565504196815124
0.6617217464540118
0.5815885295980443
0.5970728048703611
0.45251066300964504
0.255006982657926
0.14174282037926506
0.1320111852981579
0.20915189576041682
0.26364904198359496
0.2354147301227281
0.21172232407567018
0.16889187765941188
0.08201048758184272
0.06039560730661556
0.06939255735832627
0.0348390282366231
-0.0011683699797739903
0.019695319500815888
0.007811692588823
0.035729295056295636
0.053421809261713644
0.001821525696016806
-0.06596866064310801
-0.006767979380750057
-0.007047312193039078
-0.04729476858563184
-0.04426170800448772
0.049323443943251395
0.04031048176014135
0.016044217370286332
-0.04201965859762834
-0.004478417098926034
-0.02733962770683218
0.0028224210145217283
-0.00861739119309164
-0.1553259827387317
-0.3509364792598103
-0.4910337624957564
-0.4356108040594079
-0.3758979946034138
-0.2564529335304738
-0.2830375869407485
-0.41343571024901343
-0.5155998276564783
-0.5245482559404875
-0.5219129267668228
-0.5048854679125779
-0.4225147362916176
-0.20647906244069264
-0.056251576821307006
-0.004035309705932073
-0.08057784494280391
-0.05000006106666198
-0.02426280274393139
-0.01586174664503854
-0.0320790978342449
-0.0007291482733568404
0.029878655152347118
0.031121019742056902
-0.009945330612321585
-0.03054861844297575
0.016328884520839287
0.06584038509162538
0.04966106447495002
0.1047136432273431
0.2385821969496171
0.4810742364492355
0.6107981928827566
0.6678793214680677
0.6221618637011576
0.6072571975824443
0.464726857343273
0.27491207314613486
0.1918749171882732
0.23394024882313716
0.2404928649491145
0.13906136462396512
0.059229771576279636
0.05192440730468475
0.0488911216266008
0.0046667885796192006
-0.08048946125187666
-0.09405343711459509
-0.09955250002639424
-0.02499172103983404
-0.02905300024611235
0.011711892459507893
0.004524510661515612
0.04424794508011648
0.0003054947834293899
-0.0005103536867020868
-0.02330724558399978
0.004832445622023303
0.01462642710099292
0.03842194376988299
-0.011826484031940844
-0.09488143635401029
-0.23505324210566533
-0.30402318619808216
-0.30223255489402534
-0.288655027862065
-0.40220309587522096
-0.5752984234148256
-0.6196364023643203
-0.6004157994361788
-0.5103121834846874
-0.38741272314407305
-0.21890521388727643
-0.11500166660359651
-0.04451202350181663
-0.0032381549885804033
-0.018780884179910314
-0.06032505598315717
-0.03413558995780867
0.01170918372509654
0.0370621176789296
0.0294699519310606
-0.06951669289807892
-0.05808065655232434
-0.038614231779182655
0.08074317311985467
0.05187292472349714
0.09101930551277712
-0.0008186170015924559
-0.07795420706782501
-0.1253164648147488
0.04166888216981313
0.2744853975255598
0.3657240180814975
0.5203833517378166
0.6186873764233872
0.6713715036812032
0.5246655130063763
0.4706712373490139
0.3121435895952248
0.248431733554999
0.14078062123155585
0.10583436456172565
0.11155521425253805
0.2317843270122994
0.20005430779654926
0.08617797114281457
0.0027469567346197596
-0.007847314063009439
0.034953071996093064
0.050787258250582314
0.12393310648061723
-0.0008771887363031424
0.0068833380066452106
0.0005328584164422935
0.07639488836333956
-0.07759609123497524
-0.049012910534549196
-0.035611660258958025
0.037827192532779025
-0.028031664813419954
-0.06250634315336948
-0.18071417791569305
-0.1879914865157517
-0.20604014265171114
-0.07326478857548906
-0.09058789647331175
-0.15555899960875055
-0.4109666773814509
-0.17222947630145505
-0.5083663884839887
-0.785285666594151
-1.0
-0.42018008659604306
-0.24533824988702113
-0.1338701264662069
-0.2039189522635351
0.008107608603226
-0.05546015759210608
-0.04331744442431209
-0.009250857682914273
0.18629401102118795
0.033537433107641915
-0.04733692971674136
-0.07060902634944469
-0.021498526113397875
0.03194502635963877
-0.041848447987897185
-0.004018300321045567
-0.06465072686160779
0.08064826187816876
0.014132246966493865
-0.002020223680332031
-0.005482540934130635
0.18663511140378541
0.34110413103408155
0.4353417095661224
0.6604275334123396
0.6230506617224391
0.5131756332047923
0.36586040137215914
0.31985876864993734
0.20631343987692402
0.25358397316046966
0.30682134047569787
0.24894477452413416
0.1041738460383192
0.004003086042984876
0.041360213316265895
0.04647080623657616
0.05670165432819353
0.03379429486333877
0.04448171204254091
0.02710475315084682
0.016486674012976134
-0.05764866040613678
-0.017473975364190274
0.0160586778203915
0.0679398619065631
0.01810120738574877
0.021115451564645914
-0.0007078819463386802
-0.019060292894749423
-0.0278049453780418
-0.05261449249913693
0.007745898487559101
-0.012562300538735293
0.011387937371672126
-0.0024310933086802823
0.019411756910385023
-0.06673931226568385
-0.21384529318620027
-0.37715577739691614
-0.42039673111368864
-0.3892403402180552
-0.3344381455830726
-0.3825858463065686
-0.3995779823570455
-0.4936799330938096
-0.6235915716277224
-0.6461617764626925
-0.38167905994126355
-0.026421972367455825
0.04469891678555112
0.11038306842618366
-0.004587445734630925
-0.04691796648589637
-0.11648252046085954
-0.02291468047455575
-0.03883296373796423
-0.03092385850198038
-0.07020441222379205
-0.0881854754063602
-0.02755790957231819
0.05871975018150056
0.05256268381513758
0.0015104630167661896
-0.07852334191519705
-0.049009733903498304
0.01374523732305275
0.13410231327841834
0.044373919478508224
0.06194958618540366
0.07443444512411942
0.521686229954626
0.7323553392881171
0.6732752784560396
0.39480311413646013
0.44300190796468186
0.45487361796243975
0.3427493983954354
0.22105060150963748
0.2009822355482958
0.22571358975921296
0.2522363423296161
0.22013572908044987
0.12323226206246489
0.06454854596562468
0.040585282257844385
0.05314879729026263
0.03904806965662457
0.055314441811993006
0.12104158660266032
0.07748206265283851
0.044901882789842015
0.04009115438132605
0.03574243275866787
-0.04848611849124592
-0.055187479006456555
-0.00692910185139907
-0.006796301246715316
0.0111985071651842
0.018225373178861106
0.017853903063283272
-0.05282904598850017
-0.10775022295853903
-0.1848906224889998
-0.1907456144085404
-0.2064199537408595
-0.2252333957385304
-0.33971093948089753
-0.4675430655114086
-0.5682227205487599
-0.6683300363981437
-0.584039709407567
-0.35154080310424113
-0.2783868675019622
-0.3956271751502317
-0.3844856286314673
-0.24578546026271567
-0.13720691602003188
-0.0587952618082443
0.024015811687041196
0.028421134864817437
-0.02741494551540115
-0.052535755618587206
-0.05047519061291624
-0.00010961029029726099
-0.00948914982997233
0.019153871560934527
-0.02178807742194787
-0.0032106845459521933
0.020182153676414075
0.061160720113647773
0.04527745441369319
0.14936852248237
0.24010138163888187
0.37737892129365425
0.42821896587200375
0.5400764538505262
0.5700531697560965
0.5339119689918728
0.4054492832756405
0.3029672778352594
0.2732419601743107
0.24434573662791068
0.30213023538929257
0.31423259106350415
0.2521984927827605
0.10764790842918338
0.06082013420108528
0.03149679956639096
0.05221500678338946
0.04578525546289946
0.07469257435054841
0.09264522501440901
0.05826345208379305
0.010373946843167359
-0.041537082682955466
-0.03752602818712689
-0.022666191786312868
0.01894059466772904
0.037938495249247424
-0.03947134562659044
-0.08800582138050224
-0.11000671740012281
-0.12007553994034476
-0.22778236738064864
-0.3535195592179156
-0.34165382805977407
-0.25850130142915906
-0.17160737398320125
-0.21807365205667079
-0.37829000264401114
-0.6832891033295285
-0.7260854008956362
-0.6580773772877111
-0.39591152935962953
-0.3184171085863491
-0.16588743842793383
-0.11772592336312047
-0.009981544561576012
0.007719059382252249
-0.022742823973486506
-0.011694946395586284
-0.007245124279564007
0.00530933134912497
-0.017360275723544732
-0.0028261669048232213
