0.818867924528304
0.0
0.22053819981441455
0.044992743105950694
0.4831829368334713
0.29245283018867985
0.742988271290161
1.0
0.5069182389937119
0.5577007459412063
0.8601553829078784
0.7080436941410156
0.531732418524874
0.5849056603773581
0.5849056603773611
0.34211463154147526
0.37846836847946663
0.43867924528302144
0.48318293683347024
0.5317324185248714
0.27706057596822387
0.5069182389937119
0.6134376438104016
0.5849056603773611
0.7080436941410156
0.5577007459412007
0.6433962264151003
0.5849056603773611
0.8188679245282983
0.6748911465892643
0.742988271290159
0.7080436941410156
0.4386792452830191
0.7080436941410156
0.7080436941410156
0.6748911465892574
0.7429882712901665
0.6433962264150938
0.8188679245283068
