0.4946524064171159
0.8371040723981935
0.7617647058823556
0.4352941176470626
0.621848739495801
0.6901004304160712
0.8371040723981953
0.6901004304160712
0.621848739495801
0.6218487394958044
0.837104072398187
0.49465240641711894
1.0
0.49465240641711894
0.8371040723981913
1.0
0.1280276816609054
1.0
0.49465240641711894
0.49465240641711283
0.3241551939924954
0.3241551939924954
0.27205882352941396
0.12802768166091016
0.6218487394958044
0.49465240641711283
0.5567715458276297
0.2220888355342187
0.8371040723981996
0.0
0.27205882352942484
0.5567715458276297
0.3785166240409279
0.32415519399248977
0.27205882352942484
0.3785166240409162
0.8371040723981996
0.32415519399248977
0.6218487394958044
0.3785166240409279
