0.9207272920098126
0.9474966351082436
0.949026850251806
0.9432520098316237
0.9379925447248701
0.9413866028885066
0.9436539408940333
0.9482600593877711
0.9476843954735896
0.944379545862049
0.9361521490620738
0.9382073323543807
0.936874735675085
0.9347326112650218
0.9321994405465833
0.9413750855049107
0.9459712063609691
0.9455685488927705
0.9419422258503299
0.9406775422016586
0.9414396515432855
0.944370870440255
0.9384541906376818
0.9310358967477669
0.925474933462439
0.9251131113767456
0.920389888101366
0.924200246253475
0.9287576309606568
0.9345112573637585
0.9345710093272218
0.9408447861418309
0.9406113536886964
0.9332131329610722
0.9216805313389042
0.9258581952764615
0.9330392463512848
0.9411274783197279
0.9388120410318144
0.9352114280917027
0.9328242285370036
0.9354971888181015
0.9369083970278028
0.9324220692152528
0.930411186911071
0.9335972417884485
0.9376902214112762
0.9365346994949233
0.9297262654692267
0.9273828150393904
0.9279782643799154
0.9264658645233429
0.9231783379560344
0.9202832862585859
0.9207446846781848
0.9164701219347909
0.9189497541684546
0.9213887477365174
0.9248571944253635
0.9199878601334315
0.9170129219338787
0.8985983245899661
0.8853779493432967
0.8742835788251285
0.856897237593758
0.8196855375438996
0.7760887381805793
0.7173212932526127
0.6413976358926083
0.552676888661077
0.4611853585468172
0.3716020233707374
0.30850729702510227
0.2333993781318613
0.14153156373495684
0.06333880605969897
0.0349932242020761
0.024019102701890706
0.023439954355193252
0.02809955182812177
0.032484471790927796
0.027201823978024047
0.027457948984969824
0.030766907557133183
0.03431751269173619
0.030863163090332442
0.03128054359906893
0.03342825513659063
0.03566165021833464
0.027891692118604098
0.029729733075325882
0.037426609121848545
0.044461296021973774
0.04081199698907277
0.03263704546317377
0.037096531072317536
0.028690610916794847
0.041057328715123485
0.10867281910292148
0.24413556058902533
0.38783091955744525
0.510527910602724
0.5989725516365567
0.6545934504894418
0.6789323191573218
0.7017107599754419
0.7374417352253533
0.8028379122629481
0.861890567964889
0.9063840874885665
0.9353678191580148
0.9571081177785554
0.9721840294112232
0.9781062916197006
0.9787550994077291
0.9773801335681445
0.978530790653682
0.9767397012716489
0.9708918098043714
0.9667071108679843
0.9748694939044436
0.9725431499767306
0.9523327049432624
0.9329676204132975
0.9378905327566796
0.9345767565359848
0.9181238748475202
0.9036340351431756
0.8807583027270315
0.8290293904416722
0.7633044696448472
0.6814797397972323
0.5743211762530799
0.45723602875162145
0.34368367921062143
0.2259968763488695
0.14468769578364393
0.09611517515956196
0.07576714397878555
0.051422325698975986
0.06507080842361354
0.0800427607742798
0.07128958123504757
0.0241940455780529
0.07801802073406548
0.13064331971423848
0.14132156709228194
0.09290469358713427
0.095476198303851
0.10958370321798491
0.1597356783672759
0.251807463102257
0.34306831291734574
0.46295847432079207
0.588473787963439
0.6747716804268808
0.7013249319569371
0.7218807227587649
0.7418887057336674
0.75460142835805
0.7604209700592187
0.7741220078159267
0.778578924537609
0.7876445402448737
0.7987730497929771
0.8154746210535765
0.8308712183460948
0.8350265275721026
0.8326159717587427
0.8360707984229213
0.8447837028338947
0.8426090480694249
0.8381234223419946
0.8372397625776299
0.8383769419396102
0.8364576358075559
0.8364084392368897
0.8367632308248596
0.8336342732824142
0.8367468781902301
0.8391998200157443
0.8353470903920825
0.8226902289441214
0.8181246833098814
0.8136721862410624
0.8039741402681688
0.7904691088175031
0.7800820764267306
0.7601779132061041
0.7182853669482703
0.66527391681019
0.6122066686401719
0.5521593937026037
0.4716951938096366
0.37834476349428625
0.2819953408038409
0.18753279426669647
0.11412575875290579
0.07273851342287556
0.057925380266647036
0.06261784495607611
0.06898333024976043
0.08127097620319063
0.08193580865779075
0.07468029180675391
0.07561551952994833
0.07187140602767048
0.06561380257106968
0.050156528351332164
0.05100649716496038
0.051770035187366135
0.053478322831886194
0.04371787072053286
0.024864939625037236
0.03960520843878381
0.03932752780229433
0.0370267564471609
0.03673017980699346
0.06473059827634639
0.12225174532181972
0.24998884561204018
0.40663240877911033
0.5161024047599698
0.5848017410167217
0.6429327741765926
0.6993490337563656
0.7512795185390871
0.787627175114622
0.8160655484365569
0.8397263432013202
0.8582006945437778
0.8687549363873965
0.8829432675839192
0.9020016068807516
0.9105166157545009
0.9155096514515358
0.9207379649786951
0.9206267320042598
0.9219503427406843
0.9202523353067944
0.9322967533407538
0.9338679971068341
0.9360204833706086
0.9322024848114098
0.9353165959827237
0.9306050822309584
0.9265667294460578
0.9309266176843589
0.9336521001982333
0.9320223356613835
0.9277280160801054
0.9315415266466484
0.9248730474713702
0.9146644707643289
0.8978654163224706
0.8894978653452493
0.8786503802495256
0.8524007648420415
0.8010864266822484
0.7331044614585094
0.6621405158810428
0.5826024438852428
0.4872216072159149
0.3740039053087789
0.26320907585987896
0.1657681126177195
0.11536733617370207
0.09038864397102249
0.07555327988965514
0.04454034147554557
0.06252361486377533
0.07487464589284239
0.07406848440324827
0.05633796435733422
0.06113884829773596
0.05513870352105024
0.05490876376375133
0.05356957466164621
0.04510668181647431
0.03936518861620241
0.04635335975914708
0.06507801817632607
0.0761048225908298
0.11892700061241551
0.20432848706856876
0.3279222437733691
0.4618316811923724
0.5648666117790929
0.6452658399299823
0.6932818556135343
0.7344957294908824
0.7447870238148986
0.7603896048261743
0.7873736869136472
0.8101624581751471
0.8260509824056669
0.8445171420745976
0.8649209661822872
0.8807272102373549
0.8971815686260471
0.9161875304407313
0.9271429264048642
0.9407766214749704
0.9468586731713665
0.9448921003581946
0.9294840813142375
0.9272516913985932
0.9235130638618687
0.9215009029814254
0.9044806912836485
0.8890109635469716
0.8708680848301795
0.852885170738021
0.8382411609054395
0.8211710617514744
0.7856774339928854
0.7382780171066027
0.6857955982652024
0.6339870337952209
0.5654193289504051
0.4990876169045019
0.4388569526288664
0.37834756257457547
0.28223807544856033
0.17762840229685886
0.12948878524533713
0.13823705293306002
0.16138413906493349
0.1586064768680106
0.17055820827772483
0.16393084755231652
0.15442255039605896
0.1103528593643029
0.08092573198252614
0.06830703396492002
0.08861370390493853
0.11355610157160875
0.07947626284814925
0.0638726572711691
0.05485090017822256
0.08435487598830507
0.09445278976319076
0.09957005071912811
0.10367057913042681
0.13109441932455632
0.21423537602091164
0.351167401314458
0.5191712777427628
0.6372162130979273
0.6926719498244143
0.7339688205130374
0.769562309391895
0.7959577786239698
0.8214132767750003
0.8400981540742627
0.8574729034561943
0.8700516330048362
0.8831604476811137
0.8998816276614527
0.9111638505244757
0.9206839250340818
0.9262933451812466
0.9395835839004114
0.9500097566315633
0.9539491911174732
0.9565618524967405
0.9596770275108188
0.970838509595293
0.9691196472041798
0.9702864812914143
0.974337122333063
0.9843960493851378
0.9873284169762471
0.9880944027738888
0.9768500950533442
0.9641482345395714
0.9552348649292199
0.9493683752665114
0.941224914275289
0.9395099032738691
0.9292291573651513
0.9132637835604511
0.8959243803182383
0.8800358948926947
0.8507934372141555
0.795839108307294
0.7163818161991679
0.6515077608190486
0.5943840340015322
0.5161466725230046
0.41830872846226075
0.3186768718084297
0.2057199260397331
0.13579306376707115
0.09767235650830658
0.09362287308327574
0.07846694202669678
0.08048982640884472
0.06698739178847636
0.04817845692935886
0.05426864110434387
0.06383946320518721
0.08518594576089503
0.12152568790332853
0.21344258905293834
0.3332954363664059
0.44430781244268786
0.5308725513728815
0.603491022452356
0.6531265715189979
0.6944146274073556
0.7282285117232
0.7734940297946958
0.7994348474484956
0.821667647197276
0.8534327901073664
0.8891621808794655
0.9144392664997176
0.9322356509379736
0.9420542526795392
0.9493519334414925
0.9544660801037914
0.9684206228707978
0.9793527122766935
0.9815459487446629
0.9792995228378782
0.9770559895147246
0.9838638508377255
0.9869984994064962
0.9871387352698344
0.9824841762634479
0.9848094243763248
0.9874556240431771
0.9901403346784762
0.9861200387515147
0.9850810233823644
0.9877673237619587
0.9902925706029492
0.989408212984751
0.9846158162743571
0.9844900499434305
0.9791509519251772
0.9786303046057132
0.9780748304660232
0.9814874565672103
0.9761055303259227
0.9684571971593894
0.95692823801399
0.9294268082797411
0.8876436828427279
0.8445607389984047
0.8138252530224799
0.774084152043365
0.7089163304202687
0.6265182119699818
0.5474679668200295
0.4531187039918416
0.34398537894003983
0.23384001483344702
0.14912549965719904
0.09285181217092386
0.06543529232810845
0.055526738970510914
0.040452886016042085
0.030848182173778483
0.0316613965403677
0.03880422204899504
0.04085453659516407
0.0440829195041094
0.05226734145445097
0.06785336624200572
0.10975450252329476
0.126300211779832
0.1098102198694337
0.0927514709470003
0.0907762453739178
0.07342087156190083
0.09020104786756228
0.168332327873904
0.2780031872466543
0.3839436546509911
0.4921743434477543
0.5823533242229103
0.66149266563033
0.7256957398398997
0.7777271084993187
0.8167759890525124
0.8540601078864868
0.8859218271833296
0.9094739660652592
0.9267022133044124
0.9418558249407532
0.9513333422668637
0.9630134524538908
0.9721290138756747
0.971348698200834
0.9758628280778224
0.9810406992841549
0.992964664450932
0.9915815004671051
0.9986602869736412
0.99872874787809
0.9978758784478462
0.9977975550282779
0.9958166853957842
0.997479231101754
0.9963902874682421
0.995244547679743
0.9916741522666126
0.9946988259284117
0.9989980746935855
0.999544635674326
1.0
0.9980780431196492
0.9833611676832021
0.9642416333778547
0.9384737626374201
0.9013245976035509
0.8406012496060685
0.7756173226323952
0.7083476147519806
0.643534877572365
0.5553796654597019
0.45544949751110136
0.35911359063570886
0.2910570798505751
0.24291771760162406
0.1704758452535093
0.10326941320458373
0.05440538232732764
0.049867440348470876
0.05144813041339903
0.054489418646942345
0.04613053322145683
0.03418615829458893
0.033039272710845155
0.05132617805028386
0.07610794378153797
0.16392331211226133
0.26655293871975566
0.3889593574854531
0.48685527332158185
0.5787119214960068
0.6493353188216712
0.6949431418887064
0.7334593541133949
0.7504256524701209
0.781101027411057
0.8067900242583509
0.8327912190433056
0.8539844325638315
0.8658192819435303
0.8741734200157218
0.886544429210034
0.8984244824321044
0.9098084931376466
0.9224707499330977
0.9303175551207543
0.9301131985958278
0.932480107562989
0.9363343843084528
0.9336887032521668
0.9264025312240081
0.9244896362043237
0.9241013416617707
0.9230607093388882
0.9267253932264073
0.9327831785073336
0.9365434799324247
0.9283140418061353
0.9264533673343145
0.9267305036840726
0.934314213356476
0.9322513714307015
0.9345319064659227
0.9333879071745871
0.9304347445123612
0.9239904493248989
0.9228369240586375
0.9229696365317946
0.9163455120968184
0.9074613634659858
0.887487853761089
0.8552886508098347
0.8012634175242622
0.7401578967367458
0.6674194804489548
0.5848647448198601
0.5023135828675649
0.4474225949932537
0.4040473707194514
0.3430323605564484
0.23745549972396446
0.13934306650239872
0.07488815520841034
0.06259866276380759
0.059800883129136395
0.057287109031429494
0.04327112268906106
0.035735237695180826
0.03690784190621556
0.048972351088059175
0.06385332890677765
0.08182716927114493
0.09835149322111905
0.12475437267478871
0.19340700865255622
0.3497392734992782
0.512152762978087
0.6226734780808036
0.6715242030434536
0.7145210787824418
0.7350902170292468
0.7554112083876842
0.7795006530312927
0.8068924807062771
0.8306561628031823
0.847944222758948
0.8572893711949051
0.8624131784323892
0.8682717479109442
0.8780523994832244
0.885407356611988
0.8904686960476691
0.8822712667377928
0.8798165351318731
0.8840779003698068
0.8948174162687113
0.893472142276544
0.8895117062518505
0.8927559963464669
0.9051532493660975
0.9182018230100477
0.9158700867493211
0.912262172251721
0.9123875398972348
0.9195987606460623
0.9199975104268144
0.9249413078193964
0.9267853073101814
0.9325008431110915
0.9284448681597309
0.9228178836848411
0.9169157165124153
0.9139676443951783
0.9065073442496986
0.9005457771884576
0.8933304223513459
0.8829019182350318
0.8661765863036417
0.8448071058174037
0.8145193505609714
0.7728130445392581
0.7354646599139224
0.7101697834889161
0.68214948129832
0.6237246866173771
0.5337150083741328
0.4535175677034474
0.3754849256883938
0.30652216470627724
0.23056011474749824
0.16315813181066935
0.11622004933208606
0.10106505098614822
0.10280837471093625
0.09717026472396854
0.08246155382822759
0.06568988067755108
0.056298656564031005
0.0787690282259902
0.08674344214839734
0.07538878465945371
0.08798813929188108
0.10656911551831871
0.11573554223137011
0.17920371130808496
0.2913045141971504
0.4205775771836291
0.526560860616417
0.6210801780651019
0.6614792113049259
0.6989273326776255
0.7353073474995778
0.7661982987344474
0.7943363106733331
0.8148865284545435
0.8289353200896289
0.8404132983662218
0.8579664702594738
0.8703935756427241
0.8784534307592715
0.8804859079717268
0.8904526694391124
0.8977535943689983
0.8986788495631983
0.9021655952926624
0.9067069038530158
0.9082238988216716
0.9034907813073718
0.9030017082467059
0.9037343654845943
0.9087260830538636
0.9090631815285296
0.9098984556403215
0.9069438616725805
0.9046419548362549
0.9001443515687786
0.8965023402797024
0.8933349087053887
0.8916261427642722
0.882626569884922
0.8591258954409411
0.8333103024999394
0.8136529406088299
0.792713069976624
0.7610596622762271
0.7281393360399404
0.6909929336803611
0.6425916739644744
0.5865595262535768
0.5373591112075781
0.4974987163119279
0.4575268772146276
0.400794341398352
0.33585424645199097
0.25485107406221674
0.17598512368879365
0.11996591389346031
0.09807881104744738
0.08110354480497116
0.0636201498168245
0.06230347250650035
0.06516730151236093
0.0713198757625234
0.0548706900606305
0.038637732067252815
0.041243469857937975
0.059569751119574015
0.06813570379644719
0.06761663496487225
0.06955332804645105
0.0594735288728579
0.09057490927321975
0.1718045058897554
0.27866151749430634
0.3692789507478413
0.4608805737562528
0.544080516087958
0.6070290827293464
0.6549938113475086
0.6994378830704981
0.7425756468916822
0.7763313159683313
0.7909489482847176
0.7997647558948406
0.81039775636803
0.8242661076650295
0.8278572419699749
0.8380424155950711
0.8420130182063611
0.844626674824843
0.8384533581173194
0.8407095680167803
0.8319116593744835
0.8253056038549824
0.8167848117189744
0.8196174922596593
0.8188759331497372
0.8228887449199305
0.8253528773781802
0.82712170669409
0.8218385375045917
0.8184475932942147
0.8117618120446325
0.8110784998612671
0.8108717844653189
0.8068642370119998
0.7940491826283087
0.7824979115464116
0.7724364402646413
0.7526200331152316
0.7216476617618448
0.6706663760500702
0.6202177153644327
0.5616843975790462
0.50375582824527
0.43331725108422464
0.3613445791635309
0.27988449451222847
0.20859140856855846
0.13940448886815493
0.1042335940159586
0.09107619351214422
0.09886568730532866
0.08585108872055715
0.09313280733038415
0.07458842548581036
0.05172422540225227
0.028071210246101708
0.03497825237885649
0.035885329773689544
0.03344684683275301
0.035270832833568834
0.03949098117489425
0.0525465429745232
0.09679855425342883
0.17487427911395362
0.2646249865419598
0.34891431308521836
0.4350507029005416
0.513991751327449
0.5871822410773108
0.6364686515389323
0.6721918067784362
0.7037862071501084
0.73956857662619
0.7640440762367763
0.7786356246386377
0.787534999295024
0.7895137502391532
0.7980055061822063
0.803793973163269
0.8047244619652923
0.8048873123496993
0.8074507497390119
0.8092308065048772
0.8031087973272001
0.7998740436609468
0.7998293113244624
0.8046824689207132
0.8001678752376796
0.8023809196421017
0.8074383983186559
0.8124388884250507
0.8069649648322781
0.8074371270842134
0.8091351070329574
0.8069531234566322
0.7857096524101319
0.7601918753465442
0.7345340509566424
0.7094242055922456
0.6704256937200339
0.6303076939858745
0.5748316248342675
0.5195336148326912
0.4579877628257964
0.40287488329330085
0.3343705372386137
0.2768369122981736
0.2370431129341941
0.20459664769217153
0.14567685106056313
0.09494996000360821
0.0734037495731164
0.07423605407142873
0.07516531327711365
0.07866731743006611
0.07215903008905722
0.08419293371781171
0.06491446600139524
0.0673821830294231
0.05883681922555023
0.07153385170835938
0.04976388140319921
0.08043685765431495
0.15249947250186677
0.24388495020928508
0.3203281809707606
0.3721246274814863
0.447540492264734
0.52763568515486
0.5961136471424123
0.6351916392533997
0.6677929422383412
0.6862666568405893
0.6983268960558983
0.7111919689869639
0.7223344674010083
0.723893131518255
0.7257887736423879
0.7216268363979647
0.7219007682495855
0.7188455171716175
0.7220651589666855
0.719464493296272
0.724328928748187
0.7320005257557158
0.7401807944484907
0.7441751555986166
0.7431961618480469
0.7460807553873945
0.7434645431158939
0.7455836301601442
0.7421486867907394
0.7373438351578023
0.7184654518734995
0.6886804924347244
0.6576856517458468
0.6295969645526521
0.5882341612682541
0.5394961071369607
0.4776951340129867
0.4183096472393992
0.36117872560771525
0.30581854893202093
0.22677335830505346
0.12735902556615242
0.059744233293712354
0.03492341567695307
0.04144888489013894
0.03751396803925596
0.035061331092018956
0.02989662241177549
0.029721579114833765
0.02529143970744304
0.025535688329262323
0.026960096284964503
0.03239883657253709
0.028624990972785695
0.025079966713279982
0.029092810791768807
0.03476488659002403
0.037496436483681
0.03848108754285932
0.0457549863189158
0.07240677157614589
0.13300726210321914
0.2133695866000371
0.287406318978607
0.3581447704017005
0.43613395680731815
0.512291352027721
0.5645115563134467
0.5924239296664735
0.6092640723131705
0.6295752536825585
0.6418453120698965
0.6468072284302713
0.6498654963002543
0.653475560900454
0.650717537924803
0.6465209608717095
0.6468343457161344
0.6451809657640581
0.6442628926993526
0.6463021595479749
0.6463579164003231
0.6441233879981089
0.6417016072543161
0.6407843693907468
0.6373310014678127
0.6293193486033904
0.6139145422881487
0.6006208189952911
0.5892271128652319
0.5685523622130343
0.5397242339882355
0.49368121069006415
0.43793570285220207
0.3866786574832409
0.3649822952396346
0.34178006860936805
0.31453540565895716
0.28200082352046724
0.23311442650593597
0.14357358731454672
0.07505081624052506
0.05018274247850168
0.049773550023149295
0.040341292424176584
0.03448202192147303
0.03293092180165192
0.03660475281387034
0.03759687952315423
0.03244172580120395
0.02354745492323755
0.02583055104022479
0.021662549849843088
0.02230662157379532
0.020960911600926186
0.017220024152228806
0.011126934223252878
0.016844479871559428
0.022391374295908335
0.02584442705935418
0.07047070487611717
0.1587090595633058
0.24743842140282163
0.30807425890888607
0.37200520940889553
0.44958175491003366
0.5268358441228939
0.580671797429806
0.6146618123941703
0.6314024184495217
0.6399284243686952
0.6455706963261767
0.6535430704880257
0.6604817088499653
0.6656442360428788
0.6681202944451731
0.669494626482784
0.6745205086081003
0.685567564884083
0.7023807726872977
0.7162702756834775
0.7319331541333259
0.7422913376474619
0.7487960437765354
0.7496158801192486
0.7513717557429418
0.7486338023937871
0.7531399604591741
0.7584161351640133
0.758095544814697
0.750099846895959
0.7460476200721872
0.7466473352607534
0.7447309023556041
0.7411393125003239
0.7291016674700981
0.7131988957470273
0.6909628028581806
0.6649771452766965
0.6221221940789649
0.5731432648963406
0.5326160571175282
0.4977513025563028
0.4515064770154318
0.39996827741015073
0.34889833544601273
0.28571073027996
0.2115702524333419
0.13947771784062737
0.09303554744943839
0.07284356725650659
0.07428051062603852
0.08094113462036003
0.07539526288700932
0.05940113205991578
0.043846348646336124
0.043078929664777416
0.0477928289172339
0.05035763936193778
0.047216983032862224
0.04410597902777482
0.04805668867688459
0.04749066108802211
0.04568503128079584
0.036373066223370526
0.029172849065409963
0.03229551198500242
0.04478558706078488
0.051026672180639755
0.044112055387111514
0.0606394133077108
0.13375619406687883
0.23744075136562123
0.32295498513545867
0.3890442423823063
0.4686928844965225
0.5509070376380482
0.6223670655416501
0.6670899590305511
0.6937767611530473
0.7102177653893617
0.7230498986286508
0.7316100608683539
0.7393549449269966
0.7505146875712435
0.764927078767452
0.7754920489075022
0.785290289792505
0.7888165145131268
0.7903668894420011
0.7988896710458028
0.813313488336366
0.830865146180541
0.8325412985973306
0.8349628536284123
0.8386448592283676
0.8541780236924917
0.8527508937990326
0.8421770031418503
0.8411831164945901
0.8360506351742988
0.8342124089023716
0.8451403389855452
0.8484870869529293
0.8442022309839206
0.8583648683595396
0.863863025831844
0.8539150739231387
0.8427104107314811
0.8448432815375377
0.8340745472048358
0.8310506832183266
0.8000595411279936
0.805630647359674
0.8019936851458205
0.7962206004683314
0.7549248657382208
0.7627662569555507
0.7929662020329361
0.8275403513712338
0.8387586149796572
0.8321404335965586
0.8212350773937548
0.7984583155529061
0.7756943929916835
0.7453016765754255
0.6912149722031722
0.6152367438823796
0.5485811933217395
0.4956664958237579
0.4295587474103849
0.3476809491756456
0.2650083351923566
0.18284013224668622
0.1117996862468666
0.08025669752137204
0.07177072484973693
0.0698069627139171
0.06148006830803769
0.056578634333324544
0.04878595026830161
0.04772554262229451
0.07277033715430706
0.13037070975119813
0.21437463147854358
0.28809276199588774
0.3493217536149909
0.41941457383929903
0.5035963795264492
0.5852322057838435
0.64481308430106
0.6845288280299198
0.7120286474740964
0.7322283353543113
0.7544060197277419
0.7733993298169088
0.7740630553794224
0.7861664050733421
0.7971476334993965
0.8117385407389612
0.7826843275673597
0.7770914615862192
0.790170336149201
0.8039384811544423
0.8086971697881754
0.8132385914233811
0.826140508174602
0.8214741261697246
0.8219242929954149
0.8163628877185991
0.8181471334698327
0.8170221823686459
0.8092416433657363
0.8003740215777089
0.7920367123567261
0.780880720158507
0.7731409705454635
0.7684034529223428
0.7566008143307408
0.7319096825745394
0.6952302292806584
0.6403800602159666
0.5795580057066501
0.5081435569722315
0.4443760158696102
0.38399282473458557
0.3299893433867635
0.2807739553298963
0.23576069990339535
0.1715430539296203
0.10331717600770919
0.07440194998353597
0.07690942285342557
0.07338412107607627
0.06106060841797631
0.05157771341149245
0.04980786733015241
0.04800820909459637
0.04656161716612638
0.047771664978732996
0.05138532273749084
0.05144818951008684
0.04506307345599276
0.04513916732335446
0.06327823168648344
0.12460071926228555
0.21381249628557547
0.28463831814189755
0.3386362495187723
0.4098465596627988
0.507625627830443
0.5846405175893726
0.6348191921702476
0.6654730727951786
0.6868370686166162
0.7008179279036137
0.7080762181085529
0.7210308337532637
0.7381733346654027
0.756847585927793
0.759567884340067
0.751104311550001
0.7483116758542114
0.758117542655743
0.7805887264265813
0.7998160050868323
0.8020947942489411
0.7884374727236282
0.7772984643666652
0.7764016762669093
0.7718453402358842
0.772304936521602
0.7735727287210534
0.7753782329991554
0.7707375247091484
0.7661800399623727
0.7612227893732171
0.7527405484290749
0.7393600409969129
0.731020902872395
0.7225028713021198
0.711045075084429
0.6928644030786669
0.6642288072034053
0.6129753014004907
0.5629988556919309
0.5201491815762471
0.4835415063097862
0.44219912859867844
0.4076264920657009
0.35763851703716154
0.29964027891978695
0.2508095929044903
0.21199420360104873
0.17957405775307989
0.15016065801605635
0.12677007289959694
0.09593374842631153
0.06954007062021358
0.05983312913451858
0.054525870802950765
0.047256489365700365
0.03399459233975023
0.02884068985488758
0.025134980300432742
0.02919116257128075
0.034302547356405526
0.03422158814607332
0.03102215544738637
0.033269914462856244
0.038829477014037925
0.03939093196748526
0.037891287663077755
0.07625363482781529
0.15875470239951284
0.25391266699108295
0.3127587484297449
0.37916994457229447
0.4775530748854752
0.5813598108704884
0.6445819757841683
0.6740278349860506
0.6986438701322327
0.7217892217625862
0.7400204162546128
0.7529387468708713
0.7642593799342597
0.775538365370917
0.7792077867927798
0.7864957597696256
0.7915823141803227
0.7985435197372253
0.7990111284944323
0.7997497910691683
0.800905934045923
0.7942063276964899
0.7932600244990762
0.7954629806912114
0.7999464337942374
0.7911306866577327
0.7825006303460973
0.7740848984396647
0.7618331863114667
0.7430189288706216
0.7143625479999147
0.6743351231064514
0.6298155497583598
0.5912754350958236
0.553874847528376
0.4904455998705783
0.41822678958050397
0.35290756800985323
0.3034157123262715
0.25363820821725175
0.2110507990488803
0.15684899216697248
0.1049359059525542
0.0704844862839722
0.06309085798260225
0.05990754363528322
0.06619822290167673
0.068817991873061
0.06116423813185626
0.050152416192679745
0.046931715618145645
0.04650625787287939
0.03883814185314533
0.0354264695638855
0.039129584476533356
0.03381234169687152
0.03077319960963608
0.02087866716567589
0.028442878556423083
0.03544660753456075
0.044030203426765134
0.03870776737022294
0.07176359666176944
0.15825654492243948
0.2539194722272802
0.3197365686627781
0.38190837715318376
0.47128361593699175
0.5639908490863724
0.633839665839079
0.6842431683372044
0.724463315274992
0.7513581115564593
0.767638790263818
0.7919668886976378
0.8136740773893838
0.8307026837953789
0.8337810913336461
0.8432983736924312
0.8506601536638513
0.8593012345922114
0.8640647108122657
0.8676410054949042
0.8654656285565103
0.8623301376549547
0.8620450613683481
0.8605649232816189
0.8531634855891583
0.8462845299902697
0.8437228472020232
0.8440758842861927
0.8449374597922149
0.8412466689292828
0.8299972160855464
0.821346513042179
0.8073858223992028
0.7952572423847781
0.7756012952525053
0.7560333273232454
0.7150126196090743
0.6660151175771616
0.6186678127785289
0.5722992560881767
0.5168052822419212
0.45341378956016015
0.38925188552282686
0.32576758681634754
0.2597708413151534
0.21306933668618508
0.19367504256901824
0.18390658103190125
0.16162841556613372
0.1379392048063852
0.12283425736441195
0.1166509070079366
0.1139080766105041
0.11099995933161622
0.10455867626333983
0.1028155762539482
0.10061612762056041
0.099258853177893
0.09745673892465528
0.09542199531109122
0.09363787716995453
0.09523508488171849
0.0951432743039344
0.09429095780048158
0.09962734791005298
0.12940828582263944
0.18582681238953425
0.26320183686113363
0.34097954182118884
0.4247969309164846
0.5047960794750107
0.5756946910094433
0.6256710535574604
0.6613210222112742
0.6837569310913154
0.6994809486613164
0.7097193878785927
0.7196332535890814
0.7300080627402723
0.742501436919107
0.7505720021481688
0.7512219719764641
0.7436517048937387
0.7302822158446037
0.7225291529594446
0.717399528206038
0.7162971992310188
0.7145275700462723
0.7194303804010541
0.7222459883364941
0.7241323606854214
0.7248936462918352
0.7214591611386032
0.7154491016575556
0.7089192045633905
0.7066969276581552
0.7016188850971448
0.689257068897068
0.6606198166676136
0.6285314450529011
0.5995398853322157
0.581041628445505
0.5565183559971937
0.5142575154825282
0.4696748093866667
0.433261371286271
0.38755211375609033
0.3294310738870106
0.27714053629445184
0.20999410545714942
0.12344025249652339
0.06318224520724079
0.04426412764852555
0.04390837321701551
0.045635361325224284
0.04742789480712321
0.03995162844811933
0.03450391202103154
0.048856860058362386
0.056439574557649475
0.05671156520862506
0.038620356726566246
0.02767757438799825
0.01734750633897067
0.024825320316251277
0.027250226544472494
0.02987550502319878
0.0300610858505041
0.054312460840129584
0.11280675366626448
0.21161260790249536
0.3118328949886511
0.38948708595781695
0.4532504775621182
0.5161980020362812
0.57379028578636
0.611462829825092
0.6391879124154323
0.6585396202342889
0.6781149715883318
0.6994784377585104
0.7108160998253259
0.7108823949531194
0.7078219813592525
0.7118367999641031
0.7092882143544432
0.7095079738950313
0.7059594221979256
0.7108254723353745
0.7108524880007673
0.7143503218066746
0.7147562417700296
0.7123490161176016
0.7079979125930331
0.7062151228604566
0.7023878559600465
0.7004651837309489
0.7056142617198856
0.7062934895844512
0.6946840073875221
0.6749225671185287
0.6490691365481421
0.6200726308932804
0.583396988863927
0.5226261314890578
0.45311933997262926
0.4082908287442
0.3846095333208387
0.35620505053963974
0.32065792584123787
0.2807227997496243
0.23966181197104644
0.19898650744840043
0.1623124198974564
0.12061615051468524
0.08240079903732665
0.06605566379246418
0.06007689139909384
0.05615208705074072
0.051308359375466385
0.053841367581010414
0.05235655672269596
0.04873460389050542
0.04647390482410253
0.04715858651828406
0.04619428866562117
0.04193108825012303
0.0364823852972988
0.03414778910930514
0.041603147258683124
0.0703858817615296
0.13754561176824054
0.22924767449018577
0.31997071680235156
0.392016811126851
0.4490654915113678
0.5010545881585384
0.5396657919004176
0.579262903099204
0.6056202020504426
0.620920582319711
0.6268620139690819
0.6264621501024831
0.6231402613050848
0.6140954713245386
0.6104151427485033
0.5983864300211534
0.5962798657282576
0.5965506852407249
0.5971101454074785
0.5961383115727302
0.6005078325941517
0.6049841777143852
0.6038135816053093
0.6002948465496145
0.5927076164272803
0.5923065148938039
0.5905410567813048
0.5851861381276816
0.5739147426903743
0.5664786314622613
0.5526443266052511
0.5347850476284952
0.5008488691759401
0.45003042754096884
0.40091927823526297
0.37544240555351294
0.3585152839244876
0.32038632659166844
0.24749806809232944
0.16430286283692036
0.09167232616123164
0.057592860419488
0.046485846996649
0.047293147646546393
0.03823761262396038
0.032509129588154134
0.028717198903691954
0.02908379334075523
0.013494276227816387
0.001056115169101327
0.0
0.0074082306161614795
0.014220847349675561
0.012631621969587486
0.012948149056452179
0.00018363218774437872
0.03378729120905268
0.10068285985466056
0.1862121876776027
0.2541136189824086
0.309804492705349
0.35974577315939926
0.4136482553620399
0.47956810538189887
0.5351180534138251
0.5834853128102442
0.6201372281311567
0.6443626321492658
0.6613647537939412
0.6758340701553283
0.6851487389977836
0.6902051008087561
0.6955235952744183
0.6976477641048363
0.6948134779945315
0.691659790668767
0.6870163953922246
0.6868729923642738
0.6861592911369397
0.6832593598435042
0.6739839923936313
0.6653939339908631
0.6592703108599877
0.6573606934468312
0.6604443439123374
0.6639664082076393
0.6585085614772646
0.6455973557735164
0.6347638988755271
0.6164824243966623
0.5878092920409723
0.5555888939688406
0.5182612765552692
0.46720765576485757
0.41506501556438896
0.3784840361352168
0.339135444531984
0.2951456903709312
0.24296729341821285
0.18571369622293896
0.114366789692384
0.06674586064410312
0.04674392278498329
0.04087645416069034
0.025416134594989828
0.016612335454670578
0.020987406000536588
0.0351651293653242
0.03690494116914163
0.027717422023019137
0.020544038774740783
0.02595644805501197
0.029822287407729124
0.01258426475260485
0.005159957192956208
0.02770341314344839
0.09337525986030244
0.18081701361212518
0.27742355931485263
0.34820208220339627
0.40917916938437293
0.4678984043692983
0.5275213763838733
0.5701075261939608
0.6082199277947832
0.6311291739829098
0.6483401787045739
0.6595578646295106
0.6682109124174992
0.6698393400358612
0.6701750223565607
0.6700468881399594
0.672588971108624
0.6752355054382576
0.6762005586849866
0.6748388239525448
0.6753343194652645
0.6782760779526135
0.6810221587648707
0.6824290757845509
0.6836011696472445
0.6801325151154589
0.6802942241686794
0.6828232768270218
0.6835557013514882
0.6772476399218732
0.6732041322074412
0.6678277949177235
0.6518645790625326
0.6254041312459543
0.592577753120537
0.5452434530121869
0.47929173730187585
0.3945386566965325
0.31823402877380025
0.26837323983421435
0.21822794994192166
0.13111184099093012
0.050712486875023104
0.02002264860902679
0.01957843593686132
0.012830017058561181
0.013634531968588114
0.011801565011591963
0.011660441367992184
0.007914037462035391
0.006478452304276464
0.005318339533151099
0.007361917792413547
0.007259830466158485
0.007635788117592551
0.010190230395856514
0.010864821798521662
0.008470553259230126
0.005552617529804281
0.0022774283003511894
0.0030550527333123123
0.007633851726721989
0.04590263742869931
0.14157897773068226
0.24794498470052048
0.31335127267806706
0.38049291655589407
0.4671480725805359
0.5545144226953732
0.60633895155101
0.6459557539591003
0.6658202472376269
0.6843788956591466
0.6982621563702724
0.7179697359920285
0.7388509848950273
0.7558230462740838
0.7657466124156849
0.777617918961003
0.7812105819593369
0.7769557803158983
0.7761537355553603
0.7809437997353077
0.7820076111284595
0.7784096228665869
0.7756376724294494
0.7725223716341438
0.7733696956782461
0.7739473660318381
0.7709835825324498
0.768744618383284
0.7674039758451611
0.7702392695903436
0.7724519885743927
0.7705833254935001
0.7590646732377727
0.7468189272095938
0.7179677588607964
0.6582062416646537
0.5861211837530848
0.5126033223174453
0.44082770870125354
0.37399401677614236
0.31887564424117865
0.25362075766328884
0.17705538722106376
0.10757098433992619
0.06657309233429823
0.05244469309725332
0.05239721479002831
0.05806267307541929
0.05895365070734298
0.05280224236376692
0.04672168755369411
0.042008502879665295
0.04209719101045064
0.03763241260084616
0.03104247569861878
0.015520443786029802
0.013067786948710285
0.021145717738136026
0.02558064059193912
0.030111484542259006
0.029253195677638066
0.029103860298983167
0.020647214856499386
0.014457782753546262
0.02933413239852431
0.10042751016144989
0.20757431719417788
0.3071862247671548
0.3865964820919092
0.4567075933796062
0.5197171173052377
0.5780086289910041
0.6285490330559023
0.6609073072759548
0.6792402862068094
0.6938678934664918
0.7020815003938529
0.7041381432518876
0.7061938290427925
0.7105353366509575
0.7188924711733244
0.7230378526673162
0.7202568677563723
0.7190300195743061
0.7259928294215918
0.7298984456159607
