0.17089334893307842
0.009768771295953977
-0.03686612014834576
-0.03357600529773459
0.021667396316927053
0.014474504790907994
0.029405092686924674
-0.003674992464054265
-0.02109789604323417
-0.052523044251745844
0.013120126041278603
-0.008507190798988935
-0.013675151195190718
-0.016171559604634064
0.05857658478146958
0.029341268566243726
-0.00257053312665743
-0.023150156757943942
-0.008073639434021788
0.004865245186066378
0.018712667394084028
-0.037771611440316426
-0.04735779587701799
-0.0355007455965278
-0.002309843305259161
-0.030152680262654406
0.02432502220372045
0.02909398008471706
0.03673069155714431
0.00038145176383404847
0.04005129025262039
-0.0014902141423169895
-0.04722965041170211
-0.073623207931422
0.026669873010367492
0.045843256688206775
0.051634627078907654
-0.014781566769161954
-0.022986025517508217
-0.01523969135043787
0.017063965011105554
0.009009040532333847
-0.02864035854294849
-0.012837312070315628
0.020339519945542745
0.026129255106781657
-0.0073767596509567174
-0.04346449919831652
-0.014960400430478728
0.003801301046056542
-0.009655039926277547
-0.020987307112019873
-0.018481778880124568
0.0029455306702057234
-0.027288467249910384
0.015829774192629712
0.01557034019624176
0.022142286722288455
-0.031085441326041605
-0.018991767930992394
-0.11755731912375032
-0.08439781998937841
-0.07082557555419858
-0.11099301420274059
-0.2375565219374496
-0.2783184861341601
-0.3751666761135119
-0.48469056643602426
-0.5663861663878589
-0.5840746230770888
-0.571892858952229
-0.40279169517065094
-0.47948295719712186
-0.586476791892945
-0.49917632167151627
-0.18095593131644047
-0.07005791542471915
-0.0036972368030198247
0.029746498220030674
0.027992978927127914
-0.03372400184276582
0.0016350815939535522
0.021124127319768315
0.022666779680031047
-0.02205229204164247
0.0026645238418850424
0.013710818970780391
0.014257815875663878
-0.04960279211373206
0.011733906708706564
0.04913624212131501
0.04490887948343082
-0.023296833646517606
-0.05218823780955432
0.028469000059628675
-0.05366272309930244
0.07894813899974146
0.4316518918538762
0.8647833255786218
0.9173396982495723
0.7832877940500795
0.5646235264675453
0.3550793772072329
0.15537739423049676
0.1454157474305248
0.22810369304356332
0.4174839726280028
0.3769874389218122
0.28404307603895806
0.18502982876184595
0.13878833053199183
0.09624341612165924
0.03780724907388035
0.004141937114495183
-0.008777672135293438
0.00734570295946503
-0.011434171604757862
-0.037332472200216904
-0.02671478388118454
0.0521080015765057
-0.014851193886796593
-0.12902186738380408
-0.12362515342753587
0.03142747932854017
-0.021154882803325652
-0.10503388301322408
-0.09250197972635642
-0.1460368492240294
-0.330233245717139
-0.4195826465382768
-0.52236254202379
-0.6840917135539001
-0.7474622329458878
-0.7249091328437755
-0.7513031527266242
-0.5190713165692241
-0.31008309337471046
-0.1299002063626066
-0.1554153760780048
0.08713082394634113
0.04778987418301299
-0.05587959927786133
-0.3006541392751921
0.3436079598023823
0.3359557068045295
0.06816907865313387
-0.309089454595131
0.008208140394425472
0.090061184953303
0.3201662049515609
0.5877789222451533
0.29130098923296366
0.7653692177288892
0.8012797404817527
0.550918855002039
0.16951383761448
0.1312265271947612
0.1277293657675716
0.08115700618239517
0.03715148955697447
0.08746633107480403
0.02845260048718867
0.057874166828009
0.07104351639546233
0.10662149738502877
0.09829064776888694
0.026527162316755424
-0.015388795840841431
0.022055337572306735
0.055622486074837746
-0.013882822380325132
-0.028635876487603996
-0.005641213379589718
0.007259662248409455
-0.012252697099383546
-0.0003140669790167976
0.0022649611691447813
-0.019975015118291584
0.019870621204498767
0.01565938475810855
-0.02459551829494918
-0.08080039289237693
-0.02914607879144429
-0.028424385776197717
-0.06191155114717322
-0.08621504246722066
-0.06630998542655817
-0.12706658874579807
-0.26743867038540015
-0.3384208649642389
-0.33877707514491684
-0.38333700870634546
-0.5136770274252959
-0.5959416935363392
-0.6150870214033799
-0.6030413546989587
-0.4686246535103232
-0.2642128696082337
-0.094565859309708
0.029956319905876137
0.04063674986054252
0.07844335065542811
0.004244237306393763
-0.04631864025780736
0.005970419111297575
-0.02390212164852584
-0.019974020413231642
-0.09867800442748717
0.005426133040153534
0.0024371828850426073
0.01090557192380809
-0.06230994695226128
-0.060177803397474416
0.0941006991651815
-0.0017726910118440172
-0.014687940625300053
-0.0018933215905662375
0.08937621790270671
0.3672104099427527
0.815463449040551
1.0
0.6988477136727279
0.4385710773412361
0.3711038742005025
0.3601568965818379
0.33152006844567505
0.23204053738721303
0.18154830461564256
0.15104862457404453
0.11793878387937969
0.06737743722263226
0.090577173486471
0.1216669163513952
0.05435913676623585
0.031875141219237485
0.033377136100913495
-0.0007101024273607543
0.008449825257184712
-0.010839943879971684
0.07689060303814245
0.010030694746162904
0.013741300441938513
-0.02437379795253192
0.019880237070402308
-0.030077927598851594
-0.025780521735153834
0.027833178396555115
0.017399262751496013
-0.010404286674145054
-0.027414593325472542
0.024345146965762128
-0.04257103860798787
-0.06517073859047215
-0.1072438222306083
-0.05341777732862709
-0.06924947872995996
-0.1675754488519083
-0.32758663760133727
-0.4339914379452152
-0.453028162426177
-0.5077647008767776
-0.6089036455816467
-0.7227727690692418
-0.7073053447509382
-0.6220553291310958
-0.3217545325514707
-0.1594619765897322
-0.09470777976075856
-0.1979841225970602
0.114803781429879
0.07884799591728668
-0.005146470581330538
-0.11319022427371198
0.030648459747313683
-0.019152222585380647
-0.001467917050978118
-0.008549276299829756
-0.05402643220101994
-0.03665323415905853
0.044611926603657155
0.11953672425855104
0.0703942389432431
0.2733733653384351
0.5451962706253509
0.7890126744178647
0.8548671564383431
0.6577667700065494
0.5132622530115619
0.3065304102686933
0.26310608009721326
0.06569880125262444
0.09960563138259675
0.1722642254932149
0.14548169615622356
0.10143107006301746
0.11788648888965501
0.13025638395321493
0.10090579999261977
0.10504331014956932
0.12133254268745235
0.06993837309770741
0.08703642074053884
0.0388273324063062
-0.012554443817613881
-0.09836356331810159
-0.014251398975541119
-0.023867099682461652
-0.012845474399080428
-0.10865567249401613
-0.09875750668527275
-0.11582268910367965
-0.11480148771244862
-0.09348618951525377
-0.10897415003104097
-0.22658848561004077
-0.30259409277946664
-0.3350435714069174
-0.33074173890391173
-0.43773075291759006
-0.4234563534229391
-0.3845077515977832
-0.3862871147137649
-0.6135552919177939
-0.6678198008055316
-0.3073194715328187
0.05584824241001401
0.14776914967891547
-0.017732373681772814
0.07629889902955637
-0.04230854170713322
-0.06070020985232794
-0.28133738878726205
-0.18786043158626872
-0.0402783803000813
0.12963615950411037
0.15923027516979812
-0.21756296929425195
-0.09961217212824715
-0.028797088468053646
0.18835102581658383
0.06446427526751046
0.03266818535326272
0.02617744596964385
0.17507160613347564
0.5307652291315683
0.8741631160898695
0.5362616663958232
0.7535894419693591
0.3540249953797334
0.2636359251134844
0.22722599102840205
0.16850656802234734
0.16250586769327208
0.11928276477810791
0.11091901276147771
0.08030160508559178
0.08368562621558404
0.10674667788618224
0.07202480992461695
0.060775395535738706
0.03581009033344026
0.08484382281951737
0.0665598542343664
0.025149035212562846
0.016679021636405514
0.019887028557668062
0.07125401043495025
-0.01097308026171577
0.007448975646640975
0.02585896898507416
0.06421538714199358
0.01872000056575292
0.004889992171748888
-0.07178276268238287
-0.08108766333555317
-0.05690223990145547
-0.03745120159486918
-0.05198720475055161
-0.010948493297428115
-0.06563146101160043
-0.10192167160850434
-0.1106933658277381
-0.1014308223351474
-0.18668151494581584
-0.3508240478943221
-0.5072490085237649
-0.41415078965564417
-0.36467331093962896
-0.4994610687901844
-0.6245896229798702
-0.6360418177385777
-0.7211081227016071
-0.4464075054145737
-0.24335955137911694
-0.025851578853015516
-0.0967542537347303
0.012913932377740942
-0.08619846450994707
-0.12007473833480536
0.038879249500277595
0.061099364106238126
0.06813712010923771
0.23199001227822486
0.5867901578028754
0.7651310075578212
0.7086941450500603
0.5526223815393352
0.4635905211248449
0.3168693820741453
0.2635796521324113
0.21586513759125722
0.28897145312774397
0.16560410864844918
0.14193241841075757
0.20278613603937762
0.22809357786371107
0.16136689634219073
0.11361069729545772
0.06268116954856029
0.04658781129850723
0.03264830395133692
0.08908468681935539
0.06978958589084162
0.014001446491805292
-0.014341003622273286
-0.014322537599331811
0.04346084311003534
0.02001134617595107
0.0008952545543705399
-0.029714333051924814
0.014844198292379403
0.01689312738647289
0.017138978334115262
-0.02566524819582664
-0.006632991156119926
0.017149127134763444
0.016120974203689818
-0.005645668422742048
-0.0305942779486094
-0.0008028822147803836
-0.03408437544643215
-0.003323770916195995
-0.00354610255575889
0.0217859325476864
-0.03435778740264833
-0.04882634825138366
-0.07359995465056546
-0.17556693156243477
-0.2667401366020312
-0.2750380735298557
-0.19621288838497283
-0.2537040155089452
-0.4160261698949659
-0.52602300908084
-0.5046504532435859
-0.6023181605461733
-0.6966984333432472
-0.7031592098624306
-0.5408107008258913
-0.3592467277206644
-0.17502487359517294
-0.06325541348308994
-0.09623027368441323
-0.06131566243816595
0.005191495584927896
0.04559922772574492
0.013089044354680798
0.02060973871937561
0.052248696243023675
0.0994999377723048
0.2674935084092579
0.10562648679595653
-0.1052707917069647
-0.10890169105921124
-0.01260968234600033
-0.1107953206701976
0.10712330571645282
0.24939192657093043
0.700130009528609
0.6763154850565998
0.6909360755624163
0.575695412897176
0.5052192366373099
0.40986729943761846
0.3321641030593869
0.24928493558045348
0.23801883767293086
0.20340267198124215
0.15035497409369175
0.109983754779499
0.09673944674111937
0.06050371387429893
0.07456489083160671
0.05819301628156986
-0.004981472963612626
0.028817844702460196
0.033055116352337634
0.0761216415516466
-0.008830008433552609
0.04519040784960763
0.0004370489477172968
-0.005444650345026323
-0.0005000104567634884
-0.012645713570630374
0.010613559040384376
-0.00695172920926432
-0.007314311327795333
-0.02279311923798763
0.01930927515082937
0.027446060841888237
0.003489201660700201
0.002907009496383039
-0.012269619264857711
-0.0939513577123591
-0.12205758039961223
-0.1645000293625401
-0.2371573033884919
-0.38765300513957485
-0.41485220113615806
-0.4294444439358853
-0.4137593391596005
-0.5627758353443792
-0.6379462132255853
-0.6150007375192899
-0.43446733085702105
-0.30731784489356867
-0.4624631289244045
-0.429040496079894
-0.31194407155525533
-0.028969859259499364
0.010090999163766047
0.019415341250246115
-0.05336245713825266
-0.07625193583044228
-0.007321625993151157
0.11674214356279422
0.15820481371982156
0.2803031498876936
0.6551793417647679
0.7814328038181172
0.624959710165118
0.586405507620184
0.45085412957788673
0.29115670088779355
0.24588442350235956
0.10831149402947084
0.19582914433720133
0.1639965047264253
0.16598955143291855
0.13529578293568886
0.0755527334824271
0.053332150413872625
0.07897553492905626
0.0758413112028033
0.07267461538397867
0.08083483635995564
0.05009337778716801
-0.0013045957382148295
0.015110157859705826
0.024605394997004374
-0.01688981661802592
-0.04651434046088364
-0.01221176906991137
-0.0024788413561483667
-0.006643313659639873
0.02339504932999196
0.03867241754750507
0.02400546405523702
-0.0525360759159431
-0.01187839726191813
0.0017692163288094075
0.04841379702474244
-0.013169018145830281
0.01455875357475638
-0.0073032001328748155
-0.018852754639371454
-0.04113986592982021
-0.007364013196195976
0.000847225832163176
-0.042287881487418355
-0.05671569550136877
-0.1275092911643796
-0.20555714068450726
-0.3448927756319504
-0.39009276571643603
-0.46435624175764567
-0.5270228406451697
-0.5270000265778791
-0.3504196837999882
-0.2769039684544347
-0.38951495311635226
-0.6739942497342534
-0.6263419398658433
-0.41147500727653025
-0.0784551385076359
-0.017860801798075383
-0.01604773312661226
-0.08947693769848845
-0.04810848809562854
0.007485811656264099
0.038509431661023386
0.09499897421796881
0.11474356175871776
0.10548996470637467
0.16855387428532842
0.4382729464890224
0.9980126963785643
0.5184173744362055
0.7055554206516954
0.31185912765879154
0.27448862161754845
0.13131173621775702
0.1297275862958052
0.15378509117488778
0.1748672407672946
0.15170544908737196
0.1103655943865751
0.05965868144859838
0.032709976291964794
0.037400639771625166
0.06243889869798204
0.04695345905097603
0.03231118683301764
-0.052331734187721926
-0.015670810573310327
0.027204215428813277
0.06856021199830287
-0.008588121752136356
-0.02528310735928123
0.020711288922584087
0.0791430734144429
0.0833010522751725
-0.014885618110203962
-0.023032638077518208
0.000800337038937403
0.04603585747813934
0.002545586762009788
0.03156080781505788
0.011771945514404969
0.036487524194108764
-0.0258930202387881
-0.03592221959920524
-0.03767896396822336
-0.01882025700661891
-0.047625960458537536
-0.038058168115614605
-0.04606224916765873
-0.0665747376110939
-0.10677318361017252
-0.13642105717071382
-0.19335461122093428
-0.2662497275884425
-0.23842910535365822
-0.16148047141923752
-0.178879371894198
-0.37297922429555713
-0.5746145990514702
-0.5119740578497568
-0.498154156081235
-0.4402527597547035
-0.48493566172115693
-0.43028887733444177
-0.29964897075613234
-0.09674829938446478
0.011129239462771667
-0.035993243979990486
-0.09389923593639128
-0.10706902225396642
-0.059952824895231994
0.1434490585354723
0.05090802176085812
-0.07248722679292327
0.08043327397366488
0.11861946862520524
0.05851773623965859
0.4051757237482237
0.7156425749170231
0.8252689122540434
0.33829440958180385
0.6034037756653241
0.25790420252850155
0.239065816785314
0.23224710984869973
0.19720536618488949
0.17963082152872303
0.13119094947611204
0.08968636406784376
0.07327449685468582
0.11205804782753565
0.07933364852021783
0.051453471522163084
0.01297517224048058
0.06362700940832738
0.04660852180755968
0.005906755282457607
0.02225910633650078
0.028991351246968115
0.009684374754920205
-0.030215844293910443
-0.0031222033690868007
0.004677225307413062
0.031866726396829984
0.0021520097465251753
0.00533232323693355
-0.018861891979499352
-0.01469518944656732
-0.028712340146908058
-0.02325030927183051
-0.020220630265768945
-0.010908625331089042
-0.057452554687817514
-0.15002642923102277
-0.1648046840805651
-0.12549102876409066
-0.13367846216491694
-0.20207282738222018
-0.21016073415782044
-0.23713966669641223
-0.30898977741116057
-0.35770475708049887
-0.31409152122976686
-0.25446557834705713
-0.2551770292320642
-0.3621759788225055
-0.4145723809735795
-0.5171177848104974
-0.5034739301052761
-0.35762216246056855
-0.13972551698576852
-0.1083687442960675
-0.11161259763670332
-0.008405562818562211
0.018282455710012017
0.03927754275865162
-0.10501028813006312
-0.10362990770366577
0.008317410999856993
0.11699351630613054
0.05468435793775065
-0.003313693975547248
0.012363693996880632
-0.06434863309922885
0.19854872917560365
0.518563258995223
0.6821666300489829
0.5784944585108206
0.5847774473229246
0.5311417887178865
0.40185862328893235
0.30620299773826104
0.28372740522755885
0.27538803988500066
0.2154934961524613
0.0933177975579816
0.05627941188187152
0.0678802260252982
0.08853444735682332
0.02292551466743034
0.06502133518396531
0.0253480100363581
0.01668537516408801
-0.03940996095025711
0.014403463850311604
-0.056165146300418196
-0.04217253097374332
-0.05439605665073175
0.01808360639539021
-0.004734054147703502
0.02561746993659221
0.015730824863972242
0.011292065119989486
-0.03372733026931839
-0.021647517087951495
-0.04268149366885711
-0.004362210419310999
-0.00131965458247216
-0.025583862957998662
-0.08181028396310355
-0.07374239227166728
-0.06423162930122181
-0.12650636099406937
-0.19772514572048633
-0.3254604573658904
-0.3220602217266224
-0.3736720271292614
-0.36981136130048753
-0.44967425240398784
-0.4594677908592166
-0.5200346762057788
-0.45512936824367106
-0.4416837711142655
-0.22452818450434814
-0.08399579425922844
0.049727506420911054
-0.08308415821012666
0.046485910193839124
-0.11838585301327728
-0.0729816138668015
-0.15099896017383366
0.04409400548037595
0.005790709662711451
-0.015567080393438276
0.01164418099242629
0.026941090051840453
0.08334566410306352
0.2825013066876277
0.49842919352675846
0.572961350044663
0.5380963305421891
0.5498878349917128
0.5039533500824902
0.46724224264359654
0.31464050909676927
0.2280537707215253
0.20169612930710157
0.22843178967985647
0.15624963525938398
0.0931512799303432
0.056812897232771234
0.01263218803327929
0.05421069191330751
0.03695311102498642
0.005940166216923183
0.001039623851209821
0.016364779614841833
0.011363740264046041
-0.039082417776388295
-0.020650409125352747
-0.00028556766444783673
0.030982170592443944
-0.028820805603219462
0.014127898776546207
0.03228654005501952
0.03192272957338935
-0.03494509114897166
0.0030142461163994343
0.010839768416994907
-0.013929608930040747
-0.1356166229686792
-0.1629034512983644
-0.16379750224741005
-0.16029924790217412
-0.24896338594274237
-0.2561101070675545
-0.3541547959582314
-0.35301808056166684
-0.39290380506250994
-0.35183622242886
-0.4373262754602901
-0.3672900678279387
-0.2540404377901871
-0.2071356434060088
-0.37613927722500723
-0.32383642220171405
-0.13754928702376723
0.005313365461589852
0.005932316572075515
0.022356514893734657
-0.04154838672858677
0.07682347991483657
-0.12307219860579781
0.015753708471223614
-0.05455292021644806
0.04052842078568838
-0.13897775219745206
0.19581383129289165
0.46004197932280416
0.5833975929795794
0.4880074815455269
0.3306643788195674
0.48144885917090663
0.5113213161826199
0.43715784168239336
0.24947078144095977
0.20812411519375262
0.11793471898072018
0.07699160419663485
0.08212959837579473
0.07113282019868765
0.00995038727243616
0.012101627962273407
-0.026569475057104164
0.0017487590685650951
-0.019504478934187264
0.020553936146319066
-0.016602441988885688
0.0310541675225204
0.04897486275479433
0.052222182178336185
0.025499682651280362
-0.006249817935547069
0.01841501483384382
-0.01670169024890019
0.013528082491268707
-0.021928404206057524
-0.030673789179655814
-0.12051809153606183
-0.19014480286691363
-0.1978685881642089
-0.17931593629056364
-0.2640568335405149
-0.3111398460676527
-0.39453247790375356
-0.37911220590817407
-0.3647192420588214
-0.3534149476454788
-0.5046181855724582
-0.6346531624339018
-0.4316474351411953
-0.1584541178387586
0.04165807442866773
-0.025120194991264003
-0.01565743843952903
-0.032971087836754925
-0.0011174624312843484
-0.0282816562507962
0.0015592636995799304
0.009093306656865533
0.034720483737793545
-0.024091928984828776
-0.02263115181901559
0.025617676190173792
0.03621007900723824
0.01743799641957674
0.006285933741995326
0.04643598899942048
0.1701428690613078
0.3868686928580385
0.5130266630305824
0.4726445880166879
0.4515886257493407
0.4978767389403235
0.48618273027395514
0.33336961462008424
0.17819036281278858
0.10750612604959106
0.12966496010899553
0.07833107303777653
0.03167647785873549
0.01952373789353182
0.023046364160840282
-0.01760699846127039
-0.026790612829828503
0.0020006238244898024
-0.010555045599371086
-0.0058609051412236565
0.0130185167356509
0.0003559472934664246
-0.014265050903056527
-0.015460454900463348
-0.005855573283857827
-0.022046025084676114
-0.05114575219332671
-0.09834305351448798
-0.08486606805975032
-0.07273651019996052
-0.1319859573811109
-0.1840364687954229
-0.293934984414687
-0.3558748710178981
-0.32722088499917573
-0.1385078442097675
-0.14812116221795338
-0.173927752916053
-0.20769817463731036
-0.3120868551897883
-0.5716215679791012
-0.43744389931261624
-0.15875579729692468
-0.0026122519628589626
-0.06021477939002911
-0.03740511505380743
-0.009902099316821929
0.02345344384371702
0.006333657695374127
-0.03291008974592309
-0.056780315118857304
0.014575103316261355
-0.02660818680392561
0.0041117024595845545
-0.008590905018126543
-0.02388152678005473
-0.03889779960174674
0.03650035489940634
0.035410931111373486
0.022044013131667168
0.2848905943818396
0.5633066109016021
0.5664411613574263
0.3870943451496676
0.4081300834035095
0.49524247235363283
0.4931839371558982
0.34368442736134436
0.21698954158816183
0.10687069239798527
0.05442934102616428
0.036019813667440094
0.05089500009230946
0.0442957132846845
0.0329571613958223
0.01580695913851916
0.00877362599409958
0.032084830194753604
0.07052352520991167
0.1073341761594099
0.08866947811552593
0.09999056541598089
0.06612581650156206
0.04152552455752587
0.0052337697517695625
0.011209369783171557
-0.017478875568187967
0.028766953293702338
0.033682678037731735
-0.0020466231923902834
-0.05104389709399539
-0.02586909249153163
0.0038285338793443017
-0.012234354648236806
-0.02292842286439185
-0.07684736472310465
-0.10152202491787202
-0.14195344155400583
-0.16589036316650058
-0.2735825866781799
-0.31267757316263145
-0.25872245855126363
-0.22257380933064227
-0.2952232738191129
-0.3290157511950559
-0.32602643180211976
-0.4033846261442771
-0.4733068908011662
-0.46023298458697093
-0.2964831075864129
-0.12890398931615765
0.009173331737860259
0.042520891759962626
-0.035404402333690486
-0.10210525414335503
-0.09930049533532599
-0.004899141503441447
0.03009315644478836
0.016373545090828202
-0.020049699238046715
-0.019860401169301933
0.02522101495416254
-0.0036134749326329468
-0.01152699651820705
-0.059446841409576685
-0.045965611432634876
0.01993483074859645
0.07973564200950715
0.03984258908358314
-0.04414236150995708
0.10550933333259727
0.4667716903323267
0.6619139350663247
0.5459160404735924
0.42190854134467554
0.508470571684157
0.5248485892385089
0.456195112386388
0.2855073811185183
0.17036641393319665
0.10495805830706137
0.08191931401358307
0.05464739224920207
0.04944272143746578
0.07124290598742902
0.09200755463432317
0.06744592581045022
0.06255118746597196
0.022511137063838952
0.009897469755719888
0.05440875725426594
0.09208049790836316
0.11204838225912885
0.010700423195826078
0.01545901396853777
0.023505629759126723
0.09916248168817421
-0.00911068329017163
-0.06750287367954586
-0.0063448929988916885
-0.03276535094402496
-0.011735089746182066
0.0697630331066751
0.02136537180155158
-0.02735417838037105
0.0904131461853397
0.03509979830094006
-0.06350693068757492
-0.07152967517540239
0.01361607692606814
-0.06874674014671797
-0.019304106248426284
-0.19784497660641692
0.0355654973561708
-0.023218076378757342
-0.036854911627182914
-0.26362867324505573
0.05005881543287718
0.19279403804915315
0.22071860879099134
0.07161649915009054
-0.04224994151876012
-0.06961892325682854
-0.14540502897368973
-0.14532306403768322
-0.19402467488462297
-0.3452852021411778
-0.48503894309248513
-0.4255237126439536
-0.33780320383511514
-0.42202658747534
-0.5227013263699564
-0.5277753666462521
-0.5245552468570778
-0.45351653501430067
-0.20136792146286242
-0.0541737719703474
-0.012536500677818847
-0.053158229023421155
-0.03129036313790102
-0.04974787286159956
-0.006769557743500553
0.15988396858223936
0.3677161795371539
0.5362743289857014
0.4706106591735473
0.3908809936467157
0.4474669677268418
0.5374099259818897
0.5211565965869215
0.38035957119834046
0.2535421368479889
0.17555665159919684
0.12895319457634968
0.1415805662552068
0.12125177508194439
0.004237170995694091
0.07726681804991441
0.07010328547200212
0.09314718680143455
-0.18547977704398183
-0.03570440985931586
0.08349449092287418
0.087894738391245
0.030379088278640894
0.028992073107793743
0.08236480638186812
-0.02978981013028145
0.002873829071483969
-0.03550356723489045
0.011390482412167106
-0.007181598007874086
-0.049670339754794304
-0.056610189456480456
-0.05322471637146642
-0.07121896343944363
-0.04940994354673181
-0.03024393423729193
-0.07534710238309887
-0.1576262136597858
-0.23415870114467552
-0.3501590997786078
-0.3882831396298688
-0.4559041386096057
-0.4070868908580624
-0.3854814708895852
-0.3447539129981793
-0.31418710773565955
-0.2873610285440473
-0.4099603244168182
-0.4355485571350774
-0.1845924941922756
0.01600750659134858
-0.022505245067679827
-0.07867232083425488
-0.060538044556406316
-0.011298556069313098
-0.011488874481466524
-0.009234927367728336
0.007724848619000221
0.023069302598178597
0.00040133645663398526
-0.040762071067575824
0.0004857771734963068
0.1157983385744584
0.3914778643690651
0.5695208613720355
0.45214639161885367
0.344718482426791
0.45460093414805736
0.6242137639791875
0.4916569069409678
0.3203366519909856
0.1956919263400456
0.13638604350852335
0.08925268938173238
0.04633634512768424
0.08270123191014651
0.1094363570742621
0.11921492900716288
0.017366167860805522
-0.05403077291493541
-0.017827963302971383
0.0625998707082113
0.14345424297372816
0.1227454117584187
0.01454760806020843
-0.08718725014412021
-0.07111053995294496
-0.005725023624490059
-0.02908728541986499
0.002934025991400156
0.008093484173998718
0.011526195150298499
-0.0296259111844752
-0.02909461872949707
-0.03164669194781212
-0.05414994891998219
-0.08542009107576015
-0.05323639194560559
-0.054378433419500584
-0.07314565620210572
-0.11606395844285196
-0.18280735764878844
-0.3271982886921517
-0.3190456390171581
-0.2735488982077373
-0.23370047594881688
-0.26392643831146056
-0.22070895116261835
-0.3191192412753451
-0.37025612125229124
-0.3117312006188718
-0.24779434608522383
-0.2069676224958725
-0.1877727953982228
-0.1493236277542609
-0.1968566333006495
-0.1684951317019573
-0.06196833939062266
-0.03388111342888428
-0.046407150669175834
-0.08466289171299171
-0.03290210194826116
-0.02365695391200125
0.025894343749842137
0.03263067234798173
-0.0005168371345450554
-0.02042492288862658
0.014349514081677393
0.03549180342157546
0.0035842835932462644
-0.009573609499728512
0.24490216124504097
0.5266802280518337
0.6074808480325696
0.37566868531905145
0.4239637735495167
0.6280700484847452
0.6626939140442201
0.40360525281369464
0.18798001403018394
0.15714680289750346
0.14775807675971164
0.11638648996117905
0.08246959118567973
0.0722700175768784
0.07200414245319613
0.023425293370971316
0.04652583757349549
0.032472157220225076
0.044439780455443105
0.00298517696962999
0.004715562898349183
0.007380724450972903
-0.042769752002435574
-0.006041124054388539
0.014063496434802302
0.028622006626881247
-0.05627902582312038
-0.05509359042368983
-0.05372536053369264
-0.07821395198429835
-0.12010871727157767
-0.18294004740008674
-0.2555318845165293
-0.2842094015737565
-0.24603701475708137
-0.23876236476791304
-0.404927252517551
-0.4610391185563895
-0.41699269507159475
-0.31595205498988577
-0.31777561173025415
-0.27187461972472876
-0.34602000737233934
-0.33140899737483953
-0.21993511237891866
-0.047200332729182004
-0.02032202462046469
0.04015919415523284
0.016724395936973422
-0.04886095276728308
-0.07029859201702371
-0.02056069530989407
-0.0027160882749615463
-0.04895264040665326
-0.021779843488497035
0.02364038992587553
-0.033944853348304826
-0.019401640423574396
-0.06316590508993705
0.04828932155150154
0.04471124658131101
0.05479699081569072
-0.033978006813250076
0.21102577484331192
0.5521640756372765
0.6107044896750397
0.4201710884557918
0.396899861273577
0.570564388199523
0.591835574184991
0.4459092690467734
0.321771935463251
0.25676220665948274
0.17169423203674025
0.10393455293145505
0.1553086379162209
0.13857695939022013
0.10870926364100882
0.019652307927802044
0.06075757066784051
0.046997015533712654
0.05516397069660866
0.030409651847448628
0.022830779703500323
-0.013887432680992517
-0.020016723561194674
-0.0018199042516834228
-0.009449083363548874
-0.047250187258360804
-0.04391470329075837
-0.016353578381733208
0.0022537605569721447
0.005500229237656242
-0.02356171417650796
-0.07181560873802828
-0.05522539751052249
-0.08912393436867241
-0.07742788640149482
-0.1254819970566523
-0.12492034484932134
-0.26187292273492324
-0.3127961407495333
-0.30226141337276824
-0.29601316359804575
-0.3542690980992985
-0.4046862277650912
-0.40960447234522107
-0.4052786940167641
-0.42131795374705555
-0.2981386766538293
-0.12381162509996338
-0.06236107848682449
-0.14222202952576887
-0.151230030017153
-0.09642877840987595
-0.03947401496402859
-0.01751001025498404
-0.01856518850880411
-0.041120636801441374
-0.011127811281543623
-0.014041104459824186
-0.008664731669947868
-0.01150455350224474
-0.012989640764197855
-0.011389667759497462
0.0101964465023065
-0.0005861113979268459
-0.005441120504541998
0.03406708837362246
0.19011912976480527
0.36017136884663375
0.4939559781915725
0.4965266582776079
0.535083519556458
0.5107081768384335
0.45261107511209064
0.31904510812682635
0.2275865534020869
0.14322905088741594
0.10038087267736062
0.06536137847142004
0.06328932711978436
0.06623195324104084
0.07975670321997459
0.05152184402529644
0.004149355486775828
-0.04832798060557203
-0.08534975059826343
-0.04949493441291566
-0.032747114849116084
-0.007037180160691387
-0.01129717141877548
0.031299149838368234
0.017974616246676726
0.012042450457510645
0.004859986526236297
-0.02192547899059881
-0.03836773985176619
-0.04168634166729762
-0.014186838324565304
-0.0324178182514568
-0.07891684758787607
-0.18281793168166335
-0.2048496022813901
-0.1850798024159199
-0.11809139496515496
-0.15655461324096534
-0.26978983151445535
-0.2846124359946636
-0.2324604813895893
-0.29180425040141333
-0.37104007783002935
-0.33381861683515485
-0.4286574531357546
-0.5525528863787212
-0.3846823072137147
-0.12077175197131397
-0.0022711078854261687
0.011024954190852568
0.011443390622997816
-0.04772788749085318
-0.034777786695751975
0.0916280742543075
0.048407443919033254
0.0017363665986421938
-0.1154928304507509
-0.06985784871924429
-0.06594632961719894
0.047737767362361704
0.015480407743499252
0.01675956819193652
0.001184733183752934
0.15481884157446033
0.37342289490536035
0.6307686842570959
0.6397983106351447
0.4957381548217871
0.4070604007921922
0.4018519701765779
0.36766454098503987
0.24049851316613516
0.17699471353809265
0.12353975757189527
0.12496748004362987
0.1363826622571758
0.07237872937507044
0.00042322280247700185
-0.019537436023479186
0.025630281408810938
-0.01626996703938485
0.0014029273603387343
-0.022653670699001663
0.031064475546047667
0.00017246585079198516
0.022329891731183965
0.0025913606352403373
-0.015367536359350358
-0.0277770974855057
-0.011381187305316872
-0.024432966302787098
-0.012274185994141375
0.03287130275149067
0.004336136454205374
-0.07411400738214385
-0.12615545681834195
-0.16504623648539968
-0.18511137686475213
-0.2341343703362932
-0.3879563012114109
-0.44372580724749483
-0.2861816363345217
-0.15117949914165935
-0.18133195010959557
-0.22693000580234846
-0.2549426563350957
-0.2621300674499206
-0.25966789633906245
-0.23412444667019588
-0.26618565448681525
-0.2439637525137344
-0.10434603832032492
-0.03816800558215499
-0.02505563758254966
-0.0309219707298694
0.016170522135292298
-0.009478913964250026
-0.02312225768464986
-0.014432122333630979
0.004370953267012349
-0.006156000496708886
-0.027215931055854473
-0.03478408459729135
-0.01490387565752255
0.0475944111500246
0.1837466788989562
0.42874235397138205
0.5854186464344184
0.5791686583087285
0.4599365136227247
0.3641942205034868
0.33189424190838057
0.2464908417634757
0.2527847962482552
0.1682628919972174
0.09767640597492805
0.03792962525395438
-0.0025526989971006533
-0.021206672845246254
-0.05774121705147786
-0.023494923772323796
-0.07679034161474645
-0.013448138246502508
0.0017288901439143482
0.003571549034268893
-0.006204109604630804
0.027894673314858395
0.028576629832273326
-0.007472992093696638
-0.022463323640959237
-0.04843627129600425
-0.002560600163624648
-0.011270543626592362
-0.034185373119422935
-0.07195568850337179
-0.047471540341446274
-0.0883170976023813
-0.11401221100738804
-0.21664585359541275
-0.32442087378191803
-0.31352165587122377
-0.1626423209907021
-0.10806139292792
-0.24341221919316472
-0.46531282247201544
-0.5311115476009882
-0.4636675469277187
-0.21756058820877025
-0.07090628684812861
0.005153742889750291
-0.05780981254191849
-0.03657017830791275
-0.024207382721607537
0.002340309615354578
-0.09952223249871095
-0.07940422706964119
-0.00674215491366693
0.0472935527408843
0.04349120127105614
-0.010145487934241842
0.002020683649330976
-0.0814876565026443
0.21452307609646037
0.42705596893406256
0.546012399703423
0.43347731583702787
0.35552609119051737
0.31882114684008317
0.3441091425196522
0.4208270591339578
0.35462643283134304
0.3087727220864135
0.23398290092407406
0.15465304496599394
0.10854018703942811
0.09237096034359384
0.05946410215733682
0.03227941007432154
0.03395284401178307
0.013560524208405972
-0.018093856223648237
-0.02013288808044431
-0.029643064691966946
-0.0009154734803743601
-0.004556211649583799
-0.018512929831293132
-0.059213205205110836
-0.05483824696713985
-0.039092721124739445
-0.012190845091539348
0.019685778356668234
0.02248457724078683
-0.0348424577430864
-0.08242410631310416
-0.06915992383571681
-0.11670747338253162
-0.18304698754273022
-0.20569244864381384
-0.23829652913194516
-0.3259222387322896
-0.3328744516929685
-0.23353005185505396
-0.25119826699337233
-0.28082707818729435
-0.3331027199443208
-0.3655023930616299
-0.45547295457306997
-0.3040082087349655
-0.1276907742310695
-0.0374574512074603
-0.09869744567296353
-0.056202750769464536
0.027930101035808435
0.09050945393566497
0.011106819639705895
-0.05865238864825818
-0.04579430589577655
0.034552388689593344
0.02467920975848974
-0.11004616025453766
-0.04739618666442722
0.14391562279804232
0.41924382584948233
0.5582211741349795
0.6167284741837471
0.4518444387852547
0.38927285582711146
0.3748589076864157
0.3806282927245887
0.27186658008199793
0.2433065287219953
0.14625079846842348
0.10987367992458455
0.07161281126485147
0.05524036617297864
0.010395751893263945
0.0021429691326767587
-0.00081799860786295
0.016228454698473286
0.016895263846948207
0.006160822872114077
-0.008693205803736703
0.0031632037901940394
0.018779951297530403
0.01753076064369433
0.008981645917871187
0.0074825536332018714
-0.02214361357501997
0.0010323376840450193
0.016145270237789666
0.004675739683507871
-0.04027016049735455
-0.025813430393686
-0.03432210798207361
-0.10190789543114531
-0.16892138611758958
-0.20956097691934933
-0.30217839246836803
-0.4210304871574772
-0.5410568994459952
-0.48712265208978056
-0.3183072954386149
-0.3201235268046875
-0.5561422837278118
-0.5132630571622043
-0.1959214770495151
-0.002835818230792642
-0.04308136728926988
0.005135958948844503
-0.011701514699593971
-0.0009009220726757202
-0.0239167434027354
-0.00916466102234636
-0.007406067301265957
0.013046040436931024
-0.0006517173396150668
0.0024000836282881545
0.01630735554412553
0.004306537651634558
-0.015284819183652166
-0.0186278687130809
-0.020908546532231724
0.00496429229033675
0.029230687178159808
0.24430487233722656
0.6107901171779605
0.6790320956654816
0.41754852006128224
0.42862689356868
0.5531995970509387
0.557739803337213
0.3308436542672003
0.25291050335620013
0.12681333900289835
0.11847692970139277
0.08862962786614013
0.12581161474689992
0.13330422572633113
0.10834828470386619
0.06335125389747089
0.07578547311680617
0.022935273723966487
-0.027162313965623453
-0.005120189711738463
0.030579387260482156
0.006791286993499341
-0.022969269781194606
-0.017695910263361304
-0.019887831534980152
0.005409249042672239
0.00368780141304546
-0.01892055721579484
-0.01429336835742096
-0.008558554919316548
0.018100288884253423
0.014125821318869866
-0.011929395904379676
-0.07353415628984461
-0.07817586487814275
-0.18418355510738238
-0.38151275410153
-0.4601852540514176
-0.4693321573464975
-0.45820978637751203
-0.4266609528910706
-0.351871289317951
-0.41658198561465865
-0.48878721151514787
-0.4435828799873313
-0.2617272690733122
-0.09019457264245738
-0.00030309772240285775
0.03616783333348663
0.0056879300617890625
-0.03927009970410037
-0.03881777640354005
-0.030088594633161877
0.0005661779455997209
-0.028502788875165917
-0.04206963100806864
-0.09909141236803504
-0.0156575654162293
0.05156886517456546
0.02831219339075085
0.02892454601206752
-0.005479247581374072
-0.000953345133598834
-0.05398654928107633
-0.039512840347943556
0.09496942832634804
0.4538544471636146
0.6840166609235776
0.6359144643992801
0.5069487422222554
0.4475837364151556
0.40224776972430026
0.37212835629637714
0.32264590413457545
0.2065726389633719
0.11703627369164436
0.09338147679954052
0.052435010806037546
0.013129443792342885
0.013123333952206299
0.027715837921375403
0.053351279512545466
0.026463784468244
-0.01775358562278102
-0.007832100836200433
0.0444500221171539
0.024933141939594134
