0.0637670509726311
0.16018216040680672
0.18574111548507555
0.1843638134613884
0.18455483792869204
0.18613549451697534
0.1915179762182091
0.19926315375769021
0.20795275295222904
0.21346606372471905
0.2205081371381535
0.22897624185661256
0.23858180419799657
0.24389537326195612
0.24767755123587765
0.2494432159309256
0.2510432072953823
0.25592906119797854
0.26014267360034965
0.2610818570951639
0.25875861890430685
0.25867916381928224
0.257007457009936
0.25715516768507435
0.2558583196368025
0.25462051844969286
0.25427837346802346
0.256344013398811
0.2552065084800439
0.2538449843370461
0.25239954810444715
0.2520807994069387
0.2513101916433403
0.24958497959408935
0.24603751149781822
0.24299954451792205
0.24265839629443803
0.24504360104041545
0.26022816246124086
0.29047684926996153
0.3535502209141442
0.43315850342151313
0.5106854178349444
0.5658455669504857
0.6146545892747844
0.6557818493033853
0.6944362820993479
0.7310778913769234
0.7755015705484812
0.8119056082247434
0.8382466336599027
0.8580487212767682
0.8792471307068511
0.8922466961608483
0.9047625238926669
0.9190623193844564
0.9318400552845068
0.9391897155462511
0.9531446566084718
0.9627749034601257
0.9712099555769187
0.9737790319985484
0.9821906298842089
0.9859326805235334
0.9962266944625303
0.9967846628421662
1.0
0.9933347567285616
0.9992900328210403
0.9909898674103377
0.9891960681285074
0.9809457689045414
0.9899181327241837
0.9907133794774179
0.9883686951077982
0.9806406485283186
0.9693236008304295
0.9585692099115848
0.9448575974590945
0.9242548649863367
0.8888243322276117
0.8403278103290234
0.7672536853726117
0.6465466796611347
0.48755005539295365
0.2755880932262106
0.11344844090730938
0.0443835463583688
0.051427753752611084
0.04441863428057328
0.04221581357806619
0.04387706321650734
0.045515142469626124
0.04239456985454265
0.039781845669808795
0.038362884159727835
0.04129594208455814
0.042642066503816814
0.07229877999574515
0.13220690208050426
0.21595526415898383
0.3233504695910202
0.46195509378491595
0.5946789755557891
0.6932153119883596
0.757865118452281
0.8019585323239142
0.8330557684315445
0.8583443486655843
0.8764794399122132
0.892745778269391
0.9139522970940889
0.9320898966025186
0.9448411262304824
0.9564871191828904
0.9689253442001999
0.9748916080353994
0.9743509499621194
0.9778554181819299
0.9826249224317002
0.9858192777633787
0.9815525262225844
0.97718850012475
0.9781357839104232
0.9781439349883275
0.9769902943679796
0.9722429514032757
0.9711277722589126
0.9698198611321412
0.9648863156497681
0.9532757127041517
0.937768931586538
0.9196106487591178
0.8882113724156468
0.843157261995517
0.7673075129884931
0.646047887582884
0.47494280519304033
0.24595427104415687
0.07821178578420365
0.01774119603368926
0.0416066609083682
0.03992022635990263
0.037369406776681276
0.0380222447529577
0.042222689873490246
0.04270963609000025
0.04159988176993586
0.04226221401108867
0.043370971820151545
0.03725088986978259
0.039330716469300094
0.08215271272469067
0.1607541795742987
0.2634340483889401
0.39261311146071604
0.5434300028759755
0.6646322680615278
0.7411680189649849
0.7915183026980724
0.8262384956937383
0.8516897029250328
0.8673607298313701
0.8792131619598796
0.8838255313948414
0.8924621996473712
0.9007076634697205
0.9081703830014712
0.907538114883303
0.9078493330121454
0.9101835452258087
0.9122092443654596
0.9105666162650226
0.9089645369389187
0.9059096932395507
0.9053967141211342
0.9036018641522058
0.9036961188010987
0.8985025408542415
0.8977338491093586
0.8939072962672452
0.8902501603805821
0.8842932194941704
0.8790409799991862
0.8712320297490594
0.8573154615791136
0.8279485706668319
0.7403216687492687
0.5107289641052086
0.22993032425935836
0.05870052960523127
0.04244275803178891
0.054281854461061645
0.04760474559139884
0.04272512595010346
0.042499890712654545
0.04532385655833954
0.041263109202529694
0.03804989657696902
0.03988006180593757
0.04453802098507155
0.044291258829189974
0.043988961351894264
0.04143009237731228
0.040464679597092296
0.03867978974969921
0.04896135333261763
0.10084756540720206
0.2002137218645925
0.32031596039093024
0.45018382095012105
0.5786433230579185
0.6748522475449726
0.7244102453691842
0.7592607971880195
0.7869621700202188
0.8145410982256865
0.8395343342334788
0.8646366694331427
0.8848031990873917
0.8937063571738998
0.8983027047416643
0.8997804264907275
0.9056919285480612
0.9095723108852409
0.9133629921573702
0.9160606783231356
0.9190620802316993
0.9199430388949336
0.9178655479409277
0.9146156403940526
0.913223293904505
0.9139642150281675
0.9186892671087935
0.919021394515755
0.9167463666117807
0.9077851499023036
0.8791584753253496
0.7960893553381853
0.648786312822341
0.4156292102619495
0.18400830622660494
0.05276987187081385
0.04524161849432452
0.057051372682423926
0.05439795502153728
0.04961203114204167
0.05229504151895368
0.05200944057224673
0.05168167113566003
0.046276639394382826
0.040619884490786615
0.034458176303953675
0.038698857543076316
0.0401767735762444
0.039410344644971354
0.03318587338734661
0.08085236460794405
0.17443944844059628
0.3042518916118544
0.43737932965944026
0.5709655048743905
0.6683971061109375
0.7252095577324996
0.765629092995215
0.7943722027653811
0.8200366252471643
0.8399163190430258
0.8563205532009472
0.8631132412226339
0.8691029680750494
0.8769098753208237
0.8832499556235376
0.8868894636123602
0.8874851724795683
0.8900729113214959
0.8902974336453121
0.8939534250719722
0.8912824457012027
0.8925988009947717
0.891709111782834
0.8923041525552327
0.8910077028783202
0.8908801801859877
0.8869388264186882
0.8834882160028108
0.8763782517520777
0.8448127571461018
0.7391426012302094
0.5334944097841702
0.288316614683408
0.1159857608151313
0.05726950099537331
0.0555370946021718
0.061002054458666716
0.060308586260702034
0.059661290053863496
0.062145331098539744
0.06477833169363716
0.06383007161852669
0.06037047762319098
0.061369236832874
0.0628613880977688
0.06112598726612752
0.056563411862312694
0.050366447021657844
0.04841026947515657
0.04017765507054442
0.06379986049247266
0.13793832561049113
0.25186253360831046
0.3588583475895968
0.47190756003480483
0.5841049174171021
0.6745124355266798
0.7279185162374736
0.7633407376626201
0.7891880079271373
0.8134467794412992
0.8310116241615955
0.8547859257640524
0.873164978429278
0.8822745046308553
0.8843887781470893
0.8926818403086605
0.8975181894453139
0.8983223038609244
0.9006631322679638
0.9036737776472752
0.903666393324387
0.9001357137206342
0.896919073726846
0.8961431405439159
0.8948352318753079
0.8895333961195033
0.8779538323504532
0.8268615919438469
0.7163327702313782
0.533592152069661
0.31048381313630863
0.12969597492036966
0.05352327416546105
0.053782759302266815
0.06258079890968339
0.0667948625140598
0.06257680733179317
0.05621510393788636
0.053991725919623965
0.057711611208940354
0.05704040950258961
0.05039842172403726
0.04535482755986176
0.046329676768378666
0.08357955932530649
0.1685803020721615
0.28931546343160175
0.4226917016495142
0.5501903216051335
0.655817485819937
0.7240628047217413
0.7688552204913779
0.7952010944931112
0.8151992729019653
0.8255580327258487
0.8441105381058284
0.8652906775656951
0.8822435805581891
0.8828489317047973
0.8863131828376788
0.8876395127541931
0.8919383720497448
0.8921843646593959
0.8957688196516089
0.8962420566831093
0.8994680193942957
0.9015116560226952
0.9048475857008511
0.9047592384175849
0.9012760296303013
0.8954413174208679
0.8764412112707923
0.8374987971862599
0.7740717684793577
0.6706857313751697
0.49131686711427147
0.25129708024558217
0.08282880797955657
0.03392228060949963
0.053247174699266035
0.05598211487611402
0.05691929311946333
0.05101079594304626
0.04240671133293804
0.03791144957908501
0.03674855347195907
0.04158239202895233
0.046896571391743344
0.04831842218072251
0.04335677834417542
0.04239255520620258
0.04557700572810566
0.04310202575367512
0.03511303813817517
0.051299978751429956
0.12743524746623197
0.24101678077217853
0.35400279942361157
0.4703974189410728
0.5851252231755909
0.6830342831410596
0.7441304776794156
0.7857243520986301
0.8102672689151793
0.8420806118211634
0.8590374390076738
0.873382652999223
0.8861817285345954
0.9027052139682593
0.8997843014792257
0.904433625599699
0.9133335404453103
0.913814766684048
0.9073271253011282
0.906637463414288
0.9083133982173506
0.910375530569711
0.9109585230415084
0.9077439650206518
0.9008942835881736
0.8980028955453795
0.891011524727351
0.8766705992867708
0.8630064881639516
0.8349861952021468
0.7203175937392944
0.4481941044796386
0.16201643987156195
0.02750576535638776
0.02843421835555876
0.035151121485403614
0.03249387873739696
0.03747298219520727
0.03551416419205013
0.03178805068107883
0.03174607915938593
0.03389520015369034
0.03779268054871103
0.042088026232615934
0.04030714670248198
0.0389739148490007
0.039630761828345185
0.04321636982236688
0.0456096983699424
0.04296825830823805
0.03515887324370627
0.04423490766479109
0.11376015882470474
0.21681373399486698
0.32943653533224154
0.4524190702315697
0.5839583020911828
0.6843817012063295
0.7404990172568061
0.7753266264256099
0.8027599432568352
0.8311625028620072
0.8525565057279272
0.8662769460007491
0.8771793651678207
0.8844937541277424
0.8859638326017183
0.8854006048918827
0.8853222928021889
0.8855873688607628
0.8861769097577944
0.8838646397447301
0.8850753939350339
0.8858068666493664
0.8863216947670378
0.8799181311039597
0.8792025902062119
0.8723112256825607
0.8617143524822829
0.8424735782933159
0.8179376562369944
0.7590274094422282
0.5591831463827724
0.26885197128448285
0.06098210531920828
0.021085452548614304
0.03310406819994047
0.03627560932156234
0.03639489945970627
0.03686125169479959
0.0340359875340781
0.03780343522356688
0.036245447225708084
0.03852390070607271
0.03449099971150234
0.036907371638924845
0.03542881162109785
0.04460421592586667
0.05254082370412338
0.09203751319741638
0.17336573526784574
0.2945330241378075
0.4329705337799852
0.5577416583561711
0.6538086162961526
0.709485596373695
0.7542982403135289
0.7879713503117438
0.810516237745511
0.8231707570162948
0.8384195704115809
0.8507553945898766
0.8572812513205053
0.8598390297906958
0.8662004753398439
0.8734584067710663
0.8781281034674108
0.8807573511814848
0.8824608007638999
0.8856440490037515
0.8839882508408097
0.8830185643270034
0.8760088149984786
0.8693115234805605
0.8610636746512569
0.8535776560631955
0.8446892319195868
0.8378789736254378
0.832366270727334
0.8178579922124528
0.7715015216700746
0.6642348991963373
0.44106817656360514
0.19560537952880594
0.0482426761384718
0.029035088697541466
0.02920926536835387
0.021058550910285922
0.019386660238064474
0.0202778081204994
0.02212419437938021
0.02249925162114352
0.02363851848264863
0.024337584308969182
0.02578881142794874
0.026155396887360724
0.027489939306988734
0.03305053183577154
0.06131205095209541
0.12932303632392778
0.2331379173687834
0.35718872527969503
0.4830749507099037
0.5905957532756786
0.663009787538875
0.7137464392655865
0.7494160851303655
0.7696409875571859
0.7825528125088278
0.7976419534516909
0.8089633855549361
0.8081436702067999
0.812256011851986
0.8211040978883893
0.8300925667289231
0.8245275857536486
0.8202968664500069
0.8212910110893007
0.8234615480166063
0.8256035023643405
0.8202959610827519
0.8179040781090808
0.8088349100625492
0.8095324572160268
0.8071545155975858
0.8080565060539773
0.7937576787237253
0.7609795437315731
0.672759028330595
0.4565764596019729
0.2044496818211948
0.04918569724015662
0.027567685357867338
0.030154911411661055
0.03266878480928096
0.0327295080285094
0.029590285375498793
0.0282297358707389
0.027942123705395974
0.024945247855885404
0.02348233322326918
0.026287639239140383
0.031227294475422853
0.03143398209630788
0.02821867958985813
0.04682867603167782
0.11914077050536621
0.2306985422257081
0.3600419622307289
0.486325990336244
0.6039811723886406
0.6964264995761424
0.7597115475980749
0.8042120369927134
0.831959466102908
0.8515256628541588
0.8647424797260224
0.8793613526701525
0.8932974427288202
0.8981325868578419
0.9070303564693336
0.9113055559301932
0.919107068130626
0.9245043818835893
0.9249391501724508
0.917952592226161
0.904485598199161
0.8908029674488206
0.8747768167134043
0.8691607519922254
0.8593540230146398
0.8466894115220343
0.8315953514535698
0.8119689080100074
0.7679576499511283
0.6860659103468577
0.5144295990873248
0.2557242519155849
0.06019236823424588
0.005989387985745012
0.030314657154220943
0.033761092816347656
0.03302817423999822
0.028033631120236976
0.023394308098360107
0.02293462060119813
0.023362625484288156
0.019710400636353546
0.01813449479736646
0.02067007921083764
0.029074846911613557
0.06375099127815342
0.13337507990516642
0.24292961075897448
0.3568049785127945
0.47363642420355334
0.5699559653571057
0.6479438455868232
0.6990164114583372
0.741501635252862
0.773304671463508
0.7927790140394992
0.7982238342392286
0.7953699955404769
0.7986452666455472
0.8075019086201535
0.8145257342750656
0.8227464195409794
0.8342968326100946
0.8451882408108918
0.8452666060980205
0.8429938016937147
0.832206743057073
0.8100983385484734
0.7653002776885957
0.7144213014204108
0.6667267165677208
0.6337798009881568
0.6173727060713277
0.6167085144953305
0.6156040180796324
0.6087566908008809
0.582909296073183
0.4990707221854507
0.3414493471475897
0.16377492586504763
0.05881693200731999
0.03574421435595871
0.041668098999920467
0.036775262913674826
0.03343610046949818
0.033399947373655293
0.03021517299255596
0.025721208262562748
0.024346972152421355
0.026049840716377982
0.028489122102344756
0.03164958741042036
0.05681511991820987
0.12617005409806503
0.2392813768769905
0.3770916768679092
0.5069899808064179
0.6161518676175194
0.6803196326551126
0.7171229050730425
0.7401880013728229
0.7610936641795985
0.7763473658378205
0.7902701266524818
0.8042022507913935
0.8084078536485807
0.8105813168522501
0.8139547181941782
0.8155364784982252
0.8142143628447139
0.8122775312532621
0.8144526579336754
0.813864414766651
0.8203487667533479
0.8229940155513531
0.8264939117039193
0.8260498838173906
0.8259366900329095
0.8214170908976969
0.80289689369709
0.7708311181565672
0.7332547475122944
0.6372195515250253
0.4170626648700874
0.16881755161557946
0.05515826620436379
0.056553524446405434
0.07248069883592312
0.06860379619643148
0.06974239120772338
0.06292344547144779
0.06720919129907477
0.0689072405642128
0.07299956584613902
0.07221607021423725
0.07332767247958122
0.07092364836320791
0.06654457129024284
0.06543905997817902
0.05952740616728828
0.07251187700145587
0.11964036135672636
0.220037628477526
0.35649220071040355
0.4912879046736294
0.598838147479294
0.6648336911968016
0.7142809201837471
0.747171456353975
0.7712417797770689
0.785079017410148
0.7890475153245249
0.7967029987221493
0.8009618008313729
0.801265038275059
0.7962609637825262
0.7939599188426987
0.7975077566933815
0.7891367827074994
0.7864833301807926
0.7748703741505613
0.7725084363565278
0.7612872155563053
0.7492401196847014
0.7338852520614835
0.7174514409847554
0.693519569618596
0.6596946966152677
0.5775926965852528
0.38992929008089455
0.16901272559604086
0.05161645360921211
0.03800512000129266
0.04616510804571447
0.036639070934083126
0.031951998805056565
0.028709982158365555
0.03500401991301289
0.04356469526257533
0.04219136738920697
0.03878314138708638
0.03261090233417659
0.031494647298768205
0.02369562344060487
0.061573726446636716
0.16456342838565882
0.3196152378991452
0.46585954356473835
0.5864134924124128
0.670365696412746
0.7292671548744103
0.7679235622395122
0.7909240423374473
0.8020466152563246
0.8175595370467338
0.8350859524904443
0.8517467640436337
0.8632241911113707
0.8686903930809217
0.8740866686669643
0.8764246118392761
0.8805001953444773
0.877370180599073
0.8791057751246347
0.8755243171631469
0.8635285417626943
0.8430611736864916
0.8238576102402037
0.8040384681919768
0.7797015941416212
0.7601430434061933
0.7485515732707455
0.7424348095586717
0.7372617597593896
0.7236454502731366
0.6911235934772982
0.6049810859233881
0.4155447206646963
0.19172515618816266
0.05981018628523149
0.04482864456709643
0.050122861165752
0.042906728922101435
0.03655323233397437
0.037090871215372204
0.03446668817511464
0.04034246417383501
0.043350916001982875
0.047170271168290145
0.04401401751070645
0.04678947908847365
0.0837621529585502
0.18817366561467283
0.33646017559514535
0.47348764543783145
0.5816767686502273
0.6672586830377937
0.7245400749722167
0.7639546928148557
0.787267287136215
0.80762175386274
0.8207852298340541
0.8344918336581018
0.8425028146533092
0.8434468670931777
0.8466957077859574
0.848506089892889
0.8507139389443105
0.8479903544372477
0.8461104993726325
0.8442159954547532
0.841203219231101
0.8404053528362952
0.843500189675247
0.8455952697541849
0.8375494016414058
0.8174666519444141
0.7797854960030016
0.7060085666529681
0.5571246330260675
0.32519252400432846
0.12793442008479763
0.046678747403596246
0.05092704867863076
0.05563179858331363
0.06066932940293671
0.06506352141732295
0.06043615202189849
0.05364931684140793
0.05160264350878733
0.04986648004480074
0.048234734664349556
0.06449771856608237
0.11330522673298529
0.2073042123118896
0.32596139351962217
0.4447899488427999
0.5466379160660472
0.6335145947443953
0.7013154572852284
0.7399468827234692
0.7665916523973355
0.7881780541435571
0.8031744005381173
0.8123787267804216
0.8180484159358357
0.8251131781774156
0.8322061942815673
0.8323926868965726
0.8316227143000181
0.8301859599621617
0.8434255651332117
0.8463290718856609
0.84853650389151
0.8435642008990626
0.8428970622386137
0.8364900555550091
0.8381174652416071
0.8360927233106676
0.8270295748415358
0.8158070119661035
0.8119296027268404
0.7926107460054009
0.7506502285492868
0.6809293289157483
0.5482426657641445
0.323405828051535
0.12461547118980579
0.03290654076179085
0.03682807651057052
0.03375760925480861
0.033932986498053874
0.03325603160324736
0.03874304514658217
0.028208610842411264
0.02126756599152262
0.021028671996293602
0.04425669792600315
0.08154644094213889
0.16010264620866688
0.2566063869684162
0.3681062399400206
0.4573588310968552
0.5381275791081483
0.598129003447768
0.6453755299817024
0.6752975835638295
0.7023628368549681
0.7262027967279904
0.7398996539058821
0.7475985038052252
0.7479929093076039
0.7551535114217439
0.7614254322338729
0.7642322977455451
0.7556264776074626
0.7557083832333611
0.7630171461259825
0.7629648011856603
0.7625074436692224
0.7639191216702812
0.7685597966012748
0.766334539826876
0.7648470679385089
0.7633889748359193
0.7606672754237777
0.7609041237518501
0.7590289498094659
0.760206036701535
0.7554274164588288
0.7419817415072714
0.7279267938806616
0.7149202751049013
0.6578578393505994
0.47585602795804655
0.23102052374358473
0.06740414317805657
0.038703708872687925
0.05510098489983617
0.053273786377071024
0.047372501999058236
0.05729996841952862
0.06085564199002104
0.053801140863008544
0.05385703794732877
0.08841920185561473
0.14377250783513373
0.2196092231229694
0.30499587177614396
0.40238584453666654
0.5001841446631123
0.5908121505215057
0.6538754191740153
0.6925736269571805
0.7147734533798376
0.7330526358620384
0.7513073687294887
0.76341743785104
0.7670834421936137
0.7690297962952364
0.7757951957938899
0.782373670678755
0.7837774925778106
0.7864003876253809
0.7870391764495297
0.7872557175261696
0.7877970490708025
0.78914313938245
0.791471423746382
0.79346880184867
0.7932615275178135
0.7877965798174892
0.7836672322353714
0.7703636299910548
0.7377580763069946
0.667243829978327
0.5352879003229855
0.34870448986559544
0.16494995108117025
0.05739966880695489
0.03342593502636148
0.042950517261804634
0.042322375663590504
0.04102907743672475
0.037640811280919395
0.03505745553985908
0.02594563558412892
0.026994700136308593
0.02633234588640395
0.025612287155077622
0.02229971351873621
0.022605508098445106
0.026785170726601953
0.046320347797355825
0.09163180349816585
0.16889650200342618
0.2635374539458977
0.3596803297799346
0.4518103604595055
0.5370866594959334
0.6017135707966905
0.6419736354723405
0.6688961598539616
0.6885352677562601
0.7009410034348619
0.7095370501637341
0.715120594006278
0.723695202816581
0.7313384117557177
0.728713933153005
0.7212342147886114
0.719660778024264
0.7270545024401384
0.7306811174812642
0.7350213779655093
0.7392808504213261
0.7439769166776814
0.748114629298719
0.7516240711483152
0.7536823697300746
0.7505640602349455
0.7330799421631382
0.6991058990726108
0.6399254087757698
0.5164186312478211
0.3036490076374478
0.11986945293774673
0.041506581473076676
0.04542764681519564
0.046700501118125334
0.0438050149138759
0.042273990339159004
0.03858689693931689
0.04001252842233363
0.03733690282878578
0.04313024827577468
0.046076794938553114
0.05581859489813094
0.060775120784239745
0.0662541290885731
0.06185078902818258
0.05731065758721355
0.05981638310590784
0.08631586774842588
0.1433451795359249
0.22927461466858914
0.33089312362024725
0.4373698762579881
0.5360045298588301
0.6172464591445445
0.6703492250764895
0.7057975009088702
0.7297215379183757
0.7551863211491521
0.7794166292873378
0.7995163681043195
0.8102689987934081
0.8210421627004488
0.8338909462270435
0.8391208693432282
0.8433157724284536
0.848835083954414
0.8592859812650765
0.8636178951903832
0.8654098742089062
0.8610123897978439
0.8603937887956193
0.8575381209880845
0.8549037010243323
0.8314965784344576
0.7860751968556147
0.7166342415063656
0.6212277742396484
0.4779058826412754
0.2910080390218326
0.12261996797184828
0.03475070824358601
0.03124812432979653
0.04227160588056884
0.03904206425700078
0.025322264125283524
0.01970811623364908
0.015029909078637105
0.01580777510036172
0.02260762117513319
0.03117013040999144
0.055094580410728046
0.10039756638453756
0.18882802871909948
0.2848861273627239
0.381592343584494
0.4669769492825489
0.5507322086967218
0.6166935246772097
0.6598928673631098
0.6860645034634986
0.7034442838675057
0.7211064284337644
0.7361136617591287
0.7461102384067325
0.7482179819727957
0.7515466130367348
0.7560999018119787
0.7617957050147245
0.768275559829535
0.7739788583796312
0.7796361570747767
0.7841553353733924
0.7866003691437815
0.7816978571549589
0.7763485843229928
0.7721423105162832
0.7682126711250401
0.7656454164896569
0.7632169879723881
0.7629931300674967
0.7623261260860644
0.760741978712016
0.7571751543326621
0.7417510329263595
0.7092922629163149
0.6233730394780579
0.4422521695952434
0.20041096420990576
0.04687131907037863
0.014834880766923202
0.03165238061662758
0.027796145506806414
0.023940954544658534
0.016282391175381973
0.014025755006926915
0.01658719580787374
0.021609845989076882
0.01902114301845942
0.018870496266689737
0.03147085707369711
0.06793028062693805
0.1331932511297362
0.21842373705567192
0.31376324762193675
0.40748148514090365
0.4940235971715328
0.5798015251897081
0.6439122373836633
0.6878324744458973
0.7088707814109505
0.7302981868537103
0.7413544547986846
0.7498091398454843
0.7558003725366521
0.7647304986510678
0.7725409808902094
0.7779257134102062
0.7766179858660809
0.7776174955000897
0.7778183349451793
0.776878742617784
0.7734692379650782
0.7739763792152502
0.7775055178292439
0.7776892450151914
0.7762384839015255
0.7754624996092309
0.7735547613453838
0.7686435832164334
0.7606016319086872
0.7486281935259529
0.705540625784328
0.5908299330430345
0.3824185531245126
0.15430399101597053
0.026847871462687092
0.0
0.017485181099592868
0.020510795483636917
0.028398380604931307
0.018800463663921362
0.01751667271945454
0.014720341334601473
0.017603568994417514
0.015083963192708752
0.01785842049440963
0.017415315170630472
0.013371401021543489
0.006285018994009335
0.003136387322060804
0.011277290353008151
0.01682124785511372
0.024166178733036718
0.036957242292810374
0.0807412449133695
0.13904988397433757
0.21493761881758133
0.3031916103022909
0.4012086752553278
0.49668392624598984
0.5783054672025497
0.6362223368066892
0.672480236896145
0.6939118115863557
0.7090175353023812
0.7191696123138475
0.7311620738467934
0.7348311380551104
0.7352031580336851
0.7429078821541313
0.7545582454667414
0.7591713856148903
0.7578574969799505
0.7601671199194208
0.763818093161292
0.7648886699981373
0.7640699319913279
0.7579906062735583
0.7457312730426634
0.7128005320463046
0.6252175756055107
0.44477370622219164
0.2176163857909494
0.06007781055285655
0.010850022304943918
0.015893763207015903
0.016874322070725336
0.013705983209825254
0.010105679542136904
0.004742699928969289
0.007492876332352261
0.013030967139922031
0.016315521730781032
0.013235381396422781
0.013789368368448855
0.016838419525949444
0.015301831209923523
0.034841711170654766
0.09455437350889027
0.19659239570068673
0.3097853801176832
0.4262652095879977
0.5337250265568573
0.6213478595506644
0.6772996645906948
0.7084495215903446
0.735166507102274
0.7545015820195263
0.7779662938828976
0.7959238356524636
0.8133490643389919
0.8229307528201784
0.8329462602894028
0.8369377004372414
0.8380989098321192
0.8397185865311304
0.8429107741148429
0.8440680234499748
0.8387729477724473
0.8270041140549113
0.8024206087226476
0.7753781321045959
0.7467410538634612
0.722232109633566
0.7008812672074324
0.6885502439653647
0.6796277057453459
0.6676665153637232
0.6422838592101067
0.5664842130674673
0.3867135833746769
0.17344576697685277
0.04150043763757327
0.01481728500608359
0.01798441857779803
0.01967051559777976
0.023657479389100025
0.022991442182605074
0.023074505900992196
0.024073607454183802
0.029250302022077627
0.03355828542082209
0.037055885456050874
0.04394583270810792
0.06260249735556479
0.0968848730570942
0.15962704487314447
0.24985633567235524
0.34700370067050035
0.4457056964882586
0.5334696071785312
0.5959276798583423
0.6276730831447664
0.6463810344686924
0.6599415349304115
0.672279571622536
0.685213422547352
0.6958572695034616
0.7083289647269224
0.7141007346659232
0.7201160012945885
0.7227487176278651
0.730713490439876
0.7273357821427622
0.7276515649952842
0.7289503665184167
0.7354939519775543
0.7368168792426066
0.7395044327745547
0.7388569245201321
0.7378814751002133
0.734847145970131
0.7345054422646558
0.7242787587810706
0.7048562093617621
0.6579710512609691
0.5552811463372712
0.34463515349863566
0.13470623758640768
0.02200327270936056
0.01667525139416243
0.02100316831056384
0.02284092424842649
0.023730122592540117
0.021310944236372982
0.021575713930397564
0.01912864755356169
0.020577135985605007
0.022046168332599068
0.03780151188714638
0.07453569647958232
0.15820892206422615
0.2605094156797303
0.3640021405593482
0.4567961417423392
0.5495272496270855
0.6173258370844293
0.6568377409989908
0.6782881599593207
0.6925672826523191
0.7049120043118952
0.714743031307198
0.7211407287648137
0.726141138984894
0.7339127145630397
0.7396005380828928
0.7440172370923575
0.7462950900131379
0.7468479711666031
0.7492174059931066
0.749978118016413
0.7537300657745184
0.7535252171258168
0.7536901029866728
0.7537359514802637
0.7541509664282837
0.7519931137416206
0.7477713496812678
0.7471181550917908
0.7453068741426472
0.7423555066405619
0.7404101084091158
0.7380416998318092
0.7298185220559176
0.7146599139974125
0.6843604627735057
0.5930288211271127
0.39346660993890764
0.16467713003927523
0.038080784745395016
0.02096945758505443
0.029692904690883395
0.025622099101826543
0.031174718139705508
0.03515318181284661
0.035171110116842756
0.029233333097108027
0.026197901429445194
0.0234963296823007
0.029133103400800758
0.0588096058121195
0.13208606743509807
0.2314182433238086
0.3285042788200377
0.41113948144308826
0.4967266699554769
0.5750331582845627
0.6323806888541804
0.6644615581903178
0.6835985789833926
0.6974482914925785
0.7113412282428639
0.7273957333566783
0.7382158609958557
0.7465907299998409
0.7542384206576872
0.7575831301413606
0.7558699483806057
0.7568767071887385
0.7605210639103539
0.7615507034037099
0.760769617533547
0.7640615433817421
0.7655341056434334
0.7645000456085013
0.7615800931105934
0.7601125856492289
0.7571092617681568
0.7561203461732425
0.7555871227603148
0.7543679096987911
0.7514922711996204
0.7485040648898155
0.7434270684281585
0.733559747275699
0.7010030937019897
0.5996231577206657
0.3799746471508893
0.15077913715654837
0.02648270288737052
0.020307499742318363
0.028319430001250395
0.030001266463093708
0.02494587050767663
0.02123986573277842
0.019102276723818343
0.015663821859967075
0.015318812531356925
0.016409349752935704
0.025389324002831226
0.04751007727904688
0.09867133658887364
0.1823404070800495
0.281150402084892
0.3726934282095359
0.46064455131525905
0.545476573490971
0.6052148047859446
0.6361318444529266
0.6572892245890657
0.6788586148301913
0.687977622334406
0.6976608830244622
0.7047254561641213
0.7147927109076418
0.716611615052079
0.7216927157216647
0.7255331612957779
0.7310061053944453
0.7394279326425086
0.743333363340387
0.7436300655378771
0.7425550842683569
0.7442391331289772
0.7419903107570169
0.7390845146606654
0.7388835889378532
0.7366736779928499
0.7326184525230112
0.7243420809661724
0.719410419995927
0.718792356915972
0.7161263216356911
0.7048844892751291
0.6957349604013446
0.6876970043445156
0.6611756845097089
0.5746416354739408
0.37224992181768524
0.15457314415952247
0.029683838023444306
0.0197510154801493
0.023462246014999615
0.03134860641339148
0.03774478717420772
0.03495012071847715
0.019819919577629058
0.01772010837325148
0.021750354732182432
0.02793348471423356
0.020110006680258488
0.03939200783626805
0.08758094489435082
0.1797644458540416
0.2800112673697358
0.37596238515834896
0.45506906974345307
0.5267604237626292
0.5842834101549372
0.6228364793329918
0.6516378285420172
0.668625733481524
0.6783877930145527
0.6833349346277936
0.6878318676723331
0.6896106712543786
0.6871032369278578
0.689887008113892
0.6919880617923899
0.6979915345803582
0.6969705623852704
0.6960709344547634
0.6940491779350816
0.6914278553312806
0.6899373186668788
0.6873405089992237
0.6868803998924977
0.6845843817658461
0.6860266235996367
0.6864614261724412
0.6867742315910219
0.686298787172775
0.6814133414484462
0.6684489168747495
0.6403293392236017
0.5693717248625314
0.3951656258155243
0.1886390618514471
0.05625714972449624
0.034525875538607004
0.03473771270476639
0.036578337854916466
0.03680835021077032
0.033171407064586926
0.02657460194784178
0.024075106328261407
0.0248147530434997
0.025637255419992726
0.03845698950744105
0.08979092767852777
0.18015926625432443
0.28651396966803916
0.38092731101125615
0.4695433908315628
0.5447908060951497
0.6005345625127504
0.6328093574320045
0.6530986517394098
0.6678589511665877
0.6809907665635969
0.6985372931186983
0.7091685245176593
0.7135935940335189
0.7123909811370627
0.7151915148551524
0.7104436034186761
0.7100104479569571
0.7057674991357421
0.7059288382240563
0.701201874121617
0.695407504334305
0.6897692402593296
0.6907023240744061
0.6914561228226579
0.6868838971361985
0.6830276996544447
0.6841403268039581
0.6835422573365434
0.6794155495247621
0.6744851811753823
0.6752821134592684
0.675951807123271
0.6696307502285548
0.6644534662552535
0.6605876668895534
0.6567618271149648
0.6330959959412695
0.5462468535643772
0.3350358969671904
0.12744452794435457
0.027410160158895403
0.032790499039669296
0.028816621229536203
0.028407246143581977
0.02571386810327742
0.024111549650638553
0.021050988193460952
0.022323875099193428
0.017274798576875788
0.01625502784061584
0.04167783834125514
0.11675856388492888
0.23056846001803444
0.33947775840472544
0.4308852148865071
0.5024863308802432
0.5608381498281247
0.6098146172721811
0.6491258229573819
0.6774865226961814
0.6928797024911371
0.7098794928564758
0.7233662712185388
0.7344374089273561
0.7388234297038414
0.7392981750828976
0.7384670279525556
0.7403482427573654
0.7379819715272928
0.7336817338803359
0.7266982279458343
0.7256652146759887
0.7265579421666263
0.7282458341147092
0.7279951363192333
0.723672732800865
0.7248858562870194
0.7256578843448218
0.7273206074498374
0.726825738351215
0.732939896389059
0.7333212456008319
0.7237609209293555
0.7076419224456855
0.6584518809718614
0.5257470829733004
0.2855308647533679
0.0917736944208094
0.015411999376627189
0.028305854506427263
0.02699233015918095
0.024871629388113662
0.0220664160827733
0.020839193053050487
0.01889371325178037
0.020685573838643428
0.029885753020800564
0.04684109918027399
0.07149782919970843
0.13123296725965933
0.21628596247568127
0.30589374438639777
0.3820135998484219
0.45901681603736466
0.5296204194981672
0.5933993012654522
0.6322174963995391
0.6590683911114426
0.6755417236680199
0.692594609691511
0.6992285336119114
0.7032058292910197
0.7049396924248295
0.7111848671659611
0.7139109193478191
0.7138718992969882
0.7114990838500757
0.7129640565782484
0.7126812374637406
0.714345235835582
0.717789029933916
0.7211740334658037
0.7201687502413181
0.7189680483541208
0.7198060581752954
0.7245796838209483
0.7201787485135989
0.7039890921709938
0.6630332280614141
0.5586486100716148
0.3593769862002336
0.1550638395501771
0.04565012752900352
0.029414639882937327
0.03269317513427561
0.03207158262260842
0.02942236728203981
0.02672111614764066
0.026002424869113513
0.034899581133538235
0.03911950140110711
0.04289401606077763
0.04902395030381771
0.08995526121515417
0.16619033947971726
0.2574075590008588
0.34292594725170455
0.42421693927244924
0.50651852429319
0.5704635100135378
0.6155424436450426
0.6416745970511322
0.6620074164293538
0.6779329307157763
0.6933900637841136
0.70229781552225
0.7071660972328863
0.7107093764333833
0.7133307660110828
0.7151257482293046
0.7122999704013644
0.7105292282179502
0.7093771022168903
0.7112420209321719
0.712372255614949
0.7140968338270373
0.7143522846613423
0.7120131556740761
0.7085910708666614
0.7045415101288169
0.6989343156522042
0.6949761196283191
0.6838804485110799
0.666313019574286
0.6229422669429575
0.5263614063104665
0.3418552631001187
0.15249047981132605
0.049711625322242846
0.03582980195956862
0.03792137383018222
0.03139279251362648
0.029709276979222626
0.03302021817686439
0.02804744520425912
0.03233845864756564
0.0420022117865262
0.05155511863524008
0.05368225789061699
0.06010673889706833
0.06795697814220412
0.09529537517606276
0.1542586509588697
0.22930708309663508
0.29976915712939683
0.3676082627507083
0.4398084859853564
0.5105408561688066
0.5726817361686718
0.6109884990258195
0.6378869462639204
0.6538691488912002
0.6742904063276589
0.6846898310581675
0.691010116145926
0.6910422845958162
0.6971438342922633
0.7015699262808107
0.7035492563519055
0.7065099817796745
0.7019837640131793
0.7025706791738968
0.7001234271570845
0.7036328064257759
0.6990908929295103
0.7005895492945816
0.6991471369938915
0.6985938200596135
0.6993722023843478
0.7030100075473864
0.7033818378224629
0.7028348621281295
0.701714472377764
0.7030240416540645
0.7038566444726504
0.7073953878877578
0.7036193200053198
0.69280641899978
0.6635574768251836
0.5873219352501559
0.39111552299972663
0.16781174172272406
0.026736550700174312
0.0038239522483402965
0.004994070576929373
0.017102869253490284
0.0156707161526307
0.014712109668262897
0.012495906805050118
0.014896397983306713
0.013161847575122442
0.01799798845823444
0.028646337905596078
0.04987374109452154
0.09902228250988401
0.1813341129477307
0.28523801770535917
0.38974050290893236
0.4834385531645848
0.5620572023667529
0.6171670689996299
0.6541141550814288
0.6795414585631341
0.6986019593274315
