0.3320866572511193
0.08803379475048552
-0.00474389986959182
0.0006579536876774351
0.005444322635170889
0.018539110377698217
0.026677044023465466
0.029929955650120788
0.01898973050559862
0.024255312613434565
0.02916705281681393
0.033084846427989
0.01830175165364498
0.013027116266936433
0.006081553916661955
0.005510918226108989
0.01682855415351916
0.014513124196686175
0.003234869608805756
-0.008002027994653604
-0.00027367052469535276
-0.005757930779498327
0.0005087661533018084
-0.0044667888242894945
-0.0042634112120088505
-0.0011784644950842407
0.007114771364419926
-0.003917956514253392
-0.004689555444870504
-0.004978577419767992
-0.0010978796796469563
-0.002654237056484137
-0.005942221150267361
-0.012218695064594253
-0.010463798725258594
-0.0011750313185229003
0.008215462032866582
0.052300829959736825
0.1041868369749877
0.2172462933849006
0.2741981892933884
0.26702924474848116
0.1899904448665216
0.16811498905612635
0.14165636885077704
0.13313910496479822
0.12620625141331307
0.15301036534061702
0.1253879734545896
0.09072751290398913
0.06820517159468917
0.07301458213334241
0.04477495552999783
0.043108797143751355
0.049253393084463436
0.044010898573758624
0.025314747061718833
0.04806559632287856
0.03316986833533873
0.029053208336781784
0.008848779056400575
0.028972423932129034
0.012888903983727724
0.03545610951187896
0.0019218341931313387
0.011074722364022429
-0.022957380547170853
0.020512010432441042
-0.028588612324849706
-0.006178459069106393
-0.028416856099498476
0.030903893860537848
0.002739102175179496
-0.008075895979224337
-0.026618039130189227
-0.03897978814730583
-0.037041805500922176
-0.04722748925549966
-0.07096286668417202
-0.12203488911148493
-0.16703863056446516
-0.2516923128619472
-0.4157562675472897
-0.5476388273300732
-0.7300695906837883
-0.5584644923646888
-0.23788315025268236
0.024262662774185026
-0.02414180795315972
-0.007587268924053543
0.005721912701516933
0.005642105959045864
-0.010748320823718618
-0.008999116901068152
-0.004887389408321909
0.010102456010235399
0.004636513522197627
0.10214787813223929
0.20634408986386263
0.28845804123560115
0.3699058683439152
0.4774017951981198
0.4571465042496641
0.33939288951389984
0.2226760748033276
0.1518728185380301
0.10710953137259087
0.08710253118866741
0.06246346518072095
0.056026840216769506
0.0730425136657105
0.06247210449339594
0.04391960189479361
0.040112788261425385
0.04284150681751323
0.020549855981466626
-0.0018622115695880017
0.012070588763416136
0.01642780610162105
0.01100245376886339
-0.014696153588570427
-0.015031200477720774
0.0032627697847210126
2.807510389321754e-05
-0.003973533396671554
-0.01635147504603001
-0.003841058901048331
-0.0045048938555380565
-0.016992820287739147
-0.0399908929576246
-0.053410664949655594
-0.06254334492764443
-0.10814986138792214
-0.15518178647153377
-0.2612525126912379
-0.4176596790357218
-0.5893445040200259
-0.788714935870642
-0.577762567878457
-0.20828142113931
0.08220083450081006
-0.005808658156998568
-0.008785896252298529
0.002248597575012208
0.014467771568488094
0.001677209539572116
-0.003822373948263458
0.002281299074853435
0.0038189416230880895
-0.021079658249918812
0.00716363511019272
0.14749362083109324
0.27073037135265343
0.35366463411957955
0.4449369346163055
0.5194650259801055
0.4174621107930503
0.2636153381652883
0.17342362120101146
0.11958823568951342
0.08766267426389694
0.05397638369710878
0.040823835485450856
0.01588657998370485
0.029747643357990267
0.02840020132029719
0.025704161908292
-0.00217774793889829
0.0010719418220827967
0.008039826287594701
0.006977201600775891
-0.005657773747104633
-0.005518109881109114
-0.010521927927078106
-0.0017668757695172119
-0.0061820779953128315
0.000324645291229755
-0.01788846115164589
-0.002647637631827635
-0.013179958510546362
-0.012596428493857488
-0.020517744552907186
-0.018090511613871176
-0.026896699079880865
-0.04793342693989109
-0.10114962990915906
-0.3018170607682841
-0.7907959059730505
-0.9671666838767929
-0.5897740557698208
-0.055997333279622065
0.04077790277005218
-0.022998249731199804
-0.016807081222482142
-0.0007757872966024817
0.009726705527675801
-0.013986604622928708
-0.011067404747261577
0.0063037158457027774
0.016043606676263103
-0.0008499333762488636
-0.00104121604300119
-0.008813621112909535
-0.0033252122507794824
-0.006147771925591253
0.035413226221532056
0.17871388443566247
0.3422510738771199
0.4136732422402946
0.4473093890631341
0.4424585202202804
0.3313764856787716
0.17069471718783447
0.12003723612194883
0.09541301523276864
0.0949912740033255
0.08608526452363333
0.08646103950485871
0.06946043478597437
0.030665525613963098
0.01583139518588958
0.005089779795652559
0.02036123766361865
0.013365365727143334
0.013056404538183327
0.009291755061620019
0.010337856096740978
0.003034323347935502
-0.007155590347135707
-0.011193794623588152
-0.00479571816246166
0.0025519861014294625
0.016274697607057242
0.0011439605369596355
-0.007835975255513982
-0.030865499395453074
-0.09860007134012873
-0.28611849884548657
-0.507362126943425
-0.8030729131360772
-0.797781719296742
-0.4520301146143477
-0.025929882913679852
0.040676838042287104
-0.009139279169687828
-0.01648436092980927
0.009241206618627259
-0.0009837074734060389
-0.0011289501944658198
-0.018616780438572143
-0.019483801220042795
-0.02122303326450308
0.014606358541025476
0.005090448976648209
-0.0026398437267841205
-0.021439210775480194
0.16417972063958625
0.3223459685339473
0.44711851259968194
0.45853649027708987
0.4601165381903363
0.33558780314779274
0.19568154057974887
0.1392187223746598
0.09900111402241578
0.08839706060878873
0.06847247385380674
0.05650180058124583
0.023396343914453534
0.020630670648400257
0.026889662273201224
0.021837407920688983
0.012535711976471926
0.0020518253577363945
0.008913058823434059
0.0007733317778918908
0.012592486581651111
-0.009199767713078599
0.004533978457957289
-0.0030643943477188995
0.002049524210402849
-0.0044654166968928705
-0.0004392318265145078
-0.013575372214042909
-0.011885084041386022
-0.02448915190842494
-0.10872237401061469
-0.363964207013333
-0.708322801974088
-0.8444762951060011
-0.5935664807954038
-0.20223890803281164
-0.005967000934760208
0.01882319339163317
-0.0023885419735925678
-0.0022295098231164554
0.008555888095156932
0.009068955802649074
-0.0032661324599037598
-0.011916026565747409
0.0034400687743744484
0.0051394799900138935
-0.0059773148062858454
-0.01571507228691658
-0.02134446925500596
-0.006737745424132007
-0.028355943524926333
0.0813629656337495
0.25535826489498875
0.3923939892409322
0.36853022740347924
0.38938020488823516
0.38644612430724884
0.311394455242279
0.1839488325451662
0.12200626203216515
0.08902685099444874
0.08355551726730834
0.06049934084533213
0.08188683696957298
0.06330375185856103
0.031376328079455736
0.007282282088784323
0.028564146302111952
0.016658042785162232
0.002769645441410945
0.008062614723503612
0.010369693775710872
-2.5434137018517616e-05
-0.012160869746618602
-0.011079209777246498
-0.002672579624518107
-0.0045048853887814455
-0.01826133812192241
-0.03988398340319622
-0.17597917409080238
-0.38069911601830475
-0.6294212741702697
-0.7684615296921955
-0.6226952312466761
-0.26236486911584644
0.0008937556799332065
0.030303461570871732
0.014514678290920641
-0.01452842665221491
-0.02191188525225864
-0.007658075360008476
0.01281255892708473
-0.002311848550620006
-0.022877280665102896
-0.01737186563746831
0.0033577145416331337
0.12830135290954242
0.29277166917429076
0.4158532452416544
0.4593934432730691
0.4391489130041314
0.3638161288709348
0.2350602510347157
0.15428042046974377
0.09074421302781364
0.06888057543970207
0.035679116513674704
0.06390118241246343
0.07295165409879771
0.058391603956259724
0.002085036670289973
0.01193206734243633
0.004568334475501515
0.01480674369225605
0.0008472827954762062
0.012346090601533457
0.0016299904112614602
0.01111132040882069
0.007038984455278707
0.011490084304679694
-0.0003042983008501661
-0.011997363996837748
-0.02009674712837289
-0.06544287275951084
-0.13413101115080314
-0.21846440942979248
-0.35609691955811273
-0.6178077989736505
-0.8267103482340298
-0.5802624268957712
-0.16845082982736032
0.06656155365756061
0.009420070634585656
0.003227962835999511
-0.020350887824626848
-0.02963541413420664
-0.015483221022790362
-0.004005412462965111
0.01664939548898616
0.018303853731836475
0.004897341074370977
-0.01708960064267077
-0.00332111471545026
0.010968338211785821
-0.008524678665984758
-0.027516809425635246
0.055753367194465636
0.2622359403499504
0.39121370024249175
0.3891625438197893
0.400902932584015
0.39516184989670494
0.3372323345308249
0.2104362182864986
0.14326354861869517
0.08453421100314679
0.10957604843921406
0.05840512022441483
0.04940982995261733
0.04408439958623107
0.05691254281621957
-0.010060622969768307
0.01601386457689056
0.030654354781565796
0.0016575079771394916
-0.02234565881780972
-0.0023754317344902615
0.005772493437865628
0.007102690063036988
0.0020080257368161494
-0.01107203874943306
-0.02359264874038855
-0.009958930665352873
-0.02408067551017216
-0.04939505871433153
-0.047063878407801144
-0.09651148538327059
-0.39495793527525336
-0.937286494182186
-0.9856938873726133
-0.4633008304039127
0.0031979101068175956
0.02313531479205169
-0.009152454079749444
0.01714973755789378
-0.006746840061161548
-0.012834011055512183
-0.00014456429516636094
0.007402308737864466
0.013424257294110524
0.014794641610398803
-0.006133959019492637
-0.004592107110199207
0.0022624059545866813
0.012350061934644128
0.008243443187819558
-0.00909802421600176
-0.026898196729608474
0.03126097091713515
0.23946877608434594
0.3549518067953938
0.3879114989950595
0.4235939693961554
0.4530661642349929
0.34589257967613835
0.1932872556020947
0.11995821377781761
0.0944897385612805
0.09782814262215564
0.07368827291343504
0.04725789529208418
0.03755166548470435
0.025193260618484845
0.005063453738573735
-0.0019399491275607671
-0.0002697336573218286
0.0009130127292882221
0.0020305807560348195
-0.007964249833940994
0.00417025209192203
0.002519442543795015
0.0017732443561981235
-0.022056066355638858
-0.0024645679111292727
-0.023736219582062866
-0.03649926053132741
-0.06627181590972162
-0.08451011865335357
-0.20290706561161578
-0.6883320848745272
-1.0
-0.7159750099000696
-0.13741773599437693
0.041396228452761315
0.01092387381599021
0.0004108760903942028
0.0016062768145220512
-0.009731177369310492
0.012976380122504377
-0.0053662442461831755
0.007847774113797836
-0.013890692217964731
0.008322812479936813
-0.005092667080365852
0.03160323482885891
0.027336395327059927
0.13604012548747438
0.2801222501954751
0.41734164038344956
0.47682619544838956
0.42975448480156797
0.3308875042697659
0.1917705877045389
0.15435009321566243
0.11598172324007285
0.07765231352140203
0.04358649830318712
0.05252213576487352
0.04248880325758863
0.02247728556335753
0.008809865042307456
0.021910997146603817
0.024998801554002685
0.016084034705415383
0.009056029595112662
0.005867263761250016
0.010964197140640909
-0.005703135952869631
-0.003339932452923711
-0.02414397739461412
-0.023067765683969305
-0.0284084161010659
-0.025784411837715758
-0.03061477686851769
-0.023456861950302478
-0.018987636778025865
-0.04997148001750447
-0.1596675607663715
-0.36946298459831045
-0.7686626231481362
-0.8454579393746665
-0.5075676194278672
-0.06615750938365399
0.000599924106508503
-0.028073852059836774
-0.005758564066210308
0.0030694185084782326
0.006359586628118479
0.001291825590677049
0.003924025248475435
0.002407822122732394
0.004998523215732542
0.0012626458708331295
0.0045966211488530405
0.019152585067381434
0.0973423508748557
0.23425312610265753
0.3575740049607863
0.42727346751142076
0.4335952740438251
0.3703384678871844
0.24941873444586532
0.17475440489482533
0.12285847654046558
0.06966149060628977
0.044472747190413275
0.05197216915392007
0.03899488954092627
-0.002823380396055567
0.014164313025612815
0.030475838612263335
0.03095936506815261
-0.01916770038006076
-0.014572046223453209
0.0034241746135505093
0.007476072545674634
0.007377624352635141
-0.018280989906758693
-0.008238464136210306
-0.031237320771572128
0.0024025912933449724
-0.008190445334147327
0.0031067640465621046
-0.04925005840455384
-0.11289912280710238
-0.3038616689066241
-0.7446068051611575
-0.8684109713517649
-0.5347823378887048
-0.07445983668467795
0.00891129260548099
0.008658640935713672
0.00020915156358214677
-0.010812557941625967
-0.004686198456984278
-0.0009906347991928714
-0.010322266799272659
-0.005038779015450074
0.00966243468315721
0.017013864372677802
0.0007119029529470051
-0.01107460301278782
0.06409920131905017
0.2490676188983413
0.38424317224140603
0.44550303618357995
0.43496544269750753
0.40524474167329
0.3184133676178771
0.21797537932505676
0.15327492605495474
0.095571648827598
0.06739268266532766
0.045523243817652534
0.050352405108342185
0.04800066701053108
0.016653892326185058
0.030646965860556933
0.014725251118528104
0.026871079889342397
0.01859019704355421
0.0014974908867924116
-0.024064098331587
-0.04638493962090335
-0.047127666347610425
-0.055199551787680795
-0.01934365029617724
-0.03377773321885102
-0.043621259371541446
-0.05198911230719374
-0.06760019290701412
-0.15158984578207743
-0.2820631975762003
-0.5911742381830911
-0.8910698173703083
-0.6734787733875424
-0.1866936274761084
0.08378455796296548
0.011870704759693646
-0.0025244225877616884
-0.017202917041445435
-0.01597941736813744
-0.0015833211745392352
0.0014741954009767529
-0.012579513194537852
-0.00542795942755283
0.008733421109919651
0.028948898436178747
0.11943651712497115
0.2398092061709951
0.3773433246248214
0.3922257667137135
0.4024075115296138
0.33175748736229954
0.268616968891899
0.17591140825377685
0.14633366113765164
0.1095405486506207
0.06707630542741543
0.01875382551627817
-0.009829597864527402
0.011281155404552712
0.03050530819368187
0.024192461083568546
0.028314855485742207
0.039783578409057004
0.03751373994580495
0.0002699168875067376
-0.007828316761147891
-0.037154324309096626
-0.07614891683993275
-0.1542998640938793
-0.1752446193591167
-0.16427648473006207
-0.11348046095432257
-0.05651165401468271
-0.0022877032608448187
-0.0038042639248927527
-0.02358454022870032
-0.08902727968826489
-0.28876876160253273
-0.5429019979838521
-0.6119715570414048
-0.3615112769828967
-0.07947034156270895
0.020403887532767607
-0.016852603185275337
-0.011501219058016045
-0.00012452364383761178
-0.010969453693772809
-0.015478753628411722
-0.004733339813322338
0.0058652625346909855
0.008401720501220625
0.010885724920879223
0.08667871267793609
0.23888214607465266
0.38959413414919875
0.4746658706019565
0.447414246487813
0.3759909240685075
0.22101575904095203
0.12676307463526942
0.07944409101769472
0.07200626250246152
0.052538972616563304
0.04795475652915258
0.047987007024638526
0.014485536579953436
0.007486151643665481
0.01161914954805114
0.005448124210262948
-0.004553819110413519
-0.006671111329316177
0.007491881227281891
-0.002026110929442386
0.022334329010663064
0.009111142808241995
0.012054840997980024
-0.001529384112396427
-0.0003898781604932232
-0.015567047299286846
-0.06378990197776344
-0.11044551288599003
-0.12942588969838204
-0.33077810522678863
-0.7582957172284559
-0.8550411893262677
-0.39148150512164986
0.004805747235271719
0.05485864335487105
-0.013353380456575328
0.003921711166244644
-0.02348678447627196
0.01476157641760677
0.005848663219040652
0.014095369815317905
-0.0026986272887732747
0.0038287389046926974
-0.008280282389789631
-0.015083041190747179
-0.003807759575559064
-0.020361760354843127
0.04472296448967905
0.16232664073818628
0.34580257213787285
0.46999627989207954
0.4642825694401978
0.3704398701560923
0.2273112547943403
0.17031319137605816
0.11328627095968247
0.08290643750175146
0.047660185401704136
0.013668865952936237
0.026368106680357623
0.014668773023708876
0.0010444536091708022
-0.017235746353586538
-0.007925586837337469
0.01221996862542114
-0.028832501308373202
-0.009139399259512758
-0.0399989977869276
-0.008135322681878424
-0.03864972749283577
-0.041494324085332566
-0.05288742284744768
-0.056603673619150384
-0.08242956120043779
-0.11650444700566757
-0.2827874064926712
-0.646377043184722
-0.7609123078500404
-0.4043529667356514
-0.04688209457117869
0.028105793467271233
-0.032810934300825156
-0.016143881646331237
-0.011166615660868838
0.0216788216164427
0.029485897774030916
-0.004730211534822507
-0.011739097604543393
-0.02125930517389396
-0.003844764638281129
-0.026862509186355986
0.13046515928994712
0.35473180551194916
0.5340515342901472
0.5037154746336943
0.41522908728928143
0.28916014262647377
0.20287679558259622
0.13314590605716026
0.07922153068870717
0.03830995040443659
0.053431815529830735
0.060366977255463534
0.05738554100347321
0.03953218962397926
0.018827471654397205
0.018586621241126797
0.008052676986963053
0.014037705402534831
-0.010780842754294646
0.005977981954484714
-0.0123357678012888
-0.04131755880639672
-0.0704966253426753
-0.06614364936796334
-0.06826391289711566
-0.08382452915061218
-0.0673663471682174
-0.03992499300677441
-0.021068229100797246
-0.01781775518089226
-0.04689923320030892
-0.11201641292854041
-0.2967042982027557
-0.6524837203395722
-0.7709112340443116
-0.454360334739362
-0.05160156057324796
0.018235095135282126
-0.024854830836572608
-0.02188361820247563
0.0018518124387292504
-0.009038585123933608
0.020238184882251
0.01036213843425423
0.013155167250000821
-0.01087121855417525
0.009559640217167783
0.12734655125328395
0.35962900856504587
0.5107495257107233
0.4719695354668556
0.37264039308138613
0.2947734233452307
0.1972967316204914
0.13575744261461228
0.08029655896742549
0.07010775442779796
0.04533951948790105
0.04721023782378455
0.027592562157664948
0.0032516399230948846
0.011190120012705177
0.006235575998061424
0.007604588279829146
-0.009380957818742841
-0.006474864657502736
-0.006525320325101383
-0.010377033133394487
-0.0027481251179302902
0.010659677996701625
0.007216173317346527
-0.027712725338762612
-0.06917186792011847
-0.1297868061487361
-0.2541130118908409
-0.512807257355373
-0.7988536158516911
-0.6794244670858082
-0.279872365252174
0.014632604554425617
0.016204769959995164
0.017350981402249385
0.015135102225582949
-0.01593824498474333
-0.02337618472488507
-0.007049443904630398
-0.005979941573269985
-0.005620289932346273
0.05601528632338166
0.16810977377947606
0.32376469921665024
0.40869596993007035
0.4092862410761152
0.3507992801281757
0.29923303499510817
0.23352939110958207
0.1330598597452256
0.09177371208877554
0.0743509605501925
0.05165255294917333
0.03170285188694981
0.01952835121304033
0.024333460708063057
0.02443077668717845
0.0006423444362880085
-0.002652049323652387
-0.0049486740008888325
0.04560173452461386
0.010000671651834195
0.007603151832048709
-0.017126314426151708
-0.0022978540290174675
-0.022067925297500648
0.005605356317823187
-0.006973904646147661
-0.03121658728541459
-0.03865435005948991
-0.013355125359687688
-0.06654075889336096
-0.14452639280610738
-0.24014265643344146
-0.4570183105781998
-0.7744150714662886
-0.6847020709864524
-0.3158769649762113
0.01350711217096151
-0.010575740806073427
0.0006040592891407112
-0.0023316645020205096
0.018899153842081243
-0.036284199588988895
-0.023907335643644886
-0.0008228327362645196
0.08000527646350183
0.1284386459825114
0.2705744749593002
0.3323919338909392
0.3840436802347139
0.3074164912762772
0.27819522992650736
0.20666545478385706
0.16273321842872887
0.10306180027686365
0.09322200167439394
0.08211298654011683
0.04717666703638102
0.02651747576448403
0.0013584676266513655
0.024663566052514557
0.021602643291771056
0.009667806120793671
-0.029641391886934182
0.00028211102672913137
0.025173882515878796
-0.00018029390162594384
-0.0015752959229510257
0.004862302508785094
0.015984073806137148
-0.007664546439581049
-0.0051233626146542244
-0.005022172014755637
-0.009374464906223711
0.0008157867579746997
-0.006458741269343675
0.004054290386385549
-0.016459204703349068
-0.046311509423696814
-0.04841005318100305
-0.04479890515152911
-0.19654257154778482
-0.6268765706298588
-0.8432973280654432
-0.5635508501976647
-0.098854125106115
0.056477834395831074
-0.006293497493497742
-0.020326044476673716
0.03419359432245111
0.012246957528030854
-0.024298117915256594
0.00019252870209794773
0.11904392939059631
0.19065574325862047
0.2612076200985643
0.2941008612811787
0.33544442041941325
0.3368508397120166
0.3121538905621196
0.2172114952215055
0.13328988101284128
0.07646380522222282
0.06295976474456971
0.06287555189783585
0.04171122552529971
0.012626974493293678
0.006703910115625817
0.02330235289532331
0.022658520507269856
0.0048352434029190474
0.009034148836006322
0.002200207483515005
0.0007458416291898524
0.0018645312355781171
0.0046363960439037896
0.00801940874294361
0.0068796542486747785
-0.0007139237830256383
-0.018823151521619473
-0.014222887296617095
-0.04582216236273668
-0.11230469367619683
-0.24287521415777374
-0.4545014141545588
-0.6426571669206498
-0.6329135640436683
-0.3704400060992982
-0.08257374969282823
0.03280592320896883
-0.0021635347909212442
-0.004454562023620299
-0.011670349057960853
-0.008897961922917905
-0.03138422855432727
0.0036133376025651006
-0.0022813748805324795
-0.0024801288772472777
-0.011409638097666631
0.0010532612614037745
0.014396189547134562
0.06728584026204715
0.15606817175411827
0.2661260833566863
0.32597585123416944
0.3311489914973775
0.3173273784614786
0.29372077940837416
0.2225972160202397
0.13866945105714049
0.09273039442803095
0.06764381364023996
0.04272960240802019
0.02960772891840843
0.019231637252365628
0.029533889384772277
0.026325829241554778
-0.009039603142254615
-0.025762711709690064
-0.0054194550888824605
0.025466519099687036
0.012491304249013065
0.014949343565241597
0.01467108192695886
0.01617486050117095
0.014251699355525133
0.01208771964777281
0.00708948524409347
-0.010740525863520398
-0.06022129062056898
-0.11701823987392812
-0.2038378767860949
-0.42539964055237794
-0.7328514533043824
-0.6329997274233584
-0.2699085671325141
0.013505491929318067
0.0043841461479245
-0.009973046136948603
-0.005273372982418241
-0.012699612429128499
0.004910363079453169
-0.00921577089557236
0.01995426583117786
0.010148915843366085
0.033554095443869746
0.017071972668561416
0.018871581057318683
-0.015166611229053674
-0.015637767592241746
0.008630576850199629
0.0912733006834338
0.1964284812617387
0.2959704038106917
0.3500089472557218
0.36674240236751204
0.3397315275132283
0.2798250282912922
0.18290411256721964
0.12209600233380413
0.08240257699301076
0.08770943465564186
0.0834574796522807
0.06923038426781063
0.03703574266679894
0.03710646610166746
0.0442556109320541
0.018013646362343122
0.014448682900848418
0.019010399155696793
0.035996469573490876
0.014920595157721712
0.006172189458870686
-0.015146442367321024
-0.002130673710858043
-0.009835897941612591
-0.009073844594403541
-0.08062214669834522
-0.15644679412557347
-0.23917843244270176
-0.3286125481854583
-0.4936496797144418
-0.643740182418061
-0.5799861864403493
-0.30265182407133545
-0.012064098568138025
0.037968645795759134
-0.011123647408773984
-0.04725569042688572
-0.019337048078743913
-0.01611334763973831
0.0026792369832876334
0.023420998700777334
0.02949221430305774
0.08240399947625222
0.15603899911360652
0.30458479804875876
0.3308569898189349
0.3330893287262079
0.29409382464407297
0.28848179802189416
0.2271933627457136
0.14879333117182397
0.09014407802238714
0.05986191595897854
0.06083447483819545
0.05169005126743734
0.0344316336136502
0.0072597907040102255
0.011464945377679532
0.01568308595762409
0.019618296935622077
0.022318839210484782
0.01964411347891262
0.01948567422437817
0.015565597793916608
0.00842153368325531
-0.016885930307564696
-0.01842472765852894
-0.014487847559894896
-0.01353502389095198
-0.008842504200640245
-0.00836433950452242
-0.0007710432915640478
-0.0022973901483591226
-0.00545634609687481
-0.012285364732694332
-0.05312595659449668
-0.11179912043224235
-0.29593523123783977
-0.6238423063643719
-0.8329839374069622
-0.5288431222984019
-0.1103444653940905
0.05792522915945606
-0.013282194406150416
-0.013278598003962687
-0.026378715157559723
-0.007772627819561058
0.008822479363712632
0.01729972738719256
-0.008916379612838175
-0.0005188790067710263
0.04339995800569109
0.12557874138353126
0.22478802175032306
0.2935629833657741
0.3283819263776908
0.32279770674730074
0.29808067287752243
0.29544856142005715
0.22081924950793827
0.1512763382966704
0.07246313441168872
0.07380332282782928
0.0380815733661133
0.029120830871636055
0.02063585727278127
0.030758412738120296
0.026901975774727558
0.018546862968378448
-0.004504261534031569
0.0034426534927587907
0.0006917598326171094
-0.003236277768231569
-0.011743501715073995
0.0017467681519231944
0.012155562050128804
0.000632819351505291
-0.004996918133834059
-0.002672755662674151
-0.006570903945128597
-0.016915779462151167
-0.027699234520800455
-0.041240622467367045
-0.14840833998289482
-0.39510291205369596
-0.7178401694133877
-0.7857046768447785
-0.4390025270628291
-0.09247326420802311
0.060224952052342455
0.010421252154612988
0.02716754450714176
-0.03305851305069689
-0.004421815686973113
-0.009631522980288595
0.009930823511597181
-0.008678385298637094
0.009556181146450774
-0.0015262064903264446
-0.013928625293919519
-0.024407926655261404
-0.010844965825261168
0.028040058144601362
0.01909528833832361
0.025298457444114315
0.04405680359832077
0.15080710022177837
0.20083492253711405
0.26138334892062703
0.30397697200392354
0.33760434069763046
0.3288494628878549
0.2811325408955348
0.19948553435409022
0.12488462555626305
0.07381768314393919
0.052029285903978886
0.03496723012273222
0.041306144711766794
0.01263751371885957
0.0012813642160501978
0.026537708593770845
0.04012784127873009
0.015889234583877
-0.004525482440854537
0.007955132405909022
0.012575202234605436
0.003687433278506845
-0.002820014097804662
-0.02093927982660526
-0.04222534223803536
-0.11342475015028573
-0.301665697495744
-0.6215104847843167
-0.7824076086709045
-0.5426168071161359
-0.16955736231647067
0.017372371053039685
0.0033773805495657633
-0.010912844133351501
-0.01240067886774167
-0.01847193850730149
0.009472549416893355
0.019075081433105826
0.011313130909029622
-0.010609058201606562
0.0019081208617661707
0.010501976429048751
-0.005292536412963173
0.0673020386257805
0.20567085955556294
0.35145389453007014
0.3898754047982889
0.40119642484446755
0.3701284126049889
0.30180304600129043
0.19271717899772337
0.10729077574637833
0.09202244816762019
0.06659661991416713
0.08082050387950929
0.06185192397436667
0.060018455409162154
0.033002616677122655
0.034496837846761795
0.013747886862262675
0.00399960284831473
0.005578721260171374
0.010994987302456133
0.003985963046304721
-0.01823805409713359
-0.04053589392717827
-0.08467401175207481
-0.09314355101168052
-0.09863590512263395
-0.08441719777974452
-0.07353961357717678
-0.042472267188984135
-0.03073227743110657
-0.041198436156828715
-0.08742656087492555
-0.26107994126696776
-0.6191916167182169
-0.7345673998861698
-0.4544649030357294
-0.09190591614026102
0.010908692704607306
0.005807495593303376
0.013732468757342658
-0.002294060244372792
0.00028609989388500546
0.003441247922664437
0.017830309012253805
0.01483817022848644
0.012046932383492972
0.02373133801330579
0.06425994260223276
0.11808024298433333
0.21610552774711858
0.3107805793458932
0.33460879619712286
0.33996347717172937
0.3022889659044369
0.21512699302325927
0.10934204112142078
0.06443659148072739
0.04670700780627375
0.04249642391295483
0.044548612185510705
0.03666105423403936
0.04295678967041671
0.01987995239245714
0.02071863838469839
0.009067976707584139
0.02743340534930633
-0.011633984176759439
0.0010876642937675603
0.0044735172607384575
0.022538349376093093
0.0045566145785227
0.00925685480051703
-0.002230240187618651
-0.0033597818752616215
-0.010451268724605098
-0.0011769445887429538
-0.035224200364029075
-0.06689791205760495
-0.1614885417831047
-0.35369920191637666
-0.7255369416231146
-0.7230670831030653
-0.3881876096802362
-0.018351530156535664
0.014906828090148308
0.006329860846809455
0.0030627036308198377
-0.008332478781682324
0.000911957504856028
-0.0084285346759875
0.004989090239975416
0.0050598505189698864
0.054266799110401324
0.12652511250300194
0.2881992454180154
0.35235793600491566
0.3564643887952099
0.3196143202726544
0.3193976942137297
0.23352155494284674
0.13609252916497605
0.07388258926403679
0.049182188885385676
0.04251944923033317
0.03386142391348654
0.022035861134962406
0.017223125344317598
0.026767967909453395
0.01959081217484858
0.015212624024856828
0.007845705580909221
0.0019043120439201427
0.008161145029298694
0.0026201527378136207
0.01292299305038381
-0.000705568902933813
0.000567923375091395
0.00015791791417292997
0.0014294536157871132
-0.007432383676788852
-0.014541201298564965
-0.002249825873008529
-0.006238671918474717
-0.010165520464987537
-0.00670061777136978
-0.008157610275593127
-0.02832344054374085
-0.05221143769137041
-0.10436168700675134
-0.31457745319793357
-0.6873606016324839
-0.7880293248639307
-0.4360411700570405
-0.058937271047609145
0.030046539448878105
-0.014021248622987668
0.019125121633940118
0.01370319143920316
6.17512190693298e-05
-0.02045173763280905
-0.010455066241630891
-0.009305138334626342
0.019414979175392966
0.10221603794795764
0.25238922963806254
0.3421340331608995
0.3343975563883956
0.284623938834966
0.2947915892373754
0.2697143643033995
0.19752453573133918
0.11049750108743951
0.06591445368067697
0.0477031531474314
0.04785203223726676
0.05529721397773036
0.03726822527933225
0.02884591708469049
0.026341265815695146
0.011520324961798185
-0.0059007847165398145
0.003467622131147164
0.012552412672811066
0.0035464310472591836
-0.002690327244046381
0.011338520043812082
0.0050720087541163235
-0.003561656906399836
-0.01005731643155322
-0.005054598290616968
-0.010344476028299797
-0.003406163993857818
-0.0018366040531033662
-0.004199387341408121
-0.00990468384318982
-0.01029240593537231
-0.017486914589653256
-0.03398643342080007
-0.11213626494875721
-0.3491872202391399
-0.7565446958820021
-0.7894278315677703
-0.4281194888116473
-0.021269514522380326
0.02759583174704026
0.005792820771913732
-0.01741251504839283
-0.012764749681614321
-0.007362588630851086
-0.011843216157158595
-0.0011883302869331422
0.0037561836795848855
0.0309301067887607
0.07619145022481472
0.1762168988311776
0.28818493385307037
0.34033546335973613
0.3153055337362336
0.30293378957997646
0.29219053774367065
0.20575892779945504
0.10648887311709439
0.0728732631932437
0.07429236710052145
0.03140898493290126
0.03335246615103951
0.02433280937628646
0.03467507318190489
0.006264928813866381
0.01750105088737395
0.013227809837553298
0.01885069385612908
0.029007657359604016
0.013451640859982029
0.0010219439830728347
-0.0037026036530743802
0.00580044103100496
-0.007745714428355979
-0.010008556936292401
-0.0006920570026421831
-0.007611690147485734
-0.013967585356502794
-0.028506658143197364
-0.01698632938255856
-0.0021288209223340377
-0.009182738572179048
-0.03872072076571636
-0.031514110982694445
-0.027685473508343113
-0.09134850856381845
-0.2980529011618607
-0.6971063771836271
-0.7497533724530031
-0.4301615425687961
-0.034212042643823076
0.012782748988613778
0.027163326142026722
0.02203063711174502
-0.00962578839418179
-0.05211359453812522
-0.007232468933682116
0.01388154874366134
0.02129681726379268
-0.02694673774294931
0.06641381570368332
0.16597920303175806
0.317511548418708
0.34528438594913907
0.33048851111541766
0.27247051426122154
0.24692957618110806
0.19812886567500088
0.13278997394960018
0.09920171059574248
0.05851216264928315
0.03362387635335695
0.01703965001886775
0.015488977520297416
0.006126808743303427
-0.008636462569588698
0.009588261353924649
0.007236748440075128
0.020678016358169352
-0.003516577903637945
-0.0030986266982952213
-0.006963621867329716
-0.009028732801132512
-0.005133918752946278
-0.008944301853824898
-0.0015847733422712574
-0.007908272771170528
0.004967574816250627
0.0014976089724336539
0.0010774089915587713
-0.0016375934072043752
-0.016827148247774145
-0.04465391830314553
-0.09685345585651015
-0.24440232550657215
-0.6000254674270248
-0.7113482177523
-0.45596864367785517
-0.07484995084849078
0.0007296397504940553
0.00633974339657855
0.0007922413284622611
-0.012526877780012845
-0.02272165610362421
-0.008609118944028162
0.002547596602355803
0.0028329798762212303
0.044155554714738865
0.17681166396861597
0.3112595075097007
0.3663220230404047
0.3251918823779915
0.30522412824015804
0.25917786899088774
0.1920005882892975
0.11116544721155482
0.06988327829603096
0.05083952635187175
0.0452304696268396
0.06043624681077754
0.03661760193462872
0.015241454915621374
-0.0041422106876702475
0.009645997255175872
-0.016353433057505987
-0.0014919357577504893
-0.014614168870356662
0.0005557070757541568
-0.01628128326501434
-0.019957794010063843
-0.01942011247351284
0.0032138602227636177
0.0025963410508590785
-0.015748311165382077
-0.013282064802199598
0.0038322689567763728
-0.002059956073309657
-0.014213795023506327
-0.01698187715360303
0.002744907720007826
0.002306654336296514
-0.021771884788386757
-0.017832339126341353
-0.01331513697897477
-0.01317750246177656
-0.08151322766384264
-0.2991381905422294
-0.7274828702970164
-0.7150157710501985
-0.34455262254080665
0.018531729770159853
-0.013687396156434762
-0.001410027999285953
-0.009276916402081255
-0.005518933514792481
-0.010541621843197319
0.004384258443144049
-0.017390748756515195
-0.0035124396679578865
0.08756486619816102
0.25860373250741564
0.3920002600292173
0.37512092302809746
0.314838585456166
0.24661876551666773
0.20098364885594278
0.16869172739538194
0.1354012557276634
0.09768396290615798
0.0530193830881097
0.05855310012637028
0.04645308364662743
0.038132789925402914
0.015106957683758929
0.0016351856768236342
-0.0028627553691425033
0.006479548068419278
-0.008150248519717927
-0.014811491206552983
-0.024053586157732322
-0.0035580514889453642
0.0030748592201147538
0.005813677940411774
-0.0008634890668942211
-0.014887838059090735
0.004178412758270339
0.0026591290361468517
0.005726987825034054
-0.0017044986590052293
0.021059254266351125
0.0013134972902715677
-0.03292903239977862
-0.05551935123127888
-0.16942734949895022
-0.4570807732020125
-0.827386925081795
-0.6673660528084319
-0.2630158301750487
0.0444108529696693
-0.004524227709276378
-0.007304419755643241
-0.009662115356337379
-0.004226976415148933
-0.006700898725779948
0.006171781539671883
0.03168856799151334
0.05840001906007895
0.08492622265276789
0.2057482736386184
0.2929516445736044
0.30863988987882524
0.26218285182864864
0.265225448706518
0.2431829907239819
0.21967631187281164
0.1337031585427956
0.09248367731373042
0.05673979913112014
0.05873597975732311
0.022849505975904426
0.01369916846774098
0.005972018448321849
0.021510520663232408
0.009389457335867667
-0.00013439841869418055
-0.00817278904378636
0.005045867801406124
-0.0009741258905868078
0.00573138028073726
0.011861606309307215
0.011659111463800933
-0.003462539715706867
-0.00413562851729944
0.0028863928267127297
0.0164420016005388
-0.015158328436000668
-0.055762721096437276
-0.141066022605801
-0.35953637412327316
-0.6863597193926569
-0.7037244504690532
-0.3768582963374291
-0.055920579801903986
0.01129239824220981
-0.0021409774939147477
-0.009124804939295456
-0.00930403403452952
-0.002475418901480065
0.03064485328319841
0.014534850644750075
0.01300072118811593
0.02111359292010403
0.14098145298204304
0.26257971862217727
0.3141833442112111
0.29455461757389023
0.2799940171537998
0.28347484555480273
0.22024843077463677
0.15526728611300014
0.09000808610112163
0.07003319354644001
0.05485292539126311
0.05323966006442794
0.030681347723405437
0.016768029506265013
0.012204267072931013
0.009028963482176543
0.006182533507171282
-0.009732946615133043
-0.006099042525539835
-0.003968316529115136
0.006423418754978623
0.0038929153315849026
0.005940037998002048
0.0008798601604479286
-0.008056761339785775
-0.01178683207635729
-0.01394807407945036
-0.019313098135995604
-0.013633382713880189
-0.03821729138623878
-0.06050824177199831
-0.1493837257285273
-0.3326575611448013
-0.6355023470969117
-0.6522371675198323
-0.3540055746830397
-0.04781375392420781
0.0072040898463822745
-0.0224866699704048
-0.0057986040728629645
0.011404015419705522
-0.017127933198776542
0.014779719890064737
0.03328527546409716
0.032903482877719964
0.007326596100666797
0.022128112850008923
0.027038912519397895
0.09416280227091121
0.2030897156078799
0.2584925029575287
0.24269551490264457
0.23366111337630985
0.24868229603726674
0.24362650741695885
0.2140344728010499
0.13194161062511936
0.0926474644997792
0.05504817945186504
0.07033780450737823
0.0358191803790586
0.021769226420890603
0.00011079915851016888
0.021015826820465273
0.015244976661736073
0.006817490648134565
0.010197752365956023
-0.015589844132182359
0.002021536820903918
-0.008429174083644722
0.012087504097703851
-0.01564390560100332
0.005161885782894999
-0.004968161962634279
-0.0019058130222866503
0.0026810153076771855
0.012529846861284135
0.0012807108122324167
-0.001883971620162049
-0.003859006012655594
0.004510605090400795
0.002867769258000262
0.012188644274628296
-0.013006071019273988
-0.03724333427810623
-0.10074337406135414
-0.26258131442214866
-0.675802080792681
-0.7691347000590909
-0.48591127347865676
-0.0789188362017257
0.004030288267158414
0.041706849677658114
-0.004932825764835245
-0.003301769036836554
-0.007633361668660843
0.008268113740951799
-0.005974385656646195
0.016657325488639792
0.03667656235592975
0.07311444656861715
0.16928440908465586
0.2835101342801779
0.3578806331165216
0.3599423491748887
0.32272817489868805
0.27078955325945975
0.1898172547754327
0.12725841814711972
0.08758034156373268
0.06565089249489867
