0.21209393662205756
0.5935393895926471
-0.33964079662585345
-0.7639760289042598
-0.9333060437835425
-0.003521536144268779
-0.13491705877857127
0.006071781752413749
-0.01819738542187788
0.05439385388285527
-0.010737818481646394
-0.023168448123671092
0.041796737688812216
0.13919508902628044
0.3187088946672642
0.6695295776235783
0.6431068790272568
0.45092244735052944
0.3266640701412341
0.30791591597925294
0.09274141378905555
0.008965005734436331
0.004439561413272464
-0.11127404373393718
-0.043415833758895656
-0.05896337821810472
-0.024743567167061886
-0.05185441572383227
0.022855037634973388
-0.07090489029305934
-0.18780131647513676
-0.4116590794140922
-0.21303546685458633
-0.43937614945999937
-0.6343236364090353
-0.6441661877362467
-0.09093052982595756
0.04221427823778444
-0.026831022257916393
-0.04745456760614918
-0.02464171852945246
-0.0204796819602407
0.25894855402489486
0.07512662220361026
0.40589254942273323
0.3931577136699654
0.717521666936353
0.3988900614365213
0.35511930737402747
0.08253605498294626
-0.008998961399150187
0.009217678831088465
-0.0007233288776608058
-0.04071660774589418
-0.07156832402826367
-0.034840814130144525
0.011199814493302243
-0.010757139446241057
-0.09853933293823766
-0.31751973397422795
-0.2625150967481606
-0.30318200803666845
-0.13877798522481574
-0.6098447871878181
-0.34783322750671375
-0.2722568083416663
0.15402279603775593
-0.09524961595623901
0.3307641120218963
0.024146128814024333
-0.15127186740393572
-0.0876113481729355
0.572125267672696
0.6481730891589398
0.4895173528922611
0.24496795196439364
0.1661850773793865
0.10080143453396878
0.08703981686043391
-0.005476413153209695
0.032094060316223624
0.04847378408108053
0.08585433900495847
0.06301491391536196
-0.0025359027822479093
-0.06702922531641067
-0.4685628997709874
-0.3711610779772355
-0.8721816638490347
-0.368243922641445
-0.03020718224127592
0.3478390979605607
-0.21610957528583838
0.11926498468437785
-0.04081832676954373
-0.21179673968394314
-0.23933888758032673
-0.005812915723326984
0.23395741360415429
0.5064211427750546
0.645652311500833
0.3027518832996708
0.2702947152133728
0.13729909440464166
0.12253876114712765
0.05538619532295759
0.035720722282986665
0.04988113707622875
0.036343763583497335
0.017837346745047587
0.0165532005682692
-0.028514946406603736
-0.09377591628497184
-0.3797057664846582
-0.4061178772053897
-0.6633942256546053
-0.512581781616231
-0.4870710449912617
-0.17245172502977837
-0.14673430491486117
0.030503628379575112
0.21562282670585736
-0.0404768875466095
0.19431178783759073
0.3551235092263844
0.6126809490404255
0.40539019262134085
0.43136338766261756
0.27552108699343136
0.11810932822774217
0.07591085471124907
0.05381422384520383
0.03308136532440882
0.029880789714060992
-0.0013619373746688757
0.004236679990578766
0.018515117025172483
0.04455026305659516
-0.020730914309280337
-0.03441318189169153
-0.04725584142025937
-0.015521388000737405
-0.37424752807373407
-0.43069354121198866
-0.5095081506706898
-0.5318565040266849
-0.6044722524363646
-0.09857658276244523
0.15895287288138132
0.10869650563181255
-0.10934414221882191
-0.04597433919336039
-0.12900850279438175
0.023784923523282847
0.1571897849493177
0.5436607544632314
0.5893319527926685
0.4985971021438982
0.21563691740447394
0.1374140703847011
0.047465016243474295
0.03511688321993038
0.037580615241630554
0.05654774113923843
0.005128346503636487
0.034598786148221254
0.014980027750275716
-0.02372832213291313
-0.09374875409068616
-0.24007600427684808
-0.3157093417787602
-0.4493651767412843
-0.15369138757691245
-0.24467394895898031
-0.38703607576181387
-0.4722807275564671
-0.13713129264779478
0.19716766155938426
0.02289938684154902
-0.026374650447306244
-0.10833074474424846
0.07966453500860587
0.3556090875186409
0.4786759110712686
0.5287730029374814
0.3065396969810935
0.29009779413408526
0.22441027225128543
0.14414878130530961
0.02632186039315207
-0.07423981932018377
0.007299185240359205
0.025574774910433435
-0.002987083663229317
-0.012494685635464848
-0.10130105893345888
-0.3367890422446582
-0.35065893271857385
-0.18885192479739016
-0.31761611750158275
-0.5666036020698769
-0.4628585026387926
-0.014644815103032992
-0.026949277847166685
0.058169470231655314
-0.03736836769614978
0.08605228434383926
-0.046856592525976716
0.021876255567232335
0.3697343968574055
0.5828565125910241
0.5915223316643745
0.3065744100948876
0.22390035699102506
0.057299193293383774
0.04965057373415321
0.04564466158813719
0.011503525873858165
-0.00047119204368915445
0.038014339777643444
0.019727687667881886
0.04001170123989729
-0.026834029272195574
-0.01381448559640267
-0.07209079290007733
-0.12255243776713977
-0.514255802692327
-0.3271027740558934
-0.4001567506173469
-0.011303851198486084
-0.13246945728097514
-0.16632992482465223
-0.4942052726779948
-0.2619928145867742
0.10582439891736627
0.11749196482706477
0.07267875647583837
0.26548190989728065
0.5138936114417001
0.5405334132149759
0.32558379782640695
0.23353258090986004
0.13768020896654157
0.09873399923322076
0.052660731300534655
-0.011006350530652131
-0.011118173934087023
0.009448533829363916
0.03783906437480568
0.02964006713951404
-0.022201678203577685
-0.06796091847944502
-0.06852866884581625
0.005215960694340838
-0.13599025049683236
-0.8031922428816487
-1.0
-0.4946159512138299
0.12798220190250556
-0.0003411171679256413
-0.04288440601020626
-0.046548394393807556
-0.03628216794742234
0.006171012983769502
0.1395288947074807
0.3751534360588922
0.4915999613213114
0.45679938488348387
0.30056914775990023
0.19097151425172113
0.11985558020746759
0.06846749484730208
0.09894354540986715
0.06752415670433601
0.024372380010288505
0.02323985699654299
0.04272352919798719
0.06510880734743577
0.041660975237332316
-0.0006803708728944213
-0.1480101434571319
-0.3118059586282685
-0.746794305241835
-0.747654999103996
-0.4196882150597589
0.018910484959979976
-0.0033912072358508387
-0.04585399816679177
-0.008491803183339523
0.00026759275814746986
-0.013479010415482589
0.008192939278042122
0.05084698103694102
0.2239331924684986
0.5769605835852409
0.6042707427710835
0.3940302390971016
0.1513349275096822
0.1402906335098661
0.02878416906392676
0.04524784161488954
0.04450050652961868
0.06400891866493866
0.08092026276695233
0.06788768082296578
0.021371464070521175
-0.013875744369094185
-0.03223194306863555
-0.13454466448710545
-0.18451408407763115
-0.4774974190271578
-0.7234033048509931
-0.7073877277762893
-0.2678012167815897
0.054643773357252526
0.08550885768356654
0.006794648518683732
-0.05652887771380121
-0.006497314795766423
0.01449597296729503
0.0016372604027216466
0.12102733715564351
0.5129788383157368
0.6304512267035526
0.38857172701191944
0.14129469233031977
0.1048297427769304
0.09608662804689148
0.10939316197792447
0.13901322199028968
0.08970006193352976
0.03438682131930772
0.022231927678013873
0.014791962281806448
0.015209647251440613
-0.09725745623413104
-0.2432050524242689
-0.5871902928559644
-0.7965315120752592
-0.6204080117393551
-0.1545697600140013
0.08535467579483509
0.046801847454703144
0.0003651574748048364
-0.035487647022602035
-0.019752021533059643
-0.002850774786838029
0.004151721651056334
0.08891892074916125
0.5310920241641411
0.6065080189174769
0.3912848747343738
0.1426915327214201
0.22639648974058946
0.12361094979087128
0.04136883831627411
0.04620644692424075
0.057290731434855316
0.05926442889571404
0.02896023109287372
0.017854370088134466
-0.03538179090060233
-0.2547697526651033
-0.23137953788576285
-0.7059798389465475
-0.724133478387062
-0.5289617653878453
0.0679959826409588
-0.0338370745832888
-0.0027640111164979404
-0.02052049368627042
0.006747630151269634
0.02361565886144173
0.015032832380803447
0.030494059861218725
0.17019174642818916
0.5142720131136383
0.6031532877145681
0.536927633178609
0.27363256000943353
0.1590106011629877
0.08250082923463993
0.08392549079746452
0.07072590958617417
0.033999079912294485
0.04280840852835532
-0.003019848529315244
-0.032194256732312396
-0.058365204805433564
-0.13411381131840605
-0.25557627311285464
-0.6629651894367116
-0.8629545036321843
-0.6051955316849674
-0.08286281821399567
0.06794489189482733
-0.009490877341351959
-0.014409351041391589
-5.2424364889933927e-05
0.00375193288557675
0.0006332501334515146
-0.02010153059765503
0.012217175157035888
0.18791725940439774
0.5706601996728099
0.6882262113215644
0.5832220263696698
0.26066175461295227
0.11060065163282487
0.0397470179761066
0.0986808733662184
0.05113143935325287
0.016985413264358658
0.01697154092849802
-0.010764476799128665
-0.048427985297984366
-0.25738056413377564
-0.6889724599972793
-0.9355654927196536
-0.6010630181336667
-0.08220615081636137
0.06794496807650524
0.0008370852746820022
0.006541310121995973
0.027010259781577763
-0.002541095458743139
-0.04736570560873967
-0.011847760558210112
0.029379747297348473
0.2514923035673062
0.4295541360972218
0.5592941402649151
0.45645455754076897
0.3117826156641302
0.08397070475192087
0.014915606194997362
0.03880320800815193
0.030140475741689602
0.021450929549231047
-0.024581813512499
-0.017640064823670833
-0.09622768476308716
-0.18927309291391087
-0.2447119367006123
-0.590756279171102
-0.6552539702030981
-0.45347238613148944
0.0407519718359689
0.028253084822322104
0.02797581754079242
-0.03777497178618599
-0.027472233054435188
-0.03207810164772957
0.0011952719196269516
-0.06119168251769819
-0.004410527398224374
0.22113125748480053
0.49727691084199455
0.48347667583002046
0.354395790523368
0.24552625558263838
0.1890484904167347
0.034145809974922996
-0.035523709723148625
-0.05429055746485048
-0.10678824297274273
-0.27324706415799166
-0.3660456545430272
-0.5150251903222499
-0.3670222342157448
-0.24198313889814665
0.028979344776626396
0.01449211587222354
0.023530085633678914
-0.10657005133313241
0.19764495284138905
0.11037465942000059
-0.06454934966531982
-0.19704882425496
0.09545180727291533
0.2589931127662784
0.4511583084651889
0.4020549909007408
0.25074212892259823
0.21982792429868303
0.23970039455246703
0.13748232488758008
0.024507264305420336
0.02116170723805861
0.047400751213687226
0.03064760574822858
-0.00888526841101505
-0.08907277896110487
-0.244720786364387
-0.3389558772818181
-0.685113742735618
-0.5577163587123304
-0.3195093181048482
0.12060037230899211
0.025525511480483216
0.05727427902008118
-0.038695911712130875
-0.05356934067588633
-0.026055445764859155
0.01314138175079631
-0.01144710754510484
0.08749120609612077
0.34581141111088953
0.5375368940408496
0.3821473932022782
0.203612867647101
0.13463676876879435
0.14222922332861898
0.04098761688102732
0.005588150254851959
-0.004476446130344681
-0.03714010490237704
-0.05926084524008328
-0.08875194321377017
-0.05462474291611482
-0.5186092401186986
-0.6670246881388956
-0.472603683927068
-0.0015329338483022132
0.0031386290397145394
0.02466686232387999
0.055740225576634626
0.024221453556803024
-0.017905909199352612
-0.06479789172874827
-0.02888899611136621
0.21127294513177985
0.5081949320365307
0.4892589393569236
0.29028619937167344
0.15736574464406602
0.10977608401038436
-0.005056977953134042
-0.013449156504661731
-0.005759389510675724
-0.009067957355271205
0.0013144851802186824
-0.028728968013364588
-0.06777528309360543
-0.22048675811200086
-0.546574702078588
-0.5441064900142096
-0.22552519250186634
0.04645767992729425
-0.025803369449092464
-0.03553027290963718
-0.05220361686868913
-0.045201039581007234
-0.01269986142717981
0.043516741401075164
0.027114845880545843
0.22561645887643297
0.48644762279354503
0.5168537780981117
0.3181895542543134
0.14402229129149938
0.06049553030519244
-0.043282450667965024
-0.030913097049750416
-0.0002563804467952486
-0.027421781802689237
-0.0022017487829196557
-0.04689797361092145
-0.3039374575774461
-0.634879802596658
-0.5218777735586441
-0.1384566081557723
0.07742316382447965
-0.0013974899414141242
-0.029308955215915564
0.012150129866303615
-0.007308461877841924
-0.077715792158295
-0.08036540843871398
0.05660072231661917
0.6012328853081953
0.7137471518292552
0.41792178234799426
0.05261414795187507
0.21930983121400321
0.1974007901445997
0.0818340617413517
0.052453863186108445
0.0664609402838545
0.042613209696740366
-0.01201073309879723
-0.06319554855310928
-0.2397612426457527
-0.23418392141536012
-0.688998422142762
-0.7052624082271559
-0.4883382865572085
0.06994527602206484
-0.030377356687248103
-0.022679134554815582
-0.03476139849709417
0.051043599765435446
0.003925682249372532
0.0003202127543972239
0.01861250747118893
0.4945265173093598
0.615571150171761
0.45940855108106315
0.21560332132737414
0.21862905875175512
0.13863550206541286
-0.007160725375194967
0.04494885141419849
0.02959131793686993
0.03727700848163195
0.012244449930131964
0.0417878183352354
0.015632376742579984
0.001734397911567239
-0.06697884274223674
-0.18063223591090957
-0.3481510962488985
-0.6236722231396968
-0.67575499431048
-0.3928043262102723
-0.05956176482447352
0.004851828276725851
-0.040774708563028984
0.0037723641846456584
0.014002394687815776
0.02182138147955985
-0.03747449073351278
-0.030767418914778435
0.17560995441398936
0.40013366542276896
0.5002259381980291
0.3619631433425551
0.2490701037977984
0.181359537892494
0.18410327335931195
0.11866339642399353
0.058925295056709605
0.017619792482396653
0.011470639667198896
0.0029371895429143916
0.023301173501825173
0.028875521675768432
0.010598223674649935
-0.09979274632578193
-0.2912817502234827
-0.47585210658485
-0.6025514537960652
-0.4988732913878807
-0.21412013413464054
0.053125069155730814
0.13990527802223052
0.030592704788804246
-0.10889415688134585
-0.008111573564629455
-0.06726997090597266
-0.03393728192950436
0.11554453704851728
0.4955063095316518
0.4129929917748508
0.2526200048482654
0.1068913144648429
0.06171883263091827
0.07155162304152429
0.08625684411627821
0.07719265257509753
0.0621179270625744
0.04306527587983485
0.011459281905855195
-0.007088580887925636
-5.020655553657213e-05
-0.03529962352897923
-0.13092284161184572
-0.236292631608741
-0.33795143081665907
-0.491654456483568
-0.44967971420224234
-0.16814755317279634
0.2767483551377983
0.287827929978292
0.0738128431933579
-0.07135347853045174
-0.09614181911337968
-0.15504112355801825
-0.20686216685567232
0.008109158119920325
0.28408892191817225
0.46404318037405534
0.2994411885721334
0.10629194080497693
0.043186390967028955
0.04879335025936073
0.025815875930416263
0.05498634959578614
0.05078525833884697
0.10619859091903469
0.0734219054002226
0.07050375795195957
-0.05165117182632556
-0.15760043123015538
-0.29178233404413195
-0.326924030805397
-0.2525968191279915
-0.08295366358699227
0.05874912960930483
0.02062014501701107
0.017671427552749357
-0.008965931198374981
0.028698968318198917
0.017791205930548514
-0.029744844747131453
-0.0751376197061984
-0.07508126818630609
0.07331087819905568
0.17786263882763267
0.24165047876160295
0.09467562736187177
0.0762918219240754
0.07068596857756643
0.07039881566139745
0.053075954784079345
0.07013313846464639
0.033672256984049444
-0.01949615255877984
0.006756955903610542
0.042974475311616495
0.07872223966704957
-0.01655045374734962
-0.12285585971046435
-0.2044920747591018
-0.3085538950941491
-0.1612320553262862
-0.06337149876217961
-0.03567698521487191
-0.05522209643710267
0.05159104558317548
0.06509267017481153
0.004260829531536095
-0.01109237628279498
-0.2356639402988255
-0.2763757072879277
-0.12992477284746756
0.22902253579011994
0.42904439437641073
0.40502638260023754
0.21268199103387633
0.1364440658080199
0.1033579004011335
0.020885251887899546
-0.009812981797229389
0.019240423574954056
0.05893495760774051
-0.0029606499085980433
-0.05334119493119454
-0.1048740752550804
-0.09876154195581781
-0.054899505536003604
-0.11662447590383831
-0.2082012692616783
-0.3997818939387531
-0.3691073543344148
-0.07907508390473252
0.0983399642485049
0.1147725253118988
-0.07104319167516028
-0.010784008288692332
-0.055491924174470006
0.05904276000744848
0.008214573874557379
0.044781095865695904
0.1961642981646456
0.28472572553003955
0.20020299405815217
0.12002940608403498
0.1316304936925861
0.08565828543103753
0.06626394630162029
0.05033721264068097
0.00012289617237889027
0.02062678832348072
0.12931283093327467
0.016874709658506324
-0.18914447114511773
-0.2966825228423226
-0.25690213828993574
-0.311338771722586
-0.15714622305418796
0.024528095232832784
0.052278293153717306
-0.04450107350422077
0.02617551051176872
0.06149408328774941
0.02952874056222756
0.020274524565145065
0.04271803482964135
-0.05720616870306785
0.08962197583500105
0.24366629723201086
0.3360396959131607
0.18135050946108072
0.1599927079044445
0.10531429341957438
0.03342512738324283
0.03462066483791483
0.3101470834245676
0.4757290434268152
0.23776115426456904
-0.1761518909807427
-0.10028283923090053
0.06942812752332825
-0.19893312013372288
-0.5681024223056179
-0.6212630276934417
-0.38861366571393374
-0.20077703534708838
-0.14325507279232555
-0.02247451941448322
0.042293501275137486
0.09945484183640692
-0.004282250948334744
0.004394427075636254
0.017787656523026812
-0.06545737158613808
-0.10604862473563348
-0.07481858670541734
-0.000239711229588849
0.22142809138975963
0.2859904178995384
0.18647983205292284
-0.04684570365715573
0.05494362026503205
0.08222391795072291
0.09487864525233405
0.026271317071560878
0.035474190716476575
0.02730488913300437
0.044256836081924995
-0.026610202840763722
-0.11163644785279384
-0.13896011940850145
-0.17789083291447283
-0.16457486742105243
-0.13287234574131054
-0.12027899519099733
-0.04830908985481513
0.04126694516715792
0.05669552702184736
-0.007677224843808319
0.009267170302289688
0.021529174618366634
-0.025394207063544255
-0.0374416278525956
0.03014545790254433
-0.0681335202263797
0.023122824535041317
0.05112849677966894
0.11984311709226117
0.034368327330093255
0.18389228458402168
0.15263507639820242
0.056549766396450304
0.025271012531887568
0.031940063258643916
0.2811166266239586
0.13616444593454774
-0.0031148606982991226
-0.23827536827021406
0.5605623322460286
0.21822160812912023
-0.09502664443489836
-0.6347963679759785
-0.3399944714421532
-0.36353728543413205
-0.167848384639778
-0.04615922989144732
-0.04904777022690772
-0.031253369573432534
-0.027125149908727372
-0.009344004033551012
0.06042385037134065
-0.02128859689618667
-0.02713442249344712
-0.010132126271982182
0.0375327410976822
0.0028417548052006073
0.053687616222488986
0.12194311241174555
0.12274759107952132
0.1535533982292856
0.11153628109207601
0.07970389685901863
-0.023247714815003526
0.1626172064439332
0.13502345404379737
0.05246364222284711
-0.002347445977772067
-0.026186551805662227
-0.10361095645753578
-0.21858182668881687
-0.26160652492494246
-0.20122310782263825
-0.0715161622712331
0.00962807075846621
-0.03286422664626118
0.0732359098174269
0.049784469491291006
0.01688351280824833
0.026145066445328408
0.060074150567373086
-0.0017361066408796977
-0.07121312942109607
-0.020484514237137635
-0.025224315951226227
0.006501872884998497
-0.02381683767875561
0.03157651909336677
0.09007621927133447
0.19522567316002953
0.14726537043513446
0.042478476116615524
0.0982627159730821
0.03195689520987968
0.01239664626352283
-0.09525904612907835
-0.029906843565777323
-0.13467046057812077
0.002739196193992711
-0.06414342330918432
-0.23323475838895463
-0.22330304313182794
-0.004396236850904435
0.09365149842787414
0.02967462439758587
-0.04758584158341102
0.021344727820986068
0.009701890266255606
0.07320340183974641
-0.02573106828399734
0.007088022730022867
-0.014697715570242097
-0.02201284718980922
-0.04607340957588949
0.049047790057036446
0.06177528447710736
0.09912525460715452
0.05169816019214444
0.07544721220628113
-0.013978382718076702
0.04744705674914345
0.0108727954061139
-0.005648073156220704
0.06961872218874139
0.1228579707242127
-0.005955077520497954
-0.12058371184140396
-0.12039423830970701
-0.13784430921661353
-0.13321789245700713
-0.05100423993479974
-0.0333663357008662
-0.004034172816295
0.011039126111459765
0.014646818082641897
0.018412781657258664
0.0972409790527363
0.0028982044422714223
-0.06829468796685106
-0.03452696682695266
0.05453930356849579
0.007483784399593639
-0.021100603283912455
0.04525819636420555
0.09134026595090232
0.09765354984549783
-0.017495379052630582
-0.014251841952544106
0.025328863567804852
0.03895757400115146
-0.02455294643734283
-0.026898856192249476
-0.04105613045711638
-0.08079107281326563
-0.07415519396012624
-0.039548712937874896
-0.0014545910783714797
-0.009764271945008791
-0.09167736217723056
-0.03386492658990521
0.016606935699049995
-0.009228551307068391
-0.10238518651083607
0.07057962689378736
0.07375756815168148
0.06050639692073253
-0.03298008577394549
0.04242761716619535
0.0041656537806217
0.06267371174811763
0.06436537620258215
0.040663224757429235
0.030265093801031852
-0.014705616147776773
-0.02196705953768954
-0.08199950483335197
-0.11578309356654709
-0.09231066634993439
-0.0477199987072656
0.05977308820581618
0.04455048761471744
0.046373895977595524
0.002420512842001818
0.04185524989807584
0.018529339520532487
-0.016246438062733737
0.0038046068393976814
-0.018805684777909858
0.022850465464883795
0.08086044513065016
0.1391620447530946
0.11895960723335601
0.178193129006739
0.09663663529419889
0.043800671631068995
-0.04080651032707614
0.010447810132054348
0.021336838113741968
0.06395723193763814
-0.008864199199306567
-0.07571261979499
-0.12568297901695474
-0.1782603209180151
-0.28296361074182386
-0.22530544458406052
-0.026215200189925254
0.15035156357274218
0.10130383399055909
-0.002570320562262963
-0.0041691011804240044
0.027938607934833087
-0.004481985199049731
-0.01774604709624477
0.03836369857907718
-0.06038276722554861
-0.0975057173799514
0.04315501620765668
0.20614526870444738
0.12307203011854981
0.013219207864476513
-0.004293587199618497
0.03146581762767746
0.11335558660598795
0.10820330051719804
0.107174141775533
0.03159549289347285
0.03023855839903236
-0.006947363228337992
0.018119660702049685
-0.044657154933070264
-0.05768472303486106
-0.14155567726245444
-0.17118963521423194
-0.292932461385484
-0.2008252023465304
-0.047310274461767346
0.09343527655465612
0.08055749854119686
0.05098953516798632
0.05520011098331331
-0.02648084197581383
0.023492357366814754
0.0005899070476135056
0.02372560622900909
-0.1075285216726627
-0.03851620706993033
0.10130171852610277
0.17113681841812578
0.08639701515622698
0.013272559669690863
0.027020103181773895
0.0047084694259047636
0.029683379415825693
0.03261610549544955
0.04593515508587951
-0.0023639208956352676
-0.004510300635231207
-0.017781424756279755
-0.028191137236893565
-0.05527742126067325
-0.022353745034027404
-0.14681933323562643
-0.2513151420523963
-0.12677373759989807
0.07170428270425364
0.1471880301547227
0.016175808015433675
-0.044273301318956425
-0.018827188274401944
0.0644049877304901
0.029523286315624134
-0.030544409223043297
0.018533359388764967
0.060346586654998216
-0.05257675248521148
-0.09701941806672845
-0.016639478092982336
0.12971213827152564
0.1109911138243904
0.07690785407203149
0.025627306474896763
0.05758589513306203
0.006908412604441943
-0.010320587690391625
-0.02555180708828396
0.015201356225847248
0.025861890228085178
0.0020054156588030876
-0.05359608171444087
-0.09507314787268259
-0.16080379276899304
-0.14226847786039498
-0.05740114422652162
0.009775733693835453
-0.03340737364032581
-0.002725814589193348
0.038534467055968136
-0.007679387423876621
0.0003605784311598347
0.006368827341047348
0.0067017137191918786
-0.04704030157979354
0.028778729929928595
-0.020256824946190393
0.059214933618900484
0.07910129748135988
0.10786550454196242
0.02521565393158208
0.00818558341965526
0.03840077966465507
-0.003318393232107808
0.046994177600020434
0.013562252301992532
0.0031864125149934463
-0.011607184182862587
0.013353255770274384
-0.00435428158212975
-0.0521420038898527
-0.1650009322387392
-0.1574016506132702
-0.07181536556718807
-0.014119696461273422
-0.048256230514370196
-0.007717615854084481
0.024932041343354597
0.0467337711511975
0.04439977342044067
0.02404349932377269
-0.040313055974556145
0.01518765045533799
0.011774796404787888
-0.016051304269053355
0.04530555655701396
0.12394145583242126
0.14310887845532216
0.04343713208931633
0.030447872016641633
0.0028016939302202494
-0.014934202383562295
0.01980920650605506
0.03918615299990482
0.0491259498122837
-0.03615038190859531
-0.011199447540402791
-0.03885619880012082
-0.12301278525632384
-0.16381881398401266
-0.11824732173717747
-0.03191239629496014
0.0028002922619886498
0.052634964298507975
0.011894235207856808
-0.003037381393519942
-0.009845221296677658
0.045849518695795635
0.018469915001291824
-0.018039206638771028
-0.04064545032764666
-0.03863019569960119
0.052015596428112265
0.0977190079477786
0.056395294087885045
-0.036524758788505966
-0.01531711434949955
0.01790328170316583
-0.004346590826539399
-0.011378655769414223
0.023922482879539922
0.0084608882108454
0.020683361591710973
-0.13241451116404807
-0.060307703252664636
-0.01521253299844937
0.063631957426323
0.001189513087277129
0.012045131800930892
-0.012752074296311856
-0.07215928435455915
-0.00033713701582448473
0.008613776525641638
0.014630968080636684
0.014608577833694255
0.05237541319315714
0.06414793065517028
0.1629349420783898
0.15715985815413588
0.08707526637923504
-0.03442982958996993
0.013702941974483115
0.03985860153981222
0.07193761628570183
0.020532708354126357
0.028150999718822244
0.0643837557894788
0.012614208579407867
-0.0034161064486428363
-0.04007668511048879
0.03529667731161026
-0.03525729968002817
-0.09761170052641666
-0.12786985335409795
-0.14522308084333652
-0.20701695957438063
-0.15857912436497584
-0.0013910727636416052
0.04215717395090916
0.006952859406351204
0.016946692280791778
-0.030177937511012835
-0.05902439748790494
0.014789449805911289
0.0053837168010220345
0.03377556378664499
0.009364588984639596
0.016772281665336276
0.02557824661152264
0.15907856650591826
0.20500170352205388
0.08912364906806668
0.012484056800462613
0.005681279530157415
0.018076746835800322
0.009429340397910015
0.01194880023812159
0.02359847561529883
0.01363909662930914
0.0025293917085219765
-0.046751721770175725
-0.07224169309787433
-0.20999932462794793
-0.21350615810075937
-0.16457573329134315
-0.0016360974426811302
0.03868488160675399
0.01138018397740053
0.03830616034829988
0.004508842179385471
-0.008611250948931806
-0.02497141697286199
0.09726183544027742
0.04169434397788615
-0.06262859895014043
-0.00035379629505156865
0.08406553322686584
0.07782893382919251
0.03533363638652747
0.07464988482102192
0.04989854321718849
0.028477025053405568
-0.00388340676915544
-0.005620189070520473
0.02862327409425569
0.05652906987181664
0.060221609449018915
0.0057875859530261
-0.022409869886192424
-0.07905596817546824
-3.181388535486933e-06
0.009842458130705473
-0.012936291464133632
-0.012657070855186468
-0.04921933593589442
-0.09053241992767824
-0.14116621211894725
-0.12292577120694459
-0.048562298475515575
0.06319138662019129
0.032116183767511915
-0.04299062288696678
-0.03587586430821059
0.02278870502947526
-0.0016927078436703325
0.03148509268326069
-0.005663827762848611
-0.022405372384935153
-0.016754230690874852
0.0020543709683351215
0.023296691623513707
0.005272141483996454
0.0013643616603837888
0.026842188114273954
0.10456417424831425
0.09702975895480852
0.060038266986836224
0.04772673911768337
0.031227504522539407
0.027977639337155857
0.01852187477986973
0.04737316577218201
0.02049870022533941
-0.000568536231837423
-0.04525915512297284
-0.08917524778515454
-0.14838546693318222
-0.121347281313932
-0.07155267933465535
-0.037163324094196794
-0.015202866848963442
0.029343384336887064
0.0248176375055907
0.01600747989323924
-0.006119845438827471
-0.04822797858584638
-0.026527916655491673
0.002442162160016275
0.03778451751713197
0.025775644852896074
0.011987592655841829
0.08004864077621505
0.1809058063916632
0.19682247948206708
0.053798020772015634
-0.03013154992042163
-0.06375805276318894
0.016657262561929023
0.044433013824536176
0.07076810064028102
0.04057230324150181
0.0811201432243481
0.02213319708394983
0.022748918306131967
-0.03738096021132354
-0.04821711383435533
-0.025666521286835393
-0.00857052835916027
-0.02764898772217616
-0.09595269203802641
-0.10127319164257872
-0.15674958489003954
-0.11792636851211893
-0.11280004387330345
-0.05451927900518161
0.003569273376541069
0.040866202040450106
-0.013538052618593529
0.02550981285225162
0.03434516137065777
-0.010061849797094744
-0.0428307402305663
-0.028306284629675067
0.022982567224197444
-0.04882075909695522
0.08931139061579423
0.09053743691351311
0.1720552318421861
0.03901239932391304
0.020079165535650447
-0.02531919528999409
0.035853773657069384
0.03754591683518581
0.011711375149693743
-0.00418215405042262
0.006732337343383377
-0.012900037126838739
0.007143476135530641
-0.01992054130596847
-0.06257137962911469
-0.05031625243293318
0.008034978338133056
-0.027755917893335442
-0.12373435801166226
-0.07615972773287705
-0.12254244089972607
0.05712109595907399
0.016234362098301633
0.055965876426374205
-0.08994616833775801
0.044635952803127966
-0.006525801589694928
0.023651903211073497
-0.062104152643900505
-0.07960061630281605
0.03132500280788885
0.05275439694069807
0.015709080340321566
0.01874300787829108
0.09044196028562365
0.020842855191535253
-0.03256869528937496
-0.01602485257333449
-0.00950046452200893
-0.008440417537672436
-0.03127327520897587
-0.016421815299540746
0.006301576771960341
0.019227058300719056
0.007835065741989274
0.011316067071353377
-0.017670993729104675
-0.023601889605305973
0.019711978516616636
0.05801586059629637
0.04349185534168665
0.014624099546243578
0.013126492613445194
-0.0011005790996608973
-0.020308624150110994
-0.017953463276399576
-0.011486244426219247
0.026514964904872276
0.007716582268736644
-0.02383745610385248
-0.0036511132474275686
0.012189856804570597
-0.01379976818215983
-0.03916102118033395
0.06644163245308236
0.1304241265367619
0.10662922771449468
0.009483729596411609
-0.0015892203881736544
0.01896820924942217
0.025560108533554136
0.028929729354971397
0.06854759244009878
0.07493040214394892
0.03377310828991014
-0.016017447208069066
-0.026914848072394647
-0.027037515659306354
-0.016137728072679908
-0.004567271222074109
-0.05472208734827282
-0.10552378150829615
-0.1630217157056709
-0.1239117520480164
-0.032098597187793766
0.018979792722956166
-0.08693723447086475
-0.004139856099542765
0.01757871763473261
0.034242089287901296
-0.014745922079141199
0.027023381120775933
0.00034658936696454405
-0.03570552008900179
0.013410218363216077
-0.01635813008361935
0.03475334096125969
0.073089571748138
0.09121353082199239
0.052853159323529054
-0.008819422247207973
-0.016791220433238975
-0.0023216247099888216
0.039906499738446705
0.07633455801439071
0.07333293118027295
0.02919001532299777
-0.0033543251078900277
-0.015801835370423397
-0.04332200909144837
-0.071453347768934
-0.04908476838248405
-0.041107709288003794
-0.05667167986086295
-0.04414186987906501
-0.028534861340167923
-0.030192534026497138
-0.010636088568851575
0.026885397727807733
0.028756806512842886
-0.0010694142093122334
-0.02099651000630162
-0.010650858184382186
0.03086162266173387
0.018295132203018382
-0.019352945471450823
0.014312347490504407
-0.049231281032677876
-0.033637565436319274
-0.025414188451025246
0.06469787893849101
-0.023618744177516703
-0.013470960341103462
-0.022181087300888126
-0.013433274178852282
-0.025008921598300017
0.01796287929338787
0.01504189128727425
0.0016473373691681494
-0.02430812414075956
-0.005474520622712553
0.000843382575372542
0.03514515740779816
0.022155730653214304
0.009374360130836767
0.03750718740307873
0.01969446603099904
-0.0016440787059128633
-0.015066793983587802
0.006511248527821
-0.007955780410204345
0.003226695289920135
0.020615248891565054
0.04866667441159682
0.03527098746290824
0.0003871934377056114
0.018850809764818514
0.042257461597408286
0.013545358052649312
-0.027596812612449336
-0.05772474459716436
-0.017313162218619213
0.033572754450910854
0.0684150676442133
-0.0008303348881708217
-0.0164029519334854
-0.03582665422229222
0.00459956336421904
-0.0439607084872195
-0.028238496314947157
-0.06364065763918832
-0.007375756302084371
-0.01104599879435213
0.023538870426240907
-0.021244659549011884
-0.009938169514188683
0.008518947807290555
0.008117936568270845
-0.022352761266891848
-0.014869840988845683
-0.005368821786573191
0.00499310138931309
-0.017698663698483757
-0.03187478812210829
-0.0038759261042097077
0.02059487074362064
0.033438806505080354
0.031803414852066794
0.04410270539087943
0.03692959640286361
0.005716034664212325
0.001551341450524375
-0.02100521104403351
-0.026239391128397006
-0.037813699058324796
-0.004542490676182821
0.011760355122537708
0.02411145868585736
0.048380721482155574
0.017565071709763645
0.017539039304341968
0.017298379960306472
0.0722692730212406
-0.01188329328208281
0.011681685953805478
-0.008178692432859997
0.04898631571475899
0.020755265395280883
0.03208728512103267
0.01761683070711616
0.033999875195591195
0.027615219909703895
0.04327665698408556
0.05184941772763817
0.07358613907055661
0.021224935913081926
0.057066587434377154
-0.02517943959157773
0.04401014116565222
0.03808047244592912
0.04791730523169701
0.062102818565563114
0.09419872372052517
-0.019885786712857175
-0.05913885305934248
-0.05146655035817584
0.11652633610147944
-0.005038481748920122
-0.009697219589200353
-0.08597695165099997
-0.011821626179825344
-0.057208997897213267
0.026427967483235087
-0.04484699153990462
-0.21128374893594115
-0.22433042515034857
-0.10340804226096899
-0.06907513307753026
-0.08442351459849085
-0.06732336899214521
-0.06381229058976509
0.03242996203316498
0.0641267222369746
-0.022584198336319177
-0.05872616552569613
-0.022270886931412583
-0.003186642794375804
0.01617825312276696
0.03393839031941705
0.019908533375040616
0.030779239410583466
0.04709937351883555
0.04166682085998393
0.010339251502876238
0.09721732092421827
0.11733282975997679
0.06255993239100091
-0.0008001357893535968
-0.0023861591701875235
0.04600238247959954
0.05429857749754048
0.05132556400638653
0.027619525851123206
0.024727581655612535
0.06849516801853962
0.034609527971466415
0.04419059738616592
0.033190916286370074
-0.02100889312514056
-0.049861069976695024
0.0409380007594017
0.10504078223095872
0.004607773682801987
-0.049393218653930204
0.24733998328416068
0.38268391727050766
0.1304308276095084
-0.30628638557363597
-0.2837631683112306
-0.069434308683011
0.04585112485951547
-0.04432140431159141
-0.08894448820535217
-0.07794111170689487
-0.14296923668564346
-0.21730243716379324
-0.2574481508268876
-0.0811318617679492
-0.010651332292526345
-0.006651860758657383
-0.10630879552778351
-0.062200618260597154
0.04018236075762249
0.010158920731631443
0.019422144465085684
-0.0472689671707384
0.006045476507713738
0.033418266397885484
0.003613643590743598
0.007884896711208098
0.08306399961043057
0.14802206515896046
0.0625417415135298
0.020901681829756907
0.013726295417358396
-0.023985393963488217
0.01800274702752684
0.0576351961845213
0.0894216828342213
0.05486526087342761
0.05127271580729825
0.04875816475671217
0.06309218508145911
0.05741567852952159
0.07707519302772257
-0.019097827467049657
-0.05420046234951488
-0.036777366996337615
0.06308357901411035
0.024824650974233076
0.07703898918024871
0.07341624329335583
-0.07610652930321606
-0.1878300242923521
-0.11256027816268473
-0.04648175040727003
-0.09878178633208969
-0.10787346546668364
-0.03431393527875447
-0.08505424030572616
-0.1497306494580455
-0.04125978118626368
-0.003588618775776656
-0.024496149590015226
-0.047736817646853585
0.08141910870950317
-0.022374459523215547
-0.004328313653243464
-0.006134961382498109
0.059597364288047065
-0.013202142454325386
-0.0015835661659724175
0.015482041106377914
0.02368584204523597
0.02723765811360968
-0.05967742603985031
0.024855776894253414
-0.007110232443307145
0.10162736197724992
0.04208152312258422
0.11235374629186094
0.03256087284578468
0.0422011765016101
-0.019010905922211142
-0.03337083092280353
-0.002297236629238922
0.0012470108614667718
0.07244752157088548
0.0763135601862281
0.12136595388680464
0.06272308682332385
0.0401492715954986
-0.01551508329786956
0.026253074887258383
0.017855415277279112
0.049784952956484
0.023899137187317333
-0.1099432242739515
-0.17708241501229968
-0.13436463972894636
-0.03394117764145199
-0.008681822299901082
0.011498804315474814
0.0046013708327971815
0.03644093158057237
-0.011965398504573111
-0.11094044667571627
-0.09775384185045488
0.06843108921761738
0.01749040528538831
0.025999076680181823
-0.06497072567607755
-0.01331155127044432
-0.009351104296765386
0.04571877267008431
-0.011881548517186863
-0.03166259272213211
-0.004231820974894567
