0.9596843051463156
0.9472340404047878
0.948308686603439
0.9502605714514233
0.9540416603150619
0.9521412634041541
0.9500481818704579
0.9514010828046507
0.955755397431211
0.9551051831239108
0.9491989629407477
0.9478759752184166
0.9472610360289914
0.9494425147073419
0.9493931025715733
0.9485222748934685
0.9473757970645434
0.9472989353683218
0.9448795102041921
0.9464450828197997
0.9486799054377549
0.9487742461720136
0.9468180690716407
0.9474518830409128
0.9490739963829595
0.9464005320000682
0.9459560635037707
0.9466946281677772
0.9499715479465319
0.951743297306676
0.9531067821863625
0.9539729552607221
0.9534033974344823
0.9539391459691796
0.9528806077518466
0.9501071057194265
0.9469610763927483
0.947275642103174
0.9473758935349433
0.9462532453076539
0.9439355533183873
0.9418285775038341
0.9413643968913078
0.9436521821732564
0.9464584451125349
0.9456968272313024
0.9460147283771907
0.944267612767454
0.939219015977642
0.9376475280067667
0.9391965953063013
0.9406218744934305
0.9401439415629204
0.9426634691682662
0.9447775974097464
0.9416337873170757
0.9404998584717394
0.9386644093252553
0.9395573438566449
0.9373479084681888
0.9373088650516568
0.9362598880472036
0.9335261241147805
0.933345903037111
0.9339499704502773
0.935063581465154
0.9363138285256971
0.9388098528976118
0.9401718202730462
0.9390907267730635
0.9418355481642312
0.9418986871617856
0.941690468305372
0.9436284169343041
0.9468058640383245
0.9458514733827691
0.9503426597214774
0.9493172776686862
0.9410993951597509
0.9020005697301285
0.8162877375080475
0.6526294956242641
0.4192675039307222
0.19835508730826237
0.06728253402651593
0.04807696805549117
0.055698301728008576
0.06843787710973037
0.0955611054136594
0.17975109386094268
0.3127805725625687
0.4533147697319525
0.575159204853147
0.6749475564532543
0.7609324617789288
0.8209790938501185
0.862292693224039
0.8825855785791479
0.8898552998542745
0.8646864289624915
0.7944953342736657
0.6342206800315466
0.36440863029399084
0.13500520729778775
0.027371937157083547
0.04428619064322118
0.0418218828804983
0.048348950682155924
0.0684942867052397
0.16899189834060221
0.3199125811866499
0.4740324426239212
0.6068123512281292
0.7076630315187027
0.7752818314221823
0.815847963795167
0.8515359848923667
0.8756839712640899
0.8868006745980929
0.894593228156519
0.8842675395458334
0.8448905199052689
0.736267884064862
0.5231638469751902
0.2506613526685817
0.07611759380181071
0.038846539482808175
0.05818347237156614
0.05713904698205364
0.05836038807960984
0.07314609041056055
0.14538886687361532
0.28774943709375833
0.4513490494607689
0.5849266435847089
0.6817116461106966
0.7547115067140029
0.8143606281586998
0.8603663715917768
0.8933280544880576
0.9049566751556452
0.9091956887574865
0.8800032311207441
0.7840921641964324
0.5710504117637917
0.28347784811831
0.08647591798469548
0.033356072637548424
0.050171742404925924
0.051195676814137246
0.05467054223966847
0.057311218334066855
0.10242680557992913
0.23699447362024662
0.40561617507105235
0.559488287140238
0.6767176808156842
0.7813203163947209
0.8547247618894283
0.9114664454481083
0.9403050332676106
0.9500440167326254
0.9451449118008294
0.8860777966776011
0.7255135671022881
0.42045046657228075
0.1462011533415168
0.023712646094264996
0.042358098385054076
0.05220253225156968
0.04825768353550832
0.06477956839798321
0.07335154378200909
0.15566155472017998
0.30283883797856187
0.5076102193781731
0.6658419328407148
0.7963009274813101
0.8786008173251341
0.92593047829297
0.9527837889108732
0.9770113890549211
0.9964554970801701
0.9853546157778524
0.9072051802618553
0.7353930060934581
0.4079613952452747
0.12943020860379043
0.018540420736417002
0.05593668824763224
0.0576893752103952
0.05974291378993809
0.06646342043064889
0.09779455483518928
0.20914134716250912
0.37252192241145826
0.5384716931307957
0.6794962666611978
0.8148427766442234
0.906530876745368
0.9525274320589405
0.9778779536567234
0.9985578174347769
1.0
0.9732900862967324
0.8885995431518195
0.6853804400970145
0.3545837398184986
0.10218656206482854
0.020365071310840796
0.0447352387147556
0.04501146564628675
0.04996657850165931
0.055424170507641014
0.08111257175390689
0.1817542171522323
0.3431299039572853
0.5076675110229802
0.644716590128704
0.7656613243878485
0.8606995037350215
0.916068464527104
0.9523428559498078
0.9589423821861549
0.9453770999200274
0.8671359263590189
0.6751651626480697
0.3437701200695672
0.09948599041826027
0.02561361602805529
0.0628434771940679
0.06123887707719615
0.06837659818879191
0.06764196001845817
0.08572472102826781
0.18309312449600904
0.339740795914781
0.5012967190320838
0.6428580940569631
0.7760979004640048
0.8725594752268319
0.926611514573747
0.9563352923110198
0.9689156809408964
0.9697006076426532
0.9391606403626973
0.8286637732742569
0.5817574364344524
0.2637324245036658
0.0689132200147995
0.03487936623420442
0.06443362907351452
0.07561036924216409
0.089576122665781
0.07972854436223625
0.09801090229708023
0.21090555820772452
0.38582347971687747
0.548298437938049
0.6759410113835004
0.7845720066518082
0.8672737323308723
0.9217345110713392
0.957895266947626
0.970061308998163
0.9578142536666642
0.8717804706314691
0.6671634072085834
0.342718753060541
0.10381081050670936
0.029661075555364
0.05655703113858143
0.05957854510128411
0.07336676738527247
0.08512773310500134
0.08143570669072522
0.13612364477939307
0.2708454791076122
0.4413040588513283
0.5907707639058212
0.7305110275600639
0.8518045884257107
0.9244591955496401
0.9627800841190014
0.9857369682918711
0.9944143674674212
0.9672937356162813
0.8658507879048113
0.6200972398026722
0.2886640448862551
0.07250550088762653
0.03704736355008619
0.06307336062441408
0.06549501626215239
0.07319319157164654
0.0729262072067377
0.08406178090682638
0.17203808778252597
0.32766613554360796
0.49075861637704876
0.6232883142183048
0.7493169731718141
0.84878386787534
0.917747011524439
0.953306196266977
0.9645462673522274
0.9593155784595698
0.9229269785901857
0.8054830805695344
0.5342920786398514
0.2272361765468089
0.06063900964623316
0.048466733064282674
0.058998282126545475
0.061002664275205384
0.07219655075080944
0.06856545188013274
0.06971723760179957
0.1407784375049441
0.27549186344818655
0.430653244285199
0.5680128193661418
0.7015293167261981
0.8125772453671964
0.8933127599647636
0.9352568225717428
0.956501490183405
0.9576206101014707
0.9085357408399938
0.772028650567627
0.43100991966294594
0.12879322659972606
0.0
0.05221478490881345
0.05685767910424614
0.06869499798365357
0.07782936350322056
0.07923354600726591
0.07944475200056604
0.14908323467768492
0.2813006538914119
0.43992159026778105
0.5837407716999641
0.7214439521747514
0.8215972352754883
0.8868551620452932
0.9212117323993438
0.9390149100980998
0.9229701829154535
0.8609259808766578
0.6767255636161231
0.34256355226107094
0.08888027065620009
0.01695874715241593
0.05824441546459865
0.05681636622287511
0.06604364357135457
0.07538884992665267
0.07402047555925098
0.07950599010833789
0.14699977467801478
0.279300969389414
0.433636887895165
0.5662573139288793
0.6896382296852531
0.7916827251034271
0.8657137218795438
0.9138535558097831
0.9424940857481552
0.9561287473607251
0.9513907274803192
0.8932800950447692
0.7317093533752049
0.39807122632616126
0.12375698028512032
0.017205562945921418
0.0626338189679722
0.06916433154775423
0.08237225460385349
0.08385098876349709
0.07710064467004046
0.08478959360160893
0.17330497220242025
0.31967193088338836
0.477241305160369
0.6131171392823538
0.7390505688884084
0.835380118122758
0.8995223696479827
0.937895487528456
0.9555266542530853
0.9454472131466706
0.886243760785137
0.7329229334220485
0.403175372467954
0.11775032900960748
0.011519936373876884
0.062035145490268846
0.06904948990311055
0.07219759166352295
0.07599582259083701
0.06813048717403138
0.06034526565734404
0.1167965073948145
0.24103524144418978
0.3983881738569462
0.5356276546205604
0.6680760703890078
0.7717776646589858
0.84230076607615
0.8784749011252362
0.8932669688125355
0.8791892120994274
0.816236301158956
0.6406178536021578
0.3349212028590805
0.09787101946326054
0.027888552660284057
0.055756450159409124
0.05520028940347945
0.06816137236100299
0.07480542195993266
0.06094059626601262
0.06428553519827429
0.13629414413767543
0.2688765821883343
0.42328933762022525
0.5710532223771244
0.7049000257207194
0.8056037160554825
0.8633758700903043
0.895396849872406
0.9196684914901648
0.9384253769212426
0.9155949990978383
0.8202286449360757
0.5720732060770497
0.2547561354073252
0.054569169511733594
0.035825781810778404
0.06700362237037455
0.06832956778637647
0.06581371098654235
0.06056804660773732
0.044595499295766464
0.06486142552590389
0.16234104392462195
0.3181613833960657
0.4664539016344476
0.5881651492658018
0.6954890115973454
0.7786609953855446
0.8322808096313126
0.8507599318394281
0.8226641753917634
0.7232779120005576
0.43604213598506764
0.14584088985653182
0.010447436131154078
0.049907069715825064
0.05699007760099782
0.0568665138064696
0.059928843457647825
0.05926970591423728
0.05721561035641159
0.05065828796723703
0.08824391148781166
0.18497470322753068
0.3287805703953501
0.4496203900483866
0.5596444180870326
0.6512231397302342
0.7247184061435376
0.7727417743331975
0.8075305040384736
0.8129394236197148
0.7631825484441194
0.6176156106149168
0.33232663628464054
0.09739102240543845
0.011824826981457634
0.04809882734301696
0.04877041534410751
0.049344136621977217
0.05121894900102753
0.0505149579545248
0.04176321396332908
0.04336930544377823
0.1150294113588897
0.2511925127698511
0.3987076590841066
0.5277781873667589
0.6347420034815301
0.71115626267488
0.7662317541287129
0.8127435534387184
0.8274298936760217
0.7764083515202406
0.6234212619766031
0.3327128977193737
0.09898237408856457
0.024405959779856313
0.06643294355569891
0.07026530387571883
0.07027771355840488
0.0696693713282029
0.07683350484735176
0.06714205230278797
0.06788125969463614
0.1286346960812535
0.2579125328352853
0.3988467179137129
0.5369614652636282
0.6614287074903468
0.7606130223751709
0.8307989011726197
0.8821176422566398
0.9124055166065652
0.9282950656005614
0.9217926842468573
0.8641648838320386
0.7090473439536318
0.3853033384332939
0.10825821764723637
0.013736587448616597
0.06336516027658294
0.06944593524251663
0.06242119158953156
0.06006014393254489
0.054923745017313216
0.07564231697227326
0.16583936336304905
0.30776553263396655
0.4562162073974851
0.5866831776456412
0.7158399965601542
0.8126764574474562
0.8739417101376172
0.9113989392649673
0.9398236024092244
0.9461010671990351
0.9187516283917128
0.8141301122108268
0.5432246921550272
0.23246587351553366
0.06230213601969898
0.05985033322345889
0.06965871417168973
0.0688746202254043
0.07874638370319734
0.08642836263638387
0.07727220405668468
0.09437961199773807
0.17956385959384855
0.3161783856376706
0.45970353624014443
0.5954977064075933
0.7210319692579205
0.8245244391314577
0.8901998639187819
0.9266955948048637
0.9389245647778022
0.938932868041678
0.8734310322188967
0.6852787737460894
0.36315642028981515
0.10693301589355361
0.021822044105373622
0.04571641148674051
0.04853244179315168
0.05556460645987406
0.06380240342629015
0.06369645070279707
0.07503336702955152
0.14713454911391313
0.2797617480581276
0.4338112153707999
0.5803463387809342
0.7091987344950462
0.818076159262135
0.8794032125917777
0.915677420742932
0.9324761900241125
0.9311483163310811
0.864169906006191
0.7200511960014733
0.41585728215447354
0.14017054994106112
0.013186809670793737
0.05126548118714633
0.06014350760139375
0.05792102828891237
0.052222044557293304
0.052554759792739034
0.0443132700088727
0.047347344165230815
0.13027246926327934
0.27892383145836713
0.4391845096115576
0.5693274951832581
0.6878515073687715
0.7791155165137598
0.8411828630975964
0.8810493511361951
0.8889718185130271
0.8719871800412814
0.7959135610180116
0.6016392054289873
0.299781995057822
0.08982153927428863
0.03998513397752456
0.06725043211385186
0.05937027003075903
0.056498347677078876
0.05680409044026482
0.05776460456569379
0.04520959433036338
0.08241207124749395
0.17640577224853352
0.3223793218977591
0.4572648176936793
0.5863165927054776
0.6803205019156473
0.7643548451596195
0.8288160747401512
0.874188807415825
0.8825403549491888
0.8534018340685634
0.7586141679274074
0.5519321670049642
0.2660428720939801
0.07354044441389825
0.028393775728021847
0.05435726574423889
0.056260963698991244
0.06137053582365263
0.05912825894670355
0.048891083282786456
0.0404315660836274
0.07719636963334177
0.16395054273577706
0.293668818202514
0.42378915042885484
0.556847454170846
0.6639764206307693
0.7552317657139633
0.8164596627088996
0.8556369656943948
0.8710192392448752
0.8593257202204554
0.7971398427648284
0.6448422414579084
0.33666191671612417
0.08730841037011261
0.005013683902037912
0.05988873422900069
0.06388248503271192
0.06688392245994204
0.05919187201827262
0.04856406834716434
0.038910575456798165
0.06874005372477217
0.14253707641078406
0.27183541499644365
0.4062383836402943
0.5484007030221942
0.6677183508828057
0.7731285816631912
0.8424670161857689
0.8888635658132052
0.9089467020828782
0.9162801438350151
0.8980316425333276
0.8328067749445774
0.659259608008446
0.3606521451942883
0.11973142441571233
0.038656140654856244
0.06576969997292038
0.06353754719447881
0.06171575836415948
0.056294360173241326
0.050380871819189064
0.060465536674284684
0.11072425893354974
0.20069903281315124
0.33170927269288414
0.47595139700492056
0.6167980014417458
0.7239075578574351
0.8094659917284295
0.8565464300142124
0.8818876211099984
0.8868450358280815
0.8740010756251346
0.7893949623695651
0.6180018623590662
0.3378081963379952
0.12152170957037048
0.03626749204072705
0.06304562979971232
0.06552850175650528
0.06558253914866422
0.06588585273658167
0.06604159520518275
0.05761097994196699
0.083482120498788
0.17858074995399661
0.3147516975973296
0.4435209597937156
0.5623506911632402
0.6831242278024915
0.7789618062112266
0.8480751032933026
0.8885394483852299
0.916304236354723
0.9178501892025598
0.8711349628510814
0.7594020794653836
0.563825118956978
0.31284145287646764
0.12030396818718694
0.050652064068531656
0.06391066396453719
0.07820792045534772
0.08508457296501425
0.08336009323168404
0.07867364205720698
0.13657992950277098
0.254824025400504
0.41208383777868574
0.5402195796746535
0.6588570112709351
0.7545447461010173
0.8297355346791933
0.8779358545348196
0.9062863135347734
0.9052757998990864
0.8660317842993476
0.7614118407450594
0.5795663728635778
0.31305684852931853
0.12613934021815212
0.06751225816298048
0.09307399034499944
0.09629485550472841
0.09281684523533108
0.08702969430856342
0.07246731414940913
0.07270035116237625
0.08313070638946894
0.14922292913727436
0.25521378598006195
0.3922716490448149
0.5120083425465876
0.6273152683014098
0.7215400864754713
0.7955452279495963
0.8385999963487438
0.8641587350058808
0.8716620945019118
0.8337409491986839
0.739423754368464
0.5647234045715022
0.30462903485550563
0.1088916706631601
0.047957231378262834
0.07790506480013482
0.0768624245151038
0.07533303659028369
0.08002540546353394
0.07987220128646244
0.0711920423009643
0.10000658392395792
0.19694651682449005
0.3267802444882658
0.4431888076630008
0.5541250731921745
0.6587688829074294
0.7438212758464959
0.8034920236554857
0.8480542866988704
0.8718305300000271
0.8636225243197873
0.8142655896079894
0.6932581081919178
0.45081798474337265
0.19688040635135842
0.06505614615493298
0.06408139032404561
0.07331232112635848
0.06898189975635109
0.06825358375368946
0.07679066547000801
0.08248992772092141
0.07880543866168234
0.07750896657607531
0.130617234204901
0.22966830622245346
0.36386022999835843
0.48001325082021934
0.5952018640437742
0.6921591498379732
0.7763346335145126
0.8255630062552693
0.8593437224326367
0.8798689829656526
0.8805490160790853
0.855842787016177
0.7876197179953691
0.6405835747034867
0.4040648151402632
0.17710004781192376
0.0632980991562526
0.0546409415634171
0.0654102774996442
0.06925681245632741
0.07543493912053983
0.07676351921622787
0.0654447835705792
0.09037019208427478
0.17198616175612813
0.29060506411344417
0.40042587147353154
0.5045609401705985
0.6083017534250681
0.7043248251481872
0.774391535172609
0.8187138852785343
0.8431103180058777
0.8260434088623464
0.7391538516329045
0.5527242704945556
0.28453602939330463
0.0955463210294638
0.0511343902758213
0.08333483053639862
0.08240431307090706
0.08148254584724812
0.07901020943165087
0.06752280311370834
0.05014273910116173
0.04461537196080686
0.08508971601554721
0.17953022629029647
0.311738053389044
0.43808206346542855
0.5556808125148186
0.6628044169930852
0.7534685233459182
0.8141769305178606
0.8554656610694215
0.8758917254879516
0.8620285282565293
0.7747314949808917
0.6242552159331004
0.35553355447846713
0.13272349766541416
0.032852818973440175
0.06777857496504866
0.07993629381711172
0.08036979021178649
0.07581703539128731
0.0643803941992816
0.05054439077147825
0.04199920859632856
0.08643971538852364
0.18868583147287651
0.3268570919014449
0.4567790499904544
0.570956789014963
0.6688304809020015
0.7506468023585142
0.8107345841168815
0.8302778650868836
0.797636343180691
0.7021606711630863
0.5259207054996203
0.2663193559210022
0.08405085184394184
0.03360372284001549
0.06783225017361003
0.06781842327954088
0.07002459405134191
0.0714811271881285
0.060648763548372064
0.03713902163876794
0.01430133833139096
0.0510011714943004
0.1407852331474316
0.27349324289631843
0.4006903607077216
0.5275598221538732
0.6317672973128099
0.7150534430843495
0.7716660913899795
0.8161307324548989
0.8488100702940092
0.8614601029457494
0.8463586138028822
0.7915512835702264
0.6686957392724969
0.4048460826032341
0.1553311997242732
0.040030767397056896
0.060636292862898525
0.06364962029127826
0.07063555088628432
0.06406869584586027
0.05011792915468909
0.028413127017146933
0.022993465837526084
0.059821132931520825
0.15114215654846955
0.28560627320785
0.4186188227445635
0.5405721770210059
0.6408980478699224
0.7308167334273747
0.7998852243624638
0.8419138062447991
0.8456325552892543
0.7976079948703276
0.6853123106619995
0.4683434091253198
0.21772105401881495
0.06841931544231897
0.058442720317669714
0.0741472429203188
0.07052879003486182
0.06311421350687148
0.06268171319213477
0.04472794014568512
0.05252989062593196
0.12243173424135771
0.2496745129206535
0.3894599516076633
0.5162059018383319
0.6314165755435815
0.7254823349305399
0.7990523261522685
0.8520314235513812
0.8854509693980126
0.8844753484814369
0.826778975187159
0.7112138532865893
0.48126878642184456
0.20336972844255993
0.03291146997841308
0.023827192467964543
0.05354819049702546
0.053282916939532445
0.048628764440792296
0.0473062080625504
0.047979358973298025
0.047998363460190555
0.08047650985605095
0.16681873087197951
0.2884347882472564
0.4110110302484051
0.5182625421959013
0.627334861269409
0.7223396140582884
0.7974883065147685
0.8197272159356306
0.7951793770982523
0.7112398972676052
0.5593706691470247
0.30989572941520455
0.10711364183416261
0.03724809253485513
0.06672968927448591
0.06865710894674122
0.06782415525394739
0.07026839646504815
0.07341357136524129
0.05548728996680338
0.049084206423427854
0.10013029622840348
0.21044094971404217
0.34163266481412125
0.4683954458154947
0.5848742609395069
0.683479142934828
0.7594614137668341
0.8128514100515714
0.8189566908720326
0.7816954889004664
0.6957985067279522
0.5554550450878317
0.3289438752001937
0.13608796738928575
0.05451198723178245
0.06654251338389808
0.08066558263838257
0.07032777805542519
0.05850581203839949
0.03677395745387333
0.04150822288317084
0.08089340847543001
0.17646043860621036
0.2877089899036574
0.3996455602594211
0.5098272447592425
0.6114309683293667
0.6933520945380369
0.7568955489598796
0.80094589773629
0.8292215933699392
0.8238349754435393
0.7650460750816014
0.6507775026081685
0.43718091450752855
0.1978507315989178
0.06259896579371214
0.06401868767329902
0.08795685539874819
0.0859626891129342
0.08459363326817519
0.08126575805431259
0.07715667297431883
0.08296502850551905
0.1431946104691991
0.24190152769816345
0.35455082240627395
0.4556204138656955
0.5580490664862963
0.6486282377087538
0.7223258684821997
0.7712640199627376
0.7944835744923386
0.7932921286164345
0.7485900611950008
0.6577284792434362
0.5277362447007883
0.3313844810808003
0.1434204372118309
0.0480565845155363
0.05222224910192678
0.06534740567031071
0.07529515832794519
0.08110802367838359
0.07872325932434651
0.07925430106611565
0.1173434189260813
0.20547020264932553
0.31848588225530794
0.42524224322934173
0.5234446814994821
0.6244001191789055
0.7105665598502343
0.7819265529079865
0.8348725781623957
0.876629249071679
0.9086713520541635
0.9231906890605536
0.8848073618704689
0.7770140806914001
0.6122605721701267
0.3763000944368799
0.15975181025486426
0.054170132303258185
0.06245501232928358
0.07682277267183793
0.08065852190527244
0.08081499585292881
0.0757490473908559
0.07645791944671086
0.12070131134601711
0.2097034461714432
0.3183390294756207
0.42917622163940605
0.5388057164714147
0.6441818426370831
0.7359915724762313
0.809014146124685
0.855732042532792
0.8767647583340995
0.8530549194481322
0.7775165774228245
0.6400264149831536
0.40080405256681406
0.16140423943099894
0.04008135832192767
0.04239757035274517
0.06119813008842804
0.07448822377537488
0.07563416499702076
0.06295685640115194
0.04679363023718136
0.038584204331332174
0.0788642042107367
0.17224165719414872
0.29356145034948794
0.4089804174717385
0.5169462495900963
0.612711707717533
0.6983263317341358
0.7649496069642338
0.8072978133745806
0.8115738436230759
0.7729661690017432
0.6760590413475696
0.4832428860708496
0.2293190730711634
0.05977348732793467
0.02856079659116928
0.054014167157284694
0.06361268759888719
0.06829671234343483
0.06803235849343088
0.06302612713992727
0.056992458960610386
0.0541260957084594
0.10375147990665642
0.2049270095856379
0.3371451346041052
0.46194264627581777
0.5756387618985696
0.6766240553675671
0.7679695737494804
0.8420514262239266
0.8798760480347841
0.8857879871563076
0.8511852770896038
0.777780164379572
0.6135928876253997
0.35974937138274155
0.13477990324671615
0.04772238549290657
0.056941097962808135
0.06404863619258709
0.05732829876221802
0.0573683799145659
0.05168614636852034
0.043753729280162086
0.07155968705575395
0.16679570250713285
0.2898345255348124
0.40826103468692493
0.5214329685378697
0.6305623064745717
0.7237654442896568
0.7932476680645648
0.8227472761870194
0.7979735838628531
0.7136735201005219
0.5568514293423557
0.2976283281444757
0.09604846445781696
0.031719221441977044
0.06783760161728952
0.07111363410254237
0.06813534296527807
0.057323370939049115
0.051920056622385476
0.056577276817779784
0.0786498972845907
0.1338099147523307
0.2319967985345742
0.3550665703600216
0.4741366452808676
0.5779178106466103
0.6722405446225856
0.7600790222427504
0.8208173400445999
0.8482011919658612
0.842103442850132
0.7930011040603752
0.6778305010485343
0.47741504785213196
0.23067602509634275
0.08080841711810463
0.05643905583181218
0.08070083023062853
0.07921191793953652
0.08304722080455357
0.07798492316479114
0.06602357930440728
0.057290197002454024
0.10053003241780296
0.18803477712921782
0.30278901328267555
0.41114023686891127
0.5186803608921613
0.6103513977995189
0.6909450082790056
0.750701340414123
0.7867810506952704
0.7783451673941746
0.7091346744072824
0.5805085259477326
0.3644807524994555
0.16156277720969467
0.0507342230013514
0.059215647369032676
0.07037824099300101
0.07894080912080494
0.07435349159188767
0.06742016929931452
0.05260030054902527
0.04223486427209565
0.04189180457902971
0.08337846470162363
0.16689347463159723
0.2903325534857736
0.4156563912859024
0.5243779813527129
0.610161982622938
0.6932588326421917
0.7649797174029834
0.8134647845084064
0.8379054254894285
0.8339224364743401
0.7790375768265554
0.6627068034900762
0.4773365394235172
0.24910373194835952
0.0959558169867581
0.05209402715450187
0.06689053065521286
0.061902901751447616
0.06431462678635891
0.06024366613546741
0.0566582191175031
0.05583555581930613
0.0856245299967106
0.1534285747169397
0.2515777636603942
0.3605019609667273
0.4660316577876128
0.5617071534736093
0.6449145971779111
0.7169504345750115
0.7705745484496932
0.7838709896312033
0.744381824647114
0.643502087926886
0.4688419430812765
0.2382958166103835
0.0718575319920387
0.0321447483824537
0.05885741199311748
0.06665562138311006
0.06195700678182764
0.052366458607396214
0.039315422721043436
0.030787897621624826
0.028181848744899266
0.05513692001944691
0.13065802148838981
0.25182651173864357
0.3812675629081996
0.4926086340806528
0.5870421913669144
0.6764984354216496
0.7530415000023603
0.8066987642067872
0.8375095109190697
0.8566907073792474
0.847348783196078
0.7771575168837153
0.6373508687155416
0.401605619465879
0.17579458142124527
0.0534375599725138
0.052210790981795874
0.06162654824233239
0.06359496956667818
0.07039300745795536
0.0699301144354194
0.05660763451320341
0.049176267223905994
0.08948829296521928
0.18005504569083147
0.29699813028353
0.40584491407935763
0.5062976809526977
0.6005657525529101
0.6902478344601229
0.7630861174940003
0.8019757384234687
0.8056338255556871
0.7665455862120631
0.6828125477229674
0.530841946962742
0.3034027562000997
0.11447329675775317
0.04521821062064618
0.06116012753364747
0.0710840901441982
0.07721354527218308
0.07892373871182248
0.0711123509522648
0.06355015980833374
0.050016883014198786
0.050068212406252796
0.10228645964523478
0.19074248404866795
0.3021568812129184
0.4068100152363148
0.5044860673704348
0.5803328519409559
0.6579656135208264
0.717722180429598
0.7522740609437212
0.753473650003523
0.7093927795645403
0.6156026030272455
0.42475911165602853
0.19434028308030538
0.05259506723917472
0.04263205144887713
0.06583015172642147
0.054963535530132404
0.04865183140965854
0.054821373151288155
0.06105864434957324
0.054537781272052055
0.051731824855300326
0.09802302608563282
0.18163406492507664
0.2963290668737708
0.39902982242109203
0.4978734059158707
0.578064442094289
0.6541332290070522
0.7109623250592753
0.7376338424018062
0.7105280156022058
0.6402761786244756
0.49088554519487504
0.2613414919472433
0.08284073729312964
0.03129400400612957
0.04793131728884625
0.044697906588246884
0.04348709740766871
0.03788646836730483
0.034533040882639185
0.03085071887215828
0.028270436804805288
0.04645939764348515
0.11500795108414229
0.22241461536021886
0.34978114643233893
0.4746079418765155
0.5839865547678353
0.6658467782415702
0.7314159568415182
0.7836284489836489
0.807174894833762
0.7868262762697154
0.7074751413309678
0.5425311649671555
0.28977649841026665
0.09592022355667149
0.02835084467273941
0.04011745207538686
0.037287578156620406
0.03614475646475782
0.0358010027171608
0.03710654052340438
0.03674216321889012
0.037417304490273036
0.0679148881242963
0.14839758893669203
0.2547005121278403
0.37026591658397917
0.4850681700249587
0.5956824143752854
0.687023812829377
0.7574080700374329
0.8071833425423344
0.8316886235571154
0.8072654410428823
0.7088856965584232
0.5258767043897112
0.2872672446865495
0.11248045136752403
0.05628251851753482
0.07159728177616774
0.0726163744643379
0.06717922272970879
0.06143881035916752
0.05735700843757956
0.06074186126287755
0.08812951271213615
0.1529262321142579
0.24806452740197354
0.35932890495743536
0.4730934701622857
0.5709853064424201
0.6486206139376196
0.7020302293190672
0.7317897192938151
0.7182784027004545
0.6646300926486106
0.5368654161363715
0.32026674862806065
0.12449484308149007
0.03846255051722002
0.04559034590803221
0.0513593905665856
0.0594910948531981
0.06775206722746932
0.07463595100463885
0.0756464440459942
0.1023314342440387
0.1727904116227752
0.2844847602386947
0.39586210442688113
0.49267432694460295
0.5661243442423063
0.636009024657821
0.6949724431071601
0.7388021217803368
0.7705750479671778
0.7905865761493484
0.7654572902677776
0.6775523081685942
0.5406152823685929
0.3603625635759864
0.18063224209482656
0.0695062824318719
0.04975962783477242
0.06156527527884227
0.07159480268151178
0.07778315000768743
0.07990469113177416
0.07678996179108764
0.10797355511371284
0.1738281458402819
0.26671144717989065
0.35734182984774554
0.44719010439132956
0.5369133362521697
0.6261412628122657
0.7001891688048328
0.7496084743445658
0.7821365328355716
0.8015919550870344
0.8015989520372208
0.7615426605962207
0.660390875568722
0.48695893276722546
0.2688511335736842
0.10403239328323953
0.04438292504843318
0.053419120418315064
0.06590370825417527
0.0698250363788299
0.06530077407831382
0.059159363122387544
0.06472096243431111
0.10685695139133981
0.18106558840830134
0.2646707733710718
0.3503274951560475
0.4548098164055287
0.5556503483089967
0.6303324054366817
0.6810585581764949
0.7173052728531727
0.7406410728193674
0.7354431410025732
0.6736599756933019
0.5482387886208326
0.3398894998978859
0.14399579643175203
0.04225685694476226
0.04596609630779638
0.05808985249217637
0.06432560784789673
0.07153160884926843
0.07226500691059604
0.07047963410808003
0.05887388353735654
0.07220351805945525
0.12777474589764568
0.22543154706040253
0.3326036745142925
0.440189740380143
0.5439973242398323
0.6295501712683864
0.7026182264374887
0.7583557090680706
0.8003812102835091
0.8187946680362644
0.8004335619949674
0.7243785683269669
0.5787605013170605
0.3772487526885572
0.16953015277497469
0.05387557100055517
0.03896864059281717
0.06470057931047653
0.06848032580421338
0.06792269060271545
0.061505976240556814
0.051437620913541426
0.043528743178145604
0.09632000572196894
0.1907780692172948
0.30301892890717785
0.4063976775650799
0.5216951724918412
0.6162336698628452
0.6883465698229909
0.7419926805558388
0.7798172263219179
0.7791110424647945
0.7225964682787758
0.6058050353629535
0.4158312399661516
0.1950067044488007
0.055819443124261785
0.0330433877636219
0.057319445104544814
0.059746881929769145
0.06422294488894739
0.06478698438229369
0.06115650125825758
0.05100626428633985
0.0484846335575998
0.09222575428828313
0.1761119269688463
0.28080783280480126
0.3871571476081947
0.5009299004068002
0.5949382120328276
0.6692363971209305
0.7291261668562579
0.7748447412250186
0.8006569998281321
0.7956587108456886
0.7460766379785391
0.6404884870920331
0.4542019169015506
0.21438611437263677
0.05702084724060085
0.02329082136222551
0.05269203211363179
0.0594430428839916
0.06320346249385617
0.059386125062688706
0.05659935494727525
0.05302026804744127
0.10048176670513327
0.19257714061415065
0.3033653851639561
0.4055493253681798
0.5160461909011617
0.6160339975029692
0.6968069608820413
0.750072221685872
0.7757477225098518
0.7653931299550755
0.7122320732143858
0.5834057869117173
0.3739169386144816
0.16034980310738686
0.051574831983579913
0.04559732319836811
0.06034544042974549
0.05600597734565307
0.05953860955115243
0.06659242013486144
0.06717560034466068
0.04867781791905193
0.056472899283755706
0.11096042997197503
0.20315590211930548
0.29897176454733626
0.3980436204112029
0.4954067353596915
0.585088232973217
0.6535258191935399
0.691675244802237
0.6844761901918833
0.6324318914552819
0.5114950038720814
0.3052340806322418
0.11239696541484528
0.026676278700995572
0.034975409940871637
0.047451996223663716
0.04762371122376437
0.050756728377778726
0.04840110859089556
0.0433313854078917
0.03366983985012849
0.04062216839248403
0.09977450238614075
0.20000968984523676
0.32567974157536583
0.442566852292101
0.5583434485270183
0.6530673463161732
0.7288465349368245
0.7828328676548265
0.8212917359365611
0.84038801151671
0.816913587982311
0.736702906787738
0.5957535922795011
0.3749976570798492
0.16002174844676678
0.05038467556597466
0.05423152552029543
0.06178960519820259
0.05679895270697865
0.055681018804626434
0.06634097422979707
0.06888401543254997
0.059536381826655
0.05837782309959319
0.11198036018690768
0.215452932634301
0.3227910960344822
0.4256998026081351
0.5176482958664002
0.6002839018713492
0.6716119619517297
0.7380051500089786
0.7594204075387669
0.7311268620040071
0.6533447781404642
0.5099047459039553
0.2893281401505683
0.10971087720263112
0.039752465012461616
0.05013983576929458
0.05363654080291069
0.05660821254961519
0.05900785454218711
0.052731024861370206
0.042518073904446375
0.03476238592223526
0.05199391129764473
0.11830165989129582
0.23023415193992852
0.3625994851892131
0.47888981221864185
0.5797363710624114
0.6643830152442338
0.7407629312044484
0.7927762040444578
0.8086510364369589
0.7803233102999625
0.7022595485449739
0.5735588754513917
0.3897607838370809
0.19713417215483237
0.08377211435832223
0.062181305690919585
0.07544876191982623
0.07119946913024132
0.06459201182503856
0.06715254974071169
0.07310210216896725
0.07450483652194935
0.0716230383541396
0.11286492284317326
0.1946586258899426
0.3037877372270823
0.40045543155372265
0.48765358439909023
0.559486369198268
0.6237883530338125
0.6646010982933171
0.6598648657627669
0.6051740376122974
0.4876437805055308
0.29468790088435787
0.125589105295642
0.048742893497703554
0.05209689548249699
0.052480989085129055
0.05668382739947607
0.05451871833169945
0.055943774070831176
0.06217993099107555
0.06684912675805907
0.05639589975465778
0.04753770826696784
0.0858291135937221
0.16974058626927085
0.26582725764708925
0.3589994693111484
0.45328405951652834
0.53844555076042
0.6055925235402604
0.6515953052757008
0.6465857574775057
0.5868048777475798
0.443221885442814
0.23653089482872863
0.0709444960907313
0.03159213076646124
0.04440804077958316
0.0431982333403427
0.03324940051462351
0.043394281445611776
0.04858085941402843
0.04987625231243679
0.05088261418423606
0.06819276671725912
0.1347229697491895
0.23783625968132271
0.3664977505217052
0.485053722434202
0.6129719268844119
0.71288174596431
0.7854184236320029
0.8310645524990333
0.87326346227741
0.8752612223603043
0.8314017708763667
0.7254445727826339
0.544587767635375
0.3128701585886646
0.12784142001198692
0.05633389852286535
0.05594361265024118
0.05129092841935849
0.02677347482298282
0.02168864569817206
0.01964533037977656
0.02909227528582166
0.07405480656065987
0.1706934908235134
0.2674650323564034
0.36737001690042576
0.46832248456962183
0.5653352654710695
0.6460322173588698
0.7141575994393087
0.7663207124424652
0.7862449214549521
0.7625988451092081
0.6863770384882224
0.55272193057104
0.34575617330892255
0.14864815046312999
0.05083279149103597
0.04954321779423459
0.06277260565843847
0.06552225609169696
0.06912592204082843
0.07004857687782788
0.05799416879418211
0.048821351585410205
0.0731636693232637
0.13957180229538227
0.23332079009783074
0.32887958816110247
0.41483354657661675
0.49863714271341886
0.5852065884879877
0.6675276027646161
0.7215609993001878
0.7455768704088563
0.7253486964765602
0.674653688925293
0.5516645483321113
0.3350459210233012
0.12952376126981463
0.044214587365865164
0.05041789276703863
0.05927490637498343
0.059224886889032345
0.06403724115492371
0.06046902542313519
0.0531950881051344
0.040371413818751305
0.0427772587779817
0.09291863249194572
0.18269356613112428
0.30203450218014105
0.4221792354157026
0.5381905641763075
0.6314276040878025
0.7106267118532971
0.7749016673632037
0.8110171252677115
0.8081607055792194
0.7606522757537989
0.670337432150362
0.5098984691510847
0.27924646518338453
0.10077505965511295
0.044873695057786496
0.06523285625511976
0.07344378797453073
0.0691248137013456
0.05565659738146565
0.03810108078742776
0.03242923773712352
0.04607458310460993
