0.8513513513513534
0.8513513513513545
0.0
0.5975609756097571
0.3888888888888901
0.9236111111111152
0.10096153846154007
1.0
0.717948717948722
0.4883720930232542
0.2978723404255335
0.656250000000004
0.7828947368421093
0.5416666666666649
0.21428571428571563
0.4375000000000038
0.5416666666666649
0.656250000000004
0.3888888888888901
0.5975609756097571
0.34239130434782983
0.3888888888888901
0.48837209302325135
0.7179487179487255
0.3888888888888901
0.5975609756097571
0.06603773584905825
0.48837209302325135
0.4883720930232624
0.2552083333333326
0.34239130434782983
0.4374999999999988
0.34239130434782983
0.5975609756097571
0.2978723404255289
0.34239130434782983
0.34239130434782983
0.5975609756097571
0.13725490196078197
