0.08942951192154645
-0.002717422252462743
-0.013647000784950599
-0.017956952009866797
0.006121881961002871
0.004274199246658339
0.015139599599225662
-0.012658383666900896
0.003514248886414007
0.0006287839181142418
0.0008104490013447717
0.004948670757370556
-0.0005747291105663782
0.00745095931456287
-0.017075041208090922
0.01281827122464269
-0.018416184975179193
0.014316053252327099
-0.02244389795257897
0.00847867358530036
0.0030382969385881076
0.03242598439187997
0.003897610711779562
-0.010961551636936287
-0.008377402876946135
-0.005492479586166825
-0.002849071239502234
-0.0008140512595704286
-0.004377524887267489
-0.00206155599608651
0.005199163438366721
-0.0018671328413368466
0.0005139396522574365
0.0012001869072315024
0.007750880870576872
-0.0015726121097390689
-0.007974351731213688
-0.00909218408410098
-0.013783567240806002
-0.04335335796981805
-0.10369963639441757
-0.13689474857432432
-0.13604674887975557
-0.16821468505332013
-0.22035185472595703
-0.22442426715408825
-0.28892777360719135
-0.3487748848567886
-0.4102418751446938
-0.295532612527994
-0.1872628610768062
-0.07642262536200066
-0.03563773311285744
-0.0004188316212125226
0.007362037393023763
0.0017000651607600034
0.0012581735080185628
-0.02336408704329031
-0.04153112993486682
0.010423315729373694
0.021278564892646495
0.014229145438310989
-0.006208417905233394
0.024290458978297038
0.013734749041600052
0.03510901701828829
0.15629435594625884
0.3745010291811887
0.505323161810981
0.44164987758984303
0.3236951817334319
0.3172465405777377
0.36187853790615576
0.3837845283163448
0.35738024888808834
0.2700219555053255
0.1715451909427792
0.08717249811277782
0.04157045112742246
0.00445743068017409
0.004031433282076923
0.0033964052152218836
0.008177389957100982
0.029582520138467325
0.022232919496294266
0.004264266962009036
0.009148785992289153
-0.03947819249825298
-0.057857555119367785
-0.00696836410389644
0.02718621811873566
-0.019059187272676806
-0.050369227627832525
-0.01594005910937491
-0.011220973914138998
-0.00597634116858005
-0.03262200219309561
-0.05471391387039795
-0.07658481363968112
-0.10148010446481417
-0.22788868800446868
-0.3798087459225589
-0.5854941768875841
-0.8114869547389432
-0.8232978853348707
-0.49553932533229533
-0.12385023590490427
-0.02607390126541555
-0.023086324691287182
-0.02277281547381301
0.009794766708727927
-0.0038151660363247393
-0.018397530220188845
-0.018458690216007784
-0.009319206819976595
0.0002985454757468527
-0.008342847003102704
0.01622035216074022
0.017592561078377533
0.003077993388841034
0.01737999989735984
-0.07712875234068865
0.293161678232987
0.5558774759045961
0.5785657399336217
0.29230751718582443
0.44287272530065525
0.5048259845302089
0.37568164780547886
0.23459402584345632
0.14759878330473483
0.09757038697293732
0.07714647743427794
0.0650991002874103
0.024573077863078933
0.002881771761663045
0.0027097943904510146
0.007470135101786508
0.0011801722508418865
-0.004554536195080491
-0.03063646404014221
-0.024145288963294646
-0.021154941689280858
-0.0406726951163721
-0.0331462400006471
-0.026849152640707766
-0.02755740619226979
-0.18008919837142126
-0.35827713393405214
-0.5293705785927458
-0.6890571194938603
-0.8648953605422905
-0.6316937688384555
-0.1913293600316072
0.08402009224623219
0.005233069238669049
-0.048215067606123166
-0.0379647505682106
0.0216188274955025
0.010123423537839843
0.006287240399800618
-0.002483246150412452
0.014947077908106626
-0.009910174753357542
-0.023565389323372647
0.10718703325761202
0.4272854339601026
0.6727315771869767
0.6245124563411699
0.4451313625247627
0.33418738836179074
0.24601584505365834
0.23948005558157315
0.2014381410902193
0.1444525781048383
0.06024568068631416
0.03238163682150139
0.0058425779155439565
0.03066300095644738
0.052557390174554894
0.03604491615022653
0.016461906871623966
-0.0064608761389887935
0.001997173740708524
-0.017369382799286445
-0.019558573430284016
-0.04030974553474587
-0.017213250952375015
-0.01415013343830984
0.001115297320882819
-0.008378230318499923
-0.03778528188570155
-0.04942540197075221
-0.04190009982382641
-0.07995147032769259
-0.23709730673255652
-0.43662922823637235
-0.7108288259823334
-0.8176652133194496
-0.7133481303183852
-0.3171051596247585
-0.051907196138192294
0.03186402104799791
-0.03149156624246917
-0.028901736670553714
-0.021161815591199565
-0.020595961433775744
-0.014942566547617372
-0.009831023892467396
-0.007065035578610313
0.004937163247780566
0.024604911091595284
0.020710279096267242
0.00022765870363587238
0.01726145140167857
0.0667932881949124
0.5118992400154745
0.6667534857973996
0.7446174032513553
0.4979496315820426
0.46574388440629794
0.18567219526151804
0.11926957044761895
0.10403000974025699
0.11440551538135921
0.08578389153617137
0.035424784977825245
0.009371315241269069
-0.01930307249457529
-0.01220367228759417
-0.009612583678891526
-0.0017087630738710188
-0.006893946658369732
-0.0245736947377944
-0.010555450655433953
-0.012818492702139191
-0.009768629815607121
-0.04096306142299274
-0.015591616583338968
-0.022045757315879076
-0.06758299692456678
-0.11184294765144735
-0.1471668308746405
-0.18847543939334097
-0.295461994356287
-0.4713607959679807
-0.6875317345815175
-0.8079567316131621
-0.5062042207392691
-0.11462075867423088
0.07830330339757896
-0.025823697623765622
-0.04662473957302432
-0.02640719295277653
-0.007759848851299722
-0.011769351311015253
0.006812887569128182
0.014152913292181822
0.020780875725030148
0.0036663826399387887
-0.019943419283702555
-0.011590582679196802
0.234658896882143
0.5643402495002797
0.7087570533489509
0.5848680239522087
0.4458081151821078
0.3292436513359809
0.23927493272287623
0.18422561153468922
0.13941195531170728
0.08206568683344269
0.043947220031108236
0.020774592817440027
0.002243684082393344
-0.008079410357136396
0.024320689977153226
-0.014203276750136475
-0.029779184431525805
-0.024507401613425846
0.006029130754744771
-0.02022992104662231
-0.0228070249614305
-0.027452196078743444
-0.01412247429658486
-0.019500187535330706
-0.04546234958247982
-0.11764004472358945
-0.23956823426539237
-0.38797981826561273
-0.6696459626738632
-0.8551423827204145
-0.7127892364211058
-0.3136261986244612
-0.023449999074073344
0.017326379600640176
-0.011728085501245237
-0.039694435503177125
-0.0170697410232219
-0.004172154967388438
0.00629991199552262
-0.0018935464196815181
-0.005953133242783552
0.012130825082684702
0.017243395249167986
0.0035208062807886168
0.003817711757911052
0.006678366683380951
0.10056357305209813
0.3290326577642661
0.6104053675996722
0.7499967563929311
0.6123691500375003
0.3753313933195043
0.22843667215636992
0.15867973978503605
0.0976435373996604
0.08477409993544985
0.08928737760570249
0.032719060442138334
-0.0015881920581794961
-0.0008061724800730004
-0.010300352471457245
-0.002062022585091286
0.012683888999970519
0.02755592358389969
0.014807500551595713
-0.019618377797734877
-0.05198730162929732
-0.048811219744803055
-0.028388482415762622
-0.01698029182558196
-0.013030451205474497
-0.022789254398706164
-0.04404740724847372
-0.13300930996935845
-0.2307806463544409
-0.4026205281804614
-0.705097035086832
-0.9137580562820178
-0.6831942960884675
-0.205033549205835
0.02854482671440621
-0.00037000906523803283
-0.04180010192989492
-0.04000657692744352
0.02242059857950143
0.022932730394186234
0.02718961667467006
-0.009920028240156155
0.013079243137467892
0.0033902832646667005
0.009569434408469888
-0.016448831230185038
0.05012467369422708
0.3407307821631553
0.6188500316284972
0.7057147145974676
0.5368674163474266
0.3671760644161591
0.22342246858460202
0.18409062977785662
0.11183206492107263
0.08635916416415314
0.12315091499750422
0.10971763620419388
0.03503804144530294
-0.012823650094478846
0.021898399945208463
0.005610975216230342
0.006638286825788501
0.005350310939593982
0.01225324161036309
-0.016609396059953156
-0.03139672477726107
-0.03364960197925383
-0.035737730526227605
-0.04696380126455376
-0.10103607813569504
-0.2389774406897242
-0.40398327733043865
-0.7020408564930634
-0.9777327026477526
-0.7403280314932142
-0.23601048346229458
0.04780172423896208
-0.021815636619619
0.003580949656235979
-0.023870319167918725
-0.011898103732989147
-0.017253563488324488
-0.0028672603046126007
-0.008803937622123281
0.02222993074913246
0.023320059489223405
0.04125541455290634
0.051330231860395856
-0.01483251897568701
0.15555777886760286
0.47145696181556346
0.7444707426360913
0.6484095931036598
0.4784513177200295
0.345127042732589
0.21805698731952747
0.13258630061205304
0.06813657069102895
0.09120516047113914
0.0692748927486631
0.03540652939253534
0.023535450198568238
0.01189788879786394
0.028644498310746534
0.01594843697491682
0.0027803038533354796
0.0008207189397843902
-0.007365391323655752
-0.0029738510134120445
-0.020427427534464766
-0.01718793653198097
-0.0040054552708125605
-0.029232186251484885
-0.025617725728847022
-0.08119415402947326
-0.1167024986245332
-0.2564658890600186
-0.37590617102252366
-0.6066874520164579
-0.8575279558218567
-0.8167767880947607
-0.3614683492762212
0.013477642779412598
0.035328229354182096
-0.03967332843364538
-0.024300915418118154
-0.0053054242114716115
0.016708982204494564
0.02106437879355457
-0.012963186382549109
-0.01351438433801341
-0.0019932810411684722
0.017315315923267807
0.015651434436502628
-0.0040475776827156255
0.19204929996774447
0.5680005067851884
0.8869005042774553
0.7287108093731716
0.4489172157436942
0.21565087170483865
0.15212074324924105
0.07516594403458617
0.05813251606003349
0.08064251199067134
0.08252338642990945
0.04170504070417719
-0.025664616762875268
-0.009869164395393218
0.005850173705014272
0.014043196222947201
-0.015199822797575915
-0.0015907487148453406
0.0035558756959874773
-0.0034310937625791128
-0.020801268458708555
-0.054219885240527836
-0.08968295961229578
-0.08432558988377054
-0.1532874488721452
-0.26297497209814713
-0.4471991154971687
-0.6373999865229216
-0.8392087167457719
-0.6642140983026453
-0.297107798774216
0.006202454172058952
0.03107338274983666
0.003940924149711778
-0.03657351755982985
-0.034004389288434904
-0.0030673858715802014
0.013330563063854245
0.014732255982658263
-0.000629150283882695
0.014797498407680973
0.00832914772513926
0.03359145484994493
0.03689088505379804
0.1184138191698832
0.3848159893684737
0.5595000818897521
0.6344604555370956
0.48983070471845064
0.3796633874214044
0.23293777812793198
0.21782012099841871
0.16448750938875478
0.10728395486546727
0.08594255090581514
0.04372861388550864
0.005593547757588456
0.0074186782705740984
0.0005019276428895854
-0.01383117457570018
-0.02039454575226733
-0.015102383857212829
-0.011895800716895062
0.004065294537477892
-0.006937387281232707
-0.018260171787120485
-0.026003211511724234
-0.02053890746989208
-0.02943098917838848
-0.017430621280647735
-0.021476681180470927
-0.03322899496096448
-0.07447225870717197
-0.1547839596842196
-0.2904444877733334
-0.5592299002234596
-0.7701986627491068
-0.8292388503919065
-0.46278038689860895
-0.12954473909008193
0.019759894704436197
-0.04090909937653956
-0.02415543666573798
-0.0037888931559066615
-0.012842896149389927
-0.008144871707157353
-0.016440905732841824
-0.0067251809051550706
-0.0015742744198408262
0.028711037558784836
0.026155776163093628
0.02169385638396788
-0.01244317701596986
0.28178404237106985
0.6268203082531769
0.8242294450114098
0.6260394317871901
0.4385427760440592
0.2681024092415211
0.16479554527089188
0.09828695122898548
0.09792317943648156
0.06835531259570923
0.02366149791949784
-0.014745841266175218
-0.037136440015939576
-0.03264423311363942
0.017058716883055432
0.04074786469173504
0.008356921293861922
-0.011985982171523106
-0.007749457823831223
0.011997927959039681
0.008748320253097921
-0.006837948365759745
-0.02257533584451819
-0.041912578173735934
-0.05634981924865031
-0.07823640153974551
-0.18652637135911662
-0.3336837972491546
-0.5900018132409167
-0.8601135283228855
-0.8607497268334935
-0.44062483746434783
-0.052295833359075526
0.029930635469935834
0.01200536984261527
0.005735979418923762
-0.030169227214915575
-0.03466783720292042
-0.0020263088850940437
0.032430984798465866
0.03283836392829741
0.007564781051257656
-0.022957570281408664
-0.0013213709275689196
0.007963902150748514
0.08799529161714453
0.3981648114964005
0.6975021272587577
0.770802318766225
0.6283753505823698
0.4337188065094649
0.19604844293636933
0.09527751701818062
0.07869639106887863
0.07975997348043798
0.061166139930665546
0.03653113090483359
0.021291027334033923
0.014979596984341044
0.015499489548676698
-0.012170197467272974
-0.002060840012122436
0.006960340445833779
-0.019601913518966018
-0.027713637919538302
-0.020043580775906452
-0.014728149995163895
-0.02860411522746532
-0.03635937173557388
-0.052862072901761384
-0.10335588769178378
-0.14832409028586457
-0.2110979641175915
-0.38333455604457517
-0.5163156528326316
-0.7641628973774395
-0.760041169716091
-0.4688546143720691
-0.06384642398286991
0.03655115996517263
0.005602979778491833
0.005925494107695663
-0.015510873841775795
-0.008265860963747583
-0.0007251589148568214
0.005783887701078535
-0.0011215659083914625
0.00032356827584079795
-0.014773852533402628
0.0074777095553569374
-0.0010758642329949258
0.020967777738784818
0.3409933959760683
0.6004208918328049
0.6765247066202669
0.49748308162753885
0.3658825075199744
0.22732396441916994
0.18895425403793376
0.17757587039042863
0.10876614716095556
0.04234207342199584
0.015644163734469186
-0.0023515333170180193
0.012454858831622543
0.014581713930068598
0.025988528927851855
0.03235974826652364
0.0249080883167983
0.004130482301349072
-0.001091727465822374
-0.020297147858110216
-0.011501426633804582
-0.01689836280464708
-0.019234765894527484
-0.04914557578296394
-0.022404792525448546
-0.041255105387072576
-0.16966597380870488
-0.3577249279439064
-0.6114486375760613
-0.9287976259273243
-0.8052095353670791
-0.3626963299425458
0.005133965515982108
-0.006734060855815623
0.008561251134006954
0.005922203474463069
-0.011617791921425083
-0.010594163772487609
-0.01631476960828994
0.006494904005653942
0.01564625989340297
0.03618994833114053
0.03375765691195698
0.01646332031769574
-0.04668421576269501
0.16572970697044975
0.563640383065099
0.8455082794009624
0.6928658635143041
0.4633235878405928
0.2816891917068662
0.19753996199558146
0.10258557821911629
0.024297440581885432
0.010560228256540873
0.029447517318012366
0.04178474279986828
0.05709649543733527
0.037978071426299116
0.03703556337528508
0.011623733580040981
0.024459681156341267
-0.006577663310172468
-0.01808275770360637
-0.037092297673017624
-0.011484093850394768
0.003603185793270463
-0.014212540958450714
-0.05497436598285486
-0.09386982350363827
-0.2691354859319919
-0.4469049837031325
-0.7470653314265695
-0.930783772497789
-0.7271588376681071
-0.23969721751269157
0.026925544252328727
-0.012462697931313008
-0.007177310229286739
-0.019801632280402482
-0.01578501375009631
-0.024905236695442815
0.004533597674246044
0.016444418350670936
0.02686209465708567
0.031267664641492214
-0.01957619259232449
-0.02067552072196086
-0.048280730465082904
0.14265195211433065
0.49356589136107926
0.7929734523335641
0.7061281008942313
0.4948060035637451
0.360837401100552
0.23119249572099898
0.12255897436916072
0.05748712281990849
0.028083171597665907
0.005799740139756624
0.03865911684429826
0.036533685628788094
0.04774788996079489
0.04698039185754076
0.043942437270016774
0.00035097452032059774
-0.017624843923958255
-0.007440980054509626
-0.020563229932018284
0.012819380358852814
-0.005990342825937875
-0.015937840137749536
-0.06033671287645159
-0.05334186525367269
-0.06023777001023884
-0.14852331341036068
-0.3034027798746913
-0.567406981276158
-0.8090964458975346
-0.8842605335522146
-0.5344880510452934
-0.14511972166543938
0.049515803894691644
-0.0072615511488672135
-0.010002434716703788
-0.014465711233769891
0.011424809058361006
0.012997523747496922
0.005139284507870341
-0.0032877160374017345
0.0030122076853797103
0.0015621390237146235
0.005693047893945646
-0.02541819122172294
-0.013586378934306878
-0.033703372079822096
0.12750572086936007
0.47394160081522385
0.7981236739457045
0.7534718908399042
0.4922696959646946
0.19059073581411962
0.12071252633488197
0.146676914236064
0.213556360732861
0.12748683704951944
0.11124311096029116
0.042458429383425214
0.015026071570094685
-0.00500393318698759
0.023376555735615773
0.001333114159673478
-0.020132497653175534
-0.03135863086371902
-0.00032631627711681327
0.015614780177575184
-0.019182639699719475
-0.019709204668112254
-0.0006250739390263897
-0.007283499992253093
-0.042921219967977715
-0.0614862692817668
-0.06829762177686191
-0.08485430521197503
-0.14638303632640928
-0.2844875821078073
-0.5126114068794546
-0.7770638343782045
-0.8387849482227663
-0.5293610458650384
-0.14946436862969878
0.002382301682931426
-0.011261479053382633
-0.00035405590379438377
0.004030889423824639
-0.010720282266604967
-0.004838780770263005
0.0017251206672552273
0.005023199589817266
0.009481028314467737
0.008213028876115027
0.008083993009408276
-0.037521462026337105
0.03355310262360009
0.3449027998981662
0.6667618211735178
0.7778232129109438
0.6000214615403573
0.4502283764094906
0.2697728642379577
0.16320050626010954
0.05936896368416887
0.05611248834673041
0.03361415729726188
0.010271411041444713
0.018769387209312163
0.029711000985706667
0.01642052407947164
-0.025766469853514287
-0.020978638389142497
-0.02048185970584558
0.0071031472627827285
-0.0007098156567925275
0.0024314398758811142
0.007041405012281673
-0.010325218018255535
-0.04839026970197731
-0.0687383176930782
-0.1671110520151277
-0.35247530191803506
-0.5779272147480233
-0.9053916842527964
-0.800837556557585
-0.40843684915511724
-0.04837841233981314
-0.05107084682126185
-0.01891721347200316
0.02251169788462042
0.01555264755838685
0.011753767536000909
-0.009776589738735913
-0.018464709486604083
0.00048734944170411267
-0.0021035268456802716
0.012690541461644292
0.006223564961017779
-0.00991998215213244
0.17751688188929501
0.5483838176958195
0.8013162973257284
0.6880327442448398
0.41633216911976684
0.25366241072593476
0.16861159255199423
0.09192276008211575
0.06163489699830742
0.06316425941662426
0.08162336148201967
0.04943915298369107
0.01625017379924995
0.0037004329021010497
0.006328801542723934
0.0416874812669995
0.009570311118845105
0.0013775372372973993
-0.013974399906540197
0.010400183591252268
0.01094975629131985
-0.01645971531317518
0.005070553513986921
-0.006332624030429759
-0.06300138272092962
-0.10722196871272144
-0.2448380026187619
-0.5189730774839176
-0.8599285852613838
-0.9445797418928662
-0.6266043964163561
-0.20510729229751798
0.03527908309006494
0.007899729385281004
-0.005062168217377197
-0.014341680203600965
-0.01947598528232862
-0.001804489050960046
0.027659957972275
0.02478192804528714
0.020123697138309766
0.022573310168488837
-0.03194994648431919
0.13305144885435766
0.5291330227136705
0.8344782011708489
0.6623126626678493
0.4726195735652037
0.31731041442833524
0.23568090667210026
0.10780314315823114
0.08385808627514385
0.06954685392947792
0.04570091246380383
0.01222793221336345
0.01985931501736116
0.009989095149197647
0.01232130142829977
0.0179605440491627
0.004232813274935974
-0.006412721005711994
-0.031016882480059838
-0.007721815773432767
-0.039099974237855
-0.0157177829566748
-0.01717672556235298
-0.012458013877802931
-0.034821738085792676
-0.055928498027582894
-0.025821069065623547
-0.17544891557277828
-0.39911555656566516
-0.7638437220011316
-0.9831357626964277
-0.7333445938300984
-0.29764297462540834
-0.00405774058245913
-0.03690168161346765
0.046718492090922444
0.007236367406023866
-0.005148110885421406
-0.019898346587721646
0.00031397087650130763
0.014771090031690264
0.03078257443500452
0.0401992921707154
-0.032745087964336235
0.1290135487269526
0.5049394404053098
0.8280706458124836
0.7084523804579829
0.4799763347857118
0.28320107108436016
0.1557037721415555
0.08737363158164776
0.104827297329618
0.1114843213616511
0.07020063932447239
0.054098217833943536
0.03816656516351582
0.020222452432736734
0.002163387263114649
0.008306046222503806
0.001957655621896071
-0.0020468415283068637
-0.018761110195332043
0.0014013231604938694
-0.012625410747567596
-0.027222421659315883
-0.02092760628816719
-0.02012751831128894
-0.04952397917275338
-0.10219053454362118
-0.19629302165462076
-0.4425874422698345
-0.7605918381585376
-0.974125047857639
-0.6999930236908964
-0.26429452974389384
-0.00577374745941963
-0.0132694009586365
-0.006657253708937426
0.01522727260364678
-0.0023124369574267565
-0.005741648157348476
-0.02809679031416363
-0.005899665648329531
0.030150029162446114
0.05964326489431977
0.03433049197093566
-0.007172725279426048
0.01137702637177543
0.3731100392216155
0.7601632119758539
0.8263017955330971
0.5181494135797041
0.30999311108689137
0.2063501099554621
0.13810131697705164
0.08376748912032428
0.07626076184441363
0.0798392315613545
0.06830529481072534
0.03185805071109364
0.0013926705961379668
0.01373669737960896
-0.0026006213737212697
-0.015791035553011472
-0.01653870164558038
0.008856840659112639
0.013166859947762968
0.008668582258406114
-0.010872168936130354
-0.001873955630522255
-0.0067960930439352075
-0.046561892982461085
-0.1296151941495584
-0.26360253600691513
-0.43834208662280894
-0.8208971347042204
-1.0
-0.6902750100887324
-0.17358372746390302
0.022163467758192557
-0.008250920634785686
0.013209438382563471
-0.02297165568441466
-0.010827981810000158
-0.010995753122961032
0.0073930855326923
-0.013804119839503203
0.00795973251308809
0.008346622653347185
0.04474958558844354
-0.02651042802131741
0.16289204555589556
0.5163252105458076
0.8200803410856277
0.6729633741857122
0.44428879845278474
0.31146624167002795
0.22794113010453895
0.19929791665238367
0.10663325284034753
0.07304178767385355
-0.0012932851513269058
0.04049649080409517
0.023279728985324828
0.010365584200837276
8.273968171366766e-05
-0.0017502615868138908
-0.03498914152665219
-0.05581537448097423
-0.033938956289636266
0.010156580428818951
0.0016399035184807087
-0.03603161268658159
-0.05360903342830489
-0.02259981556394255
0.002266927831909706
-0.03442234068869572
-0.033155487197323315
-0.03859979412035693
-0.13802352648158442
-0.32566776322096147
-0.5658674323520944
-0.8486730077689059
-0.849066356493185
-0.4756686101477777
-0.08404577845812088
0.017794491524655582
0.011625225653571821
0.002662768763560651
-0.002179080070725841
-0.0057164138589317175
0.0016571131118911673
0.023038679100308403
0.02230636002922455
-0.012060820824576136
-0.027743905754676654
0.08831941324052453
0.4038490942544954
0.6352573190940496
0.6695754249342595
0.4814518138741807
0.35960840878567163
0.2397271279879729
0.19621116266585523
0.11884347692257975
0.11517057852348747
0.09510369150332215
0.11553083365146782
0.006236954025608759
-0.021933494913501033
-0.023026459892622593
0.05298992244007698
0.02561719457779922
0.0006359923095422887
-0.006146607724441029
-0.00041039183640533217
0.026900951515025442
0.038606754866851216
0.00023347109593051395
-0.04518643249405179
-0.044998233555845785
-0.004069083406918128
-0.030395017468039773
-0.060570800558721945
-0.20326838680518042
-0.378405248721462
-0.6657817509661177
-0.8980431341588077
-0.8314600481302116
-0.42375730644764675
-0.05834464736903193
0.017352422113882826
-0.008157564498162859
-0.01408977238504364
-0.0060081288799387735
-3.576543957985633e-05
0.01409584750408417
0.011766704924490032
0.023021367709891986
0.02246749987363768
-0.02516161281770509
-0.011970248256903345
0.3069128910656233
0.7077386771696914
0.7658498041852209
0.5011790733631338
0.31648190914774554
0.26595344077048144
0.19871092098983253
0.13336698891717919
0.07685684673933182
0.07566908518917667
0.06808119265809365
0.032287532496560745
-0.028648631327281363
-0.012373861150331594
0.026569108237677767
0.017849444120818164
-0.013342680816010404
-0.004762100734612448
-0.00011213486565272537
0.011108001436475941
0.00552768038453361
-0.007701126815890944
-0.015504584183182348
-0.02987977360970713
-0.02986393101275032
-0.05403661293008327
-0.10009322914106829
-0.23442544474611066
-0.39730331091147925
-0.616245963705669
-0.8857204752403524
-0.7646591003691138
-0.35677152552598984
0.013610555489759547
0.014574468217072235
-0.003913487171155766
-0.010892479798745039
0.01886686315692693
0.021272747249868565
0.003987217002637904
0.010970552469333218
-0.0037081195333754434
0.033071459775638246
0.28935038249202083
0.5855214631411623
0.7306154646113839
0.5570529231661556
0.39397334777129295
0.22955245067230956
0.16811800393617035
0.06684639827810608
0.05734863778867559
0.04203615160364828
0.05982396183549713
0.03518621576979042
0.04913324018774489
0.013655253507347708
0.03881850992819418
0.012417276878875911
0.02622033902349885
0.017753762762012272
0.018688646287820687
0.021328970618669053
-0.010916997149913702
-0.010565933384154388
-0.031921745155887256
0.004627060257439427
-0.000988409548112645
-0.03251537265577409
-0.12437927447312437
-0.27502710691610643
-0.36471458374061216
-0.5673553149365205
-0.7432437585731639
-0.7417126594341235
-0.409964821131475
-0.11028018288411401
0.0011505863023921101
-0.030242119742720182
-0.037276219509077516
-0.02786951082465403
0.0006878243624540923
-0.00015583921577068906
0.008270707255298458
7.608343299210552e-06
0.011808464144425558
0.03137658102168702
0.00944871494385528
0.01325133444935802
0.2282112598670896
0.5773551407622269
0.7557402896707687
0.6206622470209862
0.4305916757653386
0.28902283441528853
0.1561672810356403
0.06326174003617437
0.04310994466268767
0.07084917861132956
0.09053605609120365
0.05771819605169011
0.035913501812799474
0.02889466728532314
0.013114468299332705
-0.010107819049110907
-0.0042888359093893385
-0.0011351424691018474
-0.019719439190435367
-0.01595472057294646
0.008696926519539367
-0.01687842528907641
-0.00932032006656214
-0.026314006105739418
-0.014330861950602684
-0.028221723681193828
-0.015817776476049327
-0.055662358881218385
-0.1593731883155851
-0.31434599185703066
-0.6087547620715134
-0.9510803536932843
-0.7930751182519639
-0.38262957692455585
-0.027232972960832585
-0.043384789491231056
-0.0018266475859620485
-0.022322967635651465
0.036480226735763344
-0.00045366169515915
-0.0028971823614672575
-0.002725488485767627
0.0229348185547507
0.0020256578681451137
0.005485399917439246
-0.05468674400659081
0.07213750764679039
0.3811875676296545
0.6463672783362886
0.6530430835081346
0.5741586542618061
0.4058672306912512
0.25456894783104855
0.16316533520241744
0.14125382907614345
0.04424534973703022
0.02463738853687181
0.035049231393001604
0.06678734260048606
-8.312175193768458e-05
-0.019471592427823908
-0.013152562807395839
0.037738672120654015
0.01838864557276999
-0.0017273649606257809
0.0013541544723747214
-0.0009719782589961843
0.0078558500607807
-0.02530450452116289
-0.005993540021759617
-0.03889052132033882
-0.027222730623521298
-0.08656257674122639
-0.1447382221892988
-0.3148920583397414
-0.5106661099586352
-0.8485413046538739
-0.8748621011530157
-0.5126375553882371
-0.07918416848921653
0.02191331762804347
-0.0018520196262009107
0.005615232324125316
-0.01227570019737829
0.0038846855682482862
0.008597763706267456
-0.0065256077741295306
0.0015799476180721466
-0.007832973892050274
-0.04712334217189993
0.07799784108896775
0.43125322781495784
0.7445734977929014
0.7624136778452141
0.5279750127616433
0.3596668970808894
0.22579792018835493
0.16970266423242994
0.06384068167610324
0.05685388192041962
0.053976554226151115
0.054598748042052836
0.05275085301835188
0.011394770982704737
0.035445103009584866
0.03461642762395418
0.019926103787555043
-0.018998537670645566
0.003429880939382354
0.01471973791212592
-0.013123619112901993
-0.021145722128560817
-0.005078143061026523
0.004689470703461754
-0.003630804220543398
-0.02903986983903746
-0.041164184647201355
-0.02464549806695938
0.0017984088541141568
-0.0769780264696486
-0.10350566284476753
-0.22005023296859796
-0.33538986785683916
-0.6108114422019557
-0.9572019703306793
-0.8486349398699717
-0.374060852175796
0.0193324940073909
-0.006147372898111198
0.01683532962160841
0.026805883989044595
0.017382572989501507
0.026238006807883144
-0.004103555381117371
-0.04145616689236378
-0.05261916017687265
-0.03192367910617611
0.09112661100712428
0.47009144031463634
0.6670421626740297
0.5962841987468963
0.3808870402955444
0.2962959178960319
0.18482391051483277
0.13765533073104888
0.14784968560067818
0.10545928806248231
0.05173464497334
0.03969942122830863
0.051458031403131405
0.04479640346122897
0.040541387163977545
0.010984788257658112
0.0006830497611064905
0.026552068522591
-0.009922732733292385
-0.04767378651173896
-0.0035065593237455592
0.03599634497836386
-0.0037864695455953243
-0.00960419313778958
0.005566878709630912
0.015220012918449585
0.009130115306439635
0.027361427009470526
0.009437299361321335
0.008334055834780056
-0.011278011472506785
-0.038116204785296745
-0.08428240322401816
-0.20869058256506684
-0.5033140606506767
-0.9153577566011355
-0.9628642567087956
-0.5043209782831989
-0.06829564874559095
0.022004447755009735
-0.059765160744177356
-0.040425351813489295
-0.02916452287686259
0.004140803628604933
0.019882106273082706
0.0327145105901909
0.024890838772423696
0.014704392325086994
-0.014978450399267927
-0.04114350948962802
0.03967250500399937
0.3273718767820857
0.621981878560483
0.712383923773852
0.5414831932494195
0.40158143881552716
0.2635964975101569
0.163247333207967
0.06102127761974111
0.060533842734294366
0.07463705437497703
0.08767853582850424
0.03686463633437651
0.007236643225128197
0.005800262380513006
0.02930254033373314
0.0010014537046071832
0.027315792742334238
0.0006253093185838058
-0.005774262578507982
-5.394640792622193e-05
0.0011752387469647874
-0.016559385075039696
-0.007568770376472698
0.01829807874036149
-0.0051076035599222445
-0.022973789478400657
0.010282160112447097
-0.006455113475116175
-0.0898694317106744
-0.2497875444804187
-0.3853685141154416
-0.7133017557174132
-0.9776284417083428
-0.7626524229470893
-0.27961837006647755
-0.012680688032460884
-0.011064616825272863
0.002877012894814147
-0.004635979882019559
0.0021082320564928775
0.011665651878201077
0.01752594954604821
0.01615334449629784
0.014630874209431738
0.006967298113822735
0.014805035279237164
0.01822410043408588
0.008631429232670658
0.30264252342559317
0.614482775116933
0.7299371844615498
0.5037194115121951
0.408935710899018
0.2966004477275608
0.22526021568232962
0.09656895795857945
0.06604162697190073
0.03856020667083934
0.035121146815317625
0.019626925717516376
0.0164371114619383
0.02258738539584228
0.02346790872000585
-0.0033362742667004453
-0.011090618863021913
-0.012269002654549737
0.011328389320588338
-0.005250609051802867
-0.0038449409443700017
-0.009100704042359381
-0.0299117360461393
-0.03270111118045318
-0.04377991288343268
-0.12754453000146848
-0.28513495927704313
-0.5150995996140284
-0.7219477169260228
-0.8622653800872916
-0.5584580288757336
-0.20474015816680183
0.037346534476697106
-0.017017518623454485
0.0030863639918198896
-0.02083665802349076
-0.024118776132521832
-0.005132431133141325
0.001150735023376803
0.0043870007436336836
-0.025259075156315095
-0.013997537676784343
-0.010219417201271447
-0.005559905447557289
0.15765335513272768
0.5021287871796744
0.677146939792705
0.5794038489603667
0.3977752600512415
0.311639878000297
0.2124444272609295
0.18277578140653405
0.1256897096094668
0.09804705523101803
0.06335873818879817
0.06534111594372746
0.023075011367789215
0.05858074087704879
0.019867311400484845
0.04380339399799629
0.017201612988851835
0.05323937463192896
0.008717076869568442
-0.008083008448526531
-0.00259585473915181
-0.032976538489093474
-0.030942102456694355
0.005212133532551278
0.02173138072371578
-0.025409179703341507
-0.03718889486767852
-0.045037030448507764
-0.20300290495312734
-0.32139860519355107
-0.4711518358845791
-0.6618258979654609
-0.8661317082270752
-0.6070522572959676
-0.2501199016112076
0.005527645932347765
-0.031177905431754683
-0.004679750718463515
-0.01242792811506689
-0.004050761476066471
0.013224829681967962
0.004527235886567781
0.008148310262437031
-0.013461220000206713
-0.007265267689549778
-0.008061928636519661
0.040055065298304604
-0.014525587100524269
0.19784670364743104
0.507140170415761
0.8050906722032839
0.6460645278776861
0.4409475527673754
0.253677097094245
0.19910853433023587
0.1329095139468988
0.08688868290401833
0.04808935739502432
0.031704337669570176
0.04673537122986556
0.044526431856900237
0.009526542134209769
0.010833030732018377
0.004626500806933529
0.010995904394250565
-0.023094228532676973
0.010177202325253638
-0.025890397051309823
0.02552714990189961
-8.573569317989489e-05
0.02121166854526557
-0.02110270961588902
-0.02227700550599436
-0.05013781248331693
-0.09618761365078182
-0.21718074818118296
-0.5023128817318064
-0.2778906182412964
-0.8241175020486325
-0.889456234158521
-0.7149816680877571
0.11566985047897939
-0.0007456167640724466
0.008979469418405071
-0.017363038043748415
-0.008253923758925629
0.00414230208663597
0.018564388323441726
-0.0011076871412646723
0.004180051592798117
0.021324274893610256
0.00663831032709103
-0.0015613118417705703
-0.028615560884723803
0.02549190256879394
0.3154192778698629
0.6473785717189748
0.7829376819815673
0.6060609975484678
0.4221300666648767
0.25749347524514676
0.1821697078667854
0.08938880275696538
0.05203995803702393
0.028552063371887378
0.005894323011802578
-0.018416113527547153
0.006242410248330122
0.026349667554427653
0.010513836233823157
0.008076638425134279
0.02044957660448801
-0.002399595537609719
-0.016326708792784903
-0.012834490966927521
0.024526756408752303
0.0026640268036653473
-0.005531739083671207
-0.015382221750778162
0.010173352188472264
-0.00010343306731790292
-0.04726203098097943
-0.07837555655692774
-0.1750111414704799
-0.3426699697648839
-0.5794498214294732
-0.9340785653920594
-0.8332900632868434
-0.40699684048437174
0.028840049020216953
-0.020682848922774687
-0.026861254768879128
0.003053098698345765
0.015734071513186045
0.01018867302427489
-0.002498387411656069
0.008690334725352054
-0.013284113088364004
-0.022205576374032823
0.009704872858905825
-0.007057391580417791
0.08971368556122498
0.30963625563872027
0.5354345136375631
0.5898224737015723
0.5245893152146092
0.35469583072589084
0.227058015658849
0.22656683517742282
0.22095726814221953
0.10308318526196661
0.05024900224005976
0.05066065782321691
0.04426049255911963
0.02029026823187219
0.0228499690311259
0.0008952059194502133
0.00327640961083813
0.0019197827019771878
0.03339980822203823
-0.004488746657883767
0.020674627482945546
-0.0029744170917199025
0.023759159486874775
-0.016475864040333226
0.0009056288749790424
-0.01830123728356564
0.019164727496081956
-0.0024088066808807987
0.017551637099063166
-0.035829470656607805
-0.019104901042883798
-0.12570184517413238
-0.20498227897676577
-0.38515857625370015
-0.5551213092679003
-0.7980415483142246
-0.8001124224193636
-0.46694263219592397
-0.11601992625673849
0.037403611354335925
0.005794466558457549
0.004113034816178751
-0.025899182467211044
-0.030233957662691015
-0.02370270442847879
-0.010004968599005917
0.020080812735060617
0.001000314429685297
0.010988312763925489
0.21388088878698486
0.5120178868684689
0.6759962500707213
0.6052436505077616
0.4415328440225203
0.27283144636692136
0.2051531199116945
0.20296966985375156
0.15685496169217175
0.09013124935487338
0.059665233595839556
0.040326562629611706
0.015717901981705088
0.02456712223989327
0.00840844010043338
-0.019035858841025863
-0.02777760708907842
0.02185947918769382
0.023616774066780356
0.01353437253567004
-0.02366266226711202
-0.007827160487171277
-0.019263969866738877
0.0013194839216805483
-0.0044018994956171115
-0.010238329884284681
-0.0840310962060155
-0.16722388013445924
-0.285409715276501
-0.42771863978895963
-0.6736403688331546
-0.9053404784979996
-0.6374371448222024
-0.21444426824111334
0.045410653183532775
-0.04006662826734012
-0.00888714399574351
-0.011164831184550389
0.020808634493667058
0.004309381497270912
-0.019167276402249505
-0.035906836512148904
-0.00010316037863019708
0.019691526900390194
0.019533305811790722
0.004706541440447452
0.24907454509017235
0.5044705266649888
0.6181686721829316
0.5462032613451133
0.43716108842705953
0.23454557354766126
0.16165104949754927
0.1900704181378985
0.18784068992946115
0.1074992034279773
0.03347414875896009
0.0010868300652356587
-0.0012733543988395731
0.03299149397622421
0.025378203865810176
-0.008887321625976188
-0.004646965567023516
0.008458827153256309
0.018528244238618784
-0.018559052632942892
0.004181151185558487
0.015319245077541602
0.006369825334643758
-0.004215434523463202
-0.00605361017572758
0.010430206995749482
-0.030045006057947413
-0.10121750142317842
-0.24312979030862497
-0.33172116200969315
-0.5792630500308444
-0.8575204218474566
-0.8025625141173452
-0.3653932898710068
-0.029908973677113683
0.009477627214635997
0.0012572920469871903
-0.020135154770244048
-0.03615896895405439
-0.0408530662026497
0.017815388151570175
0.022909896250983892
0.020192045965569956
-0.002986038834417495
-0.0008831957887608165
0.021873815330346224
0.28513110845863143
0.5681893560303954
0.6678048642696275
0.5178341184397692
0.35980592307643927
0.2532885386957019
0.211175429416568
0.18462415600106272
0.11285375373231171
0.06391945481708933
0.018412237098043606
0.04041808391440327
0.053552240681039774
0.030548536091974138
-0.024523163594433628
-0.030938471796541914
-0.011347699119297843
-0.0017298437141085089
-0.007765417042659053
0.015193250440677108
0.003139010462429175
5.153455737672528e-05
-0.007445014150100254
-0.0013448917197469183
-0.024832391497775098
0.016047732338086013
