0.3149233036282432
0.1095632944964063
0.07145105720160005
0.0924096969115979
0.08636799512484644
0.07054165853473435
0.06460095952332276
0.1097022863929179
0.230270593247394
0.4089876721226144
0.5808327552620598
0.6990639272670621
0.784856907810906
0.8506293985233001
0.8892928237726793
0.8993647932979133
0.8900867616967872
0.8913972306990534
0.9018838837287825
0.9095230037462894
0.9045274921831302
0.8220508122486785
0.6351487569086737
0.34779525649499415
0.14651415462545223
0.07576026727399741
0.10293644562400733
0.11652910045394593
0.12407318223692818
0.1637907108730464
0.2754218702064717
0.46117169445122724
0.6247336649259763
0.7543237628413049
0.8341508223651519
0.8832736988043232
0.8746539596695717
0.8596798412900346
0.8531408183367435
0.8664932100732922
0.8833962386320571
0.8886825000824745
0.8797853869615302
0.8682426773244035
0.7822644526066268
0.5502390009727496
0.2558432460330452
0.09933006368327472
0.09995060188757618
0.13289333763343142
0.1333572152163888
0.11906878379061284
0.13986193464023672
0.2326422879174166
0.40216066676551
0.5810445547519874
0.711086847680418
0.7830058950101814
0.824515077889997
0.8440515925875831
0.8487657039444246
0.8380143960271023
0.8338177798266807
0.8331148654450741
0.8443549458870692
0.8270230288707873
0.7617707650696726
0.5883256363142982
0.33285401568293527
0.13358339324627908
0.07494811187503828
0.10289056979735978
0.12165684494401383
0.1292697982260976
0.15417183742651983
0.24975674296052103
0.40855996626717916
0.5668236036086228
0.6749525367309341
0.7584125763152277
0.8265390596762209
0.8734952229800371
0.874254060458324
0.8662608699070147
0.8557105914862079
0.8471150544032288
0.8325236146203127
0.8268114288952606
0.7668523153478446
0.5901499505735234
0.3221768984849018
0.13281680403934065
0.07190989584724355
0.08842632101990276
0.0928216341907611
0.09740837506877394
0.11536601722072497
0.20090386747706634
0.34518790328921595
0.5162565155989366
0.6411344179092533
0.721767930360845
0.7738158940781144
0.8148171353547242
0.8475774173009206
0.8684365028321447
0.8727805832822343
0.8439790295114044
0.824982967254136
0.812466657439146
0.8148695892584409
0.8184288825540563
0.7839748611064004
0.6778151752666176
0.4496484551427595
0.21800275071942138
0.08262405506363935
0.07228602858234048
0.08532985900372926
0.09385864076513915
0.11337697409906268
0.21318152606840457
0.35562114850458926
0.5182340134244025
0.6326274565671139
0.7315747131442947
0.7760650911112754
0.8130421383787229
0.8315446893617369
0.8381966398287604
0.8276317621315535
0.8198789935765279
0.8049197784382982
0.7634144921816027
0.6627733678099524
0.45179124150081607
0.20734756806260465
0.06575356659327783
0.0613177518114149
0.08142197436150674
0.07438671842545083
0.0916978811053051
0.1663368270475699
0.3078175707460144
0.4880504625964671
0.6240714294278362
0.7086803400578303
0.7595396026979998
0.7923385648580376
0.7966567839423598
0.7937846069598236
0.8031125114956789
0.8025741768117283
0.8016543783909361
0.7930742785057903
0.7695296354078955
0.6759936732371727
0.41326604571155967
0.15635643647680655
0.04640098977082253
0.08481843926294169
0.08626074030854652
0.09269863925180877
0.10515230497074626
0.2116732598887325
0.36263794139787253
0.536223139287528
0.6560766909270959
0.742502616612259
0.7709003620261917
0.7826195760418327
0.8011361966446958
0.8077278986168763
0.8015106502629722
0.8046873785803286
0.8119895430512495
0.8239206732091287
0.8033309717745639
0.752831941781519
0.580296407345322
0.3190471210187241
0.1251965707201223
0.08653772183841844
0.12109295519755933
0.11889744778171574
0.13000912085217678
0.16699316372743678
0.2687943582477577
0.4159740695986786
0.5598567806236313
0.6701425832076995
0.7437554716637809
0.7931977836422497
0.8161565044603059
0.8198891389199552
0.8138312730113533
0.8083952958624209
0.8096095049352899
0.8187172649302776
0.7987292786066111
0.7362516167513226
0.5398862931321294
0.25704728250597864
0.0688617341954662
0.03994217891899943
0.09778442927798864
0.10463655285833647
0.11805272565043026
0.15699463391365762
0.281579492868641
0.43505847278773385
0.5649520244586593
0.6542085772440187
0.7094844280871611
0.7499112971247159
0.7758747420228067
0.7917344350741571
0.8016542774951972
0.8095203762447287
0.8205412270044843
0.8183658366448743
0.7921714646448472
0.7207901452584629
0.5207984827619376
0.2514640328563336
0.05496876535618381
0.03986983748768903
0.07132739574329292
0.08302452484500038
0.07607026788681981
0.08251315449837499
0.13135866462158285
0.25476195788127054
0.4223312428386185
0.5672798660592061
0.6617727110491977
0.7404731062178743
0.7987287374230685
0.8376243178010073
0.8461072053198484
0.8502398751641487
0.8597821171483786
0.8706446413163109
0.8878048035168938
0.8245306839911654
0.6502357928981063
0.3484460410779988
0.11638746060829631
0.046352254175107896
0.10164152011064455
0.1198433568696403
0.09201415213253962
0.08903537671519164
0.1359879107064734
0.2729994309853438
0.4347417772122034
0.5774781298921848
0.6668021578831361
0.7528055709263958
0.7942974593129483
0.8007875001455202
0.8180798942832516
0.8424396188995175
0.854717937339078
0.8492362482691593
0.8544165427376054
0.8596313035693407
0.860731246182192
0.8632059767749948
0.7956210614118678
0.655173258196527
0.39107207829960683
0.15352663755035495
0.040981591691065085
0.0732157254810913
0.1082691434575863
0.09255126140415075
0.0889078823441266
0.18525835742355945
0.33967637562326614
0.48493188453635183
0.5937816567239392
0.7131105506283733
0.7932350878998895
0.8370513218385879
0.8506463402104736
0.8527999960508627
0.8495036880194428
0.8429833717227251
0.8471414322808498
0.8510200386318079
0.7957383993272689
0.5900520260494304
0.2666365394250273
0.051930128325212585
0.02018347281122358
0.07996532516820562
0.09311624454977041
0.09987478355046457
0.10172062748332077
0.1401588200504823
0.2502874398787025
0.4136888291091003
0.5784561654998637
0.6955318569856801
0.7823704534845292
0.8230800311883149
0.8396956970331855
0.8400183623844936
0.851239496004221
0.851122582366509
0.8627915502505735
0.832685828191972
0.7436193955437413
0.5249593841027651
0.2643861936064773
0.09169050912111044
0.0605472245806545
0.05900913811835341
0.042289851334347296
0.050874803658714045
0.08743102251905223
0.16697820087586665
0.3039438375769548
0.47021735668394676
0.60852387634571
0.7166447294701433
0.7969869405346621
0.8414539537229838
0.8552563256026593
0.8525396636783659
0.8584593351079595
0.8592066914134554
0.8724038122564736
0.8817779479906188
0.888924635211026
0.8643732384725079
0.7710701064815424
0.5523072409863796
0.27339891034188657
0.10592906839835414
0.07263332614335968
0.08828212329988647
0.0881271180366555
0.1016877523058307
0.13163171468345342
0.24550037624790014
0.4316905355639812
0.6184227537094794
0.7381909459256524
0.8208361411027845
0.8523373773332159
0.8565257783569982
0.8519108593257879
0.861077582271177
0.8605480967037615
0.8574284306900115
0.867808112187665
0.8259766756691286
0.698078864563366
0.4719174753304502
0.24179802568096126
0.0982442897938783
0.08216667915485361
0.10377846645661665
0.12001162075686325
0.11951639743026718
0.14132217572739952
0.24618963361324156
0.4139248473532318
0.5731751873090618
0.669186392655001
0.7527411026827908
0.8155962792178806
0.8571498962760505
0.8660726489690883
0.8619700276620919
0.8637482155262151
0.8652012149372186
0.8674877383711559
0.8797063895967407
0.8075157973345174
0.6292266622818917
0.32861394900946916
0.12143379572605967
0.041236671916471165
0.07852692001948497
0.09103944278999067
0.09999302300555978
0.1370088999421207
0.2709170858072429
0.4427101520303771
0.5974200619768746
0.6875147124121319
0.7434334764475015
0.7854079676946542
0.8126906793128605
0.8273508716097726
0.8261635530280416
0.8378158810698332
0.8316448930157541
0.7892149856437509
0.6997262096472622
0.5366240440935118
0.2981828225803524
0.13141228198294358
0.09011657781045328
0.11503583447533844
0.1190418456591335
0.14572394653404747
0.1711167749490657
0.20616421177962524
0.29720754563125856
0.43864078214629015
0.5870321342378347
0.6932476303270954
0.734702429273346
0.752058977866223
0.7713984464827208
0.8048807549508442
0.8289937843190454
0.8426408730768564
0.8388258019188457
0.81854848577678
0.7287701585780665
0.5669743169843982
0.30486921734164757
0.11675725910391707
0.047025968659604685
0.08233612389076839
0.08639885291162488
0.09734968909121999
0.12285732056912882
0.21639796920965618
0.37655762468598775
0.5567668987103378
0.6896113559090525
0.780923251119091
0.8296804427961576
0.8570202401973831
0.8711115834953975
0.8742531378982694
0.8739391521708177
0.8739790997066894
0.8756944805142678
0.88036965905601
0.8493569722006384
0.7327425935796219
0.5113150955149545
0.2650013798511762
0.11551789027758957
0.08258269838568591
0.09596285368701143
0.10305180659119188
0.11610090243645986
0.1371619670244346
0.1897616591312463
0.3168801046722044
0.48911251487768664
0.6494536894348771
0.7572526939580185
0.8252898912756491
0.8494632567068042
0.8676645917933508
0.8821928015577315
0.8914897932123081
0.8859171711432219
0.8832426026220278
0.8853801320196744
0.8576330743688344
0.7374688085171206
0.4886279210240661
0.21769401755842316
0.08458550013883152
0.08949181429015104
0.11817146151425406
0.10651237749509182
0.11890621146907754
0.19306088979161942
0.32075794325429535
0.46399073399940804
0.5968054540139538
0.6939923942662396
0.7561011470280041
0.8171784018644864
0.8630905035574179
0.8750488521062351
0.8675021960543697
0.8769938211442236
0.8853967770036942
0.8861196364467593
0.8954026995275516
0.8347968450688712
0.6581924042333683
0.37622611526329264
0.1435448211511864
0.04881585852175207
0.07474405505772543
0.11466728855607133
0.12380322323792622
0.1621314088363429
0.2630317595768205
0.3941501436622808
0.5354937903679325
0.6559202052598709
0.7455957646608361
0.7933415243855246
0.8327534257441302
0.8568291513605542
0.8642395049827966
0.8670193842772136
0.8711220296959034
0.8730626683191108
0.8867503288585058
0.8196425857671313
0.6444754437331855
0.3410480388170075
0.1311165564397751
0.06036964176639382
0.09406508176634261
0.094318712879476
0.11796980964840931
0.2119870385247694
0.3377349478781726
0.47649760947818914
0.6064569197972368
0.7384450762624767
0.8227651767317432
0.8642486286643707
0.8684261041483123
0.8683018509780002
0.8760409792901834
0.8985361920708272
0.9270488185033526
0.9176481255608158
0.8508169659668646
0.6795156869410662
0.45595038382138703
0.21922228764166085
0.09907837149615864
0.061456117725242836
0.06571091600043234
0.03736704328630486
0.02524725528253372
0.025250811919658753
0.029132378607181222
0.020006576940799454
0.012002323861687229
0.03399626455233245
0.12995101889889762
0.3047147472196258
0.4936751613350822
0.6372077285963959
0.7077352452927694
0.7491231035288587
0.7685222295867138
0.7871532958461354
0.8167715425472082
0.8615827749216817
0.8964642677144412
0.9188248997651687
0.9538980645772278
0.9808040482866724
0.9709023035915075
0.9210413317252464
0.8526518295873066
0.7879965143096186
0.7634583847328318
0.7935174306699916
0.8371675068252257
0.860243905951468
0.8214454951665064
0.6977400706345466
0.5027481994171916
0.2952900949470176
0.13461762996719712
0.04663337347936299
0.023959017137995735
0.03379531741664042
0.03495384386722782
0.033252886535986945
0.009943478374664859
0.0
0.011645910927860333
0.052118306190347206
0.1341293956342202
0.2811174686614442
0.46476656895969604
0.6249865952038053
0.7554217249553041
0.847578449563475
0.8895873006954996
0.9052170200711552
0.9154204143210839
0.921930414163973
0.923884839693984
0.9243106375108823
0.9080356228236992
0.8873104310141475
0.7838228659898433
0.5957209624494505
0.3618571222568001
0.22001290410978935
0.19791832682333294
0.21614738885782758
0.1649887490589802
0.09060712197084124
0.07712791340872348
0.09317020660424377
0.09376851895115333
0.09718197432754626
0.1045670349565571
0.120812610571102
0.19586967584217427
0.33121357134780327
0.49902081957883526
0.6573734875914992
0.7866060882803966
0.856021238018004
0.8797335243885522
0.8950182166617766
0.9216243443895527
0.9527690566819809
0.9638686776127536
0.9684502138741305
0.9874000780012632
0.9593770652112291
0.8372809734071699
0.5619310959931911
0.2587280611860217
0.07505703429438812
0.06292238033073634
0.09288358317950729
0.09981759710526067
0.08143120772148965
0.060920803511503245
0.055088204408750306
0.07348808183278238
0.08186723905252812
0.08717136222575939
0.1298538136045147
0.24448442612479163
0.41043586330850274
0.586542285649925
0.7216917789033113
0.8009350250072041
0.8451080383418064
0.881186489926993
0.8944492729481712
0.908755325967133
0.9308190391912937
0.9485122420218076
0.9475272444634573
0.9487198901499077
0.9457565999686534
0.9301010532693705
0.8565773202056762
0.6787915772330342
0.3624100779589993
0.14355930890447238
0.09632036478307733
0.16207771355913922
0.15046037006564644
0.1456751712419421
0.134237170637068
0.14245275187602738
0.14752222301641937
0.16544821812155078
0.1973876216652262
0.3046877691671588
0.4893031984007593
0.6501973642937915
0.7511495058179584
0.8103265246102211
0.863220178332317
0.884989785813879
0.8936045736251056
0.9049398179644808
0.915742053840474
0.9321895959581439
0.9437128867500529
0.9478360244368749
0.940536577106585
0.9330559907976994
0.8908149172178874
0.781831560302087
0.570866569940074
0.29291453384462535
0.112017100616592
0.07432605252194462
0.10796050158042217
0.10559981154089317
0.10715260824739518
0.10927559609458175
0.104705272047696
0.1057281441450344
0.12296157080502043
0.20444374605012183
0.33771838690612227
0.505605207403873
0.6313099783698431
0.7190968826527351
0.7606670789488419
0.8000997295736622
0.8257738879816418
0.8611766523877559
0.8825077386010346
0.8918322826606581
0.8834840324051701
0.8789508126234746
0.8782285602337565
0.8849236896003444
0.8910417650218762
0.873103102955667
0.8050312307988379
0.6275573259525146
0.34667139047249307
0.12011955805819723
0.05131090920822919
0.0579187367872492
0.03546917181764091
0.008692532326329407
0.02465655541311222
0.06537880759267506
0.10675420750742626
0.1458285308479058
0.2398802496571837
0.3807379919110843
0.5399264611807879
0.6780914635608105
0.7996576860744746
0.8888487207266909
0.9433408975283978
0.964959435234897
0.959762192812045
0.9517941812404516
0.9329737163371505
0.9304338212881524
0.9221246133330403
0.8964920915457774
0.7702666537196483
0.5544224116364812
0.36155288016844306
0.2574168266646645
0.22937646198324083
0.2437759085896861
0.2578187377490133
0.1801091341047949
0.10335941903273724
0.07323827297689944
0.09196758653251015
0.10254557308687705
0.12085881367704762
0.11439313986519216
0.11446457317803005
0.11514897796244351
0.11556380223751936
0.16652745028110738
0.3386883742982447
0.5320664891927276
0.6617693410029811
0.7003072045298456
0.7399542608820908
0.7825301720366913
0.8251406514953901
0.8634294795333661
0.8985414351600567
0.9152735875777361
0.9198684021693001
0.9176091283282631
0.9118967296893509
0.8679958024797246
0.7906276910955242
0.6720994117246326
0.5658582321424428
0.40824976386741313
0.2314485115527621
0.10775291844141248
0.06540686608949946
0.05111149371484807
0.04201705204984978
0.05126457871806169
0.046921536182117425
0.043043084715377954
0.049686744239260304
0.08132585302815547
0.166630455501949
0.2995338140772425
0.4600263832389761
0.6157568567254772
0.7522200361106886
0.8527417006350663
0.9125656092160306
0.9400539119519207
0.9476544574068928
0.9568025098344449
0.9648616919937757
0.9559930366291789
0.93090523302133
0.8455421938394942
0.6661471076500786
0.4141796491550165
0.2454661294282171
0.1712650736994586
0.17664175711342217
0.16560146418891408
0.15910366308031546
0.13155663349859484
0.1177078865051804
0.11901937882693031
0.13048755202688675
0.12224709496358846
0.11652978933838014
0.17637180353166035
0.3055489011659733
0.46148394945082805
0.606967400168989
0.714221245652896
0.7676386386572136
0.8030283176938358
0.8490459578853888
0.8822298553442715
0.8894077822930007
0.8959790821823562
0.9159746484808019
0.9181542504957801
0.9131765483522375
0.9009760322546065
0.8493369844349246
0.678070033251741
0.3989911213235267
0.2157334150960621
0.1347219860674067
0.12691037066519606
0.08852984592750436
0.11125066178405223
0.13887775661181834
0.21265265971181985
0.2991655884265161
0.3914196063331696
0.4860111158328793
0.5797563226843835
0.6672581555384481
0.7483740603611868
0.8234546878394519
0.8638878605708098
0.8776794333945167
0.876644791573537
0.883535207298589
0.8953760017621458
0.9057095033579138
0.8962853607486498
0.8813858468191306
0.8829507950634682
0.8756995452626833
0.7816032499341264
0.5607730707989728
0.30178187223869096
0.15926106065312629
0.1009585916935791
0.058921360999975726
0.013566592253291477
0.02521775179319007
0.05386851799735281
0.07975433506943852
0.08625533846281194
0.07527251260977472
0.07270318812822649
0.08671273262947034
0.16317076850858322
0.30744399177799786
0.4886670528841081
0.6296228556701495
0.7373065263032237
0.8126729061317765
0.8579336286687999
0.8735642036836009
0.8733241499185275
0.8661715778570611
0.8626282681666896
0.8719787235008133
0.8879792303840351
0.8480019615733266
0.7166031330006233
0.4813774963042437
0.27302365811780377
0.1647538708440226
0.16345704851224857
0.17003031038472707
0.16656439965192132
0.16787925633551495
0.18656954467682382
0.20199884045361058
0.19682258974765474
0.1726226089786267
0.16244186583956213
0.2375273484020628
0.3711142361948498
0.5241562078796994
0.6447387447695718
0.7483703759356363
0.8135089455158632
0.8633311790331704
0.8955517708814044
0.9120113847049858
0.9213104112310012
0.9232335053075609
0.9191082852713865
0.8540020749226124
0.7058254095898434
0.4918892742260107
0.2627514782462764
0.14213563959568715
0.11490624203245571
0.14331407523160292
0.1452326324168064
0.17015777617215178
0.14835707493214836
0.10104437036373802
0.06641520886472077
0.05468183819167314
0.028570813366967932
0.019431914831351312
0.0417584774749647
0.10033103174730734
0.18722662736474255
0.3202310424578993
0.5021961396102238
0.6566312842536614
0.7428032332502146
0.7680164466730071
0.8030214246808633
0.8317886426556187
0.8720699591016455
0.9051335199654365
0.9256173865300467
0.9289279569692315
0.8833741071448125
0.7638253253729436
0.5883407485434694
0.45553648379266914
0.39723886556198856
0.409752997479637
0.40855561335867757
0.3483714520996383
0.2219985221438975
0.12914870602946343
0.08917018399036755
0.08405536683519484
0.06490832030389902
0.0654268723546169
0.07602814615473022
0.08536294202128719
0.07646002338754941
0.06960269412034761
0.10656057535883502
0.24024930590156346
0.43587761603967873
0.632230074137127
0.7725478862890099
0.8615777041512784
0.90263532100452
0.9168945479657833
0.9309586158084702
0.9597151378186751
0.9757949133034578
0.9748977125558198
0.9552182137077392
0.933745419911343
0.8959363585007742
0.8646956292144055
0.8525443120880433
0.8802332171286139
0.8959867132647827
0.9013355133493102
0.8905477040000761
0.8508113254829222
0.6980845054896287
0.45039666230167735
0.21757727758709292
0.10793908527409382
0.09505521950306281
0.08435907353293336
0.06721400962455124
0.05882206819454417
0.049558785502292
0.03154325410144807
0.02306421299473161
0.03800464646439297
0.06871710702222161
0.13511795717625388
0.2712418587121671
0.46242227498435734
0.6520630722572853
0.7725218623357363
0.8504226973248916
0.8971296568403918
0.9100699024586508
0.8954227807110355
0.8802755677375753
0.8718354119401086
0.8648609628045513
0.8702251786923447
0.8974139020173345
0.9061299730279849
0.9054212586307464
0.9057236221576712
0.8449681031716696
0.6924249581259769
0.5078320141497166
0.3189961706089834
0.15820320671727903
0.03349703964529281
0.014820527141725107
0.03176331190287978
0.070952782848522
0.10367401146745533
0.11015961260149171
0.10941062615723048
0.08795229258999503
0.06359717835117959
0.026758623831785407
0.028076523015589484
0.07884432776243652
0.1631924610405651
0.2639654107254538
0.37688735729400186
0.4991873606778255
0.6332255962774614
0.7305253309937194
0.7906194996727941
0.8351385156766233
0.8810261342539475
0.8926417437888388
0.8837106244381162
0.8743656309456613
0.8457268565877795
0.7547133113150676
0.5779569991363865
0.3731677345042962
0.23706778299768885
0.2012630076980387
0.21554564444908245
0.24075726466961508
0.2765907019125012
0.29463460897496024
0.28959900860667354
0.2744237367042666
0.26560585679826515
0.2601091406025888
0.2667960061078367
0.30676645297331345
0.42973034320789494
0.5933100925421693
0.735990294947663
0.8216400267442209
0.877068306893795
0.8970869622636195
0.897129913137162
0.9043090908846935
0.9202339358442561
0.9213392380819339
0.9182945452133724
0.9009302139934057
0.8325498404372298
0.66891895734974
0.4559898716409793
0.2805692206619086
0.19154858629702487
0.16802042589095129
0.1618234800736397
0.1645302698650043
0.14652483735154273
0.16493011722193432
0.17678509590042038
0.19878917308499522
0.19095152077607647
0.20056822845757208
0.18934410510931549
0.24150822114066897
0.34110316125703743
0.4641848319309964
0.5589520929604702
0.6410165635405048
0.6967315455146978
0.7270659906012912
0.7490984833680021
0.7742568460780271
0.8134556120655216
0.8550764658515418
0.8848640370995431
0.8765679643824661
0.8709721134746989
0.8575743221864724
0.8147941406285337
0.7050479033269129
0.5813508798191891
0.41603033920774496
0.25096267161307806
0.11042250269096313
0.05484533642741771
0.0369045921376545
0.035530432971639235
0.01803691106037443
0.023407373897165067
0.04028054621014898
0.05583821287104615
0.05496250461612867
0.059632377929262494
0.06726880397692954
0.10892468210475635
0.20578255884664243
0.3558659344117013
0.5127833813447652
0.6274786632360252
0.6971118497025044
0.7431150861176857
0.7944877349433243
0.8320094621562442
0.8462005122485949
0.8425757334931069
0.8204428122720566
0.7307443778119657
0.6115217977499926
0.38753654688490324
0.22905774780779764
0.15338139573596776
0.23780855556311864
0.22418664260980828
0.20766337248698366
0.15283400337241562
0.16134457247103795
0.16610489655978855
0.2203405360884507
0.22944832301754262
0.22744520176940644
0.24542210169468043
0.35019567663550677
0.4603549809154775
0.5613070731891655
0.6301031671362136
0.6884294005995073
0.72536650191998
0.7405355021165488
0.7425436496495808
0.7715264443565955
0.7980237290391813
0.8091709981399556
0.8139663668804085
0.8415035556526501
0.8143316710330178
0.7334312868201799
0.6217812545211259
0.48746423680289347
0.3341169977106531
0.22952994322468057
0.1766659706131518
0.14447990759052837
0.10214650285530041
0.09648386306347681
0.09733695213777781
0.10492714568382816
0.10810282910600577
0.10316845035222863
0.09602526187189257
0.10139841484441033
0.14189829141737176
0.22150841730877166
0.3251310776750673
0.43162940316958226
0.508067218316597
0.5816262070574233
0.6341293968270086
0.686095458281045
0.7231556066644688
0.7754981683270806
0.8261831134090092
0.8693184345713815
0.8924347621500908
0.8972884868469099
0.8986597652136358
0.887689812709208
0.8155879935631253
0.6647250733914455
0.4257988607211676
0.23279250911484545
0.14708331213978915
0.15748549617350655
0.14214143335446405
0.13598437815186507
0.13532829583089706
0.16318817144931363
0.15678309197621282
0.1632655118078486
0.15129178100162083
0.17198898438106344
0.22720133232039996
0.3355060140598975
0.46337324159903
0.5853834111120185
0.6688718307241432
0.7260804759106593
0.7742429835504194
0.8338755803663886
0.8711743713369342
0.8903959136027101
0.8992550513403895
0.9016285576221668
0.9008979042061792
0.8957876081824607
0.859662288682437
0.748248996917039
0.5824651976406985
0.4027139326213777
0.25978839761305894
0.18422471248048758
0.16395579683534678
0.1511489662057462
0.13745773970552588
0.1397184850858239
0.13943763679059187
0.13389683870344418
0.14789933190044996
0.14256165596475812
0.1494569847352429
0.20147250281793075
0.3201398723213307
0.44326216237053007
0.548189375070283
0.6368696695247434
0.6923772303078686
0.7387223261265047
0.7867085117300409
0.8255399762698955
0.8656685357826921
0.8874193293931213
0.90575068037299
0.9047432690705978
0.9032433688761452
0.8946537212411617
0.8927861144103272
0.8549055607086218
0.7370816728662682
0.5185790712793498
0.26908914027045744
0.1053464759004635
0.08501033186919886
0.12470104388507532
0.1339718565935308
0.1394146906936576
0.1482382135239995
0.1611697134896651
0.14925582932640427
0.15997489008482757
0.15727386477646424
0.22004603122593447
0.32852388928111387
0.4932829251962617
0.603616879743166
0.6775629775560754
0.7117775688555641
0.7547865789030436
0.8143763242463522
0.8690558914705471
0.8767659420184432
0.840488378531384
0.8143057962498383
0.8238368907446832
0.8338051760055276
0.8000558596798035
0.6938655602783033
0.5759857559791621
0.5063333368865917
0.4068445752508029
0.24706470776656056
0.10167138941503806
0.04458384585817387
0.046704016781812144
0.03400045068714516
0.0388221383673966
0.029080813210139635
0.03624697414091123
0.023531330560115995
0.05575873074834488
0.08820072414081313
0.11850775534457576
0.13776633904490143
0.17969387915129736
0.2541942735865611
0.37655603031015283
0.5196521349757977
0.6371970067016981
0.7284356849804065
0.7913160310708741
0.8528266780359601
0.889496312410067
0.8917712775165498
0.8781122346763083
0.8842477592896342
0.9047339083784469
0.9075491615635509
0.8752962907213241
0.7934187187379589
0.6485737553429117
0.43606310943121085
0.24530749554687095
0.1731210504248362
0.1804532825399794
0.1983533393265239
0.19070468373972646
0.19950985181836697
0.20878835900185613
0.21345559015587093
0.19604323311466687
0.17421069468359413
0.1968216690158842
0.2608057580356428
0.34705712821235685
0.4404199794004416
0.5345290355511955
0.6048015693107454
0.6555195600466889
0.7154491629932535
0.7652515382156757
0.7879075993486722
0.804743534627693
0.8535811807165277
0.8959036831077049
0.8899840725859792
0.8554487092926333
0.830297187656412
0.7520288038301308
0.5977015541404576
0.3618939956914435
0.16237318252451444
0.08320675393543836
0.11627669218960054
0.13662328166255247
0.12094127851383175
0.12224031814092115
0.11731750920181284
0.11544744346313074
0.12896413481913113
0.13427034647137903
0.20451699808924526
0.32886584089353527
0.4759874228794975
0.5571784009020176
0.6282545164508014
0.6989483758874144
0.7652986338789423
0.8052698540621733
0.8195426401794307
0.830606623003905
0.8615805886127226
0.8713648025452584
0.8620640800083524
0.8479208541781552
0.8602955921133791
0.8468757546641436
0.7529993213264055
0.570520504271177
0.3856268444515127
0.2477368335597502
0.16823594528547056
0.1370953844852614
0.1398656331507821
0.1410111166988734
0.13428701107663393
0.13611922731184004
0.1292128607000418
0.1393331425875219
0.15020560783932635
0.15998417299978063
0.14944595865062382
0.19847613001688558
0.28062032185768104
0.40713471535564316
0.5127458900039937
0.6107445055416301
0.6677684380921085
0.7048184083858342
0.748041007214039
0.7890547498098301
0.8281137781304231
0.8493867236556496
0.8715483239078748
0.8783158915704874
0.8149982140609041
0.6823340045412463
0.50341762156414
0.37463635827271174
0.26270206141918045
0.17441976112113516
0.11822110618415242
0.1207407923666224
0.11696176701018672
0.1086747549765142
0.10114764399865592
0.10995084803963336
0.10510487957710256
0.10852716576600252
0.12683770268540026
0.18517306904474903
0.2705230160200463
0.3784817088356407
0.49177416817758723
0.5769161524182173
0.6601162574640984
0.7320252599591713
0.7965945705002795
0.8348102089741115
0.8697290936070848
0.8821243744316863
0.8715660092187301
0.870293726567522
0.8629002910341729
0.8677567075242482
0.8401809706071556
0.7397209411778269
0.5726016435438915
0.4430989934739033
0.36444288460681074
0.3251238198565085
0.3125697740469538
0.32132288192455544
0.2363676871967284
0.15444540607289117
0.11575492837018253
0.12511742540842052
0.10966524707765948
0.10086380646783036
0.11223608638242684
0.12468185910810968
0.1418130480156951
0.13984017905928114
0.1468214731481001
0.12483993246679845
0.14942104503393422
0.24997425214494456
0.4444056383072705
0.6178029472463572
0.7647518968893928
0.8546401719540687
0.9048858647678565
0.923554334277828
0.9280155829139402
0.9381337570982096
0.938718804060206
0.9376867461233559
0.9280099978168449
0.9318781154342237
0.9261127833256232
0.8728273766344219
0.7607936707869489
0.6107289461356118
0.49528902749938714
0.4120330162131816
0.36969883355819
0.2861969975992341
0.1760908501293858
0.08602320671986838
0.07936190225824272
0.0786749035833099
0.06227569107684464
0.04198757255323344
0.05901220253527551
0.09411594453309946
0.12662654654419217
0.1297408309059744
0.13669549895454797
0.23539939672740592
0.42333427775865345
0.60843913580989
0.7202293919810349
0.8055778919379767
0.8664343489709532
0.893424823741429
0.895328337146198
0.9125480188449698
0.9280100942946451
0.9395955852988391
0.9431595772431116
0.9272153328094299
0.9158958653219619
0.9050656793102126
0.910287546306243
0.9166811824156003
0.91386060469493
0.8416808694180524
0.7017262707885176
0.5139347294668941
0.3252619592698652
0.19055160573186009
0.14843462836444013
0.14670628408908762
0.14356122584148429
0.14282135969036067
0.13744146549259165
0.1376961120099768
0.12633078207277124
0.13107625436035467
0.12627387454631753
0.15291774954698967
0.20834424180751293
0.3211134826406476
0.45941179747106925
0.5828068083078781
0.6535111062758966
0.7099768858585845
0.735081838414181
0.7562474859695415
0.7607702688292506
0.7975295794351922
0.80381245537197
0.7992372421433438
0.7858201984059311
0.7945893674767677
0.806699470300112
0.8102148187061677
0.835872412802799
0.8295438458223652
0.7678401188709181
0.6487778746829617
0.5409521674077333
0.3649822958772535
0.18537194404925963
0.07404708095420855
0.07014071242838792
0.0876659067474211
0.10699576152935845
0.11832664650838054
0.12846238236339
0.14061637636538427
0.13852222817133367
0.1273640794553985
0.11399360684094789
0.14047101907292847
0.22808002205913308
0.392085887258886
0.559327691340559
0.7020441701860037
0.7933304112312832
0.8526670693587604
0.8699278394853145
0.8710353548572884
0.8817148428433799
0.8925018639117003
0.8948468193185711
0.8805604593737769
0.8842361018020574
0.8945878580451698
0.910127253264019
0.9035977764590725
0.8885914185949924
0.882364781905121
0.850906441978117
0.7329135594809493
0.408160933158005
0.15523039356585172
0.08419897616061761
0.13313784022727704
0.09639132905597754
0.07185963019609717
0.08684543530374358
0.08757962025445316
0.08232619493855152
0.0864143148711527
0.10078222416154807
0.10872924314961256
0.0987709640378266
0.10396923501898818
0.13834450828229108
0.24296836280374015
0.39195450082698213
0.5302495153077742
0.6213766342525867
0.6814570221913661
0.7360593826581195
0.7573582775049998
0.7710180942732928
0.7773808437456772
0.7941032797492554
0.8038845613379215
0.8283083393148722
0.8536035644596368
0.8630652053122905
0.8557011447054219
0.8412744404086357
0.8482482147542646
0.8602997819932697
0.8294311100921293
0.7051963893572599
0.4909997641671811
0.2701234209862299
0.15711707864560137
0.14125542218558
0.17622275230376538
0.18622928912838663
0.19594616475794724
0.16755514881674696
0.15499302134849757
0.16084783358325364
0.18203194864478664
0.19671199422731372
0.20812905541267945
0.22084257272460542
0.2685525034703675
0.36922166239463383
0.5057000687299269
0.6041471869011227
0.6652575052819674
0.7026378481860254
0.7430131817701746
0.78375742970618
0.8190733474414053
0.8517316902644079
0.8786723562310452
0.8922907180725274
0.9047059662641332
0.9061550888686526
0.9066282453905883
0.9101797224427752
0.9260678321577165
0.9161507260578364
0.8424866738526111
0.666575567434924
0.47346936279385005
0.36801194232687134
0.2963356761854846
0.2132125070217896
0.15376939120393496
0.15092014717344318
0.1466102569455925
0.1550376259308767
0.15135862916419918
0.14165601379726883
0.12369902554451287
0.13109877609923865
0.13640525088659144
0.18972466613757755
0.26671890793669356
0.3800475507098345
0.5038740016058202
0.6082233262368494
0.6720797431608919
0.7266297138872359
0.7862405181934639
0.8323915237087948
0.8591325439135558
0.8792455081045331
0.8952938070803313
0.9129778245765455
0.9254517363768702
0.9280862663326195
0.9019301315493321
0.7992677812326966
0.5692357264034517
0.384200022695254
0.26946240279933054
0.1913144247219537
0.10332327460956824
0.09451181757498746
0.11936537400755179
0.12036126464275052
0.10834752241023345
0.09849199014800981
0.10489086592156557
0.11597691408604592
0.1217907419956761
0.12993452975439873
0.21693771687550908
0.25875425941873065
0.345536068500685
0.42938887899033507
0.52464830684745
0.5471371628999459
0.6070746416776057
0.6966771754393595
0.7635624734276745
0.8230308106326479
0.8570267096095308
0.8779210041538494
0.9075222255031192
0.9418387309351675
0.9606282908080161
0.9287887775455518
0.8571274791302178
0.697187447134027
0.47733006680366574
0.3075637047982977
0.25569309493658804
0.2306879759715549
0.1863044415534783
0.14925294816659318
0.12937298620401372
0.12040194949741184
0.12266746955231517
0.12320726178640803
0.12148078036500294
0.12435175658558709
0.13078750409334922
0.14796225732459503
0.2357110260132109
0.3633009536772045
0.4496061469314167
0.5106568673923697
0.6040680839790437
0.7196635335228798
0.7844342462325625
0.8358716692779281
0.8753106947392124
0.892777887471683
0.8986114446613239
0.9218462265407346
0.9556420952542678
0.9796154010506409
0.9889315261360397
1.0
0.9630616985212757
0.8794349841526025
0.69575785388958
0.5059154634242184
0.360092301517266
0.25702115174568974
0.15050643281536677
0.06139422055783358
0.040684115288274744
0.042516369741698944
0.055859222059868804
0.05131176495547573
0.04355333531540939
0.03983866897798004
0.04361226268566265
0.0598155264454425
0.08006418064003473
0.09657880029165358
0.15801081264785968
0.24888391599936008
0.37690827789572084
0.5126098890222104
0.64259391444705
0.7290215958411541
0.7894942048979731
0.8315727524871898
0.8509550566404213
0.8599959315123159
0.8661090017492049
0.8748176761273478
0.8896599774351145
0.9029347532116508
0.8714275177459602
0.7651543617189573
0.5678676900749623
0.3673719565434714
0.22244556829881926
0.15886454646707254
0.14481168147843407
0.15391139413800464
0.15629302187556376
0.14471114703920546
0.11197678609163181
0.10002918972621762
0.09215592708152612
0.09683637112409017
0.0819140606744143
0.11145076304671632
0.13776489699169442
0.15484417038940437
0.18712069000215834
0.2941876504282283
0.4151625186406591
0.515040150202023
0.5903244299778302
0.6788069055016207
0.7531235702889276
0.8175571358723941
0.8538309648520129
0.8736569802631754
0.8822388347092245
0.8912768968150936
0.9051261526431551
0.8914699827451529
0.8021390914048127
0.5922309724165681
0.38846542355957314
0.2756440242383471
0.25463449524936116
0.21260600367661417
0.17733768221347274
0.16447491061496727
0.17864674366186928
0.18947981839985675
0.19530538138928136
0.19268534310588778
0.1902877862729143
0.18426695773565283
0.18664484348379987
0.20410708237819306
