0.09291521486643442
0.3736377789309811
0.3736377789309803
0.043684018929741955
0.4764605785592738
0.32852165256346466
0.4227642276422764
0.06754221388367695
0.3976670201484637
0.0
0.09291521486643395
0.19599303135888488
0.2673545966228908
0.09291521486643395
0.23035230352303496
0.19599303135888488
0.14882182720132214
0.8917682926829327
0.08003048780487833
0.16400336417157116
1.0
0.9441384736428041
0.19599303135888488
0.08003048780487833
0.21286031042128487
0.16400336417157443
0.7526132404181214
0.796269727403157
0.6354300385109047
0.8917682926829327
0.796269727403157
0.6723796967699396
0.9441384736428041
0.9441384736427926
0.8425720620842654
0.8917682926829219
0.9441384736428041
