0.8509804805533164
0.8340339744301973
0.8318265333336614
0.8344140781756233
0.8354561064886241
0.8320616946362822
0.8297585253155453
0.8314588842678011
0.8333175784537384
0.8338301111989154
0.8351706770526585
0.8361519382675309
0.8357657570137034
0.8339697434021909
0.8340166500353762
0.8321469759209286
0.8316341709311622
0.831946800280929
0.8340515988929266
0.8337734369557577
0.8327810500722536
0.8320779940782693
0.8311014895069043
0.8286010248668647
0.8250618229628975
0.823859642233275
0.8232309734688606
0.8250205339254211
0.8249764984226646
0.8266061623797146
0.8293681473241774
0.8296819808836933
0.8300557032469829
0.8310357878886606
0.8330356626839439
0.8358487314251125
0.8397894645082914
0.8406206172197569
0.834394591859476
0.8309287702304815
0.824342632310981
0.8205182785381254
0.8115809237844153
0.7969009639710748
0.7708222248932899
0.741693270762011
0.6960748374817649
0.6325244243806151
0.5652527283370249
0.5015478513972851
0.4068675708325703
0.476734002099779
0.6037216771451088
0.6372008901977638
0.5501677958011649
0.5022185861899867
0.5251884426456066
0.3666172114895508
0.1833012452002307
0.060960518670423895
0.09622140408528042
0.1624532983935197
0.2672264564258883
0.3868182266382707
0.2821313418908541
0.1225972974231448
0.015993879564245566
0.0370737903291286
0.03515662771152091
0.040952118244069614
0.04226539651306511
0.05388926651663438
0.045517185428690606
0.10442943536358631
0.18451348118398106
0.28175864861977
0.33932048190105557
0.4274222571110968
0.4988582700997361
0.5543931559418627
0.5965193930201457
0.6390979902457116
0.6910392185616641
0.7445217822897516
0.7815941181501886
0.794940477907508
0.8057057173612081
0.8180248338989166
0.8276317304153588
0.8281077407286214
0.8297955225884797
0.8354652921251111
0.8397686580347037
0.8435759011534709
0.8395472334439443
0.837791354900782
0.837524668830839
0.8424900379124036
0.8429202070237213
0.8417705779678772
0.836993575470536
0.8289432279718102
0.8240479725676727
0.817557549774261
0.8022820817489495
0.7831444622170832
0.7503081206375671
0.7015602680125979
0.6382101370048833
0.5827042326398683
0.5191726900255947
0.42769524119021174
0.47917831615344386
0.49082004904826065
0.4927705443156037
0.39817786831617474
0.38140414770352704
0.23388224884782727
0.11662999176533582
0.055070073612371276
0.05792351544120621
0.049918911794690816
0.04568475535525741
0.044430833291709854
0.03672801524799234
0.0320441683269935
0.027387045942492614
0.027107105612797548
0.025972976207568943
0.02729403426733749
0.02690741502253823
0.03364596358540006
0.038381341500190375
0.04568757651307999
0.03751246995803867
0.27049679591210596
0.41562485953136014
0.45542995767225514
0.3768648818129921
0.49299862478481005
0.5679528151543022
0.6531760976623746
0.7355564341823022
0.7886952935740082
0.8101602740078241
0.8224115457686673
0.8370190887669277
0.8495784131161176
0.8585907949188076
0.8606727322799359
0.8614208326176478
0.8628487014941334
0.8674842030592775
0.8702531116611698
0.8702886443970919
0.8662878130985912
0.8633486935720638
0.8627602040928479
0.8622554103198219
0.8609028381956397
0.8567615381684097
0.8529488205686347
0.8510276258347724
0.8458446368089273
0.8365245744725164
0.8301402537590361
0.820864933693564
0.8136965007397984
0.7945348070380128
0.7628723419041729
0.7101298662393755
0.6470276487905156
0.5793521979738897
0.5030469700888351
0.40803276713983955
0.4291037278398479
0.5124858002487214
0.6327824186818084
0.5234926426360499
0.34583707059721236
0.14526559348810694
0.09072108759981873
0.05930375247082279
0.0547725242647582
0.04745215650660725
0.03956402572261745
0.03842218669588169
0.0387244833706947
0.04145864247012559
0.04313481891716962
0.04080918639252791
0.03469400106062297
0.03592621011946779
0.038777623664965115
0.04067935709432595
0.03612847038884319
0.03334979127668177
0.04621718344654806
0.08911110066061759
0.16605675977469414
0.2710409351215802
0.38036870353387553
0.4841109308684226
0.5706622716711459
0.6559241183888948
0.7233366450928078
0.7695370885921374
0.8006240913960838
0.8232704142755728
0.8426763598260888
0.8481979566042314
0.8565062000143581
0.8588722956930879
0.8655928750623116
0.8682869634150349
0.8734895784881899
0.8738393454912466
0.8685983250003195
0.8606305933447719
0.8596110741501459
0.8621978879225285
0.8665584692474524
0.8693877655391543
0.868974878061314
0.8680056509949796
0.8685025637024538
0.8693194491477203
0.8611439383568562
0.8532631054615866
0.8415302936432498
0.8385563105514625
0.8251470087668011
0.8113086602681454
0.7844266909607974
0.7526102295654258
0.7006261657634414
0.6432469282778192
0.5756328193660982
0.5020800245970436
0.4372419003402464
0.35170049174987184
0.4334284595926298
0.4824388106649044
0.4097529483542831
0.20103114271074066
0.12537974839564597
0.0942702680244367
0.07246727757878625
0.05847492946327712
0.051312543527847636
0.04228377618892079
0.037087989098499224
0.027903269811600653
0.027989988681375436
0.029921268287776637
0.03164467676347946
0.03013715938176595
0.03002553128480477
0.031728707286698264
0.029377809255020128
0.0504193783122675
0.10956518396971823
0.21316025764965502
0.33004826569765977
0.4442887001095412
0.5391476309972806
0.6356302356253238
0.7228022778915343
0.7930826412071468
0.8298928841792016
0.8522680273063055
0.863287374816542
0.8753357679000673
0.8828517446287011
0.8899260955796745
0.8973818516881449
0.9060088069412842
0.9104872591567635
0.910679858693054
0.910214579036673
0.9110788552853589
0.9096756436745888
0.9083852105724771
0.9117448801701326
0.9147945634896251
0.9213645102741032
0.9235105431065699
0.9281873412986759
0.9279567137183806
0.9330178352428906
0.9355540948401576
0.9352786186294002
0.931083087025954
0.9236140925355335
0.9132143749013868
0.8930724937472192
0.8646388314202498
0.8186779409950617
0.7539168856402976
0.6676980811771824
0.5784590609363619
0.49536660088703244
0.4214400530359458
0.36700765491973525
0.32026640414788066
0.2621122814257973
0.19076418195387748
0.15618996690888623
0.12579704047540494
0.09339154068325911
0.06013640720853053
0.05323743050010012
0.04792588302148989
0.04436858940333828
0.0427384532396058
0.038215357497877134
0.03116675641205242
0.028324206571266188
0.03329471431284228
0.03818955627295721
0.03640323515136499
0.05305257519997004
0.10849090296667008
0.2142798835408269
0.3494062179615272
0.4745660514668978
0.5900699662354795
0.6965047462088498
0.7936520389898115
0.8463725407243982
0.882898869737303
0.903056883702393
0.9191212153370728
0.9194961911623967
0.9239565452222229
0.9325208995910904
0.9456147758989895
0.9482733923517606
0.9452967061071478
0.9393373531512467
0.9429762431553774
0.9483368856517416
0.9524353093784574
0.9480813956279854
0.9551767003672518
0.9583364237404688
0.9556696255092249
0.946378874729161
0.945636837694347
0.9525266219811973
0.9530412428547302
0.9499621595621653
0.9416212837571712
0.9428552655892969
0.9359872778957177
0.924177798140903
0.9083462996315627
0.8828850408092411
0.8356535063024971
0.765392161151578
0.6834962370199418
0.6009038313951732
0.5272835823666829
0.4522478164045656
0.4409753312510438
0.3583440671458304
0.4387070324323817
0.5624104476485139
0.7465442892364749
0.5202898496211318
0.24640916793016684
0.03429487534378382
0.04909627478727251
0.03865183339107698
0.03279230373675517
0.030532801398878623
0.030080527418227716
0.02848972336527287
0.022149321071409985
0.0207063264928459
0.020999174875895837
0.02061400213799338
0.019662241450820062
0.019394344782637563
0.018402260346363948
0.012782077887974188
0.008905613735136682
0.024866203706191452
0.08743467342181555
0.2147555568547613
0.36681459284929674
0.4996659284665487
0.6089720058674098
0.7115702478921957
0.7933831816727467
0.8433767353277168
0.8765109394791486
0.9032544623082046
0.9229070625499752
0.934219144174127
0.9396483685047672
0.9504071181565535
0.961606529056979
0.9657454503976265
0.95891444512059
0.9569586933582434
0.9596383664783478
0.964434550358779
0.962284094605104
0.9637029859295778
0.9659250743307692
0.9641901944143279
0.958498644589239
0.9570874203243482
0.9621007527826456
0.9649548228178746
0.9616907527013605
0.962780890755223
0.9656205165396001
0.9740771806087636
0.9761843247429812
0.9771452548066559
0.9635000597778991
0.935985395800824
0.8895724443454135
0.8277824486881764
0.7528300032296457
0.6555820034598148
0.5558312465274358
0.4645884745366518
0.34705577252977515
0.4210028988764112
0.5931742988217305
0.7761816389980487
0.5336419498979595
0.2390863097631457
0.022738678823406876
0.05282010556790301
0.04160979216083638
0.042045619915768724
0.03875119792288212
0.037714055702101866
0.041960105074981865
0.04381690931871901
0.0362179848669254
0.026092747245331917
0.02643352026819861
0.027904200893920275
0.023507781384768004
0.01873654195563662
0.02606483294619882
0.0691037849990489
0.15688189712183984
0.2924508042155682
0.4385971190068931
0.576233527641645
0.7061372666057828
0.8129237081077427
0.8755621603389541
0.9021849708418381
0.9261930214981424
0.9443322286513537
0.9510599646986737
0.9573149881728275
0.9555485879903518
0.9489667217601829
0.94372322277358
0.9496247649087496
0.9539860472103852
0.9566407649369694
0.9556771823144726
0.9557507490392997
0.9522299385110962
0.954822967578232
0.9542418910084095
0.9512338223174357
0.9451191518357749
0.9515586067503274
0.9571999567367734
0.9523518322358326
0.9354464555527979
0.9187144401518478
0.8772300872988511
0.807196638228918
0.7157654558532159
0.6178079001586334
0.5200185906244829
0.4324903692457694
0.3522433212108819
0.314747000230123
0.4793520470068662
0.4557765714769695
0.2684715878648148
0.03399570623925882
0.05316113301476982
0.03848673275579906
0.039942902084137
0.036136581081378225
0.03603190956470923
0.03423154621920314
0.03279489915414593
0.029791157937392166
0.03268035678968992
0.036406041720219794
0.034136168490320494
0.0307232913483071
0.029113733707182027
0.02706989120246978
0.03333868659361206
0.07569649001934012
0.17503951994415665
0.3140336091073977
0.4594810068053489
0.6049936255855912
0.7377672475179953
0.8386058804914579
0.8830823412547141
0.9121354268820824
0.926441740784594
0.9377507164104051
0.9385040505707036
0.942396223673485
0.9423211371167962
0.9437640731736553
0.9499414198525651
0.9509869032251832
0.9464435128857597
0.9452169484146977
0.9429312291130889
0.9359759168088837
0.9288013532300453
0.9358720133935611
0.9417160509805846
0.9494272227199003
0.9447580340531726
0.9451350361502269
0.9350638314187715
0.9333640163313731
0.9174441834863442
0.888239706390077
0.8281227959446552
0.7410267197364498
0.6379141612159572
0.5383416226542445
0.44940939915530387
0.34860190034358146
0.37608326399556324
0.5518732638634066
0.5121928185222305
0.2643663468810077
0.05009099619669336
0.054463317327840405
0.03676481113769303
0.03377131620643544
0.028719983976783072
0.026055544901101995
0.023410798400711457
0.027574573653070932
0.028841982795528666
0.029289887747690226
0.029526555361164625
0.027225256690823114
0.028316234897296386
0.0282346778500868
0.024551619343030143
0.020657727559041248
0.06353906095829144
0.16798040081636625
0.3167955598308787
0.46075028222085934
0.5912999400684453
0.7157420533267154
0.8137926240087716
0.8709313293228558
0.8946830122983114
0.9109660560775594
0.9134163785606623
0.9185076983689601
0.9276065955427181
0.9473399851171649
0.9535346907168317
0.9542747830103796
0.9503453985593678
0.9541005763047253
0.9593424698079531
0.962228043594508
0.9634863135527687
0.9605776522211913
0.9517899588580708
0.9441715638200863
0.9413152038920001
0.9492179215296226
0.9571086121565479
0.9523081306745935
0.9355225783372155
0.9159245350657256
0.8987816123969576
0.8600956627843681
0.8034267167620586
0.7319275666355406
0.6428504052442028
0.5487261414542954
0.4381238840357942
0.5070049026614386
0.633067627151982
0.7719598015310746
0.5068251862660982
0.44839548733057255
0.3441884341851402
0.2834013331146267
0.04742715784808561
0.05539130143735484
0.061651163769159606
0.03951477633989863
0.03630414303332282
0.036711871759192743
0.035740296811074636
0.03525229270495569
0.032266048937852704
0.03246308508961165
0.031805636295034925
0.025946997638694385
0.03784319064367032
0.09716569128101535
0.21646273407901184
0.35370518594975825
0.4774413985929602
0.5995148468113096
0.7192998218032648
0.8081196764525194
0.8536573200458254
0.8757524670438346
0.8896713250783638
0.8944682024866815
0.8969764405371169
0.9021508618672169
0.9082493679113098
0.9146421555690402
0.914073971185152
0.9145586146256154
0.9135794385956882
0.9123419148023767
0.9120468051088728
0.9126072973754646
0.9164375073869947
0.9198530955754438
0.9167458502971539
0.9106567996182873
0.9066690120558595
0.9043685435989304
0.8914870811943534
0.8619138083121046
0.8134363593586268
0.7505081396015844
0.6772614455801842
0.5907058316849847
0.5014063550351106
0.4064330724766269
0.3953754496849955
0.4993032047294227
0.6687779740978264
0.568557100180007
0.2940259294376755
0.06249040264506955
0.03913945991421929
0.03765271892765849
0.04004939130338221
0.043154281863286306
0.042455117324965534
0.039129135898949514
0.034813626928169264
0.03155005954533207
0.03198088761255772
0.03353780114712562
0.034218980488323524
0.03599435801295894
0.031132555814766486
0.051875348669031214
0.13807013718058453
0.2716293652221706
0.39570773247619073
0.49626578441733166
0.6020214862987566
0.7170211463091829
0.810794337866511
0.8669330323762432
0.8894539753358108
0.904954857454415
0.9214856512167775
0.9380368830487525
0.9475948563905904
0.9560810665690692
0.9600841048137491
0.9547006388246931
0.9449925256227453
0.944626703864281
0.9512158992051227
0.9557702014796876
0.9588464789111748
0.953584707400725
0.9517131113771781
0.9487764690081392
0.9450965817394651
0.9354131427265435
0.9204982296624603
0.9011177649638539
0.861277264323017
0.7989272382095156
0.7156254166421202
0.6223334323731132
0.5326348861198776
0.437928857510737
0.3769420512817723
0.3293554104326429
0.4558170656561207
0.6474336984074857
0.5387413387223047
0.21053615526008418
0.010960675714293596
0.054537238991102854
0.05798184646954194
0.05844895816425037
0.0586515179722658
0.05513903770901583
0.051186012842621614
0.0458011568401048
0.044190594540202785
0.04849925765316252
0.04982197391341468
0.04279399815576464
0.035290009120428054
0.03700311768861027
0.06375994150224405
0.14025321160686138
0.25691767149344624
0.3737874665777387
0.47216784742219914
0.5751343122880918
0.68519809509612
0.7866757556917509
0.8580918630535387
0.8974360894214903
0.9093160638299713
0.9251902158858152
0.9462533522639486
0.9666537127316053
0.9762690645816344
0.9773578293812442
0.9729964042399599
0.963259597357696
0.9582442815395047
0.9541124521809312
0.9536650305182729
0.9502996469552066
0.9458119670696369
0.9478954295838963
0.9487846624511229
0.9445997820685553
0.9275280845323121
0.9121437263164267
0.8904604703447293
0.8546655381703216
0.7892744252431546
0.7100270102789025
0.6237585944020726
0.5356950858611186
0.43608008301900153
0.39844514256662905
0.44810075362978136
0.5669592550985288
0.6392177876501051
0.5520210074961599
0.3127047771296839
0.10815911913764156
0.0432677595352931
0.0540320539061339
0.053181558963458796
0.05100556776862612
0.04554922762848215
0.0486940613213012
0.05027053749958334
0.049091937432153614
0.04822400238307341
0.04744561635984849
0.046210619551203945
0.047452277102717204
0.04755437861250506
0.0681213206090877
0.11066110298570482
0.1923102267418869
0.29427259825630164
0.41558133197062846
0.521240788198614
0.6326294967437278
0.748055762754374
0.8423636675858082
0.8849447109917955
0.9118756058526342
0.9293674435963845
0.9451736766241987
0.9476850741259697
0.9560706757200909
0.9612622021686535
0.9693935576152399
0.9759000988105437
0.980071238008673
0.9836262714308988
0.9830530861422098
0.9739491454191967
0.9587918762615508
0.9450346652703073
0.9331442373278998
0.9122857257263204
0.8872746071206674
0.8563824111312031
0.7977495921455807
0.713404146130461
0.6204566259079716
0.5359377516895117
0.4541303549877004
0.34264615456226694
0.37862862307650713
0.5181516162372978
0.4656696446815879
0.21578810278707222
0.04400138276071504
0.05042322149267348
0.04521257195543447
0.04765714692637141
0.047990280012628
0.04362073762431275
0.04402031571185029
0.04647850156884812
0.047806185531574966
0.04967482963932128
0.050037381739720284
0.05010436888282247
0.046238779159393416
0.04264541775968059
0.04152519731030936
0.06960398620683848
0.14137993743427682
0.25785862340842236
0.3885500946716413
0.5091103126097334
0.63267878679593
0.7568890911060634
0.8506550201556596
0.8823230057059124
0.8991691061799097
0.9274669957341963
0.9473926409163974
0.9507704710385736
0.9545960591192552
0.9710847652343015
0.9762363153779083
0.9723226904435086
0.9718526474560661
0.9766590604569054
0.9711690484483582
0.9653450302820118
0.9629606116088552
0.9559566448933515
0.9370078743825441
0.9243992707849636
0.9059601416001745
0.8816061457818768
0.8486267603018968
0.8019942946775752
0.7292194490060743
0.6473856488532008
0.568557316213172
0.48573693981232036
0.4067570751964489
0.31058469031689717
0.3258692053796635
0.4760847136784707
0.43918244006558327
0.2203563126236303
0.02887383099503176
0.03688719237414917
0.029606724864332332
0.03604231994395246
0.039578384700526416
0.0380692696861153
0.04026843992630654
0.04219158788351818
0.04622014599989834
0.043984138164724254
0.041290135514797634
0.03986748879275242
0.03920310094349139
0.048923788080251114
0.08395494254140799
0.15439134787456996
0.2604928592112828
0.3897150577891557
0.5150661618792354
0.6299069273864508
0.7408961986882588
0.8279113336012309
0.8857810755781927
0.910236196104852
0.9225091290905204
0.9332430398079626
0.9581567709187633
0.9744852836372008
0.9770859381378038
0.9768537363217293
0.9819770191911888
0.991080208982993
0.994018765877159
0.9980969106351036
0.995489027143372
0.9924316211616739
0.9907675678603304
0.9878059780525525
0.9735206386446975
0.9491292815469295
0.9226103869642596
0.8963357475961805
0.8642139490537715
0.8107138166686179
0.7295896249860916
0.6396169928113691
0.5518022799605512
0.4733430290927348
0.4005755662836584
0.3389257370469594
0.2603094470666409
0.2096119002574875
0.15990864779828234
0.1098617900136949
0.0517989368160004
0.03521929051624176
0.033958698606001855
0.03304018832821941
0.03438438170696988
0.035738769441291625
0.039700649334471545
0.04061230468569715
0.039560111218753864
0.035098384128452544
0.03678604833600731
0.03784074616530724
0.034037485029852224
0.041156949361525995
0.08673171407089157
0.16999839988658288
0.28025657435210766
0.4025299987799999
0.5187371969698803
0.6365752946177593
0.7550353561323754
0.8461874132934488
0.8904659920924848
0.9107409474151089
0.9302348632045849
0.956189790640228
0.9667988620272431
0.9754817290702864
0.9814901901054341
0.9923719692672974
0.9852751093815372
0.9832672643723409
0.9801824389301438
0.9795222304001503
0.9796432068610867
0.9785353694300766
0.9671456816404078
0.9536305034800932
0.9380320014973244
0.919881385133187
0.8965879308053786
0.8689356207651246
0.8309007797944686
0.7742079848923253
0.7034437716944202
0.6242466661951639
0.5460701341875684
0.47507795653861734
0.40789995801690565
0.34214911531708936
0.280584279764283
0.21902391650401123
0.16371944764426127
0.11373007060457646
0.07782354601111942
0.0539231063774259
0.050221593198048746
0.0519799516855714
0.05089943543519331
0.048203142870208306
0.048285212085332894
0.049884206940354364
0.04890632689540452
0.046835846076658375
0.046199304742476584
0.046991803883253344
0.04862219393970692
0.0444661661036566
0.05479566807474826
0.09020152798480471
0.16428499136097693
0.26206311333400933
0.3776193423475697
0.49032648049044286
0.6104455315042024
0.732588131204534
0.8318610473700904
0.8786296874710121
0.8959321041036573
0.9027790402143466
0.9223814422936425
0.9417571628692265
0.9639327912381507
0.9741437068136471
0.9813650988910299
0.9785734431353139
0.9813268216022982
0.9779477904296885
0.9772295048584345
0.9738372784407501
0.9740174765707528
0.9642574310429425
0.950378684243533
0.9345349803928887
0.9142957562753979
0.8893615305787883
0.8551585036049344
0.817033861954099
0.763365770523458
0.68534453360403
0.5987862127808199
0.5136167115735252
0.4400901743267099
0.3674010666364506
0.3154633249951807
0.24510160826937907
0.17809291554742518
0.11536063802848304
0.07358439832884887
0.04450654956127968
0.03766810967506924
0.041835729002962035
0.040358746049279144
0.042086899440781665
0.04112744065896404
0.04040108841902907
0.04307652884843479
0.04503725029688322
0.04441462047839306
0.045541565641063896
0.046831290979024866
0.04341088840751172
0.03424417960406667
0.060807536301235976
0.12470691784241464
0.2173138413253185
0.3104235502983232
0.4184620967160989
0.5283412311896422
0.6479355821027507
0.7615863397991591
0.8463320545247699
0.8886864304999526
0.9096240259795223
0.9207560435173987
0.9368441777997589
0.9550158497574698
0.9721944173591615
0.9773476440416844
0.9836331822712933
0.9858466785635821
0.9863183092667126
0.9851259297529142
0.9839752306008239
0.9803304068704068
0.9767959962113415
0.9671025685723691
0.950177176597345
0.9271989972472142
0.9088343877725099
0.8831720194391155
0.847006405123265
0.7784695721301854
0.6866852924423195
0.5918766646585987
0.5111569771631148
0.4385227598907486
0.36490249201155345
0.29776478043289345
0.24372065671711846
0.19161070131769584
0.15622755919538717
0.1144095999199057
0.08183317477097307
0.05461331723672601
0.057126847790643184
0.05877401871693097
0.05757107312519544
0.054593104202337275
0.05219293559606481
0.050367305244829866
0.048988674867464686
0.04837497151248616
0.045793643146779674
0.045525566781546976
0.04615354047737472
0.049016143048744173
0.047228958771261466
0.05755708028434268
0.10212177354630604
0.18378396157116378
0.29566192282696796
0.422958006480546
0.5484069012020255
0.6693828375181947
0.7820597609339518
0.8630127413257528
0.907689765581462
0.9370666943415429
0.9552825062631661
0.9594897194890504
0.9717143124443288
0.9872635437580072
0.9908092335765282
0.9869888857790893
0.9930694134547177
1.0
0.9960416821149093
0.9883602879228337
0.9863415386721195
0.9877694390971616
0.974006894454828
0.9479429139537899
0.9177012932616969
0.8954062893872538
0.8571030052133063
0.7828354817541634
0.6792083642791374
0.5663419644415585
0.470442245887035
0.39024351956900627
0.31335962746961654
0.22515668705290565
0.1633568290166937
0.13041208076221114
0.09247688743356372
0.051837906615292216
0.03770225877230468
0.0435623107875394
0.043674573960640006
0.040737229750379356
0.03994640114703512
0.038517975050678735
0.03914609264243564
0.03884430624418584
0.037819419868438724
0.03572015593739731
0.03660622393937462
0.0402504025764098
0.034859969537626184
0.04645600380871029
0.1325582548335292
0.26694955445781055
0.41006896948009064
0.5276905804448118
0.6605154544588994
0.7770186264677016
0.8693591858774371
0.916615906921419
0.9363755954180504
0.9429324485721491
0.9625250017161038
0.9769917938882205
0.9815442906901419
0.9791151570948833
0.9857138416567699
0.9821534652371762
0.9714624800254742
0.9647180161239064
0.9590519585344814
0.95217695570871
0.9440544192929041
0.9379845674981226
0.9310130627976149
0.9157070087332473
0.892907966304148
0.8585153943393563
0.8199592828391973
0.7654992524761878
0.6917816207676558
0.6082297126090243
0.5338476353770376
0.4644346302812412
0.3951597751936635
0.33333221859147966
0.308243121458323
0.3980885431343925
0.36689460281465847
0.24782495672444724
0.10614737140803518
0.09840752163194963
0.06683388598170889
0.05619143930293395
0.05639572182674085
0.0530592303192913
0.05215641016918934
0.04875246148171655
0.04823592901975799
0.047447983488315325
0.0485711878259413
0.05026475693128341
0.07885563849816021
0.13312108175080084
0.22099510571891512
0.33526579690604297
0.4736778300516754
0.604157481092038
0.7297111105081583
0.8302074641366426
0.8876502712994613
0.9141138875388953
0.9354997047799781
0.9577607421457948
0.9678246901419302
0.9746848132806232
0.978867543891378
0.9871413171305365
0.9859410987027486
0.9808617264431228
0.98525122260506
0.9920288641834514
0.985493190762561
0.9645767573050686
0.9476674591904554
0.9275756173666501
0.9039565066723164
0.8695982447215468
0.8177822742603308
0.7446734542586546
0.656606229415783
0.574343946527798
0.49670490200901096
0.4278974646140141
0.3623286807958451
0.28729211351240874
0.17527064630729544
0.2948373449652608
0.32525635384245194
0.23670085118177722
0.03397405239499094
0.051141655963130646
0.04387313602017896
0.04353448610050669
0.04884144766934532
0.05156011412153803
0.0493111904581269
0.04923819718391899
0.047851222595201144
0.04729370316089831
0.038387836388506784
0.1682353760747363
0.2798930223337429
0.3607366490379867
0.3927819861399367
0.5213464618009822
0.6425919770162217
0.7611777393343864
0.8557254520885424
0.896868799211295
0.9254940217265195
0.944782676412147
0.9633441690474478
0.9800754679953478
0.9917980804993917
0.9934519519715275
0.9943446535260251
0.9997632044821745
0.9967214168572341
0.9920659888707034
0.9838170897634606
0.9747664946821394
0.9598444310172972
0.9457469212081603
0.9280306742794752
0.911474297668547
0.8752548172295127
0.8079045829302957
0.7095519719049704
0.614419646135549
0.5286952623434454
0.4519564293371735
0.3832847962300155
0.31565547051811127
0.24071361252699214
0.1776718828954611
0.13184800022450277
0.09561272085633515
0.060587284927671285
0.04697467742681755
0.042193773496891476
0.046482840321214317
0.04397102663416659
0.04444234175795245
0.03993480541967094
0.03706800427130836
0.033643042705603754
0.03642806481731616
0.036233906651558984
0.04626321554659468
0.12427558377291992
0.21715824858572697
0.32288974900918227
0.4231950611349202
0.562687835426451
0.689404123972771
0.8006970995303344
0.8813252534915854
0.9203405471075807
0.9422177424609299
0.9476003743258375
0.9596400560306837
0.9669457449163349
0.9792852477477364
0.9823795159809839
0.9846057566455734
0.9769661523051452
0.96653353673046
0.9507149305377084
0.9327436640529269
0.9095485680836201
0.8775300551892327
0.8354039859537263
0.7634607116854345
0.6834887970329176
0.6048400107428015
0.5287467717455763
0.44348430941630784
0.369489118718973
0.31349625632896916
0.25909231804101246
0.2078960067122129
0.15773346247104222
0.1217232963809818
0.08644247845460454
0.06867695068753915
0.05831174978130079
0.057900811006795415
0.05349305314166012
0.05636502308009061
0.05717927772763961
0.05734220958510659
0.0529398864226401
0.046656008171036066
0.040090000180183216
0.041228834629745276
0.00400753287070189
0.244885960335351
0.39772461631247497
0.4473420767490189
0.36506545010421665
0.5216236725435318
0.6467891118895228
0.767171459503308
0.850037032379625
0.8884519045582747
0.9075708087492408
0.9254392622584586
0.9304684768245093
0.9418671470392
0.956284239776469
0.9693594982009792
0.972441193862181
0.9722105385954336
0.9667165473996866
0.9614042879543407
0.9572235353354666
0.9431674615142874
0.9245110441990724
0.9048891912206872
0.8875994563016191
0.8467576168860134
0.7844076401251487
0.7004711669146523
0.6145119383538497
0.5247967730926725
0.4432059304433522
0.3756993981836339
0.28699033803256063
0.3079294763842729
0.45068851887605443
0.6367069628480808
0.47391108148694006
0.20025911001050023
0.013588265652098464
0.04179702481655508
0.03961502254172629
0.04152331082652361
0.041998722337719945
0.038149549752947105
0.03304570122109867
0.03405118275952369
0.0361016768944077
0.03719104307797855
0.0
0.20759052114750626
0.5222275072391974
0.7632888268492393
0.6324402173735492
0.5209725243665069
0.5213041096066585
0.6831520032755202
0.8029964639536408
0.8711573243941956
0.9021481242588488
0.9251069571145608
0.9444522128171475
0.9570487064652362
0.9692227811389318
0.967753362439322
0.9695664059991219
0.9766082899428719
0.984025434642998
0.9802104012870928
0.9801176433532992
0.9798238650520953
0.9694031440010997
0.9484005662740052
0.9296898669104678
0.9096216253303717
0.8894207119654486
0.8625872427368662
0.8266366352831254
0.7616194079385394
0.6860394723993845
0.6100510253077246
0.5373631827335943
0.4629677211073784
0.3981112057224636
0.340392820501233
0.267653564401413
0.25456958292641024
0.33896934244993804
0.31661614797335486
0.17387610815675902
0.04379619832369221
0.05135677023164341
0.05233725980885768
0.05288174562304902
0.04930153978461605
0.049221843788326405
0.04756720281073505
0.04391860156770977
0.043165434049890594
0.045869834212536806
0.04766890146010589
0.04408511207300618
0.014629740104011614
0.193770057614914
0.3137452863468239
0.36888838582402755
0.3477859928466755
0.4931943784131118
0.6012877818751622
0.7095375808861043
0.8109494026226929
0.8698175902122108
0.9023246331885972
0.9308177289036188
0.9530074866168093
0.964286510156459
0.9722799785023734
0.9795553466126061
0.9824650557598819
0.9796725610555208
0.9766162228850609
0.9720161146096143
0.9555781140627516
0.9399072448883071
0.9236675560913791
0.9050057320733106
0.8652603806017711
0.804453206715472
0.7125449802016497
0.6174972345664399
0.5248354030422808
0.4463738798567093
0.34672272223315614
0.4037122145943015
0.4776257539824066
0.5344973637783378
0.4391719645918195
0.29436648812791155
0.12219042130911059
0.047623913118751277
0.056941326704655036
0.05250068520704612
0.0496099914368649
0.0451280189758227
0.04207585731264146
0.04181585699762558
0.04315224186762998
0.04645891242359026
0.04189461926603094
0.02791196614390128
0.2510118625760952
0.4125632944007131
0.4802309595154671
0.4441225381840579
0.6011329810343504
0.7131528623734492
0.8056114238937552
0.8684754923304673
0.9098120347847688
0.9294267835491762
0.9391295899520953
0.9455858655470059
0.9465842608862145
0.952843178095037
0.9565643955151389
0.9655650698476113
0.9698712730919651
0.9780452161500953
0.9694341027999422
0.9602830130280515
0.9485742563518607
0.9345814841494207
0.907322708836721
0.8772766010783266
0.8351661195331131
0.7686701204997899
0.6751614899140951
0.5783556191337405
0.4923660786032533
0.4221485675795999
0.31665643231221163
0.41809876292724607
0.4873045129897224
0.5824936066223058
0.3633379897388473
0.1915810312006326
0.00973943276514465
0.041013593403683275
0.04039737933110821
0.03867849358696185
0.036919352223098285
0.037440643902442436
0.03554447679981936
0.03060569699192198
0.029125966838689305
0.030756327115120396
0.03609989665537146
0.055547482266177055
0.13531603200391204
0.2560282043837902
0.3913927736651634
0.5005688539109194
0.6181542230773707
0.7332867305116295
0.8303599858972903
0.8899243984731137
0.9235603954875222
0.9393319104152228
0.9395882100435496
0.9442065786518561
0.9539634481266182
0.9562248058661668
0.9549953161083382
0.9540309099485662
0.9570559683448736
0.9497148915098378
0.9437107304039386
0.928642259073426
0.913088274419775
0.8900629181087163
0.8709668981515833
0.8318769154957333
0.7589899381134197
0.6543835197368137
0.5469888764721779
0.44980238621257923
0.36599660695576425
0.27440348938514153
0.20414774372477748
0.14130579837229085
0.09649449345717687
0.05516827894138904
0.04455884999967359
0.042248237992940814
0.042319155987554674
0.040950271245584924
0.038713485127231294
0.03763539553827236
0.03627754828490791
0.03872354242553962
0.03386829742010499
0.009874930777462865
0.17592685511419145
0.3152150371688088
0.40602355294679526
0.4099698644069834
0.5495101755058023
0.6531050758577407
0.7484976917660099
0.8211906195677118
0.8721059299586158
0.9042713049663617
0.9215783947280268
0.9400572833477293
0.9662864035353723
0.975134235675036
0.9741005727661208
0.9740437577604106
0.9787503638887003
0.9713250825589612
0.9607962044720886
0.9423646598137178
0.9195913759629384
0.897448138272732
0.8714096348437914
0.8378416331414069
0.7759234093326669
0.6898349302824853
0.5914044926829848
0.49856886522962035
0.41355723208216777
0.2996201890992683
0.3876918160080984
0.5151224591988572
0.6978894470488415
0.49428318294973034
0.24271760739840556
0.00896618252860505
0.0366040508175578
0.03439656715119883
0.0322999570981865
0.03177074821550602
0.034413105641184445
0.03772026875840539
0.038937759533377775
0.03583807749200445
0.03941963707469482
0.04803121184996455
0.07877419203620697
0.14633219474884582
0.25575332745924023
0.383157693723423
0.5126518726091787
0.6457181790748557
0.7470398986611685
0.8209373254151144
0.8715737393204013
0.9154103841708665
0.9250354547474304
0.9323658835753561
0.9390845032748179
0.9526330683404567
0.9577496416601459
0.9619381490518485
0.963470054761278
0.9598702692508757
0.949811156759681
0.9400768219944013
0.9304152628321889
0.9109250479361017
0.8780409725648806
0.8374463483013509
0.7724596234898935
0.6806594561634869
0.5797870057330277
0.48659358546673626
0.4018937043182414
0.291018762364303
0.3648377801556586
0.523807426052815
0.6840110834039197
0.4662929703448217
0.2050793954689426
0.01928654614845921
0.04987714915999336
0.044365482782415894
0.045313935127437505
0.04565123449176297
0.04278292597754634
0.040860714749367456
0.04005036420438483
0.046962114998600785
0.042156864177403
0.0663019625074199
0.12005265623991201
0.22804356257246744
0.35650787620089436
0.4972058466400039
0.6327932985313419
0.7506444923602007
0.8515680427197826
0.9002222171712463
0.9253504569812624
0.9339355286064103
0.9512200479985131
0.9636600913136287
0.9647581581181874
0.9631976317636134
0.9616455872946961
0.962432669518935
0.9635641397485041
0.9619630438306791
0.9550685638107753
0.936648463683972
0.9214172107100167
0.8950574896736903
0.8675539146293119
0.8279121357534566
0.7773487781322024
0.699262913509316
0.6078707248746993
0.5118409901506799
0.42554316048279284
0.3365351228611948
0.29709348268694624
0.1964288842523795
0.3518798560143154
0.3644398694872848
0.2681056164170601
0.014370164978763644
0.03218132921928012
0.03355856323241834
0.035788347448644085
0.037203773824416225
0.03966865453991728
0.03875312402947824
0.03611386825038021
0.029516425248377665
0.03955082034729086
0.0818956394096466
0.18144530066680975
0.3161611993156196
0.4540668335531121
0.5787602811959183
0.6995667833055206
0.794868102395427
0.8601728847793728
0.9011738490716006
0.9252774179275888
0.9320255330483461
0.9377211185815023
0.9490796140619213
0.9565898957133748
0.9622030476900219
0.9632996671093458
0.967931486344382
0.9690876624358166
0.9638587434768986
0.9512754372517753
0.928830640471899
0.910500512394057
0.889124003859642
0.8653057640898324
0.8305126684366911
0.7870067371479997
0.7228384958840246
0.6392786481220174
0.5522215739007643
0.4693736528717576
0.39969410581706494
0.33142319340598364
0.2626892722334261
0.1942428327354729
0.13865709605214274
0.09612834873561026
0.06440644776846698
0.045675602582068285
0.03452163049104203
0.03270646004881423
0.030950008807762663
0.030902827779818662
0.030649887828766334
0.030908008251432455
0.027740981660980334
0.028033512315735486
0.03592221306724176
0.04448880162077572
0.07992934138042887
0.1484070043256659
0.24840348483938243
0.3633243230198761
0.47504860895262063
0.5940243559828465
0.715819303634916
0.8230208031836358
0.883033950145416
0.9155468895851306
0.9365350977728388
0.9457006553540153
0.9509349919683725
0.9576868900571022
0.965971612403656
0.9648503103707106
