0.4524504990310493
0.4463080146398503
0.4497609334742336
0.4514206903203322
0.45213346156477685
0.4544853286048998
0.4615304428622226
0.4651854878749137
0.469134973249215
0.47468248151787024
0.47681932617578665
0.4751675859591787
0.47943949991639107
0.48916358502390545
0.4990568278478864
0.50190179621679
0.49898977387413224
0.49691356362065936
0.5030696084596181
0.5097154308754556
0.5119813656851511
0.5122367788838759
0.5134859536164474
0.5148979907199737
0.5221494703754384
0.5305194967654989
0.537671260147895
0.5502886065673837
0.5774584300659579
0.6182517683186763
0.6608351704865306
0.6958940684765123
0.7194590883840828
0.744516207284865
0.7775379157988045
0.8118735762461333
0.8425948940557909
0.8753503855046465
0.9013366234301251
0.9158131081549995
0.9299728672947959
0.9464494150177608
0.9589847667560131
0.9659372743128347
0.9795596065282238
0.9846589591685362
0.9892656029830579
0.9906023223235917
0.999314212716745
1.0
0.9953856102293075
0.9895249538070351
0.9891866136006384
0.9838859966073163
0.9644624228581657
0.9267453369155
0.8704263046340173
0.8067388075290284
0.7463723976097532
0.6685677158063106
0.5578588351167457
0.40587985928021175
0.2148173269030316
0.06021241059318079
0.0024365306371204884
0.021850505938008004
0.03595435848821471
0.03520358348795303
0.031864669178174425
0.03283814095345459
0.03650886344806268
0.035293007527144926
0.031077819960674307
0.02713783975091554
0.02704812517182747
0.02154209828193729
0.028276683923176525
0.09259741732072993
0.22513172496835773
0.37336326047810303
0.49489816625599214
0.5809595088845059
0.6518211754402626
0.7107421981030566
0.7639484002613989
0.7976327539769178
0.8195858864262471
0.8353072871242567
0.8430414675596308
0.8522821609471191
0.8569844965028596
0.864310230010982
0.8639520222009849
0.8711833375350153
0.8779198809393985
0.8855177333672466
0.8897229677820125
0.8895867795647453
0.8944119304258181
0.8967663020472031
0.8974557361109383
0.8856074849175468
0.8743335175531082
0.8545824794574286
0.8241449469822393
0.7696800542023994
0.6846469676551805
0.5541953486784608
0.3671483131820084
0.16144144916006958
0.03310591216919376
0.0054575613590359985
0.013880617797859027
0.008410248774141378
0.001362735177402418
0.0056396474730161196
0.00496536412881763
0.006362012420062709
0.004421399747660563
0.009886993461183552
0.03946160170880334
0.0988167735852864
0.2072207220598185
0.3258411245571211
0.44127977302309557
0.524535793282907
0.6073973300338024
0.6841593850421543
0.7486791981365489
0.7855173459456779
0.7990701039080906
0.8129384584893835
0.8271157426085927
0.8407948223800842
0.8434008489089462
0.8536436777675598
0.8537256747816583
0.8657006940850246
0.8748336233321934
0.8819146816029427
0.8729224401151721
0.8619867004060715
0.8399994733373006
0.7923738535127165
0.6999844314868106
0.5462558717458506
0.32356411365699456
0.12293120990851629
0.01520314925439232
0.0026876847953384276
0.0033344834552668846
0.003153917092631642
0.004045119048394563
0.004612988503881935
0.005987734617289654
0.007112644283646272
0.01711433393537454
0.022388895762864413
0.03715177340182045
0.08377589390592072
0.18545516885944074
0.302793779287553
0.4104326424364606
0.5106695430114951
0.6166616768962201
0.7077868223826664
0.7693180492185879
0.8027828080122702
0.8164303688509935
0.8261398866980955
0.8407347992003693
0.8626634558601297
0.8769324289923789
0.8938976074657915
0.9053824387328763
0.9198018842424744
0.9279569919558127
0.9379138699368841
0.9419812095042904
0.9507731207391097
0.9536249054893524
0.9524514215040061
0.9473279745603709
0.9480929394487698
0.9528243228569575
0.9571522273165627
0.9571485446834291
0.9544061368578873
0.9457295737011324
0.921250997936847
0.8783630549361986
0.8200095562176545
0.7302624177855199
0.5965305353158908
0.404321741509806
0.18188363033989982
0.03706281837687635
0.0
0.017936918662961716
0.01906793567152182
0.01889476760753526
0.01923904752433676
0.023004309594958153
0.031129002139303714
0.027066554839988613
0.018966803790317555
0.048031548775479424
0.11832605423735217
0.23800747775139944
0.3680391911690919
0.4931525397069442
0.5825829055282503
0.6638886894866202
0.7337886145842982
0.779272823585217
0.8063688660714275
0.8195760514388039
0.8370818139547074
0.8461483280450114
0.8567070309771291
0.8653498530892063
0.8674659280168243
0.8582316347402024
0.850232567911572
0.8601369736723589
0.8702077971771978
0.8777159679426894
0.8792757908448652
0.8809402426931152
0.8796914633063092
0.8785825193682953
0.8818735800690111
0.8770925788343734
0.8646583357632855
0.8308864232595258
0.7772416458837801
0.6799047328737688
0.534731710701829
0.3183078976942804
0.12992528883795024
0.04136771629086308
0.051093007631601975
0.06288546867904748
0.06659819164490767
0.07126011640129122
0.07211083075809942
0.05991278779039601
0.03934453826043156
0.02117221200655484
0.018266619967713213
0.020017530500577
0.07077545508053339
0.16745932718051776
0.30919142434329666
0.4367539283460632
0.5576465219082839
0.6521247907681003
0.7305556577868461
0.7841261978243843
0.8209083731700118
0.8441340644578698
0.8671523790446468
0.8827603000306559
0.8844777313049346
0.8782972610318951
0.8727381077409987
0.8685599624360913
0.8698233996844458
0.8788346724409519
0.8849992538120666
0.880653228606259
0.8683976812867502
0.84259406985068
0.8007707088989459
0.7532895715670277
0.6975979835984688
0.6177967461784458
0.49829726431972243
0.3123718367567549
0.1411389234862992
0.04932390909254432
0.04272148949019641
0.036246346779533485
0.03452185065955584
0.03204096862059999
0.029648388596723186
0.025842592902971563
0.027741831834916884
0.029508056444806873
0.03159582884014129
0.031932512756296744
0.0645472979531996
0.14759941563464413
0.26678690614697087
0.3845985543061325
0.4853327245936363
0.5628564215417909
0.621737721016833
0.6788796991330726
0.72090353351467
0.7473066827460383
0.7689810192211152
0.7919906214094566
0.804921228268812
0.8103463224860625
0.8192962897398058
0.8259344207331704
0.8280334042909937
0.8287860252874436
0.8343257596202857
0.8442249110611251
0.8518016779375537
0.8524154072182626
0.8464911859865091
0.8398308521406693
0.8385049709299955
0.8362062617486722
0.8310547453533779
0.8137037346840353
0.7861517501038979
0.7481192212550619
0.697542374105447
0.6170096720977267
0.48742524319908853
0.27271359241444965
0.08993972432927562
0.005125480120391514
0.013672380617177599
0.00984672693753875
0.00701491320497121
0.005200182278832017
0.009306623067305023
0.01692317531599441
0.021989545338621262
0.02536162340280246
0.023996326149545163
0.034802113536266374
0.1044571973705496
0.23088066682919398
0.36888941561649996
0.4825625688141528
0.5680329832035657
0.6353655946737921
0.6868748531465819
0.7312135188523509
0.749315935143467
0.7627101870476881
0.7718704720194288
0.784366522769841
0.7853859478964321
0.7901540017565073
0.7933628680655572
0.8018332744414624
0.803297676298617
0.8046143355802806
0.8050719249670321
0.8118023903943032
0.8115472186851512
0.8096770852330577
0.8072259550725613
0.8113014551926967
0.8072703733544341
0.7941714771193762
0.7847583302509324
0.7816027692829443
0.7713456445634149
0.7437909503081307
0.7054281699938773
0.651164541860111
0.5460582769662468
0.3445124483284342
0.14220661281392039
0.03869306056804022
0.03307755517519615
0.02855774939022256
0.01893872114136983
0.01609644339059694
0.01603714686836082
0.018381109471573658
0.02187842349525464
0.02210616673628857
0.024188445261543637
0.028496399649017585
0.0380890943012923
0.07945191310770139
0.16992812619461678
0.2883004342877403
0.3967885714703393
0.5017660640674494
0.6027576972144076
0.6977624800895941
0.7663242813377769
0.8102618870730447
0.8319752852724259
0.8479010853660165
0.8554303705193409
0.8646531875405339
0.8659143489017034
0.8707199679995539
0.8757428105213549
0.8878432108955681
0.8951473256533421
0.9041668544416881
0.9106515923142596
0.9172628791434176
0.9194008460687356
0.9193732691144906
0.9125738108677999
0.9103598621374206
0.910132810011553
0.9082825574878998
0.9020456976312868
0.8979474271634087
0.8935739578252283
0.8941717561700099
0.8839228770477857
0.8593163107055087
0.8156549055545804
0.7564025101067726
0.6713031600839416
0.5657703578809418
0.4235014510539362
0.2513238462161131
0.10555875984688805
0.0360929445538362
0.02336310191340996
0.0263782206649604
0.02498398290730067
0.025621796043286117
0.025743011123770487
0.023946996769012144
0.018795900686591056
0.01621188911736126
0.01631687319695458
0.016789621201917515
0.040641861189318215
0.10369290271151664
0.20331094069500483
0.3153776466103184
0.4251394881830217
0.5244797006947035
0.6054739505783909
0.6816380085373102
0.7443563481949844
0.7897732462258235
0.8153984203872732
0.8399236569635091
0.8533411217526081
0.8586099807819217
0.8659120407823696
0.8773164579304623
0.8864173880803358
0.8883485303581884
0.886964889662301
0.877075928199002
0.8715189075181677
0.8714478990015558
0.8764183339223717
0.8777799350562301
0.8817005825214749
0.8832629525871577
0.8813264010390538
0.8748979167491449
0.8735743055361
0.8734819595589212
0.8723891958778731
0.8675963589854288
0.8623399931666055
0.8546288797988636
0.8426999596446745
0.8147243756377875
0.7528655268843053
0.643682818458611
0.4983805101920087
0.30405937041105
0.1281006789525544
0.031012087652728833
0.024131632835420237
0.02482519401465422
0.019238880455483293
0.012898337493454745
0.010958407087892691
0.010826648146678866
0.011040983319256462
0.012842142743796905
0.015012615710601904
0.02236659997542573
0.04464080096642958
0.09509014462399779
0.18911310885546703
0.30802745157813066
0.4309246148760381
0.5328456310611488
0.6240847903555679
0.6993030033121037
0.7614069944108524
0.7976350947890408
0.8263359059798245
0.844008650795473
0.8615800560136985
0.8779295490643766
0.8959584665121648
0.9095742747251134
0.9113056642209207
0.9154098611394902
0.9139332596149489
0.9134027577337415
0.9075022934856135
0.9029062466962287
0.8990700331961047
0.892371329113295
0.8879139171877207
0.8851945115624993
0.8858980288485648
0.8858464565317475
0.886026274853301
0.8838959500426774
0.881523192478758
0.8745414014845222
0.8625612473686699
0.8388831292702422
0.7888977007585293
0.7031035698700608
0.5843793023588828
0.44061113366823723
0.2667925017259404
0.1246312503047674
0.05375216024326995
0.04609276251276203
0.04689431008864026
0.046795406339850264
0.04009161796240699
0.04421079972365537
0.0474721460339646
0.051160196686821646
0.05200188019205529
0.05303865745103269
0.05098671911094007
0.038842794924419694
0.03615737171771547
0.04161574298327146
0.0776786563289356
0.13485648982394435
0.22123467960084073
0.31155293047907084
0.3959901595128521
0.47982623322378637
0.5609086686141829
0.6281226786306869
0.682060817162366
0.7343240745072764
0.7759892195232663
0.805746682237147
0.8259306450481722
0.8362264726961081
0.8411905404155405
0.8447023275951969
0.8471054814551721
0.8394917509255188
0.8321392553175767
0.8361490398613654
0.8473872745090899
0.8522508967078859
0.8494810082118515
0.8529755991453747
0.8607517778688126
0.8628009448223123
0.8581278822762816
0.855848753455588
0.8624750396916967
0.8625785555784415
0.8578417545107905
0.8440518396777273
0.8187656649363848
0.7734178206808741
0.7111766931740613
0.6302877553316337
0.5184369694770652
0.3656392357867787
0.17933932794718846
0.053081304200286304
0.012447859636887361
0.018097622698343106
0.009070955598579518
0.004479549566792598
0.0035104722197638583
0.0015186384258091268
0.0034247911613003593
0.006026549484495904
0.013821723032476314
0.016484048318396297
0.01963867016515989
0.017522014002671477
0.028011514344625083
0.06629853770139381
0.13842227050582093
0.2368868686444013
0.3410518729002823
0.44553355260646044
0.5357748778763183
0.6180250404748099
0.6857677296164805
0.7417460183018365
0.7806142276038713
0.8033759148828579
0.8134310867718605
0.8184806468323961
0.8284415830776675
0.8411232938131715
0.8513429317585336
0.8550425939936837
0.8620078390968836
0.864461382314241
0.8651534056757904
0.8675041994360653
0.8714964914870996
0.8685599845676544
0.8630166916928269
0.8602645657857937
0.8546510999652647
0.8496153342334899
0.8409725499658157
0.8281013403595575
0.7956361703051492
0.7458735843927229
0.6696492676012433
0.5652617781845819
0.4268167148509838
0.23725309445657833
0.08580364968539818
0.021247392470824973
0.03279970407552942
0.03295786882957389
0.03188110193964192
0.027376853658589034
0.025550614237840347
0.027822675846184003
0.032556015508142105
0.03691146116651066
0.039996088749044874
0.03630384769606878
0.045209852470088664
0.10382514785919539
0.20166120411795205
0.31384847729654497
0.4259849621858414
0.5305851628494931
0.6115197131377464
0.6729109739258781
0.7224143803891939
0.7554085705339073
0.7742256126169288
0.7915711123774144
0.8156005793531774
0.8327112077329824
0.8425633543511591
0.8444832354539811
0.8475068698572773
0.835223414936873
0.8240198139180019
0.8230585901026762
0.8271167144371957
0.8318403984741288
0.8332845952625902
0.8382032825963299
0.838237752014227
0.8326793407813847
0.8126500941762269
0.7822903228469149
0.7513322652957767
0.697564897938372
0.6132133156754603
0.49120833993473945
0.31801269612756455
0.13925446577613435
0.03266381135124812
0.013358006316039532
0.022612072665967025
0.025865471680745437
0.02272925683690398
0.015246046898494839
0.013339900664927675
0.01951509367877624
0.027278969543990034
0.03381708386923814
0.02824980888160369
0.04683514203247299
0.10665804125404933
0.2207250488877178
0.3392346329901415
0.4486458919637566
0.532899310428912
0.6091009567653385
0.6664289816061554
0.7093056056551063
0.7358915813998321
0.7574928452857943
0.7698926178828734
0.7767147785462847
0.7786709897484912
0.7915253685202478
0.8071939502944381
0.8243808277285634
0.832337883229971
0.8374812781490197
0.8349427363889287
0.8290059512181305
0.8229543614604872
0.8146675475036436
0.8112468516348366
0.8071827291132444
0.8040067475604201
0.7941452367215603
0.7708453234250588
0.7423798267942365
0.7101549780035674
0.6591691498727824
0.569428221888252
0.4170326469935547
0.21862865821681
0.07399697682543616
0.029668244188950067
0.03974482860776294
0.035634791944003874
0.03827724899831789
0.040896582982830644
0.041593650051924475
0.037916036248418654
0.037070984317521594
0.038569037589375604
0.04201616469897321
0.07370555526535881
0.13693118244849806
0.23437797511105063
0.3382838525579688
0.44641632227185624
0.5314793774553093
0.6043212470850483
0.6635591844799629
0.7163694428183967
0.7541362622221087
0.7857317941619437
0.8082541186771857
0.8246595584313858
0.8321162411257808
0.8367047313029664
0.8383180327288785
0.8385659608394394
0.8406184210894498
0.8383120754208145
0.8403791708321666
0.8497084546790225
0.8597224976569185
0.8631355904816947
0.8594685418003665
0.8548585223470416
0.8486985772347585
0.8445895304299873
0.8424144228522629
0.839275815917867
0.8287234503712859
0.7934329896342878
0.7275473528635226
0.631084600659095
0.5055321360047167
0.34103506707929027
0.16424685797243432
0.046717738067219586
0.014212912488587649
0.0250158615920092
0.026765626585932175
0.02555744782740279
0.02218353950823871
0.02473042930670815
0.028062035199486846
0.03314528614074358
0.03191723133936827
0.028048838937547886
0.03947043949607205
0.08984081520509618
0.17872054852515804
0.2778891991455066
0.37208625789803335
0.46253008267747636
0.5395861462535543
0.6077830946050631
0.6628995237589235
0.7117615304834323
0.7429795589394587
0.7684594776171477
0.7848817641592853
0.7970092485595154
0.8106094161287841
0.8254629088660885
0.8353435733803948
0.8397335130344944
0.8322873534507276
0.8214696448973525
0.8163369517886839
0.8275734366735409
0.8382410826762073
0.8378310836771355
0.8328354169110727
0.828888866850478
0.8223474093915826
0.8006772431565716
0.7744341180029763
0.7530305766182356
0.7370259572824771
0.7211818411439571
0.7044154395171814
0.689767782626413
0.6672538826160261
0.6375505360968653
0.6095420061477708
0.5814987912664606
0.5463565225115494
0.5018737373511852
0.4407910980609978
0.3591973858866224
0.27979288285761256
0.22513441997583253
0.1846795747305336
0.1537376876225268
0.13834031152758244
0.13565268538970263
0.13594331305203672
0.13983572132448083
0.14091290167504236
0.1371610919020207
0.12852071088341033
0.12378840197896779
0.12069568355009064
0.12055329264984105
0.1219931722134992
0.12456121983018333
0.1270541847454012
0.12034415935036595
0.11382184892915959
0.10369949790687392
0.09655945119929968
0.08635221417304245
0.08160535630828032
0.07513145107281563
0.06899378598061232
0.06654418182052996
0.06875232501680073
0.06999318392051178
0.07163239699875967
0.07472856389033637
0.08704462643465623
0.12837073249549114
0.2100379503944692
0.315689405987145
0.41015357465939056
0.4916451833706888
0.5471868359494816
0.5910680823594296
0.6285845444100617
0.6751462193299864
0.7155155031175298
0.7404732318028345
0.7509683258727831
0.7695692590454167
0.7922112675739872
0.8097247485750977
0.8145091546241019
0.8186290833054609
0.8161635629439496
0.8130345732364342
0.8142456713194984
0.8104549937973782
0.7969421152436531
0.7768737460526237
0.763168405140921
0.7464583972888498
0.719291051931331
0.6729569114322989
0.6097616180715274
0.5178001535905291
0.3901760730215364
0.21644143183860598
0.08414706973136078
0.03153523781795592
0.04015388948212558
0.04009846291127959
0.04185268419510919
0.042115830774288855
0.04101608285404095
0.03294959259462341
0.02732742186514985
0.02435541723771855
0.029996890601606898
0.03139997480106591
0.02762485957180362
0.042239903696804595
0.09719818827825277
0.19903784911176736
0.31367456281830347
0.4242518800009514
0.5120281433238204
0.5801627848753679
0.634628960240844
0.6861207044184575
0.7315796178365256
0.7658650945989565
0.7910962619836047
0.807812556899371
0.8204382086838101
0.8324846821069115
0.83288270610569
0.8267034307346658
0.825667148100906
0.8355498083087586
0.8409261358795396
0.8407290494898559
0.8413372595014521
0.8405305957194913
0.8354370154507655
0.8098398729553117
0.7732874250118497
0.7250036196120137
0.6729584629705436
0.6005027126752793
0.4986331629662
0.34084095894241256
0.17053582547149723
0.06348611503909478
0.03746201502310254
0.03570890489185321
0.028187958136001917
0.020630994629364005
0.01832580648450238
0.01955828289851613
0.02072137708618632
0.021411770822302872
0.022345453773879108
0.03618660755180409
0.056875937007320944
0.1371268150122638
0.2519216560217488
0.37081579375571666
0.4575970293037662
0.5318885782119925
0.5907098967182094
0.6351955126861353
0.6809540332228569
0.7139239806583005
0.7388955925251933
0.7549278402627745
0.7701714356724866
0.7769744931924191
0.7760528796753882
0.7735907464468847
0.7756778539520742
0.7858774346658404
0.8019333049712374
0.8144598933994761
0.8141118304045479
0.8037396476854233
0.7892735722532414
0.7595092173201895
0.7202248939536599
0.6744629089701855
0.6191299232087223
0.542365338500987
0.44329765544715977
0.3024694929904234
0.1562347772084348
0.060428837653128634
0.04075106265762971
0.04331568385158348
0.04515496172069687
0.04310418537102946
0.04403022511944413
0.0381264034683412
0.03624413647004903
0.037673428876527505
0.04035569653897066
0.0380307071477379
0.039610831045755836
0.07688966321776593
0.16475528945967227
0.273813105488728
0.3743946763946245
0.4594877533558074
0.5295844791714553
0.5778861821107794
0.6300415845514711
0.682182018732208
0.7283361199111282
0.7541276931780005
0.7722695711961604
0.7790972458031805
0.7872707101741783
0.7980008077920913
0.8127211130336379
0.8239696579770167
0.8336858523476834
0.8396347667609155
0.8431354292808446
0.8345880330969951
0.8271129760612267
0.8126908689044201
0.8154638763657357
0.8294597862483984
0.8418404013673669
0.8249734119270533
0.7904364747131458
0.742744226695614
0.6714236714996756
0.5619592702448692
0.41997000551116626
0.2450325229959045
0.10935431797024403
0.0472519234687416
0.049081103335737994
0.05293492583456719
0.05090786057001527
0.04694284730857828
0.04719820974472875
0.0462400770131714
0.04602796420127353
0.05600743529396785
0.07575408258092488
0.11945742724487549
0.19716058092506272
0.28894216313801707
0.36878988717550903
0.4398294091807745
0.5085813108509243
0.5695499468853493
0.6199645081264296
0.6627070134732909
0.69654166208718
0.7248823041446637
0.7344064292869718
0.7469456784342363
0.7638681709300129
0.7863382268260242
0.8044365080845672
0.8167145420558504
0.8140225352948636
0.803205858914517
0.8029095753852584
0.8068320680015288
0.8090362935079863
0.7985526203898071
0.7697623742314033
0.7266057660043688
0.6680510401794132
0.5894401691164632
0.45943235559295553
0.26434373791523574
0.10688875443575949
0.042163460712030226
0.04565008683791527
0.04055535327609665
0.04551713708902277
0.05488523369282023
0.05957875137718621
0.06449874956822248
0.06295810201306425
0.0628564627535755
0.0557890123245019
0.06947812023049425
0.12067558430678622
0.20208821654481754
0.2870483299195383
0.3685146277774268
0.44760384734734354
0.5226395318482743
0.5882768496298371
0.6369835487759393
0.6690291153362168
0.6969098465937347
0.7155735893948906
0.7408721891873281
0.7739342298417066
0.8101512961010113
0.8242314466400533
0.8268247385087779
0.8199150124478174
0.8145541114574919
0.8129212762595688
0.8144621817099267
0.8176808242006937
0.8202837205878987
0.8216848574362526
0.826348872650166
0.820032236516572
0.7907982300457398
0.7416673583311323
0.6970697778405711
0.6402049963511548
0.5607760339424398
0.4520127745574831
0.2881711394903235
0.12944343839709643
0.047130168416763936
0.05112643912168611
0.05565460720533818
0.042278414678167425
0.02760565640251623
0.023884976466006805
0.032351130227544274
0.04169435094882511
0.0480348234873449
0.05008310808441064
0.05287638537870979
0.06603047292148959
0.10364662887100501
0.1650018902285076
0.23166147976696724
0.29552290610976345
0.35394351467901136
0.4171525178280635
0.47490115470207767
0.5289623497907208
0.5697003184497279
0.610143420775484
0.6585842191965606
0.704902496798019
0.7416534102690914
0.756720077046786
0.7719407118406312
0.7798263462695388
0.7907869767734689
0.7959544027902443
0.8006008983104664
0.8028777677241564
0.7973836851047743
0.7954157184355345
0.7958715927681546
0.8017490416234865
0.8042638437416175
0.8033698334252273
0.7967079879656975
0.7873647069225761
0.7818149690235718
0.7693642196185233
0.7480889509846884
0.7286431579529565
0.7151581283091534
0.701617119968211
0.6822625409640953
0.6510347966632626
0.6182620649735681
0.5895743288694845
0.565209592971238
0.5240593516589487
0.47052083442388887
0.39911973524456656
0.3319806849380887
0.2839844781075817
0.2588294224265091
0.23998620379692223
0.22176101578442717
0.20747161461330213
0.1888464526407672
0.16279600847532052
0.132831848642592
0.11158101473369132
0.1008757842186487
0.09433678817521725
0.08442056263122366
0.07192671911111756
0.06178536799295359
0.05547877791028257
0.05132391854436802
0.055910197969765374
0.06325203330127584
0.07151990987078802
0.07333394470359612
0.0681649628539711
0.06321541569921786
0.0770929045332007
0.12977578367828238
0.20587300999461755
0.28318837523221
0.3457761723488334
0.40821777718678676
0.4664312155529907
0.5144169184052875
0.5438886794642532
0.5722377176312053
0.6048346985179892
0.6340438897972096
0.6525339567102943
0.6694846961335734
0.6816498989615258
0.6844917715992158
0.6820791327053466
0.6790107660400087
0.6684526373093954
0.6528394272078318
0.6351381457547783
0.6161761997814943
0.580109238323489
0.5210267920278265
0.4534437843227155
0.36589091745535485
0.21764820581175445
0.08158034746682202
0.022987548207607678
0.02533923799731611
0.0225574300462457
0.022109820588251523
0.02654829740965059
0.02654803779376858
0.028972712495807986
0.029135297462470223
0.02626649375760705
0.025630188332291703
0.029309370890148526
0.031265496582140805
0.043173723357163296
0.0795771568495102
0.15376841090003326
0.2501711176655035
0.34233942515564497
0.4150423136727507
0.4781300184902325
0.536437837493133
0.5868541669881017
0.6258984567759401
0.6606740283786317
0.6800713457275227
0.6955103854641493
0.7114221809257659
0.7355076856933284
0.7545098160856706
0.7593044750261195
0.7608951372023622
0.7607603349633272
0.7641662803362863
0.7670887540395723
0.7726464604751228
0.7733560579036215
0.7504957081907669
0.7037062634367622
0.6411746404678835
0.5789816624938491
0.5032017870418173
0.37469023375698945
0.19874838680845958
0.0693965270691307
0.039202598732065184
0.05937714107603482
0.05994690090432224
0.04943106464894496
0.039524732703872766
0.04265372086966905
0.048084752346105396
0.049737960429628185
0.046407971214192024
0.049540672309914754
0.05318887484087688
0.060162261042168014
0.0961955648355606
0.16619696693977665
0.2541656967733494
0.333355260165971
0.41355137929575364
0.4907626762479286
0.5647889475691368
0.6206913835652467
0.6627222142164203
0.6893175037090337
0.7138445331838831
0.7391905165261794
0.7596147448957831
0.7762493209304973
0.7887854940257989
0.796788404299159
0.8043873748699505
0.8102953042505624
0.8144738465536052
0.8125338383563678
0.8136376513688021
0.808521395127295
0.7957325424964843
0.766659363472966
0.7180520074535884
0.645862278807572
0.5458890234524224
0.4215356184994656
0.2642583054585211
0.1285634727372644
0.0629016766099418
0.06102810102773841
0.059363487208446836
0.04888606741645795
0.04082751684268362
0.036744051579799444
0.02994640388642321
0.0338247704508287
0.0386289877467132
0.04336143098136845
0.04478081204037649
0.06388079854089623
0.08549030798109798
0.14121229455379092
0.2360638815680436
0.34972335370065677
0.439991402581311
0.513975188754941
0.5741835692773058
0.6178817010443503
0.6534175842806947
0.6906325581102507
0.7244980172454574
0.7481935273825909
0.7618585820913286
0.7773246752195191
0.7826623612710224
0.7920518235003039
0.797851581620768
0.7884401765561236
0.767633633573438
0.745129378088761
0.7145207809048549
0.6596098957465285
0.596011188594283
0.5295821034985306
0.4541056771513218
0.3678933476035745
0.2412822711213348
0.12293817658641534
0.0532551843518145
0.048452098442704636
0.05203618231446063
0.05098853570249566
0.05181348863216488
0.048779874965501846
0.04136835914167308
0.03718892602602791
0.04355250801955194
0.04561538252223008
0.04035409907334547
0.03516117108634755
0.04653709266073114
0.08807183737238698
0.15664932602955017
0.2428290819856346
0.32596253107343864
0.3970977991871445
0.453875016856944
0.511875525115198
0.5723843872668654
0.633241858617575
0.684998962738077
0.7210144991202331
0.743958080559774
0.763131087829898
0.7790297700110308
0.7890814064732861
0.7926673476002116
0.7902257456591629
0.7943542871956962
0.8027283369450021
0.816053520828846
0.8255870732030819
0.8243229236604169
0.8136789037007888
0.8027272702632298
0.8013323813876887
0.7971944281192662
0.7929508421160181
0.7783628443268612
0.7539275201990244
0.7213347059981186
0.6669884121468386
0.6010754687476147
0.5135839685710972
0.4155054346837355
0.2741289961057427
0.14067140404725154
0.05396266560315255
0.03904703081788141
0.04148925075732382
0.041242763537316554
0.03407573349250638
0.03134733916801322
0.028686987679750843
0.02999983001161402
0.033016086600569594
0.03601943896179895
0.04837314332326197
0.07339075063214162
0.1205620670374721
0.19423294963728127
0.28073002219031207
0.3609339356430065
0.427034962185439
0.49296660055766395
0.5501843988717224
0.6022398794191245
0.6460039363640908
0.6898496032396604
0.7084631090240674
0.7196051148797896
0.7348505870567107
0.7630576995993661
0.7750051850446716
0.7801558816924291
0.7748403250281718
0.7743433990219252
0.775908061982968
0.7820744648594808
0.7708980940383536
0.7376099758519561
0.6819478235256721
0.6154063792690446
0.5545862625835364
0.49723759726139916
0.4441573903413411
0.34420944571793893
0.19227802651102174
0.07027756898383286
0.030586302049972373
0.035700338008396795
0.033536181640538044
0.035508974120068024
0.032958570326928616
0.03192970560544587
0.03819036525226781
0.04021528080071213
0.0353223819790568
0.03283618547842045
0.03734400847198283
0.043574562122411654
0.07349468021718966
0.13908346828473234
0.23317520606447842
0.32260429034170357
0.40695976173447196
0.47944104142894756
0.549201746690404
0.6082143829614838
0.6649178254853717
0.7069879650943318
0.7389798627477737
0.7615658138663485
0.7859406545029696
0.8002277780026575
0.8069418178511235
0.8095912905210048
0.815242011321114
0.8199641310625811
0.8170139031927647
0.8157837205883692
0.8050616732268471
0.7888762479367738
0.7595440958822467
0.7224761206479929
0.6693644521332042
0.6110262242711252
0.5443335706245823
0.460001843651419
0.3437471585994309
0.2033672826069741
0.09084720361509782
0.04086818660829059
0.03437261546940973
0.029044385656836997
0.028145712718587807
0.029473384931431888
0.02681167834294889
0.025142802018033473
0.025957629795791148
0.029147154032962367
0.03877005225426484
0.07119261917726398
0.11893785744745868
0.19038201600002122
0.279740560112882
0.37207440808165715
0.44331645874375103
0.49919534274576416
0.5407266726839078
0.5788861277502612
0.6232490867068787
0.6733360631495448
0.7069409368830762
0.7301452938682669
0.7495799319264829
0.7633215483731421
0.7729576096840499
0.7795654974815764
0.7829404141412467
0.7785677474929518
0.7686699125757578
0.7583572469152053
0.7507493543836549
0.7451511248168265
0.7361123129977014
0.727918096521747
0.7252798188547916
0.7285647061687928
0.7249159781389792
0.6972027988573831
0.6438403716095041
0.5834387060695293
0.5123258493506632
0.42638427290529096
0.3217784412883252
0.19860044870189605
0.10277190258953277
0.05993519948242333
0.06018710756428903
0.050440329179902356
0.04127576368140794
0.03529114358525617
0.034463810662225966
0.03308429056402609
0.03642377565579938
0.037612446452073685
0.03944701224313382
0.04477708755647125
0.047924866732258084
0.052696678167639496
0.07994787158976786
0.1478915399956281
0.2297313767540237
0.308886669362444
0.3900137845000256
0.4674604694711905
0.5327751659931148
0.5829261519820594
0.6272254643523515
0.6618885504080289
0.6875374583979448
0.7080251009109606
0.7258874921410089
0.747813921264413
0.7591386524147025
0.7701807499226001
0.7800290033990247
0.8001886719617194
0.8063344078267529
0.8130941096982032
0.8103441203222067
0.8188855090531213
0.8234010135095936
0.8387292069770638
0.8388997919564956
0.8327187316651302
0.8195424211779109
0.8196893284800555
0.8092859495647187
0.7933000867787663
0.7668230648291396
0.7286189689048109
0.658131737150598
0.5668611734048963
0.46764920470001115
0.35977473543191013
0.20371926810389246
0.06890246926898363
0.01507095954841088
0.032297738132314284
0.03898059213117189
0.034322068247246665
0.03848446188358811
0.04361098453822676
0.05192710283119992
0.05827875652030473
0.06327551693343496
0.05268494397208315
0.05410071880785972
0.07990903529258064
0.1293480834341068
0.19896069029025637
0.2756005159902234
0.3535294884358026
0.41822638059632555
0.4808208078363342
0.5388711070852559
0.5963995831674943
0.6449835048126132
0.6769904362689664
0.7097074233571629
0.7386939591131192
0.7589623631838756
0.7682706444254808
0.7692650850510745
0.7755161488763858
0.783460447175933
0.7854219854861907
0.7742380769275138
0.7561416072028064
0.7386692344968037
0.7136628717473379
0.6730914348964405
0.6048573504444462
0.5131132209246758
0.39808367695426905
0.24574178789623602
0.11512110186113018
0.04296094808385991
0.030726601997938235
0.0275056917694401
0.027613820799341812
0.026186665906937235
0.021602823672486386
0.0213984093113868
0.022106607363913785
0.02872276485516858
0.032903005675868034
0.034703221889289995
0.05069784590989634
0.09845341150716302
0.17209579999858227
0.26094775418661686
0.34410890534106076
0.41498626392323806
0.47024297334953946
0.5270168885386913
0.5829165080650303
0.6359447419644458
0.6783970503712997
0.7096286500288868
0.7395304814695994
0.7677719771829243
0.7839741497572277
0.783987384484614
0.7779152136726261
0.7776239050876017
0.7793573033378444
0.7816426820158153
0.7782707951517748
0.7691140207802242
0.7614197017705132
0.7613481918943723
0.7575670264989595
0.7282696407022112
0.6788786555300707
0.6013324522548551
0.5077687444146659
0.3968611867494568
0.2691385834252888
0.13636339402308184
0.0479436079230375
0.016036249083608067
0.012336600452581536
0.016071844967895963
0.02127969753031644
0.0244895854101678
0.030973485268196595
0.03040387974054223
0.026813872449755336
0.02917297694129369
0.04026846782250796
0.04378437666583347
0.07019217520698079
0.12542517383525992
0.21108644062181078
0.287869914630364
0.3626688737256682
0.4283276703050379
0.49768051420966386
0.5544103138425848
0.5988319514230775
0.6403599855817428
0.677307815713243
0.7053299647797366
0.7171448163754993
0.7215213292401971
0.7323969529583167
0.7482057615750344
0.7580935316246773
0.7589099517944051
0.7605715705350932
0.7685729139408932
0.7821668408434772
0.7954391460605573
0.8002854399249386
0.8022981970486769
0.809695646954598
0.8211417218262317
0.8175057043472836
0.8085691587331403
0.7913528462544628
0.7923280955666605
0.7938205027662819
0.7856869238146437
0.7380499578651317
0.6674161219845445
0.57721896218171
0.47345819543130063
0.3422027986172757
0.19790684328722835
0.08236443920931578
0.029517376976457326
0.013006278896624592
0.011260499247927824
0.01662667457337539
0.02443809808844028
0.024265094813968185
0.02235951318447981
0.0202888960305385
0.02926318685344803
0.03438094845958414
0.05062696609926822
0.06927638390357552
0.11110751261217348
0.173038149877097
0.2585271889658453
0.34110829438306667
0.42205249031523984
0.49668099592902115
0.5603024368362808
0.6108776451664861
0.6553185817772164
0.6947566443718336
0.7244911954072203
0.7394156855785794
0.742931263882992
0.7516809390912218
0.7627116734561998
0.7681708580370377
0.7772889437951114
0.7886799843912907
0.7947789566173191
0.804124932907451
0.815404092354082
0.8169536499994772
0.8087881884938961
0.8073974219917865
0.8123432046679094
0.8178901789474937
0.8190425388748894
0.8178058145669846
0.8076021812996642
0.7993110177583637
0.7816492545071146
0.7429887791075284
0.6732641688511626
0.5813846582485749
0.4737498028523369
0.35291531444089846
0.2164195356131686
0.09370734658986406
0.03059003637740309
0.021274612978615097
0.024161737836575374
0.01873777196111767
0.01944925527524071
0.01821395708342765
0.020797243624154547
0.024242897033438217
0.027852553107357743
0.031782194904026194
0.05332474071656625
0.1035736031989446
0.1677676201817763
0.23411061558927773
0.2980574787590202
0.36040246076730703
0.4098390857054369
0.4534517107825016
0.4986551655527928
0.5446210095468967
0.5841118099557917
0.614417046212623
0.6448436435549075
0.671113885774823
0.6929215564253319
0.7058699566768597
0.7149480692481778
0.7261771218256988
0.7449654578844109
0.761699134382718
0.7652681317853393
0.7665875817920701
0.7732692539096854
0.7793626417684402
0.7775780352645123
0.7813252587314348
0.795053907457815
0.8075745384101409
0.8127271401109034
0.8179796838181476
0.8151373020791899
0.7967536010056814
0.770547663350876
0.7437587390357696
0.6982839692349736
0.6170276082504911
0.5127930623788315
0.39285407728199195
0.24655477476250637
0.10808672701025455
0.03999853165556915
0.03316246221953812
0.03166143188359107
0.0247945285341768
0.02988546938161855
0.03644465647143503
