0.7316602289307301
0.9503968439053341
0.9931938812045089
0.9862426292830085
0.9887971475357559
0.9949108599352918
0.9962600572168789
0.9961885178632818
0.9967479545494191
0.9951052294959919
0.9985521972485176
0.9939735649861562
0.9993728188058514
0.9918511612623703
0.9900952911461326
0.991956815806048
1.0
0.9953637876141328
0.9923111556993534
0.9875909272494781
0.9916776803844992
0.9873656959518944
0.980095808442009
0.962253866771522
0.9562218644647664
0.9492079901704771
0.9381993901195759
0.9258690143329698
0.9153434727427079
0.9040166891537923
0.8842983028457817
0.8395617366161944
0.7596715965986225
0.6498894321851431
0.5473875050996291
0.4587658765486696
0.3837510027059093
0.3241130796028897
0.26383047611750265
0.2047902015262691
0.13705439909614117
0.09114280847245988
0.05572386073021269
0.05952219303508514
0.0647203332827712
0.08395051924305083
0.07253492887475559
0.07413395877064771
0.032685926223304435
0.10891847600947227
0.23140993627846834
0.35784508310585716
0.3055305975362027
0.2310812310517826
0.19731203474694492
0.3469199338754828
0.5208468461624899
0.6320401750294669
0.6468380911452243
0.6717348070785275
0.6895908337656731
0.7031341932672681
0.7102486375357638
0.7088195469800804
0.6963408339864772
0.6786047641937542
0.6521726292672084
0.6299705719993424
0.6225009841523077
0.6235129985844055
0.6281740996096317
0.6259031115708386
0.6210362384722495
0.6162771165051045
0.6117769616229751
0.5961119355479474
0.5705823693651223
0.5402999760861749
0.5147731492132309
0.48944614922113455
0.46303478870059483
0.4274463265724286
0.3745445702627501
0.3157990717005499
0.25667211478603313
0.22967672523041832
0.1766032204703267
0.12281113261522486
0.07496073270525143
0.06997724055875526
0.06165974571486607
0.029134640189766213
0.11882696737966293
0.2922533895453261
0.2910246854944737
0.11533157606667223
0.005769317085809415
0.045415323716451725
0.04482166626528596
0.038178050341576515
0.020069277054330703
0.13034433674853357
0.1571382179294749
0.10531486933209819
0.0
0.02318110413406358
0.028942330537929353
0.03567515718405732
0.08750683605681389
0.09726210294158154
0.08614357345160716
0.0948046677341358
0.16034001670930295
0.20720578273577966
0.2567298484623367
0.28807549488076106
0.27236980197741717
0.20398484638406858
0.29665357822758437
0.4691731714298578
0.6232362776608006
0.6414997978031568
0.6702769307151852
0.6856727233207581
0.7056515505874323
0.7183343520944674
0.7320295687771783
0.738669330891033
0.7562216893141153
0.7662067460741687
0.7736749284407516
0.7732495461517197
0.780688497335986
0.7893984118400027
0.7982019387297123
0.7992343858729535
0.8074411005572034
0.8174689352697582
0.827537547007184
0.8360022113590744
0.8515481847688721
0.8582893715148754
0.8651324584558046
0.8706960593795009
0.8818043068281378
0.8790815910596109
0.8801465945689905
0.8919582447773292
0.9091745549427113
0.9151184389506714
0.910592378767531
0.9118246137418181
0.9139642023372725
0.9124968282110801
0.9081409004448859
0.9116061070292834
0.917472658043176
0.9190456534240453
0.9203442323895772
0.9240918880353344
0.9253821846204529
0.9254956110489112
0.9277631942510088
0.9301361822885144
0.9349977439752246
0.9353859188220875
0.9314823766465783
0.9217728958319492
0.9155557000778181
0.9205692739841538
0.9250118654365649
0.9235331960750526
0.9125743440700206
0.8947427544899789
0.8744400315403027
0.8574032199907872
0.8440235253811723
0.8177015279878365
0.7786680605848181
0.7199762304396486
0.6723211520239168
0.6495599751587394
0.6344222766451637
0.6100409924452507
0.5868292533000059
0.549800371917294
0.4781433616146774
0.42094691293059683
0.38868896746309395
0.38886843388283476
0.3794187307513967
0.37299565866666506
0.3552059609619667
0.34758400315998494
0.3354724561557331
0.31288342459027096
0.291827110724701
0.26865001261376686
0.2518194491490255
0.23128095890867623
0.20773290737404995
0.18601800437877572
0.17026888004828064
0.15708738761698618
0.13749281942054273
0.12350253376161828
0.11085766230088917
0.11000270550368528
0.10938927940336163
0.11113050591987042
0.10431063541618557
0.10425852665728216
0.09836867444134095
0.09451636369594286
0.0904444993462668
0.09529728246667614
0.10051360743465985
0.10203871947198517
0.10301021161854103
0.09906735838642895
0.10113576024391406
0.09233717697411298
0.10095970595686014
0.10459753855950307
0.1094065021797742
0.10918957302735682
0.14506048999034835
0.19764195030211168
0.23467611447570258
0.24390691691422542
0.2556272939183599
0.27869994681707466
0.31152930531619516
0.33713343265328555
0.3808238061550711
0.4245136705676209
0.4601697720959478
0.4872095473415322
0.5264949353782945
0.5754575793762532
0.621052276374305
0.6548993596864398
0.6788048545294081
0.6994044426226828
0.7209490539767233
0.7297844583433654
0.7477972075684163
0.7702444815560108
0.7802550282163522
0.778360439740755
0.7761663525321864
0.7781535849522863
0.7757404963704485
0.7824777758449137
0.7829706594370616
0.78498690518736
0.790949631414546
0.7968459361467999
0.7983674130399661
0.7979210374551418
0.805928468613188
0.8013453381729638
0.7977157905332841
0.7890412903568106
0.7954680043424869
0.798880644436142
0.8059075172149268
0.8040485832090897
0.8104451444625385
0.8125035386456244
0.8127059612193516
0.8097445143566121
0.8145752027418649
0.8154765779863652
0.8142961819880986
0.8091452968820243
0.8040460450209221
0.8012995061690248
0.7996029417310555
0.8001843235620464
0.7996620213783769
0.7986653692931195
0.7902738367049067
0.7777878558515103
0.7631723803818299
0.7537461817864396
0.7544650221985205
0.7560251833540581
0.7608742756097998
0.7656018950618013
0.7740307720894278
0.7771817393500334
0.7794412497432665
0.7775629728466843
0.7794885779786058
0.7853203438783375
0.7953207499430527
0.8088076749473928
0.8151079400225333
0.8160406406600949
0.8183488090887248
0.8254741374775545
0.8315218010627335
0.8387232546563153
0.8492317141702509
0.8500261559133674
0.8497625962578029
0.848221487895247
0.8551183899841903
0.8619241225560265
0.8720143008507659
0.873658857328449
0.8759855311056073
0.8794367579799323
0.8873010149228807
0.8918506737098718
0.9014122587846385
0.9088970258374712
0.9146319520338463
0.913420004263298
0.916083292938059
0.9213260806505433
0.9249836630590312
0.930813485627693
0.9291662063950542
0.9286331489236911
0.9201742929381211
0.9264948153582101
0.92445067772645
0.9279419849546433
0.9253686970616207
0.931843238993062
0.932396934444174
0.9420182506841563
0.9455680056067531
0.9440655859601201
0.9394716364885576
0.939916318753542
0.9401210018380837
0.9393918222827815
0.9410500499690453
0.9351381854129777
0.9299278073308768
0.9318260512729328
0.9347942012187129
0.9372284672852252
0.938817964114157
0.9419990389465065
0.9388416272014755
0.9394358838297099
0.9360538058682465
0.930420171671292
0.9248678337131861
0.9237790475874657
0.9208740039970557
0.9207763656166285
0.920379175171513
0.9200596205162429
0.9189339501688445
0.9166882788494484
0.9119390164596366
0.9043597754056275
0.8950991413019115
0.8849286607534387
0.8731822602189561
0.8691500724384448
0.8623857378870562
0.8550259620152534
0.8398415537436232
0.8258904384374628
0.8051886705366825
0.7777512237226731
0.743576533597123
0.687260910403858
0.6100092787037521
0.5145157467340014
0.45140122192691945
0.42045168861982174
0.41262590931514986
0.3778994624904821
0.33953641200420015
0.29763222676581114
0.26383618471093223
0.2151521649354803
0.18038281004890952
0.1554428325521354
0.14786862629728018
0.13910758319683802
0.14406688515974034
0.1465648919535601
0.14780795434115984
0.14626064576366682
0.1444823228607721
0.13493914972806292
0.1231837526334648
0.11892673762004324
0.11980159285257136
0.12742765073119688
0.127043388454267
0.1255407903920462
0.11693669041977242
0.13101046354659548
0.12457811814219454
0.12467125662278773
0.1409977491538136
0.19212175160669845
0.24116851607809292
0.3084329219898992
0.3719507057726121
0.42293299432848236
0.461864353880861
0.5049942382840987
0.535343354089082
0.5682379712232852
0.6107744963211335
0.6627925620052126
0.7122254049280322
0.7510699264973288
0.7633061163359349
0.7677179551421167
0.778173442448803
0.7994751366285467
0.814831529274344
0.8287685446419151
0.8468971430004626
0.8647964301223209
0.8843445474721551
0.9058230228950709
0.9230680422042482
0.9282229717231443
0.932743624149265
0.9424500544993585
0.9440528864227634
0.9357680492572645
0.9307226693106212
0.928329114526514
0.9195971344000136
0.9103616104495408
0.9131053162607891
0.918011740228282
0.9187884156308879
0.9097584713629904
0.9026995131860596
0.8922863845519456
0.8851485435731736
0.8818458501621387
0.8817165886066498
0.8746727592984602
0.8642110106607666
0.8514792939874345
0.829605456952327
0.8008464388764482
0.7838789579891617
0.7759824727329967
0.7695680439702335
0.750622927191227
0.7238855716437446
0.6952222256928489
0.6769874567546653
0.652071529560718
0.6114429065340969
0.5718646501944461
0.5401357531109412
0.5093571738673357
0.4703430714385973
0.4302846290237962
0.3614604812599828
0.30197188954170695
0.2613205140647043
0.2560499876289549
0.23295195803678548
0.1952325362032244
0.15862547567402258
0.14710224187076062
0.15680756687230452
0.15565595112927297
0.15359861162723304
0.14405161301698385
0.14427229457027305
0.13977515710840824
0.13724167561686207
0.1318134170467293
0.14332192979428776
0.14492171326432665
0.1464655187356513
0.13847235108210904
0.1335349689881489
0.1227806502360634
0.12626578573720926
0.14147648673902888
0.16121608052837844
0.172888147454645
0.16624724546130074
0.1566805907390187
0.1580385066869689
0.16664177909893477
0.1844935096340953
0.23867814453841737
0.29333973333396474
0.33556537726004987
0.36219260372399625
0.401956925542811
0.43158664243619715
0.45800135217893717
0.4857324131566881
0.5190690100101978
0.5460777137857941
0.558078075458995
0.5735665745453725
0.5924384225278292
0.6149194153930414
0.627602145453567
0.6356640216450452
0.646322964267882
0.6675787087365691
0.6895948940730923
0.7108144348508969
0.7301872884421892
0.7480025494443592
0.7591317893602711
0.7657873653079998
0.7640682348679737
0.7723649836716718
0.7835294440667262
0.79474167806733
0.8017998387450214
0.8122757330779496
0.8181987829206668
0.822476704704418
0.8261705779256409
0.82821053006961
0.8313014338958788
0.8285436737535888
0.8228982493574432
0.8251897204904051
0.831035622704614
0.8350949622639525
0.835776306302876
0.8320100997874987
0.8166129495299004
0.7991410718652862
0.7947152124239285
0.7954715034212555
0.7951407533473431
0.7803421467328281
0.7776287631883787
0.7702853851027023
0.7557877424607155
0.7228541596228352
0.6992320874493511
0.6783108222445486
0.6692403199885728
0.6631863445129099
0.652770434188256
0.622899620681999
0.5752868050244736
0.5252369000471535
0.463048674538866
0.38896794798755524
0.327089271503427
0.2876962156539417
0.23277841398514437
0.1790453061455898
0.15389852257009579
0.14940678160594922
0.14379973718475178
0.13559340539011674
0.12802587693867437
0.11215876510328471
0.10073448300267329
0.10099329920421757
0.10989563905395756
0.11654460383937161
0.11856292549044577
0.13188394992252958
0.14320504937913334
0.14649828887077346
0.14695958856884664
0.14671585553740912
0.14954538353889713
0.14863772312559823
0.15068295743924034
0.1458257705467585
0.14419239511010978
0.1489058208888043
0.166045520303572
0.18622834957365333
0.22950442981958877
0.28762908955473737
0.3334900851691839
0.3581681860160913
0.3983082997174771
0.46087814811876443
0.5049516407137167
0.5328997657076667
0.5723520883799579
0.6183446768024805
0.646171638210269
0.6665601186584695
0.6888860267174084
0.7099233111927299
0.7282585461586575
0.7427471138480758
0.7591965366188946
0.7781618458963336
0.797875528362267
0.8093397450243791
0.8254906898573162
0.8437581348969226
0.8640166382157415
0.8839607531339462
0.897570466501392
0.9049916458179523
0.9131826112414454
0.9225581332462619
0.932998079324484
0.9346024217502386
0.9331645599581216
0.923555839165174
0.92019329625568
0.9199184600555452
0.9195511150202598
0.9190052107789677
0.9180407047656198
0.9242651503371264
0.9278279452770771
0.9287286155921085
0.9222079552990451
0.9205912578807033
0.9242935106154525
0.9229970728920449
0.9021201867133468
0.8417411068752224
0.7603331295142974
0.6952382691836003
0.6698691160780954
0.6547430662639263
0.6403941541261979
0.6337356846987728
0.6339567338386276
0.6200386956683906
0.5810734941663349
0.5336617467773909
0.49072821502811165
0.4547615143945305
0.4179866487515657
0.391508156067687
0.36807432895930015
0.3353365857203153
0.2891571131311182
0.24905032281693648
0.2181698684568393
0.1981509681983535
0.18165738537808548
0.18221471035283587
0.18926640606970543
0.19670760077099758
0.19055774727587074
0.1861621541362105
0.1826650458674539
0.1891813373316713
0.19286396562576977
0.19576568239579403
0.1887924740782188
0.18374321152716266
0.18177671513377028
0.18449568112769674
0.18564274982929418
0.19084822393184395
0.19421438331498866
0.19292759189211756
0.19002126369004788
0.1961449749089827
0.2036412110870453
0.21872658021941385
0.24530113163229358
0.2732126010811795
0.3007307817035052
0.32034114254483864
0.32721519766449925
0.33390332993012634
0.36061497589466945
0.40458381543888133
0.454014958386114
0.5027108781141446
0.5528051739794476
0.5925537382261498
0.6415034024567833
0.6817990039019891
0.7159722893441409
0.7434557565423372
0.7763430086522936
0.8042878645210114
0.8316233507927219
0.860255676096721
0.8805587000481662
0.8937120681551272
0.907291873435181
0.9179846733157164
0.9221461120605945
0.9308859356705702
0.9323390494808446
0.9302526702912355
0.9279427600716708
0.9329116674922249
0.9382796478303488
0.9459462850263589
0.9449547121743207
0.9403415828866016
0.9407008375623737
0.9482963373411255
0.9522595346110609
0.9500569690911063
0.9397273956885991
0.9263945267233018
0.9173685358605322
0.9123320201853469
0.9107466418502366
0.9057504266460338
0.8976317761934797
0.8770790086206234
0.8473647474887491
0.8074118548334666
0.7642692447991779
0.7146490998625951
0.667317306216159
0.6393034967258318
0.6318167293087791
0.6171640046652854
0.57087256982216
0.5087749128453452
0.45574464134982773
0.4008855483984874
0.3474255605551137
0.3092672977587762
0.2815796641191929
0.25846664674451997
0.23408707671163623
0.21112984205670118
0.18111822732268457
0.16683032275566745
0.16212032673411997
0.15979736940012798
0.15669742811201703
0.15835035991819457
0.1641555539122691
0.16448171850272425
0.16366129458995035
0.16060154463986362
0.15772929908708558
0.15246738416095876
0.15011972926134928
0.14950041245893791
0.150069356709209
0.1465344066495444
0.14445022281234426
0.14480005821713068
0.150158938505844
0.15563427440115365
0.16018984981070514
0.1591384985704491
0.15771807893601017
0.15726339196748332
0.15806764940191298
0.15827582402534715
0.1689933688588946
0.18279800769798385
0.20633936543345602
0.22823025982615044
0.2590038554221532
0.28090592698798866
0.30242914449062186
0.3164019989448346
0.336832658236187
0.3620205411444474
0.3930344836753564
0.4266394021338605
0.45772619688362653
0.4921295638057155
0.518711659506149
0.5432321399463315
0.5600077925126392
0.589181906482931
0.6219270168336423
0.6546537016926721
0.6820911445945831
0.7052323347653279
0.7226969978311343
0.7350428539636946
0.7514260767969972
0.7622192294229434
0.7712523928174149
0.7748477447766867
0.772694991572587
0.76524842709057
0.7585671599691095
0.747448962951281
0.7426891020100503
0.7319298515897094
0.7294420907927625
0.7198820359540296
0.7220379028731445
0.7136239586486143
0.7083690587439918
0.6908974163140413
0.6685445464742036
0.6520585671382463
0.6385383250000813
0.6279281545869273
0.6050855784342819
0.5739104699154892
0.5343363615909085
0.4816184309235909
0.4222268174733295
0.3644902889448399
0.32394970272397394
0.2861964327228752
0.2568156739394176
0.22032407660979988
0.19194369418709736
0.18321950402690593
0.19054717548287464
0.19161004478006113
0.18804753396996976
0.18574273500062088
0.18378329774125185
0.1816180997556472
0.17761123963223246
0.17688747302011382
0.17904932221376044
0.17126944185523107
0.16185037429368862
0.15977416545255424
0.16729363743033374
0.16436222815767998
0.1620258483866373
0.1598202614376862
0.1649661933546297
0.16646650106905675
0.1644760520688787
0.1660174834260599
0.16896972847530187
0.1756116597786244
0.16968232400509703
0.1673510939729651
0.1640025105090573
0.17154356739517834
0.17623261233687548
0.19051543027066678
0.19946981899566588
0.21961790783176924
0.24464291913309463
0.27290700430325915
0.2891092245660354
0.31608073911377793
0.3550885040202782
0.4021857530014946
0.44038861171680677
0.4706151359127801
0.4872116751383256
0.5096785339553543
0.5391899556178824
0.5707974700972749
0.5903570320719411
0.6083019118267415
0.6263545239537429
0.6525754958194531
0.6771502395677952
0.701427660892711
0.7137103185683259
0.7267618597493715
0.7445801743941333
0.7673578639023132
0.7839584671886848
0.7988759204331716
0.8090904452159283
0.8119051401380364
0.8067009223325378
0.8031493120344237
0.8028595767528952
0.7929665936734128
0.7777302826154491
0.7606458913977933
0.7510465133268966
0.7317073098273832
0.7037574533672789
0.6780903024367899
0.6707497172733663
0.672206644952909
0.6681537216275767
0.6565072804663543
0.6431060693618645
0.6107784498446852
0.5518542985041959
0.49072646635883455
0.44586865035728296
0.4229551292236632
0.3959839731327164
0.37540920124080573
0.3418806809694575
0.30223723962526167
0.2560872942349736
0.2190483564670806
0.1919675528187833
0.18038622107776825
0.17803595036537645
0.16867578084606133
0.15758488099620013
0.153273539747045
0.1541679979168306
0.14946074343054294
0.14438133538184864
0.14330116953317618
0.14204466232797394
0.1399765518443273
0.13809024786673407
0.14160662265399265
0.14304596044052675
0.14601129931489323
0.14814725130313214
0.14712668556334416
0.14716031318067777
0.14739590187971469
0.14829506288911584
0.14861993844189575
0.1516366619911693
0.1570487155599476
0.15963106945463065
0.1647711627727987
0.16828837399923544
0.17116924034179576
0.1870218908474411
0.2195003665826834
0.25982675421600276
0.2902640892224294
0.3226760348117023
0.35866147611845633
0.3886017793037629
0.40876690479739347
0.4271793235767103
0.44896866193714297
0.46626220664896334
0.4868967908639836
0.5054677020214621
0.5132079386729956
0.5168112966119149
0.5270370995361288
0.5346374674100952
0.5370780391928317
0.5437960035735174
0.5533996608337639
0.5673990477845522
0.5846446745350857
0.6074615687565057
0.6198147688567778
0.6268540864153079
0.6280182101185019
0.6377911931898264
0.646856550216687
0.6528095491342473
0.6531480135954773
0.6625589829262684
0.6734416476575161
0.6794066740990439
0.6792914344989331
0.6820748770481527
0.6856890592203029
0.6862902677903958
0.6881602486344909
0.6903545246576935
0.6900351176882473
0.6886373928443563
0.6904637132467784
0.692808925444183
0.6939537253993865
0.6913259659068804
0.6807183878021591
0.6587000879587089
0.6323457128766781
0.606904954292552
0.5714033507859145
0.5360873782181713
0.4975190702073768
0.45163812524973257
0.3987224274125202
0.34428849400975037
0.2871754980869399
0.2309590906341301
0.19957772126721873
0.19192387110460254
0.20184431625559904
0.20303354440575386
0.19931211483487213
0.19817191344691487
0.2019285047975026
0.19669092654181602
0.18927768985363844
0.19129443945928237
0.19592050767710165
0.19346268798287874
0.1841788613953789
0.1814782316994219
0.19075290196856307
0.19087883641869552
0.18464779520553024
0.17108796328782389
0.16988545764982035
0.16953207862783876
0.17533618909752982
0.17132525234408585
0.16910292072446245
0.16460595003900833
0.1673135693672745
0.17214212957274977
0.1724800619789571
0.16708696045672927
0.16767132490517475
0.17760142082698394
0.18401809856071866
0.18462189774953164
0.18372952680838192
0.18725195051849983
0.19917941489195673
0.21852896105522393
0.2500450707604441
0.27927390347169684
0.3113413555648398
0.3274075127020481
0.3446348876242788
0.35601237012369136
0.3725485000834668
0.3858773361234322
0.4070810985910879
0.4333006321362089
0.4529841543319259
0.4638534707827781
0.47739930536673336
0.49861756722275025
0.5239354530483924
0.5488881533433451
0.5697914005082545
0.5884965028528218
0.5985328748715325
0.6127999652782297
0.6277629277935409
0.6422390322679348
0.6548027831516073
0.666005695018781
0.6746220146961798
0.6835299509932157
0.6986230228324738
0.7083608479444249
0.7086146966499891
0.7090851230711221
0.7154312458588663
0.7197323026240254
0.7167273015323454
0.7117309315597476
0.7092403542952913
0.7064899342725449
0.7068491254315479
0.7057185375972541
0.7033544814688578
0.6963058235483309
0.6985696235746625
0.6970656703681354
0.6906254475572869
0.6763780435233882
0.6642123357836694
0.6481599312982989
0.629150621475269
0.6137390902125259
0.5905210020744354
0.5548879411895626
0.5160413265495355
0.475526837679422
0.43844787649730926
0.4078428561791419
0.3903868827450036
0.3734908384639184
0.34519111284955944
0.3159247357811681
0.2728959521691049
0.24122359822131748
0.208237225477501
0.19613021099841582
0.18482665677074395
0.18971858604332698
0.191192953042088
0.18817869349957414
0.18134512134716568
0.1774619317001883
0.17197235721592707
0.16961711590578826
0.16841161773039295
0.17258073220539175
0.1717207095290668
0.1681085942182804
0.16057625543301646
0.15887198281838838
0.16089629621906262
0.1624785391037859
0.16318844964451315
0.16330459967373478
0.1618474155400532
0.15590799117025314
0.15542301139292516
0.1592673074923441
0.16459483669210956
0.16443380936032206
0.16455699510040295
0.15993639485384928
0.1569108309623435
0.15551740610340492
0.15860884176695167
0.16262603394138014
0.1670254393380429
0.1729901607487919
0.1789858726609443
0.1882163297357505
0.20197342116162664
0.23066728814555382
0.26302288749720587
0.289198468804514
0.302855746781401
0.3226912377668872
0.34509272857809575
0.36193109510380855
0.37347938733232766
0.3873270305186018
0.40795859933759243
0.4320319916795794
0.4521705650767515
0.46784161037040123
0.49289772912888297
0.5248849732726206
0.5482790748486079
0.5666925181436128
0.5850749675968996
0.6005681176583522
0.6066027370509451
0.6139422441701722
0.6257827608144584
0.6452656515348602
0.6568577190296957
0.6629783641010117
0.6662559587207253
0.6712856949260145
0.6736349989324284
0.6691073523692825
0.6570758083638839
0.6458788531729645
0.6368648544654854
0.6297139770902072
0.6075098153261946
0.5888535626999505
0.5767357800992017
0.5749121122987182
0.5698226769079
0.5689359498046507
0.5659249758272932
0.5662176456799635
0.5646192826000705
0.5565948001211426
0.532599548556632
0.5095960141413618
0.481720872111648
0.45845300440939507
0.44266293704123644
0.42654900077562824
0.4040927915689215
0.37635146406717596
0.3558102260924092
0.32975278753442705
0.3000223918308746
0.2583821667392926
0.22824776325623983
0.209025815261065
0.199046904773909
0.18649555480626664
0.1764594792250951
0.16465831225575409
0.15242602004211991
0.15570694159247592
0.16179434834210646
0.16085766600977502
0.1474288023924258
0.14001777652781644
0.13886318363557815
0.13971805549636646
0.14001316667285435
0.13474163270951736
0.13209187817459075
0.12886137544438112
0.12930713248374623
0.12819568514417995
0.12587751990008803
0.12127962991717416
0.12440571883799474
0.12991111804663547
0.13112530016198987
0.12793655754642888
0.1296883120019585
0.1296357193465222
0.12624383397598363
0.12251015410558425
0.12431342318761351
0.125523929302163
0.12923710562348312
0.13351011429132403
0.13718287742897065
0.1385043626212018
0.1352394654105574
0.1358819334678738
0.14006665236219426
0.14867585642486958
0.153460535800625
0.16279852287149912
0.17520373827350258
0.19446657010644847
0.2249758036394578
0.26067002749544316
0.2990857603015658
0.3407391290006042
0.3887533467070501
0.4377334193349085
0.4808219491821834
0.5185416695338493
0.549020935443809
0.5824745826287988
0.6205787016498325
0.6613852364809112
0.692040224586372
0.7141612982091672
0.728467208661792
0.7437329642122494
0.7574681869181971
0.7744153607725119
0.7830453815580357
0.7898138937620454
0.798594779678245
0.8056461209462632
0.8137200795499763
0.8200059220335401
0.8265151788802948
0.8244913108618186
0.8216757387677464
0.8141677508080886
0.8107272699336321
0.8098809820622513
0.8053260251901774
0.7952122711485646
0.783698378470057
0.7711760835225092
0.756720303929126
0.7509914043278215
0.7490329500262678
0.7460560887627006
0.731969115935058
0.7055006656730539
0.6692531484673816
0.6377835669343463
0.6006500928691411
0.5554264641447357
0.5007194862412648
0.45311958479395703
0.40249352072530653
0.33535043124619873
0.25647126245691315
0.19464703377474527
0.16817653686924502
0.15604504466703453
0.15072515540735767
0.1460966829336991
0.1440746158199046
0.1420702488038295
0.14037950134293858
0.13635981056280075
0.13788330151534836
0.1386678009884098
0.1361835755636191
0.13629111193237473
0.13828900297221042
0.1311230621545094
0.12790998011106694
0.1347648342213558
0.14240039763443843
0.1417125330180454
0.13963876866041086
0.13300591698874759
0.1277588833020516
0.12445569186081923
0.1297763316637888
0.12821978870908776
0.13761481413678794
0.15225851354297792
0.1693232583441355
0.1725480849827439
0.19959724650359684
0.24799869842040095
0.30368424569769337
0.3385529115666331
0.3774388427141622
0.41752679762803735
0.4727326829598863
0.5295487261375618
0.5810029103396241
0.6131256487465889
0.6397472250028903
0.670387394885041
0.6956719417540423
0.7103755521242647
0.7200242907136711
0.7304836044401444
0.737622567109441
0.7494659981002555
0.7605275489466622
0.7761968642837844
0.7853332628641179
0.7936091187450843
0.7904479744050262
0.7930650387854726
0.7977307492758522
0.802781378595723
0.8065592183294049
0.8131651106393489
0.8128365403440883
0.8063184562762945
0.8034439252082938
0.8077825721725023
0.8128493294674339
0.8191798048907055
0.8256581848130059
0.837368590547712
0.8449075109796447
0.8481747860108733
0.8534517413283829
0.8601207808956224
0.8595708797708981
0.8622783432693945
0.8704815228922875
0.8751892067433872
0.8688769473432745
0.8724012481211414
0.8770526477958472
0.8804631542316786
0.8760815635187854
0.8785387206328149
0.8847837525738754
0.8869829371810513
0.8836030612502859
0.8785473465215514
0.881014231532244
0.880087750730284
0.8841112081067007
0.8840217187440396
0.883825170096037
0.8789772966489187
0.8802091980318778
0.8764740413186684
0.8614485174840296
0.8340416914910947
0.7995208093152986
0.7578688937199338
0.7189003046673264
0.6892946737350081
0.6585766209748005
0.6165007319864876
0.5686273208910989
0.5152149069435956
0.4560154039819567
0.41338661363908136
0.3895794347283912
0.354644878652038
0.3125943915076318
0.2669745216200371
0.2237886786447401
0.18138613366325668
0.16425651074115294
0.1586059463993987
0.15587380409216053
0.15284941330616694
0.15581356190542692
0.15295607696862892
0.15090484101024257
0.1513751877558612
0.15504834812773563
0.1511551838248989
0.14485278031349924
0.1396442189207957
0.13589614871972794
0.13822302734712819
0.14160324893212003
0.14235961398930203
0.1391310578124561
0.13491606884837168
0.12999591887493314
0.13074209685979166
0.13124465157169998
0.13787938600917574
0.13430722502349565
0.13017056069619587
0.12529101776634186
0.13437080643091026
0.1369539380969091
0.14171169236064132
0.15410945731676362
0.17419638921112549
0.20640077115675987
0.24840231170654237
0.2956966269800214
0.3494460825208387
0.4121176409306901
0.4620515935684372
0.49673427669761977
0.5296663380688286
0.5648737619806029
0.5919698084163438
0.6185357102485417
0.6442081015048415
0.6644377444127996
0.6746626480122498
0.6829025190409614
0.6987308161336655
0.7096986849534305
0.7204200992037125
0.7254389003829239
0.7341916120616953
0.7394583662701716
0.7532099406943084
0.7602523944023517
0.7691226984570969
0.7724950342581868
0.778585117084333
0.778716246792304
0.7826171778897142
0.7804500623429377
0.7770194878501668
0.7702056642351074
0.76549858536748
0.7607792591420303
0.7501946100439942
0.7413799240463852
0.7300239588210834
0.7198291314262493
0.7082127549787852
0.7008335599256589
0.6820917391720028
0.6515627710214595
0.614817802134927
0.5729835887129192
0.5191576267658229
0.4587276648728605
0.4045224009301647
0.34764679663736864
0.2840119755753792
0.21469616659167692
0.170801020970962
0.13627203363239543
0.12138848849852545
0.11074037973461238
0.10859457939760311
0.10119527083452383
0.10407341390477334
0.11046121691749425
0.11176167650883682
0.10622621239449215
0.1065958002778663
0.11019312597547078
0.10334953937430574
0.1006960775181575
0.10810538474978375
0.11835568761335617
0.1163167131851835
0.11547189377200151
0.12359664300870268
0.13824190335786765
0.15584770606025325
0.18888215751327295
0.2578123388057138
0.3414485045482089
0.4329307377272881
0.5177211659058386
0.5957034495602206
0.6578581577621779
0.7075169618836047
0.7408095512945377
0.7566066914762649
0.7690095622128688
0.7787549087017918
0.7857098162944222
0.7890905068694244
0.7880272019578721
0.7894713173834077
0.7839754711269115
0.7754458793348968
0.7641994007624386
0.757449838175599
0.7531757077320238
0.7391982463070363
0.7099786011875288
0.6777050504510924
0.6523860473319049
0.6358304114211891
0.603513702152489
0.576313135709887
0.558588753910676
0.5493928426894422
0.5286315402853694
0.5197211857221411
0.5109725827419729
0.4918316528314712
0.45348397297897947
0.42363415538104326
0.3828533775837635
0.343652674617819
0.2951918684313328
0.24747523385292378
0.19425319486934126
0.13655546617204295
0.10418133178034611
0.09654623867432063
0.10383850511883365
0.10237976556425193
0.09253245297581221
0.0720834347755144
0.04552736696332039
0.03400912946437921
0.03706658145353374
0.05139567251589241
0.057434132096813355
0.05247554613680404
0.039438130923293846
0.03986297454890522
0.04441115855331821
0.0547757412281471
0.05194198978384552
0.05132555537682927
0.04993683310224902
0.0483567188498298
0.044881157282499834
0.04731388863561054
0.056903927763481146
0.04860811934416636
0.044778309887391586
0.02879944770302425
0.025674859120444884
0.12842586460736685
0.2513519106882096
0.34501056564296945
0.25731879075237385
0.1394627657555747
0.16631813282570668
0.35865871838630464
0.48944579036544056
0.4785240589501392
0.47933787819315066
0.4844924820631345
0.4823633952522831
0.4732854689592573
0.46402888360781497
0.4510518140437982
0.4352403225239772
0.41534102981936616
0.40785630597668027
0.40221302022252103
0.4045475455251893
0.412045315725257
0.4342685943516768
0.4574641053773899
0.47891698989270987
0.49354755470418876
0.5043464743675409
0.5146837095274194
0.5217583753352436
0.5229039052697233
0.5238999718773975
0.5135640274558487
0.501577387371053
0.4827498592045728
0.47006844584293217
0.4502603343946922
0.4310185761154485
0.40277911610899075
0.36890272741551294
0.34335987403792995
0.3084009204017653
0.27906782138721875
0.24091831935316993
0.21603373183380173
0.18589823978437453
0.17517308248396993
0.16684080779015414
0.16864445916612983
0.1594569966726039
0.15718790195490673
0.1542542207361734
0.16297631899931583
0.1590739370821013
0.15736408436824703
0.14760048191554995
0.14859041475692797
0.15037460583268186
0.15054211652501634
0.14734730797327306
0.1432057474017504
0.14554415370357873
0.14603449528734927
0.14519912540152344
0.14493238356504265
0.14468909633173538
0.14841332842017876
0.14682542680035948
0.14789598778653018
0.14514694742187984
0.14627923926180242
0.1426845874384414
0.1370807275459554
0.13558201572522927
0.1526214563348539
0.17418882726797585
0.21164841082312988
0.254366681691618
0.2969520127057881
0.32117419842497263
0.3451137906951199
0.3689529757398391
0.3941267861521131
0.421140950812402
0.4503270264827466
0.47632818880476446
0.49005022218044564
0.4937587443596059
0.4910076146134693
0.4915584372296744
0.4926739506089709
0.4898263822556211
0.49169724050267344
0.49381643352611804
0.4923949790150814
0.4917309373622287
0.495849573411863
0.4995974513519594
0.4952124932173515
0.4923832540091158
0.48814167980355433
0.48826405905381337
0.4941596910094688
0.5036144848912679
0.5140511483509129
0.5198407739960479
0.5279427177415142
0.5305183296377768
0.5330966381943375
0.5352132611986334
0.5440191563433061
0.5498608869223078
0.5662624290976891
0.5798473208709788
0.5915900249214571
0.5990999837876839
0.6156049688973442
0.6213574871619301
0.6250385235934485
0.6296806447450052
0.634424338617873
0.6269902909998755
0.6276471593223352
0.623483016701023
0.6042418639642834
0.5602534221400424
0.5149972236175745
0.4748952133753017
0.4459025510007346
0.41251417301305726
0.38169189451866037
0.35892060712785373
0.34219611451314147
0.30109315601393266
0.26244229649522155
0.22050633038598003
0.1804723713686023
0.14481468671254968
0.131231490942298
0.1221724187148396
0.12435965836366751
0.1276840932736239
0.1242323936161536
0.11548524715898065
0.11588649356134724
0.11608480090603232
0.11134595210818996
0.09948070971490244
0.09157701349422061
0.09360532548850016
0.09045716866871374
0.08450390559778559
0.0825751402833569
0.08941483893074303
0.0889321597591403
0.09577620843516375
0.09102575559075063
0.09101286131308248
0.08971252577824991
0.09905927921140449
0.06703832046757183
0.1665260291931221
0.1999088426525784
0.1472847824756657
0.1339787247904918
0.3141999127158638
0.4614729182875538
0.5036143983225506
0.5537245599882348
0.59694517826848
0.6280184604115212
0.6544354275762795
0.6734930468946868
0.6879011350524417
0.6984982427586535
0.7075695260024839
0.7206488108877811
0.7303527744237848
0.7399154042584772
0.7451184723362071
0.7513136755402061
0.7530657579679157
0.7552944210587352
0.7578825118835729
0.7576344078451674
0.7557183850203681
0.7514282528126067
0.7379117450140645
0.7156915403234188
0.6792989481111441
0.6383923746399913
0.5983826153971203
0.5812443288641093
0.5789364704265842
0.5870833513810755
0.591123426643873
0.5914022779834595
0.587391563381067
0.5835829877404604
0.5756002736461242
0.5677034357770233
0.5556459936862003
0.5323214490848657
0.496288425175216
0.44579807538803
0.4044352533798869
0.376836030330898
0.3602581690910168
0.334449374619194
0.2883446355111745
0.22267809435397415
0.16471169711544412
0.14389157750191767
0.1360105737881615
0.13100531726556258
0.1196339903239957
0.11376780065662963
0.09699895851088756
0.08363084106187939
0.07250651754643868
0.07009096985493836
0.07539435162576931
0.09060699895683298
0.09776520818718985
0.09667523164760489
0.09277569705770225
0.09749661026432165
0.09963574468506756
