-0.09440021644197998
-0.008674016116645832
0.05103578455582144
0.01770552302137324
-0.029805481383033853
-0.01882764684316352
0.027666978712622137
0.0038432153667760857
0.014663195159508364
0.007965587435728103
-0.024203665144116406
-0.023986031476225474
0.012006526646674268
0.03040436103573449
-0.012805450058948389
-0.008030932350666339
0.004119324530664046
0.03128058143587557
-0.009308633005483223
-0.007292456452323533
-0.005798613215166691
0.020417642471501834
0.005705806113134659
-0.02216348600357873
-0.029677588773728347
-0.023523768001250573
0.014271523917119947
0.019009660380907824
-0.02628187749980032
-0.008983392049880955
0.0009150528220431985
0.013052698711439756
-0.010188047168962296
0.014035715640488628
-0.020356632696055796
-0.022479029741250236
-0.0032144079762159747
0.017113560691553495
-0.010472120092744463
0.004090828312833489
-0.006801622221470605
-0.004265499429176756
-0.03475988950968219
-0.03326303541488831
0.004319892958474362
0.0075310481424106296
0.02247630148023826
-0.004299756745689525
-0.013411164859030414
-0.014430894321163028
-0.00952316533861845
-0.0046929477661104575
-0.027141939279496537
0.02573816186496364
0.016357636472844415
0.003253985462277378
-0.034034207292250276
0.017419430749763973
0.017713425241916093
0.03309840887803917
-0.020610464218208484
0.008777655153525334
-0.012408511315684306
0.035246553489047844
-0.002825528503753961
-0.016882588350950672
-0.04836413184156357
-0.04664146491718881
-0.15646565618395392
-0.31337760920466523
-0.553297574183478
-0.7710946541654199
-0.7079497206481576
-0.3026293657011784
0.037853123538515915
0.07695285651569575
0.014073039702015394
0.00784702978634237
-0.01754710811826424
0.011358523040206398
-0.019779910124193948
-0.04397950754902205
-0.019424608170274547
0.12897228179484108
0.2935821121072791
0.4244418059994016
0.49395459507538825
0.42686079394113874
0.3783748812897932
0.3181111106032037
0.2642441304122285
0.14219767566891892
0.07087075843831747
0.03715717035907807
0.04476370619016669
0.045639870171344965
0.021338584359124797
0.009234656214560223
-0.006674177167958217
-9.66418507004578e-05
-0.04443704485867235
-0.05000977131166808
-0.06129857914717314
-0.09151589634823333
-0.17849490619877564
-0.302673920834897
-0.5598946637970821
-0.8686543358976123
-0.7177655308084933
-0.26221475110698333
0.047839942440049896
0.006556220253903226
-0.023996274478596535
0.014369098256065192
0.007470485856952609
0.01298289528130601
-0.0036279628895739616
-0.009008798437347443
0.11016798839783702
0.27414703166155996
0.36370806625403634
0.3561970505968147
0.40973065468018105
0.4036629158831279
0.3490098314839937
0.27356861909619695
0.1929322384820286
0.11746614353058422
0.0750491048570655
0.0420011912764692
0.021703273036258165
0.01330729257400679
0.003083323963302855
-0.010279262725112766
-0.0021945286364587592
-0.00359711615628299
-0.03452565664300304
-0.05944510890546004
-0.051540561385145456
-0.0611153954753737
-0.1207523727429437
-0.284245188070435
-0.514441208373576
-0.8485891195694238
-0.7577928104713227
-0.34223886397986647
0.040050912127474796
0.03664390086914316
-0.015928553087359635
-0.004406348237874226
-0.012134478768122185
-0.010933225875275626
-0.022072705827578077
0.010838302633456887
0.04815026252560674
0.15036823808411753
0.23132873621247224
0.2693551144086308
0.3024342371798145
0.3645335720496004
0.37216942518981694
0.33724806978464145
0.2481354596971419
0.1687894714430254
0.11173023459483408
0.12229941738171907
0.09887607889332187
0.06568467525324337
0.03226219922391217
0.007841344818195057
0.024503283596799267
0.012959322484546506
-0.0031514260619405474
-0.01659773208642191
-0.04101596717623877
-0.10601785731995342
-0.20914629140230068
-0.2793134636419319
-0.742803151019616
-0.9077356983542103
-0.6092033223854342
-0.04174003105005309
0.03151971084078608
0.00019581513258156067
0.0032544781905466187
-0.005883353085561857
-0.026110214497547517
-0.025902108723593314
-0.0019285667593353616
0.003497392891849815
-0.032219227283780204
0.22798866875610954
0.4019385397754963
0.5012512933721228
0.3878710932909026
0.4083347358825125
0.2903403200331989
0.20156758367544
0.09408596130746273
0.09011299720527216
0.07772718055834875
0.07931903258440477
0.044193142900640685
0.06151093076090271
0.03722175193355646
0.01894800419198186
0.021132792305629318
0.013833258676869834
0.006915472764181098
0.015298295896068846
0.020175595392457026
-0.0036101027437679418
-0.028398698922214687
-0.07580862140281344
-0.17708462382366782
-0.5990552987423795
-0.8938125243307801
-0.8012244493039954
-0.32078292284080584
-0.04911710490125995
0.030053845713146957
0.012547148675948066
0.0005567460570801869
-0.0063823756957299485
-0.017388412150532395
-0.027393226167863983
-0.0190745134057101
0.13185581359093015
0.2871630298969079
0.39425468514629364
0.3808001648386821
0.3725901489764575
0.33705442447343853
0.24511905283047097
0.1356321021562525
0.06892651729142607
0.09507455456819372
0.0871442734265212
0.06838875001776905
0.05823528714599388
0.03818068248704243
0.007119936091248217
0.000660949654354982
0.003618131612304896
0.011257097357903105
0.016103307717233513
0.021195385780299416
0.007697445683825502
-0.0010388103613831428
-0.055386822090934616
-0.2049746036158085
-0.434541954072447
-0.8437030448540322
-0.8154067875774704
-0.4043880472124075
0.034901123244154356
0.03811155449692622
-0.002236751538468819
-0.001291008771014294
-0.01769230973042246
0.010589079322760339
0.007814788539690188
0.008108034098026295
-0.013554223284813871
0.08015291942753858
0.22191392775334373
0.3344504782900327
0.368425201232149
0.3984946875552823
0.36325528306392685
0.2857459025700077
0.18628530819649683
0.14776594300930732
0.10534555808856338
0.12293206644965819
0.1035301198222491
0.09867430840897333
0.05541827622952721
0.03052130914090802
0.0027013110090673355
0.01070023577024924
-0.0017340379292037952
-0.010719439474873457
-0.0018866752792633115
0.012248776819008836
-0.006661388015786101
-0.0949875505296523
-0.22876936779135523
-0.36213764961862077
-0.8162947867109264
-0.9203060089773236
-0.5642279504096326
0.01150200774660065
0.05574924548632946
0.009468182599795845
-0.002752086957394305
-0.01970155150042388
-0.006043831049576898
0.0070769775125189985
0.011918759311321903
0.02116371377356334
0.18610564035101104
0.3337707416928465
0.41742202916791615
0.37114094162375855
0.36473963549027766
0.3051945395310169
0.2177404886452651
0.13492641552586918
0.06028503237852986
0.04778703392973903
0.059672350146040165
0.0929503567857673
0.07980536912525502
0.05318995495984566
0.04464271886215216
0.029893597298343542
0.02563789195011323
0.009170402133954213
3.364895688941709e-05
0.009945396135201666
0.006486539757540492
-0.036761554268724496
-0.13426086617298272
-0.2015678583102057
-0.7890769330995302
-0.9769948081987568
-0.7009072836834869
-0.03285225574215609
0.010366680605806726
0.03262251508409687
-0.006727491680825739
-0.005905258599338229
-0.03038519785828923
0.0019558374357417888
0.009153229526381677
0.0016556399874421677
0.08087965015836718
0.2215606969733749
0.3222393534039003
0.34466084104443473
0.3853141255782393
0.35481658632757274
0.29584419747351365
0.23928619134537377
0.14935185291657102
0.1065490764517968
0.05867670630559606
0.08164373861174788
0.04522497007831436
0.07787183270443881
0.02839740239251865
0.033455186772422936
0.010058214450387442
0.02508953830076474
0.02095999267093328
0.005254414427649093
-0.0017011753224515592
-0.016002667109338915
-0.006304665775903291
-0.06426984009998461
-0.1510262513796979
-0.2498343759865821
-0.7865842009367348
-0.9129534194491528
-0.6782823990688458
-0.05916669782375826
-0.015650098098413875
0.03158689153268163
-0.01707191273362577
0.024643188209191844
0.0032547221821550253
-0.02678563073705605
-0.02156210044638892
-0.000282464763017612
0.05807308081770191
0.1994026292746499
0.3473204385802184
0.37555959260750926
0.3856457028229219
0.4052818574905893
0.32907231383697894
0.20435269701199033
0.139466978936127
0.15142306537546668
0.08962670810958877
0.06506428176349627
0.06591476940549001
0.06862917570537828
0.024542851707641044
0.005903228573525258
0.002527543910916183
0.0024461876809061525
0.010248812075574461
0.006051125578711355
-8.35093582625013e-05
-0.05145719716317359
-0.2266278910673606
-0.9171373618432968
-0.9784040881118472
-0.6213606803871118
-0.03328831365838423
-0.06724291504115044
0.007777085779988704
-0.0023631853023289326
0.011492826576733312
0.010878919447165009
-0.011555539611003326
0.013580948688321211
0.01134470048338507
0.07796426591313983
0.19236347132652729
0.3349903136071056
0.3816494384312035
0.45389060727270125
0.40841540206578497
0.32380528710657525
0.22855963911848254
0.1706199564195578
0.08886457623729764
0.04423847704197616
0.0495774108298759
0.038733683982429025
0.031174241534521467
0.03526884495264064
0.025427969384925617
0.020287711242893414
-0.004141718518904123
0.021681617824879033
0.006714652042934544
-0.003652529947826902
-0.02349530824989956
-0.019651806407117688
-0.04327111950399676
-0.10749393537085053
-0.23645123049544794
-0.8511109407965597
-1.0
-0.6754731544370821
-0.035532946807700784
0.009957983510478947
0.0416947564638469
-0.005805489009906599
-0.014481512150948625
-0.005326331738481632
0.018562205648651506
0.012848094600019499
-0.021483284465536743
0.01833218672257304
0.18625183966496658
0.37708677637720134
0.44721939280867745
0.44742498167929323
0.4441322978200222
0.4019348690487927
0.2829438077477813
0.17976681859123633
0.08692692892807459
0.04792497388993298
0.04612763883709085
0.040265672312055925
0.001782909600866494
-0.00669115858556002
0.01472110120908657
0.013848135157787945
0.0478250195679762
0.004455076310663323
-0.0014020662069438516
-0.018785456296363277
0.017329278677351966
-0.019485506945129828
-0.007931375078425451
-2.863370370420584e-05
0.007597173277382922
-0.028770081472476276
-0.02226711327370603
-0.03267033630810132
-0.0024006382673331453
0.00550619938051965
0.02081031667982227
-0.014092106689347269
-0.027873040343249986
-0.007966690911608678
0.010150608488556647
-0.0029198148942791977
-0.008322434598844516
0.0064990299257414695
-0.025300650339992452
-0.123521276335385
-0.26423625185804045
-0.3996044312587841
-0.6669219393634275
-0.7674585514437605
-0.547998465290476
-0.13012838469845045
0.02050201258121981
0.007721267222488667
-0.008082191791753708
-0.003745479687418521
-0.013257040652981054
-0.0159748443560183
-0.006113588661703197
-0.007194698938696137
-0.008676008285845983
0.04934310731517167
0.20640572910009544
0.3658571167017046
0.4539242283720912
0.5034110165507868
0.4343487412927539
0.3112101065420402
0.20925398109835353
0.18607919420916513
0.13228769562082313
0.0780481844183155
0.04380168100845715
0.04862471758748982
0.05193553770266697
0.04868401544279403
0.011806047035650764
-0.01623093243077823
-0.03253933439242525
0.00037772848329224165
-0.009781882392031193
-0.06343654357809413
-0.19625833806551538
-0.2586937471811129
-0.5504516568314473
-0.824569178765274
-0.8357383379108356
-0.3785476319241289
-0.03424810776819218
0.0581610746462716
0.02894451091131399
0.014572397484561753
0.009259021447807658
-0.015161994762923098
-0.022910195722379886
-0.04436608536497239
0.030654660354381275
0.1930993102175314
0.36760231750231753
0.4019935117300103
0.41004738504796645
0.4331414423031681
0.4073794878695754
0.3284206057415162
0.19294538304498163
0.12084558627129341
0.053113343742169715
0.06365287020317313
0.03232429441588051
0.023179758199554996
0.0011022249234163566
0.01571756758832114
0.006927021628223451
0.0017751275149852294
-0.002502863125090402
0.007216651971159418
0.0037560709568091343
0.006311167652035027
0.00042485159920232634
0.001690337253100753
-0.02613403679692263
-0.09484934632797924
-0.21067205687291835
-0.2520025467917659
-0.79759870468188
-0.8842707516015472
-0.6793749157797254
-0.08556601164063651
-0.0575183076477521
0.036551880055706885
-0.013656093047223287
-0.01696388713702525
0.01871802754135237
0.019808616248913894
0.0015026908140247362
-0.029272575385074467
-0.01916905922208109
0.0926230883589262
0.2829562013247314
0.44863103676505134
0.49054555556757745
0.47575284086628555
0.35473578658723387
0.25227839468492247
0.18054984621637946
0.15888762981382556
0.11131905182179268
0.0722643136228137
0.03182872509822249
-0.013049811012315131
0.01539699852512394
0.026606670422552162
0.012818281187428598
0.0066479838067690904
0.013699402890858638
0.01630122206103288
0.004690744546723824
0.019394533915263988
-0.004838475695664585
-0.04802413370201173
-0.07739112826970138
-0.17890787998535096
-0.30917467347691896
-0.6572145494703279
-0.8798201626591884
-0.709748856272395
-0.2205515077744919
0.033958291900726974
0.04009543773495653
0.019023438113553802
0.0004421060560244724
-0.014664730548434894
-0.01440808823148951
0.0005298018479509408
-0.01925862996060089
-0.02345837221325507
0.029889940405254382
0.2602382552587908
0.4352502479434694
0.4850157834046265
0.43732260127561035
0.3992254193719425
0.32767876770829757
0.22602343256666318
0.15573207597028263
0.11260829864796564
0.05563984957435253
0.027797851409169853
0.03918798936409664
0.05192794675642263
0.034100727087442884
0.019262084270752638
0.010083223501631246
0.007805288506978556
0.0055551584586868595
-0.007700544136936891
-0.027062566190632145
-0.006280430265914729
0.007282974051711109
-0.03130609883404518
-0.09600774205956622
-0.18767640671074146
-0.27085441419896683
-0.49664255642329447
-0.819189043372216
-0.8062543438744613
-0.3973364419435496
0.032320041862791436
0.0693673370695522
0.001878206892013172
-0.020219913877266595
0.00817264798374958
-0.0009202775162381806
0.005982826224022738
-0.047575415401177344
0.09691306281893158
0.3205215515920636
0.4882955865221279
0.4134449477503283
0.4364292275262372
0.39197724344998736
0.2914545400756116
0.20378479417708076
0.13875611216038383
0.06988466544076775
0.029596499271005695
0.03397765396442731
0.021415168011949693
-0.0016962976869096995
0.0024552888238766075
-0.0029255622463666593
0.007550044324520179
-0.013497585102633035
-0.01081092306846895
0.0008492920399758345
-0.016016716209259405
-0.008733547349998856
-0.005058244343494641
0.0011709157629927378
-0.014356643313514248
-0.06725859455941714
-0.14112395755064636
-0.27784103153732476
-0.7081903522316729
-0.8866591768899109
-0.6367138098774954
-0.14272093777743627
0.0027114593933577394
0.07131921065571897
0.03724241338754185
-0.016263318422737507
-0.03450677328168831
-0.019200964207217428
-0.026930432397608044
-0.029583352755765367
-0.04617136642815604
0.3663912626939483
0.31818909326099637
0.6623605869634713
0.36457537692997616
0.3728401364189803
0.27602261337868095
0.17904126215503555
0.07687865496933047
0.03552812352653779
0.00691223759418875
0.002957584729494557
0.01635316296799425
0.014030282419746022
0.032198944883344245
0.0193669384900843
0.014675979057184116
0.013163265249833099
0.01597924898286877
-0.006049953470389333
-0.0072502343789605395
0.0011710574153462989
-0.03707778345736984
-0.09692107482586591
-0.2250423682559564
-0.3557138169885858
-0.7514980937335803
-0.9097489088459036
-0.6090116330896455
-0.10910127376407
0.0404135350924422
-0.007598911612852772
0.02308528188336383
0.002449111129297309
0.0156452858865516
-0.0023209165651672217
-0.001909140383046741
-0.02797889293765784
-0.00865316675723513
0.0012215251609026295
0.011421413967240767
0.06446402898499778
0.2430168412648301
0.41883125116682896
0.5128862572012554
0.4664768110172719
0.3956940667050992
0.3280467556207632
0.2885063572179124
0.16142329378109416
0.06390616904336868
-0.016720295277148627
0.0028374261886799307
0.002123967547239796
0.02222991213643074
-0.013228494689115213
-0.0006634396949461917
0.011767962685393756
0.006895823348711341
0.014198649463098532
0.0022292843581194085
0.023796489062168805
0.013163194161785324
0.03177040245555833
-0.012061617989785504
0.0032683231725430494
-0.013889698027741947
-0.040260882366154764
-0.08248752394017408
-0.04089373672985563
-0.017188462583835912
-0.03530026987267395
-0.11818394578402831
-0.25232626125495805
-0.46989437592775474
-0.754174023662789
-0.8071924698853548
-0.4547569656147649
-0.0032032346886554154
0.10547022713660575
0.009541903164369703
-0.0461033932443972
-0.022926420110168204
-0.041730769072523016
0.04298882507799873
0.12464333063823642
0.45260011817387324
0.4711829952596756
0.440951530212495
0.19834109025233987
0.2991945757739717
0.2957247540456386
0.31869056368631615
0.18965414266458325
0.10856245661948755
0.04114029668705495
0.016062349299034023
0.008871183109295896
0.021377737683796562
0.0015282078169042016
0.005562656439076929
-0.021149176509499656
-0.032324679444072066
-0.09585162315889417
-0.20145927780954628
-0.3978931727787907
-0.7467915599653369
-0.8911745718968613
-0.57802852529749
-0.07969453403334846
0.06888458544357476
0.03396273085804675
-0.0007526029424707744
0.005914294277823663
-0.047548670668498785
-0.030953660316988364
-0.024412029922002355
-0.0141228439695024
-0.0019313740584538876
0.03503058115619591
0.04378224879405896
0.16825823161203185
0.42696198063963425
0.5239667566708933
0.40995635682503434
0.3580857470824299
0.37565826836688326
0.3083825517038381
0.18799488435662987
0.12413420910120936
0.044168095928291615
0.03048438942805283
0.02460781514950101
0.013971675678409744
-0.019402274903095203
-0.02532865198829014
0.011039632094681647
0.009051556715902805
0.007082829928302114
-0.007079639343628939
0.014514956197205647
0.02310028936865893
0.006181044656233248
-0.017030111821454655
-0.045323421268517204
-0.15091184394331184
-0.16513727731555933
-0.23681936146610086
-0.34866888087135145
-0.670471125129865
-0.7665165013516286
-0.52131820054355
-0.12943706907191307
0.032610651870934954
-0.007882390521948569
0.007378451300057634
0.00913412068000433
0.0002414263181264473
-0.007723935884698857
0.009767895536603106
-0.01034360464634446
-0.05560038714966595
0.04589418450064844
0.3306610546951848
0.5164008247920706
0.4385440918409323
0.28907910283533234
0.23341746700188892
0.30221693210115674
0.31535463292404387
0.25223249255109104
0.14408331657275691
0.04614887805258094
0.02404836099224597
-0.007723954605752711
0.028893088342589378
-0.015571447867223682
-0.0036190782715020842
0.009311701291020385
0.017848048364580652
0.013470848783842512
-0.019962228078659456
0.008831948553878498
0.02823615256852368
0.03970295268489827
-0.0180972502289154
-0.05558914743081051
-0.11034686268312828
-0.16360037047082868
-0.343570091228035
-0.5411267432309974
-0.7170161815669212
-0.6201374200189453
-0.3614161333124848
-0.11060986399441536
-0.014837616928044549
-0.0067614088783301265
0.03361471164025426
0.03251990248661758
0.015556400115016248
-0.016078277819369803
-0.005786289318845521
0.006213275140366616
-0.0012682911982761728
-0.023522984722802693
-0.01891985102274238
0.06601115779475013
0.27893655028963277
0.47621265025071474
0.45943220922571604
0.37966210613036866
0.32051141671935107
0.29729319043887187
0.24111114630440353
0.2013208704490899
0.12153959144987934
0.03611029152789039
0.008865018124746608
0.0022730273590719024
0.013865637861126516
0.029900362005994656
0.009605437907675983
0.001272888312270353
0.005525077053318162
0.006773667599602524
0.003420669163742215
0.004220996290241257
0.014335585369894821
0.038723762566645656
0.02807069909396538
0.0007772197773792282
-0.06179855551565591
-0.17473273454871416
-0.22498855100933277
-0.20559972008635016
-0.34738358306280964
-0.6686465835242285
-0.7811129769331441
-0.4434243146523899
-0.13995265831007153
0.02070048508730188
0.04037045517608021
0.04543218406858659
-0.03660056535915668
-0.06501576527040703
-0.005804353036100948
0.024438005434773178
0.004162172946089035
-0.031583302969257224
0.10060497071831881
0.31286957552936906
0.46480102385714633
0.3752287187093281
0.2944578061266703
0.2898067576644565
0.39183968897889115
0.3455265254663912
0.19183381245540565
0.09601799222662265
0.04626719367598538
0.02099712627389133
-0.028833913419056497
-0.010176686854641471
-0.022396105196361604
0.014917267988747034
0.03604351783050276
0.03527680495418148
0.01089825437182737
-0.0006880567588798437
-0.010342600735591569
-0.013047363225730095
0.013484001905949457
0.0225989845648657
0.019444810970586406
0.012134135968942783
0.0004887174497441758
-0.05777203520211711
-0.17076969583033466
-0.22559992346505542
-0.33499894669188907
-0.6259193728675614
-0.8257475485303035
-0.5813555717996692
-0.21129596207597381
-0.018615042249555586
0.032845149842824016
0.04492079826939443
-0.0064036716215449185
-0.019244938005491145
0.01504070017886485
0.03759454708104473
-0.004854141465227788
-0.021209833895882026
0.0473401881171973
0.44588456639231894
0.48456844753388306
0.38788424948794403
0.2904134059025274
0.46791798432004983
0.3693090098212857
0.22338716213856075
0.1254011218528654
0.06477417427114632
0.03398977980837006
0.004239114643898328
0.005102344014011051
0.008076647201134716
0.011782600135481887
0.0027684417488988682
0.0032006605740431972
0.005994795484906656
-0.01727602051637737
-0.009438610135713586
0.013874477656173799
0.01836320126614063
0.018975447517184652
0.011733770104410205
0.034248047119624904
-0.01455874619043997
-0.007695722018333929
-0.031193752340865674
-0.06065217005730407
-0.19497892395430172
-0.2181234300717115
-0.28930271962462073
-0.5031363044259856
-0.8228615639546976
-0.7050225509271671
-0.28554998908079415
0.031958175996537795
0.025511635157938868
-0.007648573105640517
-0.0072770005230555785
0.012144046553318829
0.04929090981623611
0.04209838015010688
-0.06060905141215723
-0.029599426922996927
0.28689927833362466
0.5282756882367818
0.465062701749168
0.2886552589237106
0.27162192116288103
0.3765676290862886
0.36894450645626203
0.2414971675053691
0.10170152168752973
0.0721181802805164
0.03569502474771641
-0.009248224566634208
-0.011870979230768606
-0.0031664528537722896
-0.009571452097051401
-0.00044979302135087824
0.008839887225823375
0.020217148171443496
-0.0036013154483711877
-0.010586121079365579
-0.006492708552152861
0.009616414420595408
0.0028393694659930753
-0.013373846861785894
-0.034484712657255195
-0.09709782071931489
-0.1598473539712392
-0.2683067074283667
-0.4331932369702154
-0.6374808657714123
-0.7215570201534274
-0.48000297402633635
-0.16874631591092484
0.02704680797293655
-0.010404769968949977
-0.005280767384473044
0.00456886945868815
-0.0015435133613300597
-0.004204423485307154
-0.027072367126816953
-0.03477082345484733
-0.021987684304440522
-0.029152368455702717
0.40585952477006
0.3458265595983578
0.7857815280801109
0.37844250861713274
0.32961074788718425
0.24600077732126124
0.18866566592783884
0.03589863528314941
0.023786559485430472
0.016236931195547335
0.005028586122791641
0.0038605366130519546
0.0033516002197862163
-0.008372589683936192
-0.014251839961813522
0.006831604086177284
-0.009352874638025472
-0.03238834626847205
-0.008311701170151438
0.011001216099329239
0.036117304637720525
0.0005274806938806827
0.003710407184212701
-0.014462487037711715
-0.0022983249502673293
-0.0038929338910628497
-0.0033329687113150303
-0.008764701263285707
-0.00335572140601963
-0.010074485510588977
-0.029985904122653947
-0.11311778793820186
-0.19752501184288868
-0.2511077531687106
-0.5283790195480343
-0.7149921479414095
-0.658202716432517
-0.3244096716713078
-0.11532759760390678
0.014109714023785512
0.00873813138260109
-0.032809585329874574
-0.028053532455774157
-0.010235776861690579
0.004427212966534444
-0.019485267775243263
0.1291083718280852
0.3419445812894933
0.48189799669484695
0.3968917092778995
0.2306226102526248
0.22165336944277816
0.3601388263750345
0.40706207493173663
0.24333403180060525
0.1074425503739753
0.05468392657551556
0.02938779290691191
0.04530141453773807
0.022344441153066674
-0.025046973725001476
-0.029049425723229338
0.011708687665203573
0.01480775217993918
-0.0013107479778166262
-0.03544144278673509
-0.1514829812988104
-0.22536392317040688
-0.5270236698421871
-0.8286459941409171
-0.8367618652385957
-0.34283159721894496
-0.03620213093639937
0.009223811919031027
-0.03578088953328653
0.017397202477897368
0.005147009491473662
0.00772162787110296
0.005557200436681467
0.017500524083389892
-0.04299120535577899
-0.011551171680233972
0.32090692913225616
0.557556311080812
0.5362164524555106
0.23731867628838177
0.21761681320261805
0.2724379913084947
0.4055732044017496
0.2747681933087671
0.11912392359260789
0.007573099270331822
0.027850738695302787
-0.012404639568863408
-0.03421590119801277
-0.017677896866611503
0.029053422159997868
-0.0063820371871896485
-0.04088149711598633
0.0056656327821151065
0.03490117916804314
0.04588895092646934
-0.008560098085665976
-0.03971110475821612
-0.16262885719725415
-0.21806422484567703
-0.3266146583109022
-0.4964571307033838
-0.6585181676918034
-0.5457148379354768
-0.328883029619438
-0.13113226661517347
-0.016229937728811695
0.029888147755923165
0.0126996244839964
-9.203312208452393e-05
0.007202252917748743
-0.003523959586678747
-0.01572811499800792
-0.005338720759957069
0.006498599253403478
0.004710710566154186
-0.047746370810216696
0.12076982667632792
0.43200962828236655
0.5437189015645495
0.3644936942660994
0.19019540023835496
0.37229912459075354
0.4139799800836398
0.32589995532718585
0.10474235532627392
0.07339996382042444
0.020218894075076536
0.0130058449839416
-0.014016228074160829
-0.025291587802247283
-0.006438009458196325
0.014972419967835042
0.010657472291215114
0.014420214686080677
-0.007156262768897653
0.007968618169051464
0.0024121387634774764
-0.024285791265933228
-0.14246080155312107
-0.20380350367360614
-0.3035590973121554
-0.5675339681257671
-0.780223394119984
-0.6639801513600289
-0.26254753816026477
-0.03511641079485192
0.0034843026805007646
-0.018220276436156858
-0.012510663889015968
0.018172801719180072
-0.010946169938469029
-0.03253099222192056
0.006639905217668681
0.24158080473721655
0.5009843260698112
0.4864330478162571
0.39753787125131146
0.362059588551479
0.3838072814505606
0.266830138438758
0.19399725551627497
0.10441207280226275
0.02194713415865591
-0.0029838891012919306
0.0028369365200726113
0.003693966583776352
-0.006410809985642322
-0.012743993063313188
0.00945735551152269
0.026072465969892093
0.02807536994386831
-0.020631247468953545
-0.011320344352537618
0.004431148305650427
0.01171225191424801
-0.02046585329446692
-0.039964858860074254
-0.056623355372119925
-0.14259573494889866
-0.21967102789406287
-0.36163510067504284
-0.67709760964799
-0.7657561943931366
-0.5354164685430948
-0.16294716807994938
-0.04838791576316332
0.02481892125633463
0.00955667943353895
0.006706864048502708
0.002682256193631603
-0.014550392711355796
-0.024924199084109838
0.003978113658642974
-0.035670939604080916
0.215630435599202
0.21818620129020555
0.5415917186656292
0.3737811005325864
0.2791205835820603
0.1559252293244071
0.1449831361022817
0.12714789911300545
0.2270304139306322
0.26111757454807166
0.23618420755427808
0.0413858724795399
0.0005898195152518702
-0.011547723299648694
-0.010550189817550402
-0.0011496399249562232
-0.02035141465609785
0.030169161217975644
0.0038119251933136263
-0.09584951895288932
-0.05470270150056224
0.02167997011864796
-0.048833122634866076
-0.19597730040570824
-0.20988464553037847
-0.41343804535694934
-0.7270375009070804
-0.7175756710785456
-0.378732451098464
-0.12271745286694971
-0.033117045481768324
0.002927135209537967
0.04330380002362587
0.010337845564146875
0.018659255835000835
0.017131501453395353
0.0002903366843318574
-0.046480098143216846
-0.036197994983580804
0.1471609632813024
0.5091148124234395
0.548358391450113
0.37631924664889044
0.2000667450715463
0.3432900145003974
0.19887404971325284
0.19487446860979502
0.12225682958978243
0.12396733309550104
-0.06189378717455454
-0.014366785054841607
0.07341970320124941
0.06805551525009045
0.05930259743719793
0.03212945105804366
0.03717353426280557
-0.021654863289699153
-0.018125232685504037
0.007391816927906534
0.01175246202679213
-0.12177084878896975
-0.09306345799238616
-0.0031030742520030664
0.04316773731751512
-0.08952677710569765
-0.06727152573476303
-0.1122294304065539
-0.1707727642347127
-0.32142950594451153
-0.4329114299245499
-0.582132864928353
-0.532718885138775
-0.30619991453802997
-0.034635723720895746
0.03995962924492111
-0.016704570374879726
-0.010173253710966943
0.006478396341107516
-0.011222483383583526
-0.01429688750002364
0.07054654324732652
0.28033596723537685
0.43654181849420925
0.5097251811316051
0.46171857397321237
0.262981459986054
0.19848364332371526
0.23890154444120223
0.2233015869083668
0.06836996539083963
0.012552764510218474
0.04004490962171623
0.00186632334787414
0.015189933331869748
0.027730134804435952
0.01346894971275507
-7.304396353131964e-05
-0.004365908260287586
0.0413090760911825
-0.023331324034153462
-0.02671508720529967
-0.12256015568819258
-0.15919246410840193
-0.22444567344622118
-0.2515790327834513
-0.4604643165001721
-0.7279140455218188
-0.6339297363891264
-0.2920866909827487
-0.02468520951520455
-0.015581384059591842
0.03050858051034087
0.022571679034695057
-0.017591698477365535
-0.0250014272785104
0.00605142270462196
-0.021089112595754505
-0.003094523494740457
0.16149780675924424
0.3985017031300945
0.5191079542616723
0.5222095652848571
0.35197897566905123
0.15061865878147487
0.22026298908579955
0.3339412962535283
0.2398928027551225
0.02118552941429479
0.024836770468193922
-0.012205790479110199
0.0011949402182218712
-0.0689428906133573
-0.02436850052413467
-0.016560611490436132
0.03586958046864652
0.00017075528717778443
0.02032467788440352
0.03156547242762972
0.02223078898620601
0.016354015290083897
-0.030627183275845175
-0.02864886998425015
-0.051685472124525525
-0.11640006611310247
-0.20651911139058537
-0.32178006042678514
-0.5401157531294561
-0.7188778604641188
-0.5686617919313569
-0.2252371048797444
0.002118227182062717
0.005316046332793298
-0.0013311253289408646
0.006075036286568162
0.020007652685787435
-0.010260062486599223
-0.008079117042397692
-0.008725054781060344
-0.01242741388247699
-0.03651409614367064
-0.02942639781216319
0.1518440753457438
0.39070201189875037
0.5582420509014516
0.4917032651226629
0.40080391930040044
0.2744783232765142
0.20073936180261787
0.1648180457132197
0.13853607817985306
0.07778480669284046
0.03288578121404241
0.0030435317996775303
-0.034766125545483736
-0.009309049182398473
0.021770497102482755
0.012040370685333665
9.465538236802675e-05
-0.04887285415438691
-0.02330315622544387
0.011993481781463504
0.06606257410240796
0.01689990687526852
0.04597070584047313
-0.016698401579290718
-0.0012761711011603969
-0.004902806804040436
-0.05468655855159365
-0.18187872886381382
-0.23612328336270252
-0.253553190691156
-0.3622904635385728
-0.575654933724246
-0.6544186323285777
-0.44663627071391254
-0.1342542544784283
0.004076460530608943
0.00554617165054168
-0.022060462438266308
-0.045910215174680434
-0.024223383660215637
-0.014463767275635434
-0.007470354265270233
0.1034955306296017
0.32809983356294786
0.49674389644309036
0.47889548001114546
0.43579898056604555
0.3145810339743224
0.16294808069128153
0.11995845170549209
0.2493060676046494
0.12550454933298075
-0.05820858603591051
-0.12587836580776318
0.10639752362425031
0.11601145441034169
0.08168447948357654
-0.024541294711982464
0.020231142051190087
0.01382184679572522
0.024980202162449977
0.012033590544883054
0.007847236240384468
-0.009900274373315357
-0.04026433023456969
0.0022987456222687427
0.037540234596594634
0.05298185151820296
-0.008341771153049776
-0.10812990009713801
-0.24845618381687173
-0.3245790056829707
-0.5211947668824825
-0.6638875829710986
-0.6595011073156062
-0.33889468049826366
-0.11444951231994657
0.024798219872794146
-0.010838753498681856
-0.014657966075634212
0.004170868795836223
-0.005698302386265149
-0.011428164899016702
0.04212131958542055
0.24941479385409693
0.45600847701981057
0.5320667140648773
0.4912789567794462
0.3698874484710036
0.21412317398089498
0.1489349897556332
0.18027028346675192
0.1755361700974677
0.07822298332513489
-0.008566750101294991
-0.0076832583394255295
-0.0327983118121635
-0.023137160502505062
-0.020007259611310606
0.03606496183723659
0.01268810653375115
-0.0002092360657876711
-0.014512502388327884
-0.005536289473646044
-0.013240094226981976
-0.01572892625584491
-0.01613580006096357
0.035769369419991315
0.021881130695034785
-0.0022724716708608064
-0.04781134409440122
-0.14857410817673428
-0.26112057781587145
-0.38158339923440016
-0.5884393655630031
-0.7120940634684374
-0.5046968589063192
-0.146296796854513
-0.009074167772380971
-0.015568165898994384
-0.015575347034369766
0.0373090645674282
0.011155052447601455
-0.0029370020456238183
-0.04696688288610473
0.1422868559088501
0.37274055570130876
0.4978668003087918
0.5267886611968252
0.4289272738680021
0.29656466542352433
0.12813035211802537
0.15898632078573896
0.028245040203538813
-0.018546740378339577
-0.07015477363427695
0.040514503114817906
-0.05318582201890031
0.05779382097279678
0.06523979133607313
0.1019550105481222
-0.040340707621872716
0.02819805330042267
0.052363469498957566
0.055302414363607395
-0.0016844043180010788
0.027411243736149896
0.014040753831725547
0.028328096275142434
-0.010423300337695094
-0.03240182176843006
-0.047317306111093305
-0.0034845256424121773
-0.06750346431254005
-0.19588630816000172
-0.3012528793545666
-0.5006118963707332
-0.616522791343717
-0.6275811146002102
-0.32107111053322307
-0.13057414818425966
0.030438418797100023
-0.01778034766170428
-0.015280850542549759
-0.02145623140771414
-0.017762413253441054
-0.007833375456535369
0.03411699623863024
0.2293136954983131
0.4449548628446671
0.523894614553992
0.4661047004713563
0.38215559930393167
0.2887077300664265
0.16523755146526076
0.15818558755163936
0.09234247495823106
-0.026887468521971613
-0.08052097021236278
0.03176571491169863
0.06750179272942572
0.05937517813166174
0.0002749975396496846
0.005732932676378601
0.009280874091210544
0.04424582349593001
-0.005118207089499245
-0.012167897813800831
0.046666551932569515
-0.029020981908425805
-0.010173274876743544
-0.01197461010731954
0.021833893307886945
-0.055790108942656236
-0.04068002065977827
-0.07899657430453513
-0.11293255140000195
-0.16641188388712333
-0.26259154361434117
-0.5453951910645843
-0.7489457383106094
-0.6513887198618526
-0.24117285942434927
-0.026798674593453073
-0.004716543168015841
0.006180319937031294
0.037264528194526525
0.02336552675887521
-0.010321484592786015
-0.008237521485943606
-0.0383129092355829
-0.037762386387677455
0.11185395214622039
0.3029370140075059
0.3953042018166419
0.4306492772817157
0.31847391239096806
0.25494928388688365
0.17880151951742615
0.3139760750751067
0.26480968758205553
0.05247500209253998
-0.06012612255709842
0.020634304413773032
0.1046546034588383
0.06815849128575278
0.042549756151061664
0.035224507823129844
-0.008296290404607927
0.037217008445502506
0.025770874324576722
0.029269429385294102
-0.001375660994238981
0.01420315479439628
0.03399276819837657
0.022121143896262373
-0.0019156115627901647
0.0028667206830525886
0.01271767414576969
0.02215396312995958
-0.03771511452373662
-0.09346938330338818
-0.05454710403259287
0.045627902569874174
0.09333348257837101
0.06038304494079402
-0.14706452331036096
-0.23954814668324953
-0.2964644617699624
-0.4748872035797071
-0.7516796659825753
-0.6985995645083033
-0.3372286433500521
-0.08823770475809409
0.013311846436552421
-0.0006849207478069529
0.01683684952357865
0.010253320549990431
-0.013735314446887515
-0.004073758074850081
0.12192414838737171
0.3474732947391372
0.4581353146335782
0.4599953373480696
0.4889133381540278
0.38901492438185775
0.2511144836995731
0.17736313149019486
0.15871332071298738
0.08373940472438127
-0.005992566191370421
-0.013225941300941174
0.0033426073908992358
0.03197359213427425
0.010312694125469021
-0.02136566604748607
0.02255600089079084
-0.006026719377373728
0.02776434568331218
-0.013447010997436379
-0.008297497142745018
-0.014197240026381055
-0.016982711591500315
-0.23076842168776598
-0.44548644123944314
-0.7712103145876101
-0.870034067654527
-0.5791682380282532
-0.09169948984424588
0.0713457509827062
0.014632918613119298
0.030506780221095164
0.011498883786165748
0.012890941029639119
-0.01803730079509054
-0.032462838060648876
0.09390985927816571
0.326000998975964
0.47417939360841965
0.4871169658639285
0.45952401492906814
0.36773062040679855
0.23630244838079092
0.1687767072544982
0.10352055128111932
0.04703452290930522
0.05137270036700484
0.039162637036180406
0.03105384236504504
-0.0038601720454727075
0.010255827928816777
0.01229354323937683
0.024648074787674695
0.011008073345117414
-0.025980751930507077
0.00373854963478112
-0.006279076696010131
0.015859415129609616
0.009890528488844941
0.027853035028107955
0.008422880880931998
-0.067757545455539
-0.16034114977054603
-0.18731580140118065
-0.21067772649646943
-0.4410363551268259
-0.6923603030325104
-0.7122564410346017
-0.3531671591777706
-0.1078138271671562
-0.016647483522168712
-0.04297926488943613
0.028714605898186484
-0.011145984360300478
-0.010800049232948004
-0.03674564256131807
-0.02433631457797826
0.13545553046586079
0.3443647843333607
0.4603826321328863
0.4394249028565845
0.43395306032564984
0.2895774298324579
0.082391870038551
0.14393962701993107
0.2810462778704361
0.21627286083198308
-0.009936408771149033
-0.021401510659617005
0.0616434042006354
0.05165229217358624
0.03867528538351453
0.012575195659454336
0.010844337827376772
-0.021795756355779173
