1.0
0.9774111366742567
0.9721112017615933
0.9686108530487119
0.9538966651493308
0.9285546246266961
0.9136247813918106
0.9229967332096672
0.9442419347140394
0.9485923293763274
0.9414528486828174
0.9243530703342578
0.9123126256880846
0.8998835738273651
0.8983727094035873
0.8798803755855765
0.8744240475655468
0.8701409348774404
0.850876359985736
0.7797895849838585
0.6857170397913563
0.5900515619500663
0.5177785613094977
0.46683729552475084
0.42113555115995355
0.3644847731088994
0.30528638999350327
0.2138015199204777
0.110750648855653
0.045103416444055376
0.03893372657354809
0.03959607868996194
0.029668225593107105
0.021351086761730573
0.018040605926793914
0.01855349769915807
0.010428342419013631
0.051380513861437986
0.1533620414576039
0.2901046778962964
0.39169241170344815
0.4738634610517576
0.5449561933315494
0.6143740114087242
0.6725101419207172
0.7128381863068352
0.7445196996019662
0.7669811992690702
0.7830984960284713
0.7853007309784718
0.794176505093655
0.8059826213966254
0.8218368338712233
0.8413637122835598
0.8506369664460587
0.8635483162003269
0.8705787871646257
0.8790072681740327
0.8847027189487144
0.9089308091511735
0.9182823064071084
0.9257423082776274
0.9249687936765021
0.9233627590631125
0.902274713858441
0.9114145688851644
0.9144199550857481
0.879400430228927
0.8486788834621035
0.8200602806096157
0.7510014135592132
0.6034155308488715
0.4497993832364918
0.31032419850001036
0.19881531469463418
0.12065328035075967
0.07297904030164168
0.05715602036218895
0.049409307435153524
0.046745927328664845
0.0400701300287236
0.03202023332502324
0.026991714509849565
0.02497913666353038
0.025162377131092307
0.022754296185603054
0.018807791949866252
0.017154146070770194
0.062023655023446075
0.1734994659576798
0.30428238543353703
0.3962377868673581
0.46607959885814493
0.5398299938205614
0.6120169641213066
0.6697610586980777
0.7081119453716156
0.7326339791496301
0.7551013445892251
0.7779213682842862
0.7962078477377538
0.8134596436029741
0.8392421194333191
0.852523594942913
0.8616629331235485
0.8714129506081009
0.8861726901335361
0.8913663613468515
0.9017320156265453
0.9175866662978018
0.9273588816099994
0.929007420917031
0.9331592426467886
0.9380208106530906
0.9351168713969744
0.9336022546129538
0.9333043267903427
0.9307556534551407
0.924634270862967
0.920611795553694
0.8992410980205832
0.8636234462350476
0.824899624808502
0.791769035673219
0.7386056707503811
0.6529611453767061
0.5336154737399036
0.40086703181389877
0.24442359830130392
0.10299173351206527
0.02939544126813499
0.02425902315624859
0.022549497777935787
0.01066538430917305
0.010069167388654765
0.015746694094031132
0.03693328939388992
0.08598796852490297
0.1695352742049937
0.2575059115311957
0.3406228570714367
0.39826197837860716
0.45198978208089624
0.5108705856460569
0.5837901158145421
0.6456301686058735
0.6917587780856648
0.720402438623639
0.7441838188606746
0.7687699644959824
0.7898351277380112
0.8018930037201585
0.8103786952962547
0.8163374580868978
0.8252315619001136
0.8344353467507919
0.8488502491494665
0.8549614608689685
0.8623601766008856
0.8643392334242174
0.8681285105382833
0.865922519130231
0.8650701181136878
0.8668275038050356
0.865828678543991
0.8560577213228132
0.8455342038456612
0.8402902939898365
0.8158014917858304
0.759176662460835
0.6672975645440062
0.5531857641323539
0.4249702192415283
0.32966235763796164
0.23321956009274505
0.12938241770265907
0.04601099257723866
0.02987253983658141
0.03179084061324761
0.03411428529193955
0.03133868130806421
0.035502195667013146
0.036502844086816484
0.04754921552518679
0.046717228469486984
0.044769693246479815
0.03733604936244173
0.0390122307884878
0.053909819608055604
0.13208051783146552
0.2526877637009117
0.36895455536061
0.4577803930674987
0.5514046830091482
0.6416232932081027
0.7135927568142805
0.7668863943674645
0.8064627050668801
0.8353769356269901
0.8613099061527647
0.8852177821119792
0.9026525645877482
0.9151586733498962
0.9303790470694295
0.9405003797253749
0.9436720871264854
0.9452520750305669
0.9517129399554174
0.9587200019521305
0.9633798463253088
0.9672728959117748
0.9655313895715597
0.9703121827818577
0.9613709668428466
0.9496664874879015
0.9346678229364138
0.9385575225893644
0.9420322611883971
0.936051555446006
0.9231406809143706
0.9149190084569238
0.9081414800697041
0.8673462682801636
0.7979417174671015
0.7021401470218727
0.5856513877934086
0.4352500140388814
0.2642638802507825
0.13339990212111696
0.06964806983996194
0.05035603257354883
0.03436356193167214
0.028514945783256623
0.022431918742003537
0.014504549589217479
0.01059233620341131
0.015060776700468103
0.012936750826149916
0.009882845609544647
0.0
0.02081168887225176
0.08471419740767808
0.19829670416198714
0.3094602407718604
0.397947674972047
0.46376395008967103
0.5282489983802874
0.5962608395807077
0.6516994556228466
0.701692699518127
0.7371004483432518
0.7626051136962579
0.7789366310128109
0.7980842345725107
0.81140057898463
0.8296495395094214
0.8488362221712534
0.8624576486307692
0.8784290512898254
0.8989851796951074
0.9142235534205336
0.9238767222103458
0.9397157754525622
0.953260710906468
0.9541161037581853
0.951449028989258
0.9473288637076487
0.9496905143488378
0.9497537044175622
0.9517589754483231
0.95541965274436
0.9619854180132985
0.9650142444300668
0.9584249212710219
0.9496191153731928
0.9436896710953524
0.9369918246895488
0.8970429523016892
0.8252820398734468
0.7309231171834363
0.6243847489571338
0.5067602532066794
0.41685187055026446
0.36975907991939255
0.34298677066245775
0.29432521979155024
0.20034970726683585
0.10272428086105198
0.054584409770319656
0.04847207485522973
0.044941939404913575
0.032948875217785244
0.02969102808905552
0.026459756935174553
0.03276296922252044
0.03489641420646106
0.039478820225983015
0.06453924982146737
0.15921953438830197
0.2899086536698742
0.40668587807062195
0.4936806940333591
0.572108312795822
0.6386600840067465
0.6890967926598853
0.7261248584534264
0.7518973975021672
0.7726557619843712
0.7961892466581378
0.8140765439156662
0.8243963284911836
0.831292200560194
0.8383425394675336
0.8528343981308666
0.8687175793382755
0.8793103264733665
0.8849076469598187
0.8869150813906105
0.8905116521162719
0.8940753029654174
0.893182469565854
0.8924475381549728
0.8923014445928119
0.8961531714086662
0.89350711376264
0.8930346128103746
0.8964352961313818
0.8928210417165349
0.8781513686242965
0.852034229902403
0.8092810105578553
0.7311732261056739
0.6329633285912074
0.5326197289206357
0.4506075560816824
0.3933425378658618
0.33472196681226035
0.24132611476340457
0.13441357864864367
0.0738249498702847
0.05375723293234151
0.05155795336090409
0.048740091117890384
0.04689978064630126
0.03899462621436056
0.030155220513809065
0.029884748866030215
0.02666233147978072
0.04558762597657931
0.102424580427551
0.20930833696941345
0.318223178589068
0.40807984897518523
0.4806761647253373
0.5520426137898355
0.6201796309341925
0.6806324166751536
0.7285173514415089
0.7548140931964702
0.7759718775438514
0.7912499207520746
0.7993146100233275
0.801836030930047
0.812050103930284
0.8236718145207647
0.8358833350762075
0.8485809091893763
0.8571163994551576
0.8651025417416335
0.8722796752231331
0.8794077837648907
0.8887558826863733
0.9022051250722459
0.9122434177050429
0.9149928695569332
0.9135754370626316
0.9131400135711486
0.9133829024785528
0.9135322843510177
0.9088506963466562
0.9077036164473996
0.9054324176375833
0.8954965625558298
0.88170891874007
0.8562967320523399
0.8226400462819113
0.7767784776194938
0.7333074163883884
0.6948427915413266
0.654708032726959
0.5926629396627493
0.4920096229307125
0.3779385470805216
0.2450854382749195
0.12557929489280462
0.04595205281873733
0.022113076613618752
0.01580801040910793
0.016021728418088608
0.013409106231016791
0.012891116517572321
0.005887935297772761
0.009214137115900916
0.028857460848873976
0.0902836356092751
0.19423508685276974
0.31497153889046564
0.40462310599707435
0.47828874573387753
0.5468473693899562
0.6145235367242072
0.6604457899754701
0.7039447877250559
0.7360195242640172
0.7594044253375799
0.7726199136039266
0.7819744871071111
0.7923284940107547
0.8049873589737371
0.8233622618164474
0.8425299030511805
0.859075977204608
0.8676642647468593
0.8787668202750929
0.8909922945136292
0.9032728135766279
0.9058104220975584
0.9121968719081315
0.9214463910028587
0.9267647511476521
0.9241442207731736
0.9228110242448307
0.9252950249335162
0.9283359213300542
0.9342278412099502
0.9325488546107729
0.9263332260218303
0.9190519806575012
0.9161186145526703
0.9096633662832013
0.892270322499357
0.8564358244978035
0.8008564688835396
0.7406543404481293
0.6829099034429997
0.613624858395214
0.5215417703366289
0.4103584768949434
0.2782037943856679
0.15063820975963096
0.07242364687002774
0.054692855710870375
0.055832889284193596
0.050693847758147566
0.04782483475886906
0.044202086139721625
0.038187091431615326
0.04692861362068469
0.09101073251953178
0.1787449960712127
0.28230788611156155
0.3765150698318047
0.4573055868155841
0.5317910275552046
0.6015474146495302
0.6591621104654092
0.7115654319777116
0.7473501634159452
0.7638393018916368
0.7842286912989388
0.8089629424372345
0.8338769721537947
0.8479999097187099
0.8740073876486569
0.8931384747197534
0.8979463646235444
0.8970735441789484
0.8989994520342239
0.8978261840157656
0.9024446168388468
0.9114434100195133
0.9192182331765829
0.9266649156561978
0.9395785728924214
0.9449574257328651
0.9475660567090194
0.9525075386946493
0.9533046331802697
0.9556452637073934
0.9622792505239476
0.971544479117923
0.9693341290857086
0.9446504872805876
0.9230068339803689
0.9099012290858536
0.9072467515675278
0.8907786129466133
0.8760631399594342
0.849842642897921
0.8215274063215178
0.7946570836656358
0.7596258596355443
0.6975132781957982
0.608659504393362
0.5107225778644289
0.4139542676773973
0.33503386963313314
0.24265036788238145
0.1459048884388786
0.09173505162425542
0.08530885353573965
0.08520551015482963
0.07101251731536919
0.06335011772866132
0.06706593068762624
0.0863194018347535
0.13415446006791437
0.215489510482491
0.3256767822810163
0.4017276689936068
0.4657115858827608
0.5167145418853265
0.5701637046881172
0.5957605265597675
0.6252752507857121
0.6486982104216363
0.6680747359810322
0.678350558360955
0.6889791245310799
0.705590129209841
0.7234203332474226
0.7345996838865193
0.7414132294988307
0.7510685219802291
0.7626090741211264
0.771056108236307
0.7744642408268505
0.7789498746586287
0.7816414191007693
0.7831195937400011
0.7830892231436066
0.7882283285772802
0.7919275853220379
0.8009760803043868
0.8075866029379548
0.811453577929841
0.8051651299408432
0.7993439923980652
0.785246862406051
0.773500714336269
0.7635902238626401
0.7592103489112432
0.7512295648842977
0.7264177416581064
0.6614583770300686
0.552570135375445
0.4020116604750488
0.21616936341348433
0.08502170408751154
0.03923365456625666
0.05083839081901044
0.04741375308851612
0.04765648324933387
0.045424997600480375
0.04676572379715234
0.042612764052959086
0.04016121400163655
0.03645467148145275
0.03329904803292495
0.026441448005466585
0.024674415125991733
0.053260814494818495
0.12390151561328101
0.23626214272100882
0.34025327705686287
0.42280659756479516
0.49075692145839195
0.5621596562020695
0.6215317222172007
0.6675051011900109
0.7073611405949837
0.7402720840215816
0.7565175367613892
0.7656389436478237
0.7774123577372128
0.7943903092902357
0.803377293802567
0.8123065116119453
0.8243357918937932
0.84027656039183
0.8535536279363621
0.8615585247010644
0.867746055820062
0.8693601642461484
0.8767028238646735
0.8807213685586468
0.8815411299272751
0.8732867433229407
0.8716518562700795
0.8754709054100234
0.8788350534093983
0.8785824274833229
0.8760344503102895
0.8713886931661741
0.8640726715120941
0.8496614827678104
0.8242051550403713
0.7842725270899679
0.7256430359744728
0.6292718970529497
0.49646197857492397
0.35542076948609674
0.22537953605939876
0.1295897265890337
0.07174305001276315
0.05086143569693182
0.04645904867037633
0.04671624461340874
0.03989233590609805
0.03468020726418929
0.037069228060809103
0.037390708199147894
0.030413979678006877
0.021236704411736133
0.034062225155146515
0.07167083906902712
0.17238739959762614
0.2824098936794253
0.37611519728004994
0.4423679400887275
0.5127225448562939
0.5701906118314377
0.6062321052578101
0.64100788378781
0.6717261630506224
0.6967405690744041
0.7127027617830026
0.7270927760988121
0.7407817913299772
0.7585197963620263
0.7732006524532483
0.7891186391872997
0.8017469454455963
0.8168180709166394
0.8267370189009986
0.8375980525389566
0.8482553911909125
0.8605220186037082
0.8650287907816983
0.8697129350976135
0.8677718844349918
0.8624169797694625
0.8559988328207688
0.8576339502465743
0.8575702132615286
0.8586759862649123
0.8527018655016518
0.8432789819691365
0.8219223247158165
0.7994523443502667
0.7551902243185018
0.6712759752261604
0.5485313343157179
0.40890807753691416
0.2688053314998633
0.13593477761042508
0.06161360484715699
0.04394828593297757
0.05373227746834355
0.04538549123318178
0.037075107749475034
0.03169655154648439
0.03898302279693861
0.04002415259295282
0.03764855533085579
0.031073210170212154
0.05551269183628579
0.12423592275239946
0.23869556596843472
0.3493705771957366
0.43522187822525965
0.505674228326739
0.5772415417679131
0.6399633744904557
0.6968941402212738
0.751078198718399
0.7911025323353579
0.8144325827970796
0.8450007693742357
0.8685235510582324
0.8799736461523269
0.8802039983971716
0.8868107641040365
0.8855645644872373
0.8837539832900491
0.8790974314529498
0.8856993365364636
0.8864556883743748
0.8986404339267472
0.9075972393798594
0.9252544319926189
0.9213255446895324
0.9151233120091858
0.921273555383151
0.9313598682090597
0.9366526746160365
0.9318582296479796
0.9457145043240274
0.9530245554466238
0.9630530772695037
0.9675149271114815
0.9671893024192119
0.932199097698917
0.8517935679971328
0.7458990302752914
0.6261265754303539
0.4995935950525253
0.39102637148828356
0.3225571505553871
0.26301490461330945
0.16495054391115388
0.08526131359049928
0.05012972995176302
0.055086948109451334
0.046177113143038725
0.04224888521729065
0.037835597059923884
0.03693777956913137
0.03429226081178284
0.05095528008051795
0.13200852669268606
0.2500240070151901
0.35457626154875077
0.42080117819261376
0.48738756693399105
0.5495551798616682
0.6039734520534722
0.6448619852599227
0.6859006697319417
0.7229735855957894
0.7515581456728623
0.7708081725694382
0.8023940290730649
0.8376576115886556
0.8551223693845216
0.8678962302080124
0.8818086079554641
0.8897799750142991
0.888532987396724
0.8847921866541967
0.8883243372148358
0.88779523644995
0.8952642856657469
0.8998539768018735
0.9054920951659123
0.9019351569761999
0.8987337251442917
0.899616752102232
0.8999731076249294
0.8993384396695371
0.8999101448449707
0.8978587779199704
0.8911915792563815
0.8823836306391971
0.8626088736389782
0.8357641048768298
0.7816024944784917
0.6969579679342095
0.5726694529169903
0.4345993869659893
0.3019162114663492
0.20576502154291076
0.13146304998614528
0.08457140135024978
0.05996826079633602
0.06268459391153097
0.058477949150466675
0.05312833898052286
0.04636802943823136
0.048883423298739355
0.05045645399604078
0.0497855200183903
0.04879815660920626
0.07887081114254843
0.15929477097478112
0.26864106106706775
0.37060466363068495
0.4503086375080436
0.5273637215697333
0.5970930010030965
0.6547184346126451
0.6995823460384919
0.7406324630410167
0.7767399299738218
0.8044453489916437
0.832151342729084
0.851888628546789
0.8578981975470573
0.857532238595873
0.8607738562398599
0.859318408848462
0.8698308824688403
0.8886757713610379
0.9046008022007871
0.9078185151987657
0.9110730344894327
0.9089699414852892
0.9058130241059376
0.9152787335497128
0.9257261024939213
0.9276894035773181
0.9308289132861309
0.943115389599051
0.95366145955433
0.951071271414961
0.9384788573960646
0.931710395357989
0.9262761935154725
0.9192168805208707
0.886055074928413
0.8381215000243116
0.7617739024421518
0.6676887563952177
0.5472011766678287
0.4323475066955645
0.3044703773724132
0.17094048613111562
0.07786161512794623
0.05577161645340225
0.06391208102939464
0.05822185792530265
0.04986614738221156
0.043317673514252183
0.04406430257580687
0.04191111450466762
0.0401317001317437
0.03637278315555903
0.0791633906321087
0.17864742087188631
0.2988025241425709
0.39035514882485356
0.46559368910165694
0.5413877641897862
0.6062380716513567
0.6523821068001527
0.6895002889371109
0.7214610148928501
0.754398436762555
0.7808390367436088
0.8125498993971823
0.8374843817262053
0.8583893713630341
0.8778748966517735
0.9024428958164602
0.9209886328858302
0.9280809773051178
0.9314630212595916
0.9334330105075224
0.9369091477673142
0.9397130142360098
0.9425507364446337
0.9401441134645808
0.9404667619050995
0.9425707286695134
0.9472584890824723
0.9480165194316862
0.947167692302014
0.9459428429646672
0.9411894328984155
0.9335936537338796
0.9285222651482389
0.9243360983099999
0.9200060434038339
0.9000417840145106
0.8650394622170524
0.8047090616665785
0.7235772476304776
0.6192601760539186
0.4997903715963167
0.3914178242349255
0.2909728647630812
0.1719904479714002
0.07822085011149987
0.0438380653246857
0.05235704192524719
0.04692144009768272
0.04376508742010657
0.040995240045323796
0.03840771550272564
0.03459940741254004
0.03235093875821874
0.03162520717372735
0.03615298449713294
0.035410710525582784
0.02881184439406003
0.062141741619913954
0.16196102549911606
0.29551459423336235
0.39658464665875254
0.47111133365937885
0.5392940757274666
0.6016391894467694
0.6491195293812048
0.6840284141708167
0.7100652994547261
0.740966280921027
0.7706914773351539
0.8020191923616954
0.8267504017873041
0.8519274787476168
0.8616741341093386
0.8710719454049606
0.8828613971758532
0.9010787585194097
0.9121517324169693
0.9244488202403837
0.9279927395584804
0.9336509969257077
0.9270816910988748
0.926969684147126
0.9198586045135336
0.9204407010803578
0.9234489832011289
0.9350272230902936
0.933853217193618
0.9294177093547428
0.928571726497941
0.9291239539044971
0.9278797289236506
0.9242732747118991
0.9133635228188586
0.8810239777007315
0.8282473863319055
0.7601209488125706
0.6769230559409067
0.5751722862987458
0.4680693789676142
0.38352814432475757
0.3031029799213117
0.18328483593564263
0.08330351740402438
0.04416840683645396
0.054036730816466254
0.053006022157137546
0.05211707618345493
0.052416437159329386
0.044781545936011385
0.04177221313445944
0.03848656558804222
0.04239631247803729
0.041220471022180745
0.04150974535637534
0.07323821899591478
0.1688382715954517
0.2925752364226549
0.4006620846045755
0.49124330138997907
0.5763766417265976
0.6406353668456731
0.6927808725960181
0.7439802139881586
0.7836143941339434
0.8117846598419394
0.837146611153183
0.8580536489910572
0.8597489788074056
0.8567903927794996
0.8612918021033281
0.8749348357715366
0.8883686146189105
0.9044234748245964
0.9197547594444304
0.9395982714526154
0.9570168127513269
0.9645301095277986
0.9650983934131196
0.9668387906539888
0.974202058806454
0.9793862896321847
0.9829653335712188
0.9760924195391806
0.9673764353987745
0.9615297428695859
0.9673228516009765
0.9755976846603384
0.9799174275198885
0.9789227871945235
0.974635034158296
0.9678567862107628
0.9626957848658264
0.9605697751320845
0.9531052592181146
0.9359448971836126
0.9121338920688733
0.8553264247366643
0.7866016295426671
0.7333525306100311
0.7028386577209066
0.6597299176644513
0.5885781764027864
0.4815827613026946
0.3404004273587165
0.1917941308380889
0.09060567275857231
0.0492138461363871
0.050341667423560874
0.04377966594021133
0.032635147547702116
0.030074094961049118
0.032918401125256416
0.0405536400590533
0.02939687317270538
0.03889700403665285
0.06970784280267256
0.13804904414593683
0.21648978744095126
0.29415005280100454
0.35896383067688575
0.407738119854202
0.4499692666867332
0.490084244631801
0.5427037687622767
0.5908456913061398
0.6274621500718399
0.6548889446396792
0.6890687560129352
0.7207705321148574
0.7495049640267858
0.7734952469535975
0.8003507603487943
0.8194972165350113
0.8379280628897909
0.8533067112409308
0.8674272305601197
0.8647241464795123
0.8698427329746976
0.8757284986700747
0.8904431302246426
0.9039950447757862
0.9170238273753819
0.9233600795587391
0.9262647225950041
0.9287574949052532
0.9275201661936603
0.9343183207754039
0.9404973012339432
0.9389500544446556
0.9268557041934972
0.9236775751099237
0.9232493515286082
0.9229755845974106
0.9135891420872219
0.9056250538176854
0.8862569471209252
0.8539570054947037
0.8106796717946501
0.750827777532178
0.6572061254268076
0.536366497139531
0.4072994104293348
0.2711846879575987
0.15812008785138168
0.08690181125774926
0.06419768297552188
0.05751747007824542
0.05714667322295962
0.04740042353232958
0.03814439029481419
0.0344859996746241
0.03401879222565049
0.03762824941043954
0.03479077074997799
0.031543759705346876
0.022413683865083654
0.021207946033825312
0.02061436400505282
0.04895730345655562
0.0952186580272271
0.18330655582095626
0.27980771208509114
0.36556892698561905
0.41510276772319565
0.4706499723387858
0.5384715898368871
0.6025216720809512
0.649561222597565
0.6883791493048611
0.720449007691959
0.7547283759434873
0.7884619249013401
0.8133509162587006
0.8200648264262882
0.8317536751431511
0.8453482118436775
0.8537983013529193
0.8524111828933477
0.8568661171329413
0.8605680141488945
0.8608807855634274
0.8597733804903535
0.8611349085738959
0.8605160809072305
0.8582693344981458
0.8488137149025008
0.8365271615336092
0.81946938829021
0.8033901997425523
0.7789937450814014
0.7507204213814527
0.7220970122284514
0.6882045055954721
0.637678012071904
0.5463694606740719
0.4386649199580719
0.3016372983281506
0.16202540358333467
0.06572372387428822
0.04847719425445093
0.05870044397167357
0.05383685303496964
0.043981868178820084
0.04048031342635947
0.04144176974414264
0.03774485966120647
0.04096259315171617
0.05973471090439714
0.08269800234359236
0.09120947710644808
0.10631194826087927
0.14744610736217742
0.2092588630812976
0.2679835483225743
0.3272524497819
0.3844728864055415
0.44146786524681575
0.5001920795343664
0.5674556700378796
0.6304544002698097
0.6963673734141629
0.7492926819587656
0.7876901199980019
0.8170215133788109
0.855986641007536
0.8785950062469717
0.8831028516555778
0.8798137103296512
0.8800776177973971
0.8904282474942077
0.9106297959880854
0.9246609757947929
0.9313768893105229
0.9374494301743698
0.9519422999047824
0.9515901065625548
0.9508386997782909
0.9490676185618758
0.9567772544761232
0.9580542074786941
0.9556961121717499
0.9563424518460668
0.9540519337252945
0.9438232275464772
0.9210764042273991
0.8808141719016966
0.807209500273362
0.7176857774527491
0.6213397441274178
0.5065252099577847
0.3965790553093837
0.3306553103036146
0.2930142736152263
0.22610515987762156
0.13900701961721776
0.08019496801109798
0.06388136522975404
0.06464180914163864
0.05540620239886929
0.04839515126399276
0.04283893213686675
0.04173151171448006
0.03348431636880466
0.03611334618276292
0.04609841890586752
0.05379864942555654
0.05628441121683643
0.060884578130874854
0.061987880212210675
0.060954203791776754
0.07697793172308365
0.14873194750681526
0.25152715397665765
0.3510523659925777
0.4312592446859179
0.522093206981732
0.6051707888648085
0.6647757059301075
0.7138310819181927
0.7587462393411092
0.802042515381806
0.8298242089320339
0.8522127850614984
0.8612242783662575
0.8775365005790573
0.8797009504793141
0.8892406847693846
0.8868138255969837
0.8916919574906242
0.8893887453201883
0.9012632318970334
0.9114362210105156
0.917756376265907
0.9185044198769176
0.912475064836245
0.9111094757189073
0.9063600198020155
0.9092268182134714
0.9055878428566575
0.9047686642230611
0.8976213695591029
0.9062500682157544
0.9142663943751593
0.9197115735624252
0.9121028234328282
0.8978921115169253
0.8769118408023189
0.8545522752120303
0.8260677901071845
0.7795225035475387
0.7284206117949193
0.6680504866130906
0.5792984128384251
0.4615273872073077
0.34546764371018346
0.229667979338398
0.12090889640585503
0.06191584953105317
0.05172308215415338
0.05146076678090204
0.04630074710969264
0.0499323342113115
0.052670188021144246
0.05263066135653129
0.049054922455557134
0.044135609070655134
0.03697016191005691
0.041792989795175345
0.058672413310476325
0.11990964712591688
0.22467304955859438
0.3385025499869038
0.42672446133566333
0.4994503102377518
0.5738732864598619
0.6362370260786245
0.6835544852460219
0.7225638555896963
0.7516402434487633
0.777408695721117
0.7998504198274096
0.8189068320469317
0.8292582661810087
0.8387573321716668
0.8474639665941138
0.8542796598057063
0.8544781791850875
0.856988496552184
0.854032019826085
0.8566696331570814
0.8555634196336548
0.8640816221347688
0.8651948746196145
0.8607035947317483
0.857048745251779
0.8635505733867762
0.8694252443993081
0.8610538569332797
0.85371511757097
0.8541970452599349
0.8598619864327309
0.8532436873566287
0.8513978708836657
0.846270966886453
0.846991947483027
0.8359108693223947
0.8232445406700998
0.805278652556357
0.7856735034699635
0.765406264388559
0.7372611548849032
0.7007778408967693
0.6307149988180314
0.5153025316796465
0.3920526764319858
0.25819315170730334
0.13677757677016772
0.05536463338953591
0.04496556813859774
0.05504574959404454
0.05335254951026408
0.05391516395855043
0.046645464862678225
0.05478608171473903
0.05342490918452005
0.06055753776072729
0.05118285754316019
0.05553605211841642
0.06643785493086066
0.13275396361762046
0.2282305581110412
0.3266266066830121
0.39389680696667423
0.45263021000494325
0.5193213582712499
0.5875668494188868
0.6435756536586484
0.6852353091847015
0.722353219156846
0.7529252156230157
0.7860280377231518
0.8172979178041503
0.8400387264329005
0.8482963832357935
0.8578685887770111
0.8645848491673469
0.8726974869263355
0.8793368494420615
0.8856261742969316
0.8870511629054916
0.8878784658448197
0.8821053609800035
0.8847596594038765
0.8900516657900189
0.8990288345586682
0.8899371021857272
0.8862205603466682
0.8862210454718977
0.8892056319113897
0.8902137720641708
0.8909618880518553
0.8951358868665178
0.8937872564830243
0.8935790170207993
0.8878333230153289
0.8755534398519168
0.8537053885074384
0.8241038486158463
0.7993373895841795
0.768977038838734
0.7383727664428706
0.7076094602179296
0.6696496017668903
0.5989244265533928
0.5236282670255616
0.47574982906401597
0.45233174932605974
0.4361997450550686
0.42742743205778394
0.42230960039627036
0.41225865233436765
0.3950472968534643
0.3680696274633404
0.3216818368531541
0.26289764410348604
0.21137062083533684
0.1794558370343531
0.1657411971711676
0.169330913001459
0.21282379520197733
0.27924624647615054
0.3423387362562685
0.37430485161996185
0.3975584972436241
0.4140096879343585
0.42699131899107284
0.4288592176104462
0.4194700880777103
0.3911089818610146
0.33678593079894714
0.24386010958964022
0.1476432262833617
0.0890456994150218
0.07874491029124377
0.0776940948210606
0.07506353867598357
0.07545944893356397
0.07783378782594247
0.07848388687111559
0.07910890442758017
0.08279981016531032
0.08180529245619539
0.07823394261846263
0.07111661322377548
0.05798882445918535
0.07247230066673738
0.15176990799955062
0.2598375813464322
0.3551657172521397
0.4330741424197526
0.5058080363877313
0.5603512259517939
0.6047563690826352
0.638358943088817
0.6599782202702531
0.6803107606560778
0.7030020177046644
0.7237191624687763
0.7350202302525143
0.7480219795436052
0.7614714475758146
0.78278521993045
0.8055718776162947
0.8297661387798819
0.8582559743763895
0.879058590036122
0.8892555682659267
0.9088140441469553
0.9437617407896147
0.9734297452035195
0.9688549840069718
0.9625197494996074
0.9618018223582675
0.9628777792998549
0.9646167671800416
0.9686881449406554
0.9663879865567846
0.9556288951182823
0.9541801387685568
0.9606756974068403
0.9542253760627604
0.946560283174251
0.9301333557011151
0.9232265826576868
0.9112463219300022
0.9242177547860894
0.9284038398385416
0.9431407281040483
0.9341509731983639
0.935037314297823
0.9178976957865189
0.9073080128658172
0.8701660682056386
0.8328734003457464
0.7943677066382784
0.7569571487785747
0.7109413927863774
0.665020335409036
0.6097688065109198
0.5236781108793723
0.411632651357048
0.26099052411551704
0.13452385074464698
0.0765057969859428
0.08150323494338017
0.0803313185382057
0.07397481347873729
0.06830954652882217
0.058762191955103245
0.042549794026418515
0.03842769582734122
0.05557252331373117
0.10557504692648548
0.19059646466679492
0.2858945306197982
0.36565775025527725
0.41792260126340647
0.4727401525485775
0.5247669813100985
0.5762362079770483
0.615208084934666
0.6492400608810031
0.6848048446045087
0.7167909478226459
0.744953878225541
0.7670627569697934
0.7821245546542621
0.7843655180541439
0.7922261762604367
0.8050381147680494
0.8124619074062119
0.8103247495863017
0.8125657121375193
0.8132451770116624
0.8156865292991926
0.8202121787238136
0.8274486081178534
0.8291592203792518
0.8313121602507186
0.828760573288357
0.8251269631208238
0.8148987413831899
0.8137900505220457
0.8082221347868258
0.8056143228426332
0.8015768056549477
0.7988101755413942
0.7923044609834843
0.7890708455825933
0.7894422442629913
0.7878481197270819
0.783181714910196
0.7748022444583967
0.7668085801879783
0.7456795548960443
0.6926649634917041
0.5984889702897429
0.4832102168648535
0.3643294975968687
0.2688838434869861
0.1650732569016099
0.08661244197227172
0.03620722582174025
0.03460201624686391
0.032587609276673826
0.0328565191412776
0.031205689297474946
0.03225488420200227
0.03479023117279159
0.03144152826842524
0.02736515230463409
0.02778310764015978
0.035885631877649794
0.05351730719456542
0.07197379999958065
0.11629802062674768
0.19549252864907132
0.2812756923228539
0.344040152310315
0.39728483632382305
0.45340993965579646
0.5069723662791779
0.554310140809893
0.5951177326200074
0.6261394828021012
0.6541571350135036
0.6827811605336462
0.7187621059341088
0.7471821681460729
0.7634354770839724
0.7644841598183192
0.774450466012523
0.7873421537459433
0.80347398918377
0.8157796706805723
0.8254715922502683
0.8331489694593904
0.831422092803871
0.8430150308180312
0.8420844485017828
0.8511188973344829
0.8422079819296954
0.8483050937605122
0.8373388453579405
0.846380700344551
0.8438737767064658
0.8475555083763855
0.8420508373990567
0.8463717016258256
0.8435737645372756
0.8486764823796793
0.8482260629847738
0.8427318686960723
0.8267079992794653
0.7997053948938846
0.7387233038990471
0.6386622504589985
0.5149175329220148
0.38392316898685364
0.28895746255083143
0.2257555219112022
0.17897882371082402
0.1136490391440011
0.06987451051812632
0.04580156508487747
0.039809262994494304
0.028876456393653136
0.03436667075960547
0.035908950906141435
0.04178304617850148
0.03802448335293064
0.04806154878085382
0.04772113645041185
0.05063574080658549
0.048989374726778605
0.053257380081758544
0.07345380761175224
0.14042163568286423
0.24001217044599943
0.334751871124446
0.4044258146579349
0.4650912068764891
0.5242573843720691
0.5866042722104328
0.6354855410402601
0.6712285110932921
0.7023762156008191
0.7292548181697524
0.7443085653888525
0.7546405650079255
0.765640016870493
0.7822450708298492
0.7986321494586421
0.8108149889854377
0.8145678238007941
0.8263845443954508
0.8387598247183741
0.845584100471674
0.8469862534433807
0.8531501180876715
0.8611276209682212
0.8609176194845802
0.8573540706851802
0.8575955516294814
0.8596791164656425
0.8614649396430157
0.8558531668480027
0.8489466352904661
0.8321389841040386
0.8265482438053038
0.812224499397595
0.8014768881873685
0.7911424633430248
0.7888010985762838
0.7696140332595778
0.7193797112136447
0.624185535812542
0.5014815293010061
0.34702640143539565
0.18693440179073473
0.06981357657711187
0.030107564854980524
0.02872920976546044
0.028238525852779046
0.027201283474990116
0.0237061265331577
0.02172321192718956
0.022960679648416214
0.03304078796106726
0.04904664067200975
0.07253318654830876
0.13451369922450407
0.2332088212134796
0.32136105376802426
0.3805472100647089
0.4331250342492196
0.4925110136847922
0.5586691261931229
0.6270423231506028
0.6758515325801362
0.6992719469080884
0.7145911271544578
0.7393246687385834
0.7596567312827945
0.7717575629372307
0.7816843138346865
0.7887402521736623
0.8024944444889651
0.8197957367892695
0.8373718914291591
0.8373047485133401
0.8325931975017273
0.8372686774142021
0.8427502497851012
0.8545042157284928
0.8625114057705842
0.8746917954712872
0.8701054295608605
0.8666172569844085
0.8621827520256936
0.8701230811776985
0.8755372638791256
0.8801334151198053
0.8784896217144333
0.8779170042989476
0.8819084579046477
0.8814928116038224
0.8800941042027552
0.8840425796986983
0.8719012396747903
0.8134884112972817
0.7275215001464086
0.6227672616574895
0.4998838656132411
0.37648227399161377
0.2613302922966125
0.15136940572436652
0.07272803547291141
0.0467772367957766
0.04216316616040674
0.03239568821704829
0.0326543333660578
0.03150106845637382
0.03384527227191017
0.03266479683180772
0.03530472823998582
0.03353806489704157
0.04766397767491944
0.10605163566565871
0.2015233590945759
0.30772430673459844
0.3944634847287591
0.4799754576953811
0.5622506154990811
0.6301426277210053
0.6705229559865787
0.7004317292911458
0.7308863922840911
0.7567971325737182
0.771180724919493
0.7928089466518142
0.817212474704774
0.8465503829954233
0.8600679259137909
0.8637537355480933
0.8611358884315872
0.8615436854514735
0.8786816129384004
0.8983523322651689
0.909784416605593
0.9025359304955463
0.9118478472463614
0.9217442405870079
0.926729717472332
0.9226617967354256
0.9298127651894846
0.9262034431043585
0.9217540149895823
0.9216592900297534
0.9281523072827556
0.9326758733046046
0.9345693287230907
0.9376677578671331
0.9349443498101443
0.9358087888974876
0.9346164556763773
0.9343882925550041
0.9344885296561903
0.9370231869589689
0.9341353793195046
0.9332772616708527
0.9273278172171796
0.9110550585462769
0.8919324692306854
0.8648463963262554
0.8076769175416961
0.7247452607810171
0.6272773513856212
0.5281030698454766
0.4403125027799452
0.36637414118004397
0.27647922312293205
0.16786508346999562
0.09327463479489995
0.05495615947502045
0.04422274093005653
0.036008933249084815
0.043666956241317695
0.04622018927600612
0.046712662639505215
0.04041092504136195
0.0406797589968573
0.03798913903965015
0.03694154299160951
0.03296357829426231
0.05217135876058021
0.11775773961939129
0.22951887214287575
0.33457026324705297
0.4162675596757112
0.48911427373954397
0.571505628876348
0.6340605421111996
0.6742952930479351
0.7035288886738446
0.7335669435696323
0.770650620757739
0.7951651388113522
0.8169020051364597
0.8188676425395582
0.835913754639166
0.8524326419815277
0.8681759065313209
0.8649326003027977
0.870642009359909
0.8779424388479959
0.8881512620249922
0.8943336396839167
0.898236581859435
0.9057147915142999
0.9199096920981968
0.9333056048912328
0.9334044263018886
0.9333042936691897
0.9326396892743274
0.9335501529223934
0.9304488299920979
0.924456513581237
0.9145096860974751
0.9058975578743442
0.8955420204885718
