-0.2310060313857631
-0.017418387230759533
0.0540240611343431
0.00017708382296548468
0.023243922064655927
0.004755123929305951
0.00028424271253581456
0.0023750829722229876
0.03332468594526381
0.02284352604794705
0.004784977681785338
0.0014534104188609945
0.02973571732189779
0.0026578384297413033
0.013721725239655432
-0.021759678379735414
0.003674188192208313
-0.005433274886754758
0.02569909487974166
-0.01903588856383181
0.0159714991150203
0.0036567133298281208
0.02603864610559322
-0.02733469547595431
0.003769825472011434
-0.013894688723040319
0.04227562340039635
-0.00727724340949876
0.00252206704258494
-0.041915384252194945
0.011459653787341368
-0.02448292091764586
0.022304801104645097
-0.00878963632581061
0.011561627736218546
-0.005589300449943674
0.009082956949361199
-0.002156830159053539
-0.011656656401584002
-0.0008066417221091625
-0.0011803327556695192
0.0063527890799819076
-0.007102071007203894
-0.0009129506658524283
-0.007091124216275669
-0.005100504538341742
0.008519630239507192
0.0001963704238672672
0.0052414678943406325
-0.015931789418985345
0.00894894982518653
-0.02055269701929626
0.0032238978487847195
-0.013528394336880328
0.004774211562005264
-0.01557052165618946
0.005461925803439192
0.002740017538172451
0.005477718005573193
-0.003916505085547965
0.0018243049028428251
0.0008361425746388906
-0.015862145050296074
-0.01846063597955502
-0.012211906280114579
0.008338139231306638
-0.005904755406781377
0.006731283688061168
0.011490731037312837
0.010046961225377836
-0.0015465597604877228
0.006309159654343612
0.008703723507870052
-0.0035585000938698624
0.002164536580591861
0.0014868989769555936
-0.000769902805168946
-0.004288530463917402
-0.005609867684706213
0.01779478298078431
-0.005608546569409637
0.00679052614670924
-0.01330425281349979
0.0171120313389742
-0.017585770304654923
-0.00654487849331754
-0.012314123177367024
0.0131260819694985
-0.00012387657920525906
0.0016163770557184487
0.00621199784009369
0.02115716312183406
0.009716175298173145
-0.0126454672470763
0.006047196166125163
0.0040148295488722004
0.00887083169040996
-0.03365480349830169
-0.0015108541408011633
-0.014962343236132655
0.002145337554985578
-0.05520451712978838
-0.14905347279746795
-0.38310599781459365
-0.55239650074283
-0.7998768550878231
-0.940952580279329
-0.7405795572235108
-0.26719725165063324
0.028192869514465074
0.04054529803434034
0.020813341744512697
-0.010693097401075269
0.00884612343782672
0.0164047389157728
0.01375608471131018
-0.005440200058740666
0.016270138225850415
-0.001738759364205059
-0.022837461977019073
0.01378212936376821
0.2594587008881317
0.5866880012129517
0.7685347020611967
0.6680076173662618
0.474735142862884
0.2929896471093423
0.19735412692672075
0.13032083545705844
0.10766425781732228
0.06162833716824345
0.04708303715244624
0.06177412519732535
0.055546169875526206
0.045596190188097005
0.01621105357756199
0.020203335192917147
0.015121009331664497
0.00550127068304468
-0.009607901687383976
-0.021450361050174248
-0.024925627696941493
-0.04701742950389909
-0.07573992880155617
-0.1599880639289504
-0.2509104725856892
-0.41024842422690566
-0.5739135520499943
-1.0
-0.8674629809116903
-0.43553724774086516
0.04823495398941061
-0.02440483271340964
-0.0014241217293961732
-0.004556536594293245
0.005729879997094684
-0.01173690643052472
0.009983777953555137
-0.02644855930040416
0.09762639625603207
0.4402881290571095
0.7017081594416232
0.6762393069098418
0.5253319105618596
0.4140518278344814
0.27364334911604093
0.15435088865535357
0.12034010052749952
0.08594054948343385
0.08893863971443157
0.09106465670006274
0.07084231505553963
0.02457106233145003
0.011503124615103607
0.024557794942029566
-0.0133143402382157
-0.08201487723733912
-0.15545366993309515
-0.21989893028418012
-0.29025732880121446
-0.4041412779273682
-0.5923273383456767
-0.9188803676892384
-0.8048434030175569
-0.3516161566363802
0.07323082485704038
0.019634610492865096
-0.018030507368564288
-0.020400209955428038
0.006720140496199837
-0.017681392619280912
-0.00743867271582821
-0.022569258637722037
-0.05371068995238238
0.10973577339231104
0.4319567278279579
0.657803921172085
0.6660803914721541
0.5865173193337798
0.4569950751846428
0.27551750512361184
0.1950263594887986
0.14829074208925236
0.10069612890513706
0.06024326221511479
0.05368567155901037
0.052428736552079525
0.0424005325915601
0.04015366170631737
0.02699574594602472
0.03623636745354021
0.027402920702140628
-0.0009040992424015374
-0.023168365543309123
-0.020610823113576315
-0.0026445817916308802
-0.049249239008514085
-0.18398062147881714
-0.37492223507366734
-0.5212151304153222
-0.6587983237233939
-0.8579738007881487
-0.7434449387465386
-0.36134652376353776
-0.01725962213998402
-0.006459042543220313
-0.0012685039898353322
0.007100437106724452
0.014395655404987098
0.03557643388109345
0.3534018836766735
0.6245972872158246
0.7326946264743673
0.5314711772816704
0.40284560473631525
0.23986535673695336
0.16784705057503202
0.12111628914733884
0.10993900558817755
0.053865261553124315
0.041964280724299946
0.051497048386615056
0.0725687322488046
0.05240561594498071
0.04536707398031036
0.011539386311437532
-0.01067961826841475
0.002250794443723398
0.012173194460782511
0.009803709771395507
-0.006740316333128906
0.0019155848263899206
0.004082154214789002
-0.015920292539023443
-0.022240260287143182
-0.058169140681824806
-0.17350523654315286
-0.36391026716163916
-0.590584646051982
-0.7876642162293654
-0.9159830036422573
-0.6301136764625724
-0.2140956019640681
0.04146865588766158
0.00890685288453395
0.01891630561833568
0.020408600086614354
-0.00047933025956474717
-0.00444931682836366
-0.0028047805404921287
-0.052503310047409726
-0.03961510777982507
0.275516250145721
0.6005458093725738
0.6600069505687912
0.5950381818799974
0.5073886364524947
0.3880485701682827
0.20615320835382384
0.13887528476855657
0.06296303999826162
0.06398619444555476
0.07110619389584238
0.05977459650350296
0.010910147423531254
0.021485138277013684
0.03622882853439182
0.040857769963677494
-0.013015520902280723
-0.03494621322653704
-0.0610541096698563
-0.1750202690553761
-0.3388790666043737
-0.549755323163426
-0.7624779046074617
-0.8922958933472335
-0.6407227359130426
-0.20956770948299255
0.05744381534921225
0.028460663202080124
-0.007179017417263466
0.023409767516140302
0.039548426738236754
0.015854083218477505
-0.020490748125878182
0.002762867960436722
0.4139965096488091
0.7482842904464762
0.7968918724333205
0.49981001662258745
0.3548434301898629
0.20284733602080657
0.13918094324435942
0.09308125069749221
0.07389422659922677
0.07152679201452196
0.06706724050645312
0.05182596410526796
0.051293704518425035
0.044691546781673315
0.01950562183335402
0.013582448961809553
0.039547649195923185
0.02744698492580344
0.02947381657231381
0.009654743247907197
-0.034449405457898825
-0.09914545474120731
-0.24170444517703976
-0.4300562568595511
-0.5860964178509843
-0.723205266472164
-0.8398854973774464
-0.6379377978998844
-0.2202449024329731
0.02807274576144907
0.0011069469630335391
-0.009759550594636325
0.005148809429680687
0.0007202284399013721
-0.004933895867737068
-0.03909976760834828
0.08870613603628003
0.5053942038801686
0.8126306481508094
0.7433505067054544
0.47323488215452847
0.3221844995166451
0.19188964612271428
0.11993435860828666
0.10234582748853024
0.06771606758754177
0.056666425047954466
0.02458423422127435
-0.019274871202249293
-0.10861685060010003
-0.20961422150122314
-0.3745796610500548
-0.5172923162119873
-0.703572914584131
-0.7874816313795877
-0.6017864764900185
-0.2287730628038747
-0.013158867363002815
0.0041551497741103595
-0.0077205460117751815
-0.021487924924648398
0.012380093484205617
0.021197853332575657
0.032092416229487365
0.28695103697122765
0.6209199944035806
0.7693097788954895
0.5635892098431657
0.4198111429081263
0.26155920889078216
0.19089225938724072
0.09748574277059202
0.10262325898744336
0.10878746543693735
0.0949256854416794
0.05643027287972121
0.013221049597632449
-0.0013152639118978286
-0.004350037772209271
-0.08942202482367038
-0.2291319072739298
-0.40856286984410056
-0.5191117165353991
-0.683417892126042
-0.7857067361248765
-0.6197294846232599
-0.23309364377730427
0.011843204490884423
0.01258968881726312
-0.025274354870854585
0.021579151226721924
0.002445772514093999
-0.02179783755008117
-0.03800718387173744
0.31007787533350256
0.6112111645398042
0.729869913983945
0.5674000341127254
0.455827046462093
0.3293491405980917
0.19692491522412167
0.10805443353728658
0.06833555920437115
0.06212002309795375
0.013016513101792812
-0.022278558257947112
-0.09819473196440419
-0.28599252758274163
-0.5054781528554635
-0.5789960578586261
-0.7170169957632474
-0.7295566777252965
-0.4923703944023954
-0.08563528799764779
0.034281952260501514
0.018556578563533474
0.007433729105335096
0.03612382196431133
0.00011356554312332277
-0.025059585629012917
-0.060092385865143164
0.11473257551091678
0.42677040608784295
0.6447078982958739
0.6747161513675559
0.551924203358692
0.41306028617501706
0.24085456338368078
0.1705614169532407
0.10625799975881796
0.06805429942588784
0.0625735490034053
0.05798952884674925
0.05127166808288956
0.010347006911044074
-0.03871025948883284
-0.08773811692956937
-0.16468176193461323
-0.26399748705776865
-0.4050022574516844
-0.4398410511979826
-0.5120194809398949
-0.7856929465339197
-0.6811699652717337
-0.3029556205926949
0.0675625599210084
0.01936461431089618
0.011484988447525922
-0.00033458169467177526
0.010801184947888162
0.013628957248257889
-0.023923209634491054
-0.03820011270065133
-0.025636342040217114
0.19787616152950993
0.528313358949464
0.7136710984084278
0.677351615746133
0.5339244410226073
0.3960061111559759
0.24434322651216897
0.1895870557947787
0.10732268765915708
0.10520789451071637
0.056228570880286585
0.056706418805953014
0.013333280668004014
0.016529326540621232
-0.014597037934086428
0.027127658082465922
0.012720783120868818
0.032991814160808194
0.030863327957876677
0.01173967193934099
-0.12501650098462602
-0.311953401771896
-0.46442847684895
-0.5412654263467895
-0.6170658373302291
-0.672973415002723
-0.648975916594793
-0.40893363693860674
-0.13071694406937223
0.026240243495252093
0.0243925078191039
-0.006821980310641965
-0.006509833507820082
0.015572806839577763
0.006007168341998089
0.007849209904895007
0.13220435921291263
0.4500339364665506
0.6052300645322257
0.6355589276105879
0.5682462681511953
0.4984715788217674
0.3276838276953843
0.2138681087860522
0.09490365885195397
0.02445367697955635
0.03954976911556236
0.08841865313740745
0.08832483411278669
0.056584860679907555
0.014669213585027305
0.02051015014177467
0.023735485533443387
0.03521278713633086
0.005477529000453952
0.03219650261701832
0.00329993508605186
-0.026121360256855772
-0.020851165379519
-0.07996652654735106
-0.1517624151318543
-0.35213984023052747
-0.47304018978769397
-0.5380142619209148
-0.5730184830296999
-0.742756844043146
-0.6735058775624191
-0.3284695136742436
-0.03176241084597752
0.017650333417369955
0.010477145468635643
0.03633029325474943
0.019960558085157988
-0.00876580188561251
-0.045994402929492105
-0.05027861338897999
0.052573521022286934
0.38544542184854336
0.6509915191465302
0.6405858935991297
0.5214761448590121
0.4099536127157666
0.3082818029137914
0.1962008670954414
0.1842637150346019
0.12015068500004503
0.08941211909091884
0.049393777242943804
0.010388667402434052
-0.03574659061796296
-0.11063782804245269
-0.2722923793499751
-0.4193939027971219
-0.5025554238117931
-0.6053171223272651
-0.7609144415153795
-0.6295109884168574
-0.306290290309218
0.011374154951617811
0.038468605218787394
0.024402013309292096
-0.017811129564550197
-0.012236213738459407
-0.004377064709942395
0.03308415334114459
-0.03745894549025115
0.10540437417484774
0.4159042475854881
0.6890836864299938
0.6668774718352672
0.5667920973684807
0.42365157751631166
0.30259539003407376
0.19566108324238118
0.11890226159691639
0.06259506044595832
0.07306375799202416
0.05325665038111561
0.033322173677586865
-0.025613172881359277
-0.09840180257374219
-0.20210999840108834
-0.30711139970452517
-0.3527411497045225
-0.4267819396620004
-0.44380019193641995
-0.5275460676697628
-0.6333038939849027
-0.5260241722337524
-0.18839032330111824
0.08183696052500752
0.03284729812823442
0.0028557876768072104
-0.01189017747246969
-0.014607088471703635
-0.0210178720082862
-0.0027209848166415336
0.03462674507073568
0.00013726028026008163
-0.01984861645836349
-0.02576258224682671
-0.0642859153978843
0.04709428992365221
0.3506092195818411
0.63688671467599
0.6427942323837851
0.5703300489885469
0.4639713105879384
0.3164713486803845
0.18558833224360305
0.1384088771310799
0.09361944274581617
0.061867414347570794
0.041087329697724315
0.03562301749659153
0.004545122114797458
-0.006865842362299497
-0.023130914527163725
-0.030533966133829468
-0.0496738458786391
-0.08086546940647875
-0.09485771637988773
-0.07944698409541452
-0.05596249325001536
-0.06537427640718346
-0.17076251802531667
-0.41419398180384787
-0.7479884831236067
-0.9132758701865296
-0.6418478033585606
-0.19996550446555347
0.010205757008547608
-0.008565704830671338
0.004467245418941933
0.02690362566591535
0.016547461716637703
0.000740046035753936
-0.002061103293785614
-0.03792420342530549
0.016537150200841868
0.2316349531948668
0.45527512783716134
0.6032084545329998
0.5843847989981363
0.5517861143733439
0.43472346352339636
0.3049879582143125
0.15933770062142585
0.07283336603664464
0.07126156610849331
0.04966057680110437
0.014703177060946811
0.008566576429788277
-0.011886274813471416
-0.025838143805682785
-0.08493506515183892
-0.21132721951998798
-0.35160080028697094
-0.366748095314604
-0.33916673320903523
-0.4990712659073708
-0.7156512031382698
-0.6349724451380976
-0.2940524200033153
-0.0014259879465346372
0.059457862688263266
0.027630223096187574
-0.004527145032288203
-0.027563319178742225
-0.0076276900318790405
-0.002335451807724398
-0.019359468989496163
-0.04379280030830776
0.020351394067438994
0.20015094653586313
0.4779649574930072
0.587649392404635
0.5621416340659949
0.47595650476500956
0.46906190649867735
0.38596837277554996
0.2407141606810727
0.13430428626530957
0.06865064604005208
0.07086756964460207
0.05246820653671891
0.02675974072138958
0.019236109813211045
0.024237341423388653
-0.003184527262107444
-0.041184848647961986
-0.1329623754217688
-0.2894816971172262
-0.40726079796510994
-0.46100907894576704
-0.48031748208742536
-0.6403661177061093
-0.7081181066945238
-0.4757514127517583
-0.10630173081145922
0.038383569501688156
-0.003644803250514383
0.010847011733304424
0.0005501896577266786
-0.014709090613029793
-0.009738368066126012
-0.029155931453630563
-0.005085442593894682
0.11963156060408067
0.4023580390048464
0.6316388898149979
0.6483146947761446
0.4925416919488767
0.36418003465794296
0.3081620774038731
0.2441046305220534
0.14984730738373153
0.07652353124443266
0.051742609022801894
0.04144274024697222
0.019235315693302654
0.011560438914134132
0.01768837919737851
-0.003204393003605645
-0.028639629476289973
-0.1118222352651479
-0.2536126738757001
-0.42615230584765557
-0.524830988721755
-0.6908986736645581
-0.8131490812787594
-0.5725783056688672
-0.14130614481049203
0.02821399431027742
-0.027166413939411504
-0.007229310705048189
0.01778634384093155
0.008552826267495307
-0.031393187412350684
-0.04315798810101756
-0.05966129120337839
-0.06243140457177149
0.09607576905903123
0.4409367626434582
0.689753958452326
0.6250301005360729
0.5036387091982285
0.4729581798038543
0.37362586312558704
0.24649672391596367
0.13952663910993324
0.0945537056322198
0.03510683506768807
0.03203731286109771
0.02972310607146753
-0.002421479449811744
-0.028502153671507716
-0.01801281451718571
-0.033277466932516736
-0.07936709829212754
-0.09599764245398898
-0.05868733615488654
-0.008404402977511265
-0.006167561846782312
-0.01220700917190157
0.038391572242342124
0.08043697854355948
0.06037023727110814
0.01750884025782169
0.005327659989820749
-0.05241966056199351
-0.15279506073902457
-0.3038077772253708
-0.39608575964428183
-0.4097625686246927
-0.4440080310556626
-0.5679420835400809
-0.603850849694983
-0.4012517142759068
-0.11667679131459233
0.04011476476341917
0.02649124380748957
-0.022498296900161165
-0.03262260591716916
-0.008653407873006632
0.0007517573268818277
0.006269689240045562
0.03815870629354879
0.24384221730891037
0.5293917933035602
0.6423847065043191
0.5302540318670377
0.4151173998685683
0.3424772020526317
0.2590664464650521
0.16506288124656152
0.12535479520730985
0.07456825521840978
0.06155464819327089
0.08320993190941839
0.09061500358659881
0.07094585999721897
0.017739483619275423
0.0006209872126837779
-0.010153164223444377
-0.013116432380197806
-0.009644485246538895
0.007620378671491836
0.029195735718039913
-0.01629598790886206
-0.028014477327410928
-0.024333126335181265
0.006239288903474741
-0.04267667747830708
-0.1316445756572975
-0.2071738130014645
-0.27853062501254644
-0.262836076780363
-0.19540180111903518
-0.07628438722955012
-0.05855601223857148
-0.19682618494409418
-0.38264936440874836
-0.7214991686294926
-0.6938501063695249
-0.42705530004450115
-0.03800099351971643
0.004574129082556516
0.02976881735567557
0.0009563463652403915
-0.022701901212578673
-0.07351189347072265
-0.031058136324218104
-0.038049061529775746
0.06585249966246727
0.24380293921272098
0.5217940390679922
0.5742868343878743
0.5295967885328834
0.4346793937798568
0.41851923914700984
0.3465519762667096
0.25031464697137235
0.14711782232822979
0.1045504405343065
0.08890032981863251
0.05537545122089567
0.031760991500221006
0.026755007724692782
1.6588566518016022e-05
0.015873449280947
-0.02234228414965494
-0.12598232836132767
-0.29013926840707416
-0.40816502250693887
-0.4650311806532146
-0.4940398360871738
-0.6518869179643145
-0.7174710684625838
-0.442380812925081
-0.028264918221599447
0.03313720459576293
-0.01806622006998916
-0.04372099198681106
-0.018021226890335303
-0.010858059704841183
0.01025873739112937
0.009090640101128021
0.03140313808941898
0.31800767532786056
0.5730766905436151
0.6578459102157578
0.5595456389608828
0.4914647921283995
0.38434297781134835
0.2383959378435126
0.15385826905193234
0.05145977071809605
-0.024811552685584586
-0.1360513007588865
-0.23834735650907227
-0.3645097401910629
-0.42740590374197535
-0.39928799172021967
-0.3675666834170871
-0.36676190039716755
-0.48195390793518933
-0.3906053664012075
-0.2304423477275823
-0.0046115355509431175
-0.0005244995639574109
-0.01649051790893806
-0.0014740623231490545
0.02843532593525619
0.012370999177456904
-0.030150734076611715
0.003806713713671284
-0.011022769230825373
-0.0352693660071321
-0.026126156323566227
0.08256801797519088
0.28194380206824904
0.47508036500375406
0.5416519580116812
0.5109273558019111
0.4352331297797665
0.40386279210057824
0.3490139199887764
0.2630829950465375
0.14180044523472393
0.07590684484524537
0.04832436865276363
0.022322392853547052
0.04390999230345544
0.024163238261184702
0.060211206892195716
0.03619976103833295
0.06530909645953768
-0.0076468736071025984
-0.02727394283908525
-0.0026825548082981426
0.05326055833331283
0.03546246131029293
-0.09804502921901219
-0.3020753561981015
-0.4765518678944083
-0.5216953101443745
-0.45294779696413634
-0.5247998797605159
-0.5585610114125569
-0.4758103566195864
-0.25949510411184934
-0.11309186029039492
-0.014994134399723922
0.018449852235927804
0.02834309232397029
0.003133360157400078
0.003786527084608398
0.05486206019369935
0.17725655176162816
0.3080731561255807
0.4813533662608104
0.6196394342800564
0.576511719947731
0.4350502547988925
0.30206433002183325
0.16159774153087206
0.053945654365887025
0.040841991338254176
0.012853528320361157
-0.014383988827932095
-0.07473526403201772
-0.20168981366665908
-0.3980399923183518
-0.44682001424355416
-0.3783138391835183
-0.26330700699522097
-0.1679281187218025
-0.1016888146417469
-0.13582423439040459
-0.33037606334085357
-0.458070140444072
-0.37765660104937887
-0.12280253131376295
-0.019080972883727548
0.0326975823712539
0.018541018548072438
0.02337134152916001
-0.0364571591528869
-0.028970486350554894
0.015458636883113736
0.022995945556547433
0.016216066762463406
0.01923775476373383
0.029732863208820688
0.13693631351022104
0.3589204401866569
0.5458727367860926
0.5855855668186033
0.5260243555032388
0.4221993614355043
0.2923143700537174
0.1987830881242605
0.13500454500970188
0.12319074975488095
0.11731551389658662
0.09818824216448421
0.05026423959978842
0.034387564172401124
0.008464694180704783
0.06391910790136658
0.04751202787724451
0.04897349175158279
-0.022626851988117237
0.02374708110194441
-0.04537708933302379
-0.06474052271674278
-0.2764435949855702
-0.3865013870488357
-0.4487089178207719
-0.36296673443063837
-0.4386509958718143
-0.5353696682648239
-0.6094712009101904
-0.44498177531590066
-0.20841445845897105
0.03688507946379591
0.055433644065068274
0.013330987470745018
-0.04816765821492712
-0.010807419740021317
0.003874942689366239
-0.020902561403013647
-0.0387789524310845
0.08075353356055814
0.28891379847436793
0.5575858063613696
0.6190137499386926
0.5910620420332234
0.4696611422385252
0.35789090010782176
0.20782181600079977
0.11497808236024994
0.0814180741463388
0.04779527795504424
0.016187050561053313
-0.025713510058865647
-0.10871198775178206
-0.24182973077273684
-0.3203476840948091
-0.2913962533626426
-0.17943778325795737
-0.09449116629547293
-0.03272405978828278
-0.016477301980790355
-0.051727287353605066
-0.13898018487314884
-0.2503658536707124
-0.3956413617472554
-0.4809938843953832
-0.42356904115406147
-0.2939617178505329
-0.17727031551910313
-0.0587597894734243
0.03346945273319919
0.014058877691151462
-0.014278576496615219
-0.023879222960105622
0.010545859819964719
0.0015828130095184893
0.006513450542554472
0.1114723750604883
0.2627589385946819
0.4416122944095478
0.5220532228548442
0.5702314147470785
0.49084157473843165
0.3971892964250463
0.26934438695433405
0.17303565871408252
0.13290807391874532
0.12301954295571625
0.11175344436583766
0.07217394035637334
0.059250348773516086
0.048485327072759224
0.020890888632180395
-0.024796200031459412
-0.03700849740327649
-0.1119398779031582
-0.26769278161577104
-0.39355806858340797
-0.44841086542693254
-0.4198125917138555
-0.4182380987998337
-0.5006641274377208
-0.5282518452515647
-0.3221591070019731
-0.08403374611702563
-0.01314050874880156
-0.011500595448224765
-0.0007925867854839407
-0.018510974774613984
-0.021222240024291277
0.003220018007575743
0.031568778109780725
0.03148252074293672
0.01650633997639541
0.057029534307056366
0.17729300818371732
0.4500557040517858
0.576395716915109
0.6205173003108223
0.47709606132327476
0.3839237552407039
0.216215953700614
0.12871153371936664
0.07609678856374323
0.02673137577324856
0.015266479195449448
-0.006811433513043391
0.003931986939617208
0.01376303535521776
0.010227579112253828
-0.015085749891281934
-0.03923059427797648
-0.017975285344264614
-0.020911084035758986
-0.010541326559728253
-0.0038698536092918083
-0.014284688953921614
-0.10917398476272651
-0.28929028362288156
-0.438037346369359
-0.46579122947865725
-0.5720771413915366
-0.5916473684551128
-0.45559880812816655
-0.23145369901146046
-0.0718721733450236
0.000965414461149298
0.03370080406097421
-0.023321715834029363
0.01943667159961157
0.014944720079601318
0.021116770252758873
0.006702946451976291
0.009291356747804055
-0.05585285623771714
-0.007543438140373216
0.1076508274566843
0.2452377343969893
0.2578849160860681
0.39099290066124204
0.5224720981670551
0.5725735315139729
0.44413390336180525
0.30653808912646957
0.1846190055581826
0.116402496867552
0.06090654128216735
0.023676806348439616
0.014104003550407177
0.005063387291370805
-0.003252870487282071
-0.01873917339180989
-0.035344594888469756
-0.052351626762110644
-0.0670418440331413
-0.0880021579770336
-0.09747936638536628
-0.11866020751235808
-0.0904917044884862
-0.057522738738747865
-0.06768347386441104
-0.22791968722800485
-0.37538734398753043
-0.5961544729402415
-0.6914651756545767
-0.5194939897084279
-0.17406093800720862
0.008253821013865813
0.0005361231015122509
-0.004067277358963052
-0.004581406629977236
0.006700345967511966
-0.013817916660663685
0.008746226235117215
0.018908844462117602
-0.013362825870984975
-0.009114006319727834
-0.013928524574686156
0.07402480332784832
0.18952108594836706
0.37869648973607806
0.4835268185288292
0.5493302036757038
0.520251558165788
0.3964663100004555
0.2669392484285563
0.17092099965083862
0.14007680674011933
0.10029469342176318
0.0734403800208964
0.053367291117052365
0.04334310591969375
0.0170645132458795
0.008670206462207251
0.004503681046719117
-0.009655056314272978
-0.004735045560815019
0.013914584578393459
0.01934399576343774
0.007745513874720281
0.04605409495220303
0.03767145189654656
0.013541056488909888
-0.028221909931883535
0.0008614282463517289
-0.026532695046410242
-0.05594705882697992
-0.1437891348732013
-0.23466523249089127
-0.3141676187020444
-0.3544677804993365
-0.366337423724629
-0.3999743192478202
-0.4958555886973509
-0.5126016586120385
-0.401068262083948
-0.15900801053549674
-0.015354721166970599
0.041042428409503035
-0.011951741136563549
-0.022190324554659416
-0.0018602714359972179
-0.018756868264100585
-0.020153387416533945
-0.01744580563313294
-0.004282971046869398
0.07380881408289755
0.24211132272777053
0.49007840682771403
0.5452789134562086
0.4864738553885736
0.3561731245930075
0.36786390342683445
0.2667727506848731
0.18735015604480412
0.107496845374692
0.0954620962689523
0.06434567583527859
0.0694187686797656
0.05106468248592299
0.031593984303389264
-0.04912148414271026
-0.1872131038837543
-0.3254086610507792
-0.35525053387528205
-0.30618121651646946
-0.2438270840231386
-0.17657949477608997
-0.11768947626665237
-0.2026240975482631
-0.4868438678043966
-0.5169557460549747
-0.3308137225963667
-0.11074492038458157
-0.05697855159959724
0.021590053678170865
0.011305965025453637
-0.0008483077682876748
0.010486899671026492
0.020496541149094282
-0.012401635612778003
-0.002415315918164107
-0.01402617945427002
-0.0037887892230709583
-0.048936280854659196
0.005656022626003986
0.10530532816102793
0.28262492100521897
0.4702284682914642
0.5579693473815188
0.5432927950652703
0.4248215685780972
0.3593178392664405
0.2827796892820254
0.20749831826137732
0.10784713924204499
0.051090190439877746
0.040182349770349866
0.04278107896345531
0.03945902194377117
0.05925066149405533
0.07379864570285856
0.06746705086925112
0.03706021671090013
0.006267743448900293
0.013180161019132115
-0.030584959161441442
-0.04817157666985157
-0.09602967221277899
-0.18992919327734897
-0.32606799572027706
-0.3644263524393285
-0.3829259679069316
-0.46599546313875384
-0.6303157087547092
-0.6080034518469091
-0.44075374210333285
-0.1386613476372268
-0.0014765958231844714
0.05846072942862825
0.012375091745481594
0.01308784196070338
0.019154604350788466
-0.014069621938923946
-0.026898804698229445
-0.028972822179153056
-0.02680872619846457
-0.041805832466307466
-0.00785961082292026
0.11591359555654844
0.20132421892226146
0.28620524691116067
0.36868828673056825
0.49290079546707605
0.5357464501491931
0.4368468097991563
0.3260630458187999
0.2184207381018025
0.17946107324898902
0.1436408671197953
0.12412501332458077
0.07881772512451533
0.010199285878773959
-0.008904205629624292
0.0032286960243726828
0.015205808161105715
0.015397899965231863
0.03590863744904796
0.0352337053307788
0.015228683178338115
-0.014627427779589346
-4.797870247442862e-05
0.006769573077654858
0.019044572065136187
0.038605951212620934
0.04219553263764838
0.02929937514962834
0.0032626879259970124
-0.0018793097564230408
-0.027922380741432468
-0.0949492469648281
-0.21549034612823928
-0.3691299704232294
-0.47621913992129267
-0.4769988071367175
-0.41639641711046166
-0.48988457513072714
-0.5448167966415043
-0.40418982712891643
-0.1428895192858267
-0.006011546515844984
-0.0010670031361842158
0.009041404316919698
-0.0014519783676801166
-0.014330911014942984
-0.02704225848999166
-0.001415597515834697
0.020853959428197306
-0.011208293019229633
0.031407996974993364
0.15212193217960024
0.34732667409257256
0.4419034609479159
0.4540173288674206
0.3986760057309958
0.3837222954228959
0.3262913958976526
0.25769706750229726
0.17618910078215905
0.18782332184054296
0.1709444564952554
0.12498213557818938
0.028077321088610347
0.013493201929354394
-0.021850132202943674
-0.05704999264906241
-0.0863426203443326
-0.06161367420918935
-0.051682749151360396
-0.04908621559023259
-0.033609485265375896
-0.03771158141787899
-0.08781390892024216
-0.21857569258657886
-0.37860858142418363
-0.4627193272406626
-0.5425013305984365
-0.641423886287678
-0.5413897544845476
-0.2294363245353197
-0.026624800717137374
-0.02153948501216482
-0.026868025786317706
0.011682917737676836
-0.006624854526978378
0.0075670981597383054
0.006276533275282523
0.02573282512150182
0.0034757030753095105
0.0029387499228199845
-0.03459294649343565
-0.025551412858905203
-0.010728571135683339
0.08606976104691894
0.16018018664148362
0.2501899699237918
0.26675617333192597
0.382989040151762
0.4821461899924379
0.5210499119232561
0.3722327712713056
0.32723449481215644
0.2724924523178199
0.20269588966674454
0.0646069737600689
0.04399355642746964
0.034667385950602016
0.036153997282552315
0.06549107001944852
0.07649819284005915
0.05991727351742326
0.0208541785548629
0.03131394628717268
0.0033582318557271213
0.0038640762853959613
0.006799478920252697
-0.002185332566533263
-0.026001042219418534
-0.041555545426192234
-0.01837483987276335
-0.03462595508348036
-0.14146408720138412
-0.3076666489144876
-0.4328131201976075
-0.46317373091472613
-0.4587977619434452
-0.5808304531201609
-0.5678474735716814
-0.4338802404347217
-0.13599169477951425
-0.07842766318057792
-0.01729786143421147
-0.019769788678639544
0.03514784595076044
0.01910170162847074
-0.006406057017711994
-0.0011646927671444612
0.026043573221395905
-0.004409934032198698
-0.06110862611542883
-0.009608159172633473
0.11092002307313562
0.2423310257026577
0.2802985812226592
0.42282250356887774
0.4722592103252595
0.44143218754987423
0.3437747550171903
0.2996161544902542
0.23999690271967022
0.18911589418005023
0.19156018282331466
0.12339564290741377
0.05774180558226746
0.011617991618327524
0.008196349700156693
0.020573435689031114
0.05505944227173923
0.047363233027209385
0.02025359354738749
-0.013127970138974734
-0.009407984076405583
-9.542533819390711e-05
-0.0032137091489386
-0.004052737938530264
0.003577168309239195
0.012821746631216569
0.015564737399286098
-0.0004988762167334159
-0.005447417808980558
0.0009216892024665406
0.0180785895185173
0.03025041086692746
0.035758563769094046
0.052113180774866374
0.03058289645282911
0.012743864152036705
-0.06806237814080236
-0.18884656227005564
-0.30420745290016965
-0.34704719799936207
-0.41101099466765856
-0.42975617030222796
-0.5558317712935992
-0.59657885145666
-0.5263136245899329
-0.2343858957331661
-0.06123614743509037
0.0024407035745817604
-0.006270021550101554
-0.0058375616362887515
0.027161581507057282
0.02963182036149246
-0.010516681341259848
-0.043826151100247346
-0.022806267137604936
0.013473480102543262
0.06312986482890277
0.12484030290523794
0.2008660153058186
0.2666108350735583
0.40999888567940945
0.4873950640645071
0.46549545152347793
0.3602624440310943
0.30158026844128577
0.23037495611512715
0.1747956635493425
0.1401726742608516
0.10156378322332082
0.05197606169878886
0.010180958510470944
-0.020622937307241556
-0.016188154191290327
0.007681626450254793
0.01724100374956032
-0.008111889824740247
-0.038826740902624786
-0.028196316173054837
-0.05100540954041539
-0.02956764175056963
-0.030133100570374476
0.05228468066114799
0.014760741492797682
0.05086528573870902
0.006598890672831669
0.0329428783582704
0.0023764292372612677
0.031655430046905325
0.01883179389338071
0.01225084761796177
0.0028147375642883095
-0.01843904942097838
-0.008748619405756906
-0.037623345311565276
-0.05718079246779725
-0.11380987438137542
-0.14598698702463575
-0.14849810147189121
-0.10728659762459528
-0.10870280609988306
-0.20242793412544943
-0.4709756379551927
-0.9317739430037889
-0.8003301256691527
-0.3416960014658011
0.04797907834859774
0.0008952668174991346
0.04470714744950353
0.020754189663548313
-0.035391927246191154
-0.0065240361895751
0.010703348636783837
0.019862800509866142
-0.02579469161194948
-0.036820925176313336
-0.014508903639745737
0.018723091366250548
0.017736336163591045
-0.025685736952619723
0.023970544987125
0.12412358593207197
0.27340314147264183
0.47629288072903636
0.5633645328529036
0.5314652955838032
0.3998609218152185
0.3055196422253786
0.21542791530539918
0.18647526985242036
0.18589034955878686
0.13278193507274103
0.08990480439782823
0.040984429911727835
0.02551325728096657
0.010859284130611387
0.007099118759380293
0.006758040465276087
0.009982968068464755
0.010236201877154523
0.002372745847055755
0.0023268086442534332
-0.0033708413259663688
0.010926692978665395
0.021725985298436844
0.013785185813430478
-0.007899261000662567
-0.021739050625454566
-0.017661691211246833
-0.03574148552214775
-0.10656137775933806
-0.2633220113547304
-0.37962536487523946
-0.4326366865606992
-0.4589704139519994
-0.5815276912411997
-0.6142708649689718
-0.49660672969291547
-0.2038720845097913
-0.03132831114530661
0.024841448627476618
-0.0034399259931845246
0.008680032243155333
0.012303973769309818
0.018735020754292026
0.01485271083138365
0.0013122900511110043
-0.0014411988641205894
-0.03666634979723639
-0.028224407662582118
0.04395726275353604
0.16182437867509042
0.25734655166376813
0.4021937260346195
0.514959305362437
0.47445129287338966
0.4099845644241649
0.31716660163060945
0.23834038740180943
0.177710101210504
0.16228655858293625
0.13326495393850846
0.08083077307542
0.07934648502683599
0.026798239551619064
0.0394777844870441
0.02616021517480752
0.030712798774441864
0.021653109570622126
0.03480239349127068
0.008265803825253893
0.004101886611094396
0.014717994876040006
0.00938585224863147
0.012943419037602362
0.01044970014972635
0.026966460696832326
0.01439379184533396
0.014048349463792065
-0.014675176743254068
0.0015694119294902174
-0.01649567835710495
-0.030733316571220803
-0.08770513450922883
-0.20166386517742507
-0.323579596239832
-0.41895226099738353
-0.5127040295938083
-0.7541913965496504
-0.7760686925556768
-0.555149476200841
-0.1657538613295297
-0.015875740344895424
0.039720516006441345
0.030657674353461516
0.03323799101660708
0.017727854941794942
0.03818909941848131
0.0263553606560568
0.00846296976636011
-0.00048715050720385037
-0.038723014773597506
-0.06545100928899719
0.018074538309106672
0.14907611842080268
0.2644118886407213
0.333495209718802
0.4031301779853897
0.40256253864286257
0.3953081278515924
0.35494324879179834
0.2978223057202032
0.23753308637634055
0.184773435547148
0.1444861298867565
0.08635990077601037
0.06242553077374892
0.03564512694238365
0.00011516361925458245
-0.01621525834882146
0.0012210928603245224
0.017001311075658606
0.014491251616617311
-0.004051181830887609
0.008787888310058554
-0.01924716995834771
-0.002532762840822054
0.0352692037061091
0.047166022323309416
-0.002313769982431018
-0.009102713724663501
0.0008951583344901027
-0.043805907380072145
-0.05285225412146919
-0.05407372695807681
-0.05826218892635801
-0.13760081386992132
-0.25526985752949877
-0.4025878453486845
-0.41716227819110596
-0.4305037170386434
-0.5707904747317697
-0.6011047857750175
-0.3597084852693117
-0.03643265898092508
0.035027663605042815
0.019484228954397397
0.02010342184760544
0.008925415009203033
0.005555805215959632
0.003201175826385302
0.017488877286522493
-0.012553054097575152
-0.004136350831249949
-0.021646471884295224
-0.0030342562514874914
-0.024512031804173634
-0.028650902540356713
-0.02700981733284899
0.0018099538180883492
0.08848177593991761
0.2488258711122988
0.42373979820655727
0.5126537019577079
0.4641835144764059
0.39972344162942863
0.3115407408635692
0.27390498056337087
0.17754561576857764
0.1405083397917937
0.14509131639834613
0.15547422234076977
0.11642082735987773
0.08737244738125706
0.05426094658326963
0.024520094491853352
-0.014785489505725568
-0.00945961045790922
-0.013267614221072407
-0.006439236106380827
-0.0025297984281082713
0.0032799203069822933
0.0002933391464929306
-0.009447310772911083
-0.043507606616408526
-0.025458682544390383
-0.008199332544921067
-0.0016885936569848903
-0.0355656394053062
-0.06896108004220725
-0.06238310520061243
-0.06425992296699791
-0.030723004368620528
-0.06506145006857512
-0.05603608802598659
-0.051708234043329054
-0.00013756647320174715
0.008811338349060577
0.011277530798874244
0.001218247564236049
-0.03659670486106338
-0.17980123994420136
-0.35642256339279893
-0.4970538418957523
-0.6473864287105622
-0.6587021845076233
-0.47926387692966
-0.17263592878965245
-0.01433403900392119
0.0482066337236007
0.03025653747488264
0.015331662731746708
0.0031639729675953373
0.002280528665246757
-0.005734242285851428
-0.012636462349444813
-0.0051420284759226545
-0.011809053762277913
-0.014781303834998266
0.029083257607734586
0.15424787695755568
0.2196593771576164
0.19230538853805734
0.2778035411194595
0.39331948064354527
0.39583442706447514
0.3269916797499627
0.3189045442396326
0.29455236166420995
0.20477931170555305
0.17719104554019563
0.1385096058467122
0.0977409858875877
0.05167918306034211
0.04322470595507721
