0.7261261261261256
1.0
0.62
0.4492753623188396
0.5576719576719584
0.7654320987654304
0.6888888888888894
0.26303030303030234
0.6888888888888876
0.42505910165484617
0.7261261261261247
0.58807588075881
0.7654320987654283
0.40185185185185296
0.5576719576719553
0.6200000000000008
0.47456790123456744
0.5286821705426351
0.4492753623188415
0.47456790123456744
0.5880758807588035
0.4018518518518553
0.8069841269841205
0.42505910165484867
0.47456790123456744
0.5576719576719522
0.0
0.5010101010100991
0.29895178197065
0.7261261261261247
0.3179487179487211
0.8509803921568632
0.2296296296296264
0.6200000000000042
0.37959183673469366
0.6199999999999973
0.31794871794871704
0.47456790123456744
