0.06051930427153018
-0.014036894639783568
-0.03029833104800441
-0.0046601131125417325
-0.016148438804866213
-0.0057979532450525475
-0.00931383811670158
0.001485913814734815
0.018244245786738635
0.007407014853592946
-0.012371096825098502
-0.007464785019059448
0.01748988157615163
0.0005337957297762161
0.003059689946809605
-0.0021479271411892374
0.005593781236410378
-0.019502036095094634
-0.016227634557030593
-0.017491056382591758
-0.01805482269299751
-0.016329222460146762
-0.005606451772392497
-0.0028842520203144206
-0.0017009541244548038
-0.0018423931140323392
0.009553194464558035
-0.008316763726462104
0.007537553661909589
0.0012177137343873036
0.010422198808510773
-0.006894475226525443
0.003929752358284758
-0.002053296821164578
0.004039053234808584
0.007107253914426028
0.008159457548031627
0.01641362656819499
0.010330905064987251
0.015183202341073967
0.0167828981276642
0.031126195602215006
0.03820003163345022
0.06949037960236569
0.0802744705852809
0.0614150987912178
0.05257056408843323
0.03709548946394172
0.04314969150052583
0.03436748206307058
0.050385960211311316
0.028415831713232538
0.018316058408485585
-6.24345645548303e-05
-0.011146172901675057
-0.014413588268603115
-0.019291070267580073
-0.10296009093639089
-0.3569078767226028
-0.7070180289035183
-1.0
-0.7800794372584967
-0.33701229300246965
0.02158175752712723
-0.0007388170699441443
-0.014055936941486422
-0.022491294865190168
-0.037088748612545776
-0.025796132011337663
0.15057668390326487
0.42697715964147753
0.5964178036011338
0.5478489007780156
0.4366343224248843
0.28189622337531667
0.21857697920917635
0.17419953722037043
0.1253357914603522
0.06543255203378262
0.05442014333961534
0.0668504859829865
0.04328679393553879
0.036143897288836324
0.010388271575303544
0.015439822609044623
0.012121273424639995
0.020322409391980135
-0.013507644165784665
-0.008494400227093125
-0.01865906079427323
0.00943810326337798
0.005007116406580657
0.009711960788438386
0.0053174332127506035
0.025829063921343574
0.02375514221949744
-0.12191942479853471
-0.43216944491280235
-0.7860435394629296
-0.9355261611679043
-0.7023410444730908
-0.3074128729504547
-0.0025747396150615502
0.06122062366246945
0.0033437177300537535
-0.047754530077790965
0.02356780734381991
0.041506567178849
0.16733850125762986
0.2929606479904405
0.5136775508264455
0.45752698001883185
0.41527222489048177
0.3292136366126066
0.29167993633666617
0.1419480689392094
0.026396051444855507
0.033881718502005706
0.09418687565886733
0.09656289023908281
0.06405994578088087
0.011657644064851124
-0.0013381529535708317
0.0023346691932869717
0.01567257907798416
0.010980989485315196
0.002421280115749133
-0.01100520165763441
0.012315823739839417
0.012288284185281507
-0.009403855637198201
0.014006918589385452
0.01903140893297025
-0.08268265025635861
-0.33020272976593845
-0.5288942820350018
-0.81107293513841
-0.8035875964291833
-0.494982329098611
-0.1130916533353066
0.01941888626861598
0.03891605350748576
0.030264713539435315
0.003152287955503141
0.08803466902845734
0.3674272020562023
0.5606792465280497
0.5940820306587024
0.46173968326475384
0.3417953917399075
0.18500770145737416
0.08553007366880577
0.07990931576430228
0.07059682345322692
0.0621647920438832
0.06018825594075919
0.05512265750655609
0.01803462335677909
-0.001079932716314576
0.0005186414483996429
0.009160080155860681
0.022722540337936192
0.022240863745209664
0.006751888612703413
-0.0023634810398080355
0.0008855052872793788
0.0004209066463733908
-0.0006764087450907887
-0.003813769638006649
-0.0042330978567088305
-0.007047176967323617
-0.03275899009760544
-0.1667397437812694
-0.41929701311740597
-0.7393637263981183
-0.8936444723719779
-0.6329504412564908
-0.22463194410802173
-0.011437914091300485
-0.02919911349057399
-0.0006548722480781271
0.004802871525257038
0.0452545847689243
0.04300916065111007
0.046070231298825065
0.0030043123083125568
0.1784226702030107
0.4707467515316202
0.6337415113538003
0.5830368058107133
0.44988961593034926
0.2898335609927732
0.11965286495792221
0.029470308769697834
0.04698995400466615
0.028789935435793123
0.04231629340794951
0.01939664550816096
0.04456772985772844
0.03203077936387024
0.026849790403829493
0.004589757862635759
0.020689625057964272
0.004975217920370149
-0.009736735199470863
-0.011555265018429408
-0.0038742310770224775
-0.016610644418319845
-0.011559798892718047
-0.0037250400600199315
0.010598772494111126
0.008649764523990862
-0.11846439447807341
-0.4049107032291973
-0.7201294367035562
-0.9098673066285807
-0.6542079918428794
-0.23338547918898658
0.03886462149571857
-0.01467591975053215
-0.01624559105516927
0.012125214775764658
0.08070258181925052
0.13350276876866465
-0.009342692972057335
-0.00020956817928056325
0.282467360521398
0.5699584247593521
0.5452238171481546
0.42595142611607345
0.3219807252117737
0.19228057553351152
0.10223209039535144
0.06933365417080183
0.04848422916040658
0.03393245462879756
0.023210037102657184
0.008273041656988627
0.037108768672421674
0.0079162761309972
0.026830052922362457
0.01166680021192153
0.04550089549830527
0.0029105283475564284
-0.01691151448926996
-0.008601052022539434
0.010471491547260695
0.008082977877784019
0.0049321511605449194
0.011736819872838145
-0.002076045437660046
-0.007945266264402897
-0.12322277297415332
-0.39011385393106174
-0.7097932026597872
-0.8879124646871074
-0.6628633798824489
-0.2321086399472126
0.06038544972981561
0.016444947400604343
-0.03335286631224604
0.0026481281633678583
0.02636781907109947
0.06373212207912435
-0.016817432941893782
0.09508830276538603
0.33989050986625435
0.5696778281049488
0.528989738101664
0.46421952039830805
0.34015575040004686
0.20073085052041784
0.06844181582877933
0.06843674729648376
0.04897416551514038
0.062496214430804366
0.061574498797296394
0.06243549063128357
0.027322012232552585
-0.019617301487748248
0.0003381753316853365
0.02514687491026432
0.030124051686198163
0.019114831056357806
0.012005976522797538
0.0039267356664987605
-0.011239290782982227
0.00629648845785048
-0.004505824168145611
0.008525373035651278
0.018164776996207874
0.0079471902798832
-0.02381016626374879
-0.02366459909947164
-0.023346367773534136
-0.14083105092837947
-0.39475192109590046
-0.6850202324895053
-0.9350466761289087
-0.6993250493586791
-0.2795684820096186
0.048612431504501986
-0.02301775578862287
-0.009066456296830769
-0.021242529992584955
0.04128677942102275
0.051552828874747984
0.031938256807797896
0.07354738629605487
0.36179864477852575
0.5629259693685059
0.54953939771967
0.3686450908788621
0.2894292951768921
0.15122896128724114
0.11413636503709118
0.10794662293704979
0.0961982593981209
0.05443391129420098
0.03512182398603985
0.0413111877936588
0.00850863237862452
0.020222551168557142
0.019213218741771128
0.012769953442056114
0.019848624377326714
0.02656842386412067
0.005048611551582923
-0.01038195969488171
-0.0164771800045813
-0.01333900592176198
-0.006516727320412926
-0.008931544736066784
-0.014959806195985477
-0.0038556624785923777
-0.10011541839377831
-0.39939016433825136
-0.7600652950704786
-0.8560751164741239
-0.5632189038012951
-0.16879739114550105
-0.01947635926755941
-0.0018960816684485582
-0.011719680739141487
0.01811549150971426
-0.05683059922049525
-0.008226438073422498
0.03071426521631815
0.11260669301056868
0.08865105229341767
0.2675731990557749
0.49854369610477006
0.5824596672586319
0.44773386425284906
0.25711478046741226
0.16653354078979718
0.12386428542089703
0.12994308625273346
0.0722609926177448
0.03200710028115978
0.037953132035018454
0.033433331234361464
0.013681965304504887
-0.003779066540337771
0.005579240390810801
0.005712091929539548
-0.010828874875319125
-0.022779542543625398
-0.01877483582024076
-0.007199413356023399
-0.01643032409258722
-0.01765444111192535
-0.004887102908996927
0.002687028829465017
0.00016848199437516777
-0.02122514215917807
-0.004507080808061589
-0.017866384077605033
-0.03437962301155247
-0.053836621706192966
-0.1497066359199958
-0.3545151594744655
-0.6311326232174337
-0.8230823279409225
-0.6119875744545712
-0.22071931876679982
0.045380161105774225
0.00514879281762736
-0.00497385859121686
-0.005385893798320675
-0.04045615552955492
0.0015020981202686317
0.009612738945226025
-0.03589707091014407
-0.05046355298956843
0.28598019117675977
0.5669140848252501
0.6147521250312135
0.4630569515036397
0.3809186057526048
0.22964405055651566
0.1404659142384845
0.10805988312139318
0.07172536777522533
0.024249958115697835
0.0055237145659071995
0.02380827207539806
0.02750374659826489
0.012789428755289819
0.00832112357538871
0.029725662355805486
0.04371646497706165
-0.0001487193583299693
-0.030661497852569556
-0.020099388785960074
0.025947089370456866
0.028775547445993154
0.022398582980179722
0.0030445585158737137
0.007529858404917408
0.0030522749934550823
-0.012470880474348784
-0.015599332721646236
-0.034123383549077006
-0.17487736529596412
-0.48462035592267066
-0.8610231215970318
-0.8770149420397175
-0.47633933757504965
-0.05229699129445791
0.0450020259429434
0.011611126184542016
-0.0017236213285682063
-0.04080562830137406
-0.08711696338210846
0.05801717335487502
0.3193723032905002
0.5349204705949078
0.5258039380477127
0.4422827073174834
0.34797160794447923
0.2738025522125348
0.15281151103401797
0.05992022388451425
0.030840171880046938
0.07420347303576115
0.05998581264599601
0.034093276362505934
0.015856484712426528
0.040820701367053354
0.020499149895779473
0.01797866848773006
-0.008025433759615978
0.0053506164234690436
0.008360470109104394
0.006687119327205874
-0.001712575630879086
0.004590096891789473
0.005410614501443441
-0.018742764794518828
-0.004331741198605141
-0.0007152710943131571
-0.00010677807443726791
-0.07293630892854558
-0.22917556615918527
-0.47369404360332795
-0.7772227099381187
-0.8237324858220337
-0.48260388730130754
-0.05451295569860058
0.08824065481331221
0.014306292956929258
-0.01271055832578657
-0.038902184898243444
-0.0011547465031291459
-0.029006713210269805
0.11232404824497982
0.29964623254102185
0.5325868533830177
0.5248832588909655
0.46067080787512465
0.3036468736772411
0.19792972554684518
0.07526488643806724
0.03980864010577215
0.03202087219150141
0.030237433710084936
0.028498784385456447
0.0327436016381246
0.009207441503067373
-0.019474032569047298
-0.00043818673057998526
0.016423886653010138
0.028398110677326366
-0.006751521274874499
-0.012596665328849023
0.0019152853381435304
0.03092307423983258
0.02024498831258926
-0.009447374426640497
0.006789459327257007
0.0038754636445783508
0.019907953627122377
0.012359680374560512
0.03826080028541828
0.010367521721728468
-0.13155226336598075
-0.36081451160720796
-0.6505204971101276
-0.8056363701144584
-0.6209105187915391
-0.2319202561397967
0.010571216694281295
0.02939956171842888
-0.003936022319386361
0.010229430625715998
-0.016354959322355294
-0.004315969030244616
0.14138167661853332
0.40900292380280634
0.5694179021831125
0.5156072252309453
0.41788695266602427
0.2882249933960635
0.15959880501752396
0.0760371433413966
0.054427478589528726
0.052539991483107604
0.004438364423447712
0.0045725805108070856
0.02742772751953363
0.04626439158407422
0.03814707730416943
0.022858858862681287
0.02579825574668989
0.017009672827530863
0.0381693040627248
0.028873523947979325
0.01538936470696812
-0.011460455930331417
0.006191342671189068
0.025801548557614674
0.013626763879333178
-0.05908624522749819
-0.2833351833438296
-0.47836829813600706
-0.6344967211822996
-0.6877944947437534
-0.5808374246143427
-0.2677453349070547
0.003067817840059664
-0.001261773886315814
0.007519205687577924
-0.009353632976706163
0.014794061100393949
-0.018808285571734914
-0.017630583262392044
0.1150125860335355
0.3603764483304591
0.5462674806538597
0.5077452305067611
0.4718023871199198
0.39216592796166844
0.22805833348779117
0.07575487815893162
0.028715648112563465
0.041886479632630085
0.07246361294032519
0.0995366659789937
0.07754683791310353
0.048930540769442685
0.04435583067476141
0.013503132866223328
-0.008583248394964153
-0.028796343436768658
0.010410367354536725
0.008292515754372218
0.003931807883284398
-0.006687607499733461
0.011234825403798998
-0.0001276938823740333
0.0008610953270988126
0.012295904434181049
0.0036030198449683594
-0.05195410602182526
-0.10354489169990355
-0.35868713989047485
-0.6753307537064576
-0.8465377709408058
-0.6985595376284163
-0.3231928777209931
-0.050163696452225494
0.048910315890672414
-0.035579388793310594
-0.005242004479034165
0.0010637309368894223
0.02860064626799492
0.008530113598227524
-0.0030467038636182824
-0.014967685600813099
-0.03845739282895778
0.19154043398721102
0.48115809348685656
0.6167596498498175
0.4557131490570627
0.38375168328966036
0.2939449910487781
0.1747150358488711
0.061982069030681056
0.044006664161120375
0.014504719479317413
0.02416393386031287
0.045890334107110464
0.04272276915834026
0.0056286985757200815
0.006993870032906987
0.006734190356528038
0.028310304935598534
0.012348444038231486
0.020420833579086483
-0.01245522435255866
0.004207435337336986
-0.014521313080349652
0.010862979055296701
-0.015564707155421046
-0.0015774716325659165
-0.01449971676919785
-0.006427343662642282
-0.000607217691739186
0.0019359948018483383
-0.016716339368346864
-0.022903938664645903
-0.04623285090757562
-0.2197071442845558
-0.5241763249597359
-0.8396334000401109
-0.8068492992035271
-0.41896227452517376
-0.044611667433824526
0.04505932904825003
0.023482346236913313
0.008953511473822314
-0.015195947918924325
-0.005694908865763994
-0.012051830946000042
-0.03621612244555896
0.1048871235775733
0.3910875152159888
0.5593260115747946
0.5401329242457664
0.47549773383704136
0.3526922823502724
0.17440670501807745
0.07122835980439113
0.05280622116723274
0.04124753945233123
0.04181017473511336
0.06400057236326753
0.05309461613039097
0.0509710843819239
0.026330254482165864
0.01641160745492797
0.004502758656209561
0.04302249151331575
0.012086611209158908
0.009745767774398766
0.017050606437000675
0.008950679465645425
-0.01740938406461663
-0.003417553093746201
0.0163513977214489
-0.007294017696106614
-0.026635930965312322
-0.039216313774283654
-0.07195107359744508
-0.15607638154968845
-0.31244823705788416
-0.5347113633810835
-0.7965580638738777
-0.7382427226805048
-0.374660841771927
-0.017191534551725972
0.024829109580793367
0.008524645609149008
-0.016481692920158428
-0.010818345139306065
-0.000755771056134481
0.0021076486344346885
0.057145283897953855
0.2710722386316957
0.5066658100096813
0.5293607083226639
0.5105364868512836
0.4018501668682069
0.2538305533947551
0.10560584483835896
0.06216940668117283
0.025320979246785974
0.0058427994966119634
0.0205281698438441
0.043824130502309946
0.035999160060096846
0.027318814718476473
-0.006450292795415757
0.020176422668777692
0.015196490561366145
0.013954616903804206
0.0017842394143321191
-0.00035340296627552894
0.01654693262297565
-0.022678616875753253
-0.022234976754312314
-0.011600641907201234
0.014000034773719878
-0.017134430361291603
-0.05522113430434445
-0.150209734336776
-0.3714369016266239
-0.6485521050653337
-0.7898033161319677
-0.5968699896533545
-0.2229191143779621
-0.0019644419387806087
0.020308484005029607
-0.010139442551045435
-0.04052926297289164
-0.023499228604876767
0.011946264237162886
0.06164075722304303
0.05054078551388246
0.046503766253249035
0.0007391823598250395
-0.009979988899364496
0.0901090488112971
0.29322341206221286
0.43117731358799527
0.45735118564047555
0.3783251196546801
0.2988102061884341
0.22421879041040604
0.20352898286633775
0.11791955996959
0.06083647655616893
0.043501738449735684
0.06668371987202093
0.04614260092223063
0.03902916674806293
0.027629588972494557
0.03113464799374549
0.0015859856019589053
-0.0038190701813622854
-0.023636263310510875
0.019150481648267385
-0.013947990652615998
0.00439008785492639
-0.009116933853344398
0.004980272521204076
-0.026776165332038866
-0.01579937764545559
-5.746656845710493e-05
0.0008144816269912232
-0.003573173237864627
-0.08937999085934481
-0.2559362109344756
-0.5509201446678874
-0.8231149290816284
-0.755196348740737
-0.3628874857263678
-0.037440956586855506
0.016285773526230302
0.01525132060515011
0.018122984863374228
-0.007603561923656807
-0.02353648479161549
-0.02395752769014709
0.10626892699460236
0.3181410546432937
0.5104787258596921
0.48966298238164296
0.43680086560252085
0.3445069045961652
0.23631999967626857
0.08472189572048673
0.033644572919144335
0.0489890790895567
0.07369416611700749
0.03637747084596597
0.01081874926071842
-0.003487594574496864
0.005935067565071375
0.010626791473369342
0.006814707505044339
0.014578498652040004
0.005876323348997149
0.012131775964923562
-0.016972347282956653
-0.00017562357324486672
-0.012020707874893009
-0.005521211049427414
-0.010886131842165279
-0.004171888694635715
-0.0013288435002561834
-0.010854445523687108
-0.08216503749813446
-0.28435293623777225
-0.5322731528110519
-0.7814497694934762
-0.6762677412519085
-0.35685290744207826
-0.019098246880476715
0.033470125419092805
0.03227793805055872
-0.01504311640510959
-0.0012529503305683993
-0.00465634146496517
-0.007988542736202593
-0.02375039676772767
-0.008834822074943858
0.10364095503613022
0.32224363184907545
0.4998809827378088
0.5241870120775562
0.4202656999577157
0.300899720176486
0.18697955104251845
0.110706121052286
0.0474328341715664
0.04010612607351645
0.06452041826779097
0.07136523486043261
0.057917478814376734
0.036056923657432766
0.010963158469852519
0.0006398136119554782
0.00641777250936613
0.016534227302875428
0.020987997246946968
0.015829644418079325
-0.010160105258086931
-0.021111336992407186
-0.009911722252220666
0.0066907245413955554
-0.0051031377766148885
-0.024203344433205876
-0.025079014611516834
-0.015581807526576593
-0.014536718775418678
-0.12105397341682382
-0.3688110998589995
-0.7753109187143713
-0.9085378334892914
-0.5409664047621654
-0.07014438355717213
0.07670368012964308
-0.023595994196500266
-0.0233520830316912
0.0020559410536860065
0.035594588874607834
0.0025005180455439304
-0.05567500685757318
0.08504498325168669
0.2976014383205316
0.49742403945368957
0.469177966034413
0.4580145145270243
0.3358335322203368
0.21452074255017342
0.10196690979651402
0.06883013862968389
0.07983055474525902
0.07540232576850993
0.07796203233364545
0.0432577657895987
0.03856642986726121
0.02952939967820859
0.028119788101975022
0.020660100494595022
0.011368232498562749
-0.010407648845436695
-0.00450214949739872
0.025049459295228216
0.043046186193420585
0.016748054354879957
0.0008971896514245383
-0.06844227476717331
-0.23911977586976405
-0.4853978793442879
-0.6831758369118497
-0.7504420707499696
-0.5506161697115848
-0.232530994098106
-0.00663297403221419
0.015337475980821597
-0.006537849250648748
-0.023010746688454292
-0.01710921082096514
0.0006622131387915767
0.0024557128353243445
0.00041403390346289213
0.010864965417556438
0.010051915703709252
-0.0035970038204462423
0.007940921166177164
0.12169332303201276
0.24090631345092603
0.3419376115751288
0.40184230248962344
0.4296805301985095
0.38190287546496376
0.27967374380742427
0.2069076030194713
0.14368178262509518
0.07377285578494791
0.051293149177902744
0.07351472811490069
0.07316874875596309
0.08580005943400018
0.09053533721706414
0.07112761977793015
0.02485149172146427
0.015802279864916512
0.019988150175168546
0.0029931219404071346
0.000708591605086295
-0.013017476833139294
0.020640460482785145
0.02004760413966888
0.03536918800004995
0.018498242455816525
-0.02596584879977912
-0.21041629656505326
-0.47943352093273484
-0.6861134684940534
-0.7852901643639252
-0.6226601194403387
-0.28096038110198945
0.001553459678352124
0.024073688354310695
-0.020926546337099578
-0.0020999607135083116
-0.0010064207504516802
-0.018611370947005
-0.017279992553897935
0.007591879929125613
0.010641926323229346
-0.015503678168424247
-0.01817385298955087
-0.0031261748086711654
-0.04142543224519602
0.07078451948886662
0.30710038798677824
0.5096456444096289
0.5027190717829451
0.4294945563387648
0.336902476466636
0.26106894923436946
0.16937322392146215
0.10330370094896056
0.08638151128128772
0.08283012608372595
0.09516408468775432
0.0786546305817771
0.0894617271318983
0.04309699080981083
0.0022785123303421394
-0.023766487076307508
-0.019598377842913305
0.03145144450687769
0.06685916380438518
0.03650500644407382
-0.03607220443168962
-0.026752972409072307
0.013472339025999562
0.010611077521752325
0.016306537430725347
-0.09339438397037893
-0.339130337008123
-0.6255023631909479
-0.8402463572889294
-0.8078246984448851
-0.43832403932196456
-0.05770388246133845
0.03721657066388555
-0.0060167301938438035
-0.004864596663812876
-0.013136557715051171
-0.004884737860374454
0.018306980138540874
0.013565989207934878
-0.04855253215224928
0.10580091147267102
0.37762174996551284
0.5084983077274251
0.40995946285404117
0.2950828158873716
0.22820112557329503
0.17001337857477547
0.15065724321412816
0.11801892345174109
0.10217723738652246
0.08039402848603673
0.054754085390247474
0.0433766206190799
0.0412360520640825
0.04817405616908871
0.030240183088841605
-0.007180867482955898
-0.006193486856807173
0.00954170591463792
0.018475538643260563
-9.501681876106567e-05
0.012306108582343399
0.032334101184344495
0.03019700914980036
0.0035234525480803626
-0.019106192956601164
0.016821208528113165
0.0229913639489243
-0.10798432864783873
-0.3417723183587933
-0.6621909435756885
-0.8376168476098348
-0.6553246037198595
-0.2540706639789581
0.011078262010683924
0.028205314949804754
0.01537979152290918
-0.01606595073786182
-0.036371177177287516
-0.01759775541363593
-0.01343624600704564
0.07870294142975547
0.24835343338804433
0.4704163452149185
0.49089986224936405
0.449387757064843
0.35257202985253605
0.27440941934684954
0.17181610172772002
0.13445610463236993
0.08263772225576109
0.048149596601254625
0.05218497979542557
0.0608426749987676
0.05280058771681605
0.017696934259720108
0.012244237436688548
-0.0018733382730503597
0.015233533293895693
-0.009046039754282333
0.003843006335665061
-0.005907279041245571
0.01755743574630107
-0.017711108389926414
0.012809919208312526
-0.027093420186584418
-0.02243522113093009
-0.09013878671220339
-0.15805178822793944
-0.2839667290593205
-0.4375632558863746
-0.7535272204051763
-0.8206428714610728
-0.43756571429379965
0.0001008089165785805
0.06419630238582752
-0.04392996251700237
-0.04013993036328384
-0.0020138386708940877
0.024903435747133586
-0.040575953904976446
0.0486748316542196
0.247546233463453
0.5078064525166771
0.5192053089480492
0.44787917071423056
0.3328094285222359
0.24029197518673015
0.13016952417549638
0.06914143657644609
0.08116172300976165
0.058837867338260665
0.02137330312633617
0.015435582239396041
0.025627635578862402
0.017027246293916946
0.00558603420629705
-0.0028084373060408632
-0.008517945308272299
-0.011689598467424485
-0.0051993557920260525
0.004024190297275844
0.021754555435652002
0.018167633084172956
0.004873401265965372
0.01905039018901644
0.01881377469303221
0.011776617834869824
0.004405110323134491
0.012761673443606193
-0.0004219476040323891
-0.016015282819635244
-0.20603059857321998
-0.4899768046282735
-0.7926877403921223
-0.7834928083985875
-0.4535821464799049
-0.08446178465453404
0.014595317056207507
-0.039239666526843
0.00652435439125474
0.044828853689043685
0.03512406244017965
-0.029048249972141033
-0.044313966929496906
0.06882126891348572
0.2742938360926454
0.4706051254458921
0.4968813676485876
0.45943793242066044
0.3821394620534773
0.26679102015161965
0.1336444375936522
0.06606411573031441
0.07165669822222048
0.07460405855186351
0.07473767620986999
0.029040805550702507
0.016000403014795956
0.010402823464065193
0.042949202396889576
0.02202723976939403
0.029860374979073064
-0.008850853158789852
0.01916055578085416
-0.004556076157925767
0.0006805858219328121
-0.02243212861381568
-0.01688055563757216
-0.006302277981284043
-0.004613236187456395
0.0007077274021012915
-0.0013976698248499386
0.042786023771321284
0.045405486073125806
-0.01872849108915252
-0.2927375080873952
-0.5969729804532937
-0.8653343906822107
-0.7775150213437089
-0.42708957221032195
-0.04241786315620096
0.03889861333491538
0.005583770147032015
-0.013467440301980061
-0.012119313210247683
0.0023005180854298564
0.011570808963045097
-0.024182983447198738
0.04706829313124747
0.25979806164631836
0.4703646862375461
0.4742435192549792
0.40726205383680486
0.345982089541087
0.3043922244640057
0.21373072109014576
0.11569523208798455
0.05146899150282225
0.041155867214018094
0.06944569958519554
0.07205239082948534
0.04479362958130053
0.0006863790763105716
-0.011312836208609766
-0.022537609307101483
0.0028770880974413196
-0.002138924749500411
-0.0055803854529385775
-0.023033178145954136
0.0067230699453472795
0.003500341976261462
-0.004896346761705619
0.010576174278300994
0.03026820114127727
0.027123677118452337
0.00015109479030932265
-0.09388332471130503
-0.3058915436732508
-0.5297064455778253
-0.7416116669587289
-0.7101573564288401
-0.43818162667077604
-0.09902275284803662
0.011125220319982468
0.000921888632019776
-0.01109466827640557
-0.01781087499035684
0.011437984050220795
-0.0296871825343455
0.05516396430733263
0.26853451151186236
0.5124289567771516
0.5038651682609431
0.426799750316868
0.33724512506375826
0.23492501532652083
0.14517388054747457
0.10181832232309307
0.0845438876166214
0.06349341204486532
0.06622345300304518
0.045779674153823474
0.026538758019519666
-0.0009517016254712655
-0.011807185464288085
-0.014368265643064388
-0.0023499905295058235
-0.015695199196736447
-0.009408292298883842
-0.024709065967094726
-0.020340225999732967
-0.003972231663538123
-0.0024558409409080736
-0.03846303756947828
-0.09363609071024472
-0.09415142081098485
-0.13633621322951708
-0.13375283033714191
-0.16513454685229434
-0.15678518526895432
-0.13326100053816162
-0.08602880447538204
-0.1538541923374533
-0.43174336124393803
-0.5983447952648603
-0.4200835139386233
-0.10475770160397362
0.004962083498750612
-0.0007687459317671254
0.021743090088036425
0.0190453625521365
-0.01659498476128347
-0.008230780428950193
0.003275703142175854
-0.007016783925270415
-0.02720996247842542
0.1321604515783296
0.3884284513682397
0.5203581870202931
0.4755932227847563
0.40262350114084616
0.33850248209978384
0.2111181416732364
0.11438303388245971
0.06991704451597924
0.06552101003944025
0.06631762767605909
0.04555235571758027
0.035154730655396024
0.016863776548251445
0.01828980479320216
0.005146618916851513
-0.003723070033889449
-0.017407542949091626
-0.013458840760000772
-0.03409951133384264
-0.004476148935417776
-0.029243999267787715
-0.019761125430901017
-0.046566749415022875
0.015532956249039593
0.0021924753717799715
-0.0064202932180525705
-0.02996608013641912
-0.01905203295082294
-0.01580852109153696
-0.026813980727860065
-0.05822068555000225
-0.32173319005234025
-0.6442661076445508
-0.8594032327902954
-0.6087014198420218
-0.23570260726504352
0.026591600971006227
0.012420799287205348
-0.0150288803628732
-0.0003085789515460897
0.003079246311243223
0.030313268338160858
-0.00623320709580911
-0.0196309649394501
-0.06687628206450755
0.08077850997024352
0.28915165844314517
0.44999542683121957
0.4199623732813102
0.3511984010411013
0.2977578059811542
0.24531371351028952
0.20080374583597244
0.14823067430626344
0.07682580309862945
0.057195302840324515
0.03983429593458797
0.03689273465148365
0.006112777414598169
-0.012413649097632894
-0.024310470180189
-0.04045347277738782
-0.027789138462699658
-0.02155930362343937
0.014690882301726691
-0.0012414615422513564
-0.0010943747108328255
-0.0262581260001104
0.0021937642713362555
0.010827471854098365
0.0013014804099163984
-0.02210632967747768
-0.0025310574420884333
0.015200386397630803
-0.006720424146812428
-0.01974445984927978
-0.042406353504934824
-0.2212758959367805
-0.4803241837923161
-0.793310197069086
-0.6419253954385228
-0.27830690901878563
0.04623593425995393
0.011696293167250689
-0.0011711562126037287
-0.014008092708360844
-0.023009067856844215
-0.025953292332574786
-0.017692005932176676
0.03301295502355391
0.2483032264787724
0.43924413145138486
0.49560518778670604
0.4302540669811825
0.38210080949057096
0.30473805534533
0.20549505250269706
0.07329387809954024
0.03373853486762547
0.04819293302754803
0.07379028173635599
0.05728979446458449
0.04752359599444102
0.04304259462764519
0.009559392824051846
0.0022662863754784753
0.0023959097141644232
0.021485173013194796
0.009330545159832596
0.012097173697538075
0.01973644339348816
0.004628867492432991
-0.015730902581625118
0.0020447065847912097
0.0031328065827293658
0.0005041066617583488
-0.019537885211312857
-0.02045119754941771
-0.028673580827774544
-0.05060206339406373
-0.15091567025452415
-0.46146338314943586
-0.7221503764391175
-0.8375802851692579
-0.5238276972346019
-0.20538759245618265
0.052831496744012
0.020113501212938967
0.021483577640550023
-0.01604936851016175
-0.0417812849715772
-0.031460087154846814
0.014065153662514214
0.17556844864698612
0.34208569845531916
0.47667191853223595
0.4475134466627611
0.4209963683040466
0.3359824986952552
0.28507519695170286
0.16251099166681998
0.06745058721560684
0.01327821337563775
0.06238284053832099
0.0654880965635479
0.03826306044713701
0.023190590459084257
0.014005001890045376
0.0017916048776656756
-0.015198761283286434
-0.019582030622413628
-0.021345782800935797
-0.01934466322347605
-0.013437835504849437
0.00564162053365645
0.002629333955219138
-0.011141632073976882
-0.023345006771026404
-0.013099568894529174
-0.011818650757301647
-0.0168997570221648
-0.031310052639817516
-0.06819118612496033
-0.23642626771701086
-0.4761037233037151
-0.7491496822408212
-0.7348686711928177
-0.39073956026068546
-0.03418393945286356
0.04413549695809671
-0.02567668854575576
-0.021665298600443333
-0.012504211996341172
0.017056683678316812
-0.0030754729934880944
-0.02613378160253105
-0.04061505169919663
0.1458469430385571
0.36872235290867056
0.4932314608829053
0.4343903611359282
0.398425749359204
0.3573453175396043
0.2776054411318758
0.18935838678162428
0.11415811513279892
0.055306896883104334
0.03985642034465827
0.04034377984322919
0.05547585089657656
0.062450099383839476
0.037467416525437336
0.012172104183099724
-0.0036953351547297773
0.025288478098389806
-0.0018960529916118253
0.0045262604249078015
-0.005289507729514608
0.022034701844430276
0.010927292499772843
0.0017395173603666158
-0.021626192538417983
-0.012032614679519098
-0.03163044811582248
-0.024769679982095276
-0.0008705219551836859
-0.05023350760408385
-0.2990861922739152
-0.5662063270734434
-0.8045799253714575
-0.7470113021805406
-0.4281920786251966
-0.03513286289769451
0.06068783267974811
0.030935991218073715
0.00700532776923647
-0.005031899500417389
-0.02239088022405573
-0.04742197002126395
-0.06093310337638993
0.03349158467608778
0.2524617265824976
0.4464112784265366
0.4793596066420268
0.4037173665523057
0.3119194484055677
0.23702142830824824
0.18533176545532634
0.1483080951316277
0.10123167869756146
0.08278647527427671
0.053969715091410984
0.03804618270931474
0.0015585822935817787
0.00597842290601989
-0.002330242797199126
-0.016003748860569135
-0.03190632671025098
-0.030898022489188916
-0.010411534225876012
-0.002054196164317689
-0.006759027764312797
-0.011772501598455169
-0.012645258088675967
-0.008866001779766155
-0.0008373945433159189
0.003186256728114455
-0.010624273311182236
-0.02407993694372929
-0.02985911328249275
-0.025349286848606198
-0.06267231820518697
-0.0625719867347743
-0.09232935672407107
-0.11486002519375017
-0.2676104612069554
-0.4477810550112637
-0.7219621758426757
-0.5680991836762824
-0.24274274276099908
0.031273142790090094
-0.016142844400930906
-0.006527136468779074
-0.0040984135828755226
0.0005646034897353717
0.0028494873695106364
-0.008670373658145318
0.011245175331635495
0.17056933188733284
0.4076982955165527
0.48365338672274144
0.42118666359344487
0.3479714035161904
0.3180672212370661
0.2548639428007448
0.17857557028670526
0.10079628929966344
0.044208171488776156
0.05391426575619769
0.06194060348702542
0.06941159185487741
0.05318720482767561
0.025597702616934215
0.011588569625820057
0.0004147391248246359
0.0004599353897403484
0.0014150051591931626
0.027133885366142987
0.03230601277227796
0.03886598181003011
0.020857031262142355
0.0035462734600890627
-0.002681592039128527
-0.004921098859469501
-0.016409777928654137
-0.02750826289678903
-0.021529869906513715
-0.01461343328421348
-0.025541498911001048
-0.001127841034011779
0.0010892562719696864
-0.1130234767176232
-0.4176311990058457
-0.7614457718588857
-0.9353282764883043
-0.6384322526236242
-0.18556246138233767
0.06715609216652627
0.007902456454570765
-0.0011771996514182011
-0.0007015347841618358
0.007148487432959979
-0.04167631053550816
-0.01939556095882407
0.17301633719246043
0.3555546745447869
0.46440252542968014
0.4164958404925579
0.3928941235660206
0.29908154329816505
0.2421904889779686
0.15962009763146037
0.10925769693840519
0.09820991522861482
0.08293796167883341
0.09159680288903564
0.03998184629822681
0.022353471418325326
0.0009175750984117001
0.023988655766235233
0.00010179576413704614
0.008676147975168611
-0.007875121344223577
0.0014587529475891985
-0.008873217536646352
0.0011323299230941177
-0.012182839354787988
-0.007537999781086171
-0.0032500571329383194
0.0025643188570643877
0.0019048485135610548
-0.007644563452286133
-0.02175089680574932
-0.028193227497262434
-0.014995642456012401
-0.004769102563228351
0.019727663716288046
-0.03852878760271208
-0.3358080053150992
-0.781630182352779
-0.960396070801318
-0.6183224127705677
-0.15625735373482505
0.05426470036829372
0.015935030754533088
-0.0016057432495457929
-0.01566765752452477
-0.006169484118172947
-0.013284175871018777
0.03327100803660689
0.1687419897829025
0.34884338080070043
0.4663362043928892
0.4584627831867297
0.38500475481254726
0.32216927637528736
0.2468809726404594
0.15995274353192046
0.07282213572904477
0.07842720166515461
0.06240955453284478
0.0633644572419737
0.049282811533157514
0.04351174060649245
0.014149401697937334
-0.004251772455182871
-0.0046174377383206636
0.010907589009661593
0.02517046590286764
0.012399279754909072
0.002131207436439027
-0.012316334122663506
-0.002563601821422035
-0.0071274054539491065
-0.02390049147058547
-0.00048351782273608384
0.001124236713413527
0.0010186485756668647
-0.02675293553214768
-0.011664718554095318
-0.006064547483961327
-0.020650909168651765
-0.03844768034592583
-0.15571188861422175
-0.3604978177062816
-0.6851293524004459
-0.8337799901393882
-0.6107445592723519
-0.1995662756102951
0.010713964064815605
0.005296228089898995
0.0030355573846781187
0.015915732885949375
-0.006101867633949547
-0.028355845494211055
0.06087080392055965
0.22126905799366667
0.4115623514053489
0.45954947740928087
0.430632443963987
0.3529032507361971
0.3150551346536208
0.23070581400710496
0.12329123521728533
0.06528463353511121
0.08377622075169197
0.08552958473414629
0.06244016909846097
0.03181212677005568
0.02452513671290312
0.003413374212397577
-0.006578546792017315
-0.01568976607120735
0.006837436041549449
-0.006028939200034821
-0.0016052426727066883
-0.0073878048703548815
0.017650131342912906
-0.010178052267687466
-0.031248661139966258
-0.03632191548812495
-0.007498854095455607
-0.004460115221188552
-0.017803700207947828
-0.008945745308029414
-0.00030630746249344525
-0.0002624506905219403
-0.12765427485674527
-0.3503427318644595
-0.6402101179236376
-0.7764071488431942
-0.6444654113493782
-0.29541290963284206
-0.018372030310686842
0.02443934227585213
0.00021652884233624653
-0.003291709710036376
0.03201929389632315
0.017536091753069527
-0.011048020337853862
-0.011723670517655571
-0.0047282846956922435
0.00739007359478452
0.026916462456518568
0.18053122734534974
0.3513667089241039
0.4698624425360495
0.4375378609471582
0.37281656782454003
0.2817174987721811
0.19415346592696087
0.11201496336725458
0.10059869086614152
0.08808306823574875
0.10317006793131263
0.059295232958801125
0.03364102013616653
0.024127186578946743
0.0246606962621795
-0.007856241437139528
-0.014412949400958986
0.023104670316203536
0.006439900288373821
-0.007790831885623506
-0.01338156739052733
-0.01041988785519473
-0.010442769491330947
-0.022949291784410474
-0.016253179463884007
-0.016480767595503848
-0.029878518816189022
-0.049072769456725555
-0.06874283834402745
-0.15089414525471562
-0.43536630116996383
-0.7736372435029062
-0.8104654532482557
-0.44556798133083414
-0.07934478717647041
0.04239303472346496
0.01385837110497054
0.0050844319355167365
-0.006419725395797885
0.010607265691678046
-0.010733372304462623
-0.01925777383441353
0.035773034759576425
0.20087864693172144
0.37516707515557246
0.4826189484656393
0.45965976792295493
0.3636668261260459
0.2539867999247409
0.20413140958085926
0.1441783109126119
0.10315835523851105
0.05295137995222573
0.0240164119828171
0.01143546715343713
0.0517177316465525
0.04719366649883355
0.044661037662186674
0.013865830852535035
0.017261780473327652
0.015103044616164523
0.04362072760442891
0.006204613645768975
0.0008109503442370974
-0.008336016843970303
-0.011074450812718293
-0.03236765025060436
-0.031987531653796794
-0.029915463136495825
-0.02176021649393639
-0.035147109766507166
-0.06190825928547749
-0.061261504073780844
-0.039761504683801845
-0.04507076598516913
-0.023175938267681526
-0.044439508451591114
-0.20704281723654802
-0.5781480034050859
-0.8998390834545652
-0.6856879954793769
-0.21988218684141325
0.08910225001554513
0.01934641759527349
0.018198355019712408
0.005974195494924463
0.02400862505344053
-0.030528771049703606
-0.019616626372875652
-0.03567240400254565
0.11057357048351428
0.2075708063308537
0.36600534905992266
0.3586333541376832
0.35186177954916936
0.2328571495885518
0.18070136319390964
