0.10915893559581276
0.024179989724519308
0.00616044888634311
-0.0011283000745975675
-0.053800073869231024
0.025201315044201467
0.09384493378344552
0.04060492876079412
-0.07258123251749385
0.025166053346482257
0.021964916594972756
-0.05997152389042682
-0.0677505605842028
0.1972402164163012
0.3001117471763549
0.3050690868715257
0.103711716892968
-0.0058786878080318
-0.10509034183350972
-0.023737310237610595
-0.1538803433037804
-0.058905432161492056
0.1292784902146121
0.40112993798726365
0.25253074128531017
0.23939714006283483
0.24020363518827728
0.21696643834347082
-0.030133028201385685
-0.1435382340168876
-0.20251221876445374
-0.10828034854080179
-0.032328338339764826
-0.06086822208000461
-0.205276713901064
-0.278391740363924
-0.32856348869191204
-0.3644114377307262
-0.09114409169510537
0.010969672700949415
0.01237890178926008
-0.2004262446360674
0.09281385483779689
0.061851469724865646
0.027696100867521712
-0.15385851301054687
-0.016801950797460424
-0.018036338115472554
0.015992588944325262
-0.04535915935301226
-0.0671112230947543
0.028107982685636756
0.05026909344246754
-0.04016280491077311
-0.024614402985251027
-0.027715506651095494
0.02326802995835969
0.12748229766231248
0.27086483475438655
0.20380822505946422
0.18631346835478282
0.04883722035983715
-0.05213779211140804
-0.11132819768600456
-0.11335421753542088
-0.10449344405508221
-0.043886982698107
0.08186527313198542
0.1773086953514033
0.257005045623514
0.14521070060299993
-0.010837361569103851
-0.17705527570713572
-0.3551025340348571
-0.30512228918703477
-0.14823142874545756
0.1257685725077525
0.05849710971421268
0.02109979116268172
-0.053574616673346856
0.1472017884529692
0.1956522774811425
0.09886432882928996
-0.18005213693263744
-0.23021558260149738
-0.13821005421806848
0.030842094637365904
0.17909873031346996
0.048455101283907405
-0.15849359207754918
-0.23227521001481377
0.013789039510579802
0.14285385218148336
0.24622329802572274
0.12059826408348989
-0.07400832237732918
-0.14063268191911016
-0.029082424679702054
0.05942093617386747
0.0054738323686764415
-0.1030003204764448
-0.13144724259673327
0.015427053698154322
0.21823238620978472
0.2947724006440191
0.1249399867116023
-0.21440815063091673
-0.35383323797369787
-0.13625705161502638
0.03464761973866231
0.03423679770544241
-0.00816466206111187
0.06777609989612011
0.02396849271565251
0.004714669244518196
0.09163279018148039
0.08567550755620346
-0.11571467354780986
-0.17561626659374327
-0.10207339884103332
-0.00011994181611549769
0.05505248027812229
0.35350410816409167
0.45747546333688344
0.4441570126036746
0.25891460602210653
0.0009801662530310059
-0.3268885750598257
-0.5565015410041861
-0.43025790294843685
-0.22126846854172386
0.03790774573766326
0.0380778883447858
0.003378457893478781
0.13837741712386245
0.2552382929938584
0.1873798907146963
-0.11254291746086158
-0.17040106109306088
-0.18822623978807407
-0.15263478497333616
-0.06323932632347892
0.0345081053365413
0.09703755974999773
0.009901940510710505
0.031520817718740664
0.037503621539827635
-0.0008041560659849161
-0.03833349845749837
-0.04714923596094121
0.007399430729817815
-0.0023961456262897385
0.00753856380148755
-0.09526654858443685
-0.06519326524864372
0.025013087727283438
0.14135064646594242
0.13592659496576454
0.11375719914706989
0.11598063335366905
0.17073212851864517
0.19622082925510168
0.09458435088866365
-0.053751094185927224
-0.3495072261988148
-0.34215600006183683
-0.15592843050037083
0.17666938944950816
0.3025386647207296
0.45284902403535027
0.44766590719849847
0.3846504716873174
0.18079235356177925
-0.04427172413709463
-0.27517580915926704
-0.39292917799763466
-0.398988153257504
-0.34319645475255633
-0.18293219742580058
-0.03847081621933561
0.18285606795137
0.09635518280330344
-0.13198420672720226
-0.32162933802833304
-0.14245886306639
-0.03158409212833722
0.010413812117122386
0.03502255602329298
0.015222221932206518
-0.02000853283928479
-0.03643248804799713
-0.0024423237420904027
0.017703740878574334
0.11053481840948517
0.07015567798823849
-0.006587853492096686
-0.06377453488894813
-0.023687209976584665
-0.02955509774121418
0.046672731975979785
0.08619866768636081
0.17161935491308128
0.11550380166502723
0.07121602310439666
0.00088510813892214
-0.07674888663870273
-0.1356981291131508
-0.016981217144169735
0.13776533329922103
0.15961043696145885
0.10788970686735196
0.030570221919348817
0.0026210643373982792
-0.003508678204104686
-0.2207324768088787
-0.2074119767162161
-0.07037967117779106
0.16888352557884495
0.16642317573681456
0.28499978690347866
0.266590313777974
0.20471089082831503
0.01637815730927193
-0.3161006630251943
-0.6098714453462817
-0.4546806215977621
-0.10112685105956923
0.211212829779249
0.10332038637221591
-0.02929000543231079
-0.018927892315888945
0.1907786176249393
0.24323117572274328
0.15650605603026377
-0.18619443794107177
-0.2919312930897116
-0.22305209032545634
0.0542546385708817
0.008560828307639145
0.017303569367793082
-0.07545461942826408
0.011805069938348768
0.15954055044101162
0.3075376944649663
0.2488322325904477
-0.16305555976910885
-0.3673220150462939
-0.30468153695690786
0.019525519121981524
0.02908377147027914
0.05762415646680164
-0.019550264542756636
0.026656117256828715
0.05439652971923814
0.19699515348997865
0.19152658237495254
-0.07808511362270668
-0.2693316168086462
-0.1910259374375072
-0.0012042392313125936
-0.05480608918228155
0.03994588449088153
0.299583086892468
0.28909415075921524
0.23006073216755105
0.13279489064294084
0.20910912999947515
0.03879801842523025
-0.08686070458294042
-0.3089982489388278
-0.3698363491536157
-0.2729944565995158
-0.06347041290178779
0.26610248903351214
0.29036751000526134
0.23236707219790112
0.06185586506090043
0.15669010496618882
0.07956547537556559
-0.11961566977742866
-0.4830735528445584
-0.4024447782570842
-0.1525742861473612
0.07078110808590768
0.08356559063365078
0.16511008244237038
0.07327395357052705
-0.032525932737555725
0.06714600283851659
0.23458310234653373
0.20959437246938037
-0.12868460936360848
-0.3191235187123502
-0.15255830659721345
0.0024234185874983808
0.04702272095689477
-0.03181447179435769
0.03137213226096747
-0.07250105616752706
-0.06385494249329969
0.003376797877338619
0.20428219813522758
0.2590877169159026
0.24108953022271623
-0.03280851054052912
-0.2417588481670036
-0.22371406688179685
-0.05565153813573575
-0.00012433105852306607
-0.036704645710852704
0.07700121095980225
0.2067307255325892
0.32046645563819753
0.3231819586632816
0.26433075805660117
0.07043389967882399
-0.33809240091207887
-0.6193673705034335
-0.48104716232321826
-0.13990755144868156
0.1382613674183626
0.13221933966797408
0.09731392588658547
-0.021012131704423488
0.21669358852900303
0.2666570832186778
0.21836370835819538
-0.08792849365363073
-0.336777021698267
-0.43476056673072666
-0.09251356485421629
0.21601709838516736
0.09546413179382905
-0.032547605937123
-0.027662697665651027
0.018688880601623572
0.1730724863664732
0.3421460562840297
0.31435317074205904
0.05117314922655581
-0.2913580169389063
-0.3799265635194298
-0.22083705359068637
0.019851469438521813
-0.03540978582285238
0.045586210648935255
0.03557413731702271
0.06923290152688967
0.15825813957782156
0.3322517595825072
0.34208294865488825
0.11725603763299179
-0.1949998334128072
-0.49575162857760985
-0.4597667348219481
-0.20012968896657077
0.08393519278094867
0.2164121483922515
0.05280049588045918
-0.003539524692058012
0.0792470059840226
0.30555073734704696
0.23513250941944722
0.13613940142565167
-0.27057010407987997
-0.4283576643445181
-0.31679656329518063
-0.05673572754716911
0.16368421329958116
0.20619352789673728
0.03432064949776256
-0.10936968356601884
0.1560230254813008
0.33996195867230455
0.3022352661954089
0.14182921184104033
-0.2715292338269972
-0.5174761848866423
-0.35510458584760307
-0.061613872319155424
0.08141245133293863
0.12463453092239943
0.03220526635153343
-0.09701751178228298
0.002998533861421957
0.11222928999046712
0.10367240331114014
-0.052250002755969846
-0.0869298642416325
-0.09050465261537764
-0.024661108550056772
-0.07435026961036041
0.04916968795086559
0.12167391422659465
0.010585247996446378
-0.1259307871675381
0.12381378339398777
0.4232162519392181
0.38890846518751354
0.09791767153292676
-0.21259436240796867
-0.26891452705473184
-0.15656803444916553
-0.051419179811058216
-0.06291004361026188
-0.05830756307336632
0.1861753896374991
0.35031551361229546
0.4267823223745483
0.17618551966053803
-0.05129484574987508
-0.1469598719729646
-0.06397024115901873
-0.01941344556445471
0.054378715910710515
0.1963799829976824
0.4261251998925735
0.3824457733237943
0.13187607366032775
-0.13146139536699336
-0.2939305589067133
-0.31035109125252996
-0.29920897782652744
-0.1712301503338703
-0.2291685371153084
-0.37736162713626736
-0.44121664443404385
-0.2412955726934151
0.021982858159530175
0.07571063818672963
0.009494665861147722
0.011904101307743742
0.04361866836863007
0.0977197486725383
-0.037301372093999904
-0.11939311053971541
-0.12215764353520984
-0.01929534082868328
0.012476261468580652
0.184136153409551
0.450262276325835
0.4556481033696689
0.46176963608202565
0.22940422396893162
0.13557978548690341
0.013299415882703631
0.19036554140214468
0.12498259004952159
0.07623762971083402
-0.18560686616955674
-0.2135753648527441
-0.11726276522730439
0.08263989334637448
0.1485505289813828
0.05616288551500501
0.0036785372409970053
-0.027663761069683185
-0.01783990723743927
-0.23464963516288997
-0.4183003991293665
-0.7052267352769565
-0.5520683784182882
-0.18978782573250433
0.16326113522445695
0.04622784053968738
0.021931042018769605
-0.07430672194791281
-0.06408471966215448
-0.005880764407187642
0.07164271435114497
0.03521985238511809
-0.015775570310796242
-0.10688098867954168
-0.0582176482120433
0.04638797200376444
0.10890200789740703
0.07567523273758571
-0.0284147279153799
-0.0422682390377769
0.11107893819235648
0.28364395827436345
0.23135662195386258
0.011312466688694844
0.15287335139064265
-0.0630396745023048
-0.3335799541579175
-0.38016176754776004
0.09181424807361278
0.3314258521530105
0.3032227380209938
0.2994554751842295
0.31461197796922236
0.4266275755481941
0.2279213946015751
-0.21593906843027333
-0.4498228017572508
-0.6376857641182069
-0.46863878953279486
-0.23597849323309592
0.224900459040706
0.29213969506090987
0.3356963044689391
0.3284591872368432
0.23845841054175324
-0.14221554977019607
-0.6434266008000048
-0.6157737603444771
-0.19998063231183483
0.2515475864455864
0.15071980097583065
-0.06340100860531694
-0.14097580994077905
0.0960553402593214
0.21935479492292065
0.26977376982095885
0.21504951370525235
0.0029202633750237696
-0.25686526817923455
-0.3161695116770472
-0.08968561169862732
-0.010387444363641312
-0.05071453895453491
0.08642833381559885
0.35361791804323717
0.4480342910727947
0.3414895160592282
0.28780059762988097
0.11289522279607174
-0.18037835560693857
-0.5836394746047775
-0.7004100187749542
-0.4329011973301813
0.019831084774737863
0.1952092836910522
0.380504648682875
0.43378874448205684
0.46728178588542696
0.319784361428332
0.25183258187060203
-0.012846001215330475
-0.3247574646111759
-0.5003912243880864
-0.526726980142144
-0.07847501072519739
0.27134745236374547
0.4267205763636567
0.310651819124535
0.27481591383801873
-0.08253563747629575
-0.4836461397597717
-0.6480779158814867
-0.46788261229163447
-0.2393486670073838
-0.07193087985073315
0.13919239219822588
0.25735965509062564
0.30166985127398344
0.2220223574920721
0.2514370439060681
0.10178032598325991
-0.2290884820685174
-0.3341819941216852
-0.2757787633330027
-0.06421779340860635
-0.09346383830315123
0.07694381057745171
0.10839742024346659
0.0827808324406664
0.1748102086076535
0.3809189965503309
0.35552823787574017
0.0788675794361585
-0.0815887683822621
-0.23630297711626536
-0.3092270274148102
-0.31195104335281526
-0.1262063506720967
0.20454130116980665
0.3982462495031373
0.4036822703201884
0.2803069281331007
0.2484337018542638
0.028380823281577552
-0.35025590870144746
-0.58222262998354
-0.5372417998188432
-0.2735217949002439
-0.1834968762758885
0.00040390488981710174
0.254864207443079
0.419922078168814
0.3418405510385303
0.2136174506593235
0.08880829429725788
-0.23622352263823695
-0.47789386684072127
-0.34679005067723123
-0.0629689015009012
0.05921222909923103
-0.08042226906708459
0.10263351590242417
0.1647918190172804
0.28197004265078857
0.19223720188495436
0.2556469833827006
0.1179273128756946
-0.01894934360925324
-0.251473418245813
-0.3717209288998943
-0.2940101851330086
-0.10111996855232935
0.06308810894316175
0.25048830232800723
0.30985706618255915
0.2995262988936715
0.2516201913162028
0.1990580786631008
-0.028878975335667457
-0.2734393086071604
-0.4139140226566974
-0.32870322039061767
-0.33100600672550823
-0.13920114020339386
0.138356424937773
0.35934052320766435
0.3457634028339972
0.26748013163281087
0.2060099361966993
0.11309069249053964
0.04709649459570176
-0.11607420043129729
-0.3475963357349431
-0.5340158586294212
-0.42447743097986934
-0.11007404165743516
0.11845301718190447
0.19682983305304377
0.06251391010096491
-0.00475220334656378
-0.005048228233521091
0.08094475337617076
-0.09182485081685675
-0.1274070935360412
-0.08843729715912982
-0.03770873052241666
-0.09045844400290617
0.050332739965675236
0.17919866488412275
0.29306795419289344
0.34010514010751075
0.4277846277031304
0.3542776888074029
0.13743789068547835
-0.08194198010699563
-0.16639279342516874
-0.19728175367683012
-0.18233698777560045
-0.01723760044396242
0.12198366148475888
0.12425040811803205
0.10656363175510511
0.08170072819015976
0.035001702675883456
-0.14993236404511387
-0.2270841854547511
-0.25890989581936047
-0.1253944807579888
-0.1926787897536382
-0.11086495700938809
0.03576226899314067
0.054592743952385336
-0.16800444134417952
-0.10838601519722683
0.03463109242818361
0.08853009325122635
-0.02051302764052877
-0.051261039575516865
-0.09903588362043596
-0.01110298712017413
0.026348331448245207
0.029360838243965418
-0.022641335072446176
-0.05348991005327312
-0.01403324337222762
0.010644698586723051
0.018514350327332462
-0.0558085237054911
0.08456790952439419
0.20434825498703374
0.16466609347219358
0.02266278496791721
-0.005876768616859151
-0.14059996778393097
-0.21176395989220473
-0.14003770658484344
0.19713072793268055
0.4119128454959501
0.32665332179658063
0.16378969940769486
0.05806259441727157
0.0012504337413054745
-0.15349676880328067
-0.1323626692399525
-0.14009061573370454
-0.22237738716454708
-0.24873704007065728
-0.15095227459589175
-0.026375518404673202
-0.01708535781836152
0.0013733116228481189
-0.0007853070087374513
0.00992208637754304
-0.020555337032755167
0.018336007712725963
0.039401411483290315
0.10943228405832431
-0.0013514403792913047
-0.0012282290471781882
-0.06546914051408888
0.10477990055307312
0.0956879504288472
-0.28366738132090435
0.7696667954292727
0.26847092588964844
-0.26227228360906824
-1.0
0.38660225499584217
0.19743889054938318
0.7921458693938684
0.4347494067897443
0.4731975334462566
-0.41889047998727635
-0.22551069697598167
-0.5402473457788761
-0.14685670881402405
-0.37875989005950217
-0.3690030422451845
-0.21783137739130307
0.07782870471747033
0.28558541247829694
0.18057680189561467
-0.046206960799712815
-0.1473347327752204
-0.03206662439048199
-0.03821691961232873
-0.03303013278378763
-0.07927758803572078
-0.1328116461724992
-0.07272567883654966
0.051361076205109664
0.10906784112164032
0.0030841301169351257
0.02725604867414295
0.014463556776155045
-0.03895075328857109
-0.11985858076501771
-0.0865045876452595
0.012032813044522835
-0.03972942623082355
-0.037933651124818585
0.025231143716150182
0.22464323689581314
0.27375946021985237
0.27484199197277653
0.251981503919299
0.2672082499114169
0.13709829089081413
-0.02511017105101799
-0.2226030281772323
-0.4369935945297867
-0.37049017394892425
-0.0503248279271739
0.34605857496485487
0.285955250468991
0.17030021568747447
0.032298630747570944
0.048303256232912414
-0.29123510911859884
-0.41840413618236744
-0.3453695382013484
-0.0791371828606813
-0.08215313474599947
0.005128712519911694
0.10206243785477975
0.18636334508179403
0.0776914811430996
-0.003956702823355161
-0.028244293578759034
0.032965880178963465
0.0039062047988892854
-0.008873296551247304
-0.04593422739691797
-0.08925939561092745
0.13302873754249328
0.2488560187472557
0.1994357985916791
-0.03859876595088614
-0.00103327518189362
0.11224396644072833
0.2615908060191362
0.3858691051418004
0.4063476946607002
0.4987923681439248
0.6294279631104515
0.5553900985639557
0.33650966973234875
-0.10058647397337923
-0.18993871136639076
-0.097196769294853
0.13459880814889
0.07162594599011433
0.08818861437882229
0.18676793444097264
0.11311367955037827
-0.09741083882078784
-0.4773032236178593
-0.8474411171447999
-0.8856856555611748
-0.5069216375529062
-0.1682905493464498
-0.2249860611669239
-0.43483847898517713
-0.3857645625012034
-0.20090505665162162
-0.008126885869127357
-0.03508881463842785
-0.03810840403056867
0.07920817665200303
0.18606296876863893
0.11184567658385851
-0.02429754906559155
-0.050217753545153086
-0.05393776148165487
-0.214028094786743
-0.022860974160784867
0.07804549875467036
0.1664443526732378
0.38195097261621336
0.7104630554812746
0.8094501076109907
0.45562136927880725
0.1339795049292508
-0.24358937165970163
-0.37311845739439553
-0.26803757844772347
-0.10721592523651337
0.029867482624560383
0.04677243849858817
0.21166671347993196
0.36653341785804194
0.4581335019360072
0.3598276484106193
0.13855642350464695
-0.024241953865288105
-0.06809729842585643
-0.08541677692752374
-0.13301799642885853
-0.17065988066294385
-0.21351121617014218
-0.23123218574214616
-0.3288352759499709
-0.47288806140462925
-0.6528259545910234
-0.4216265298650108
-0.16464182160527677
-0.07796552085025052
-0.16982770284676044
-0.05448744818151893
-0.026915325819960475
0.02025970850395773
-0.02833454757075098
0.0924117936614055
0.10186982876613698
0.11617176757992982
0.00639068649100457
0.009382150278361708
-0.01204520229815072
-0.04616104382339847
-0.07533709889240738
-0.020229672161286787
0.14184158519453893
0.4842170247658042
0.2389667183886834
-0.14222028900235045
-0.29382316842565026
0.07552690256886793
0.19234202264005473
0.21028871821942977
0.264135801647389
0.38508431153545813
0.4714629406011498
0.42120736999139746
0.11822496358453549
-0.2191473029402906
-0.3583318583878755
-0.3606116869598269
-0.3253173956986593
-0.14517609735933987
0.1204006142504945
0.23868380384018056
0.21266007048517963
-0.015615802361473996
-0.37031449007498873
-0.6771209138155271
-0.5982262123883378
-0.232805077401275
0.14913432725254058
0.16080990640127193
0.09768446898644174
-0.05475451556381921
0.07523526756475332
0.21944947415425262
0.26577800691140796
-0.05275509566729444
0.12084599811167164
-0.018487856914713822
-0.17808988938795953
-0.4001686275075842
0.06575739956612034
0.19728185362326905
0.2881516946453667
0.1482774275624439
0.13929417541046046
0.050517821764822855
0.03802376716591935
0.05931701750494943
0.052057375967692186
-0.2827493715251825
-0.4817987583738101
-0.2228751095142589
0.3019146237785266
0.4065396873539407
0.3093510365262722
0.36677979187617515
0.41495373906732635
0.09713591173034224
-0.3001868409541496
-0.30842879619751207
-0.6752674075658791
-0.6319848762096556
-0.3349388285644592
0.33781490165874545
0.32250371500373465
0.1670787052397201
0.08482084345290948
0.12941715839630444
-0.02967363845348191
0.13884915195557698
-0.16089921652713782
-0.3756373441472546
-0.4935871191414247
0.0559217798968001
0.052042373746365576
0.06385013739116424
0.1891656801655358
0.24603076394272122
0.40056611409359993
0.31332949831698936
0.1730657116936627
0.10015174489968265
0.04070439321415567
-0.29129364082393183
-0.5912903557849528
-0.3977122517871548
0.08142419814142665
0.2818560072286698
0.18659056189884027
0.20872817429028737
0.44714271241018194
0.4237870646059432
0.17337161682821803
-0.08518840493947476
-0.2650005852746347
-0.46680338588247705
-0.4930019380349543
-0.3461415575582101
-0.07649133273380133
-0.017169387370387066
0.055787704856742636
-0.029292680579885624
-0.19303071169918962
-0.2900688391736147
-0.046845538616668736
0.09444747945035359
0.053745692020540754
-0.01684816752437402
0.0014478246759932047
0.0926433699233011
0.20719121658310696
0.009400494943330505
-0.11828981184920573
-0.03837000668497683
0.06684263135673213
0.000829391020687396
-0.17127637912872754
-0.05435408728684896
0.009213874810924033
0.1255231800393529
0.16190209923443305
0.33365880411794596
0.3396779158666507
0.2556637968522971
0.19690641659223734
-0.024246401730358018
-0.1852144362435116
-0.49145087903477847
-0.45728262060098
-0.23213884872574359
0.14523755770520239
0.11572065628379777
0.20982286422747695
0.31557539137627705
0.302851806490299
0.16601272202900844
-0.03760794129656429
-0.3921775709193172
-0.610597145678955
-0.3850927862629129
-0.0004880410521025064
0.19191337217834165
0.09770692373702759
0.02460225390573124
0.09432256571588113
0.35245972710609186
0.33620806113463075
0.15124037035523993
0.04658738045038939
-0.2631796941869041
-0.4939223133355919
-0.4534500995596159
0.009608425221761245
0.13817931835989775
0.06068513303176673
0.006760725573700914
0.10947538449426628
0.20106214495352445
0.09970615054438005
0.1308651278753414
0.007151029080224116
-0.24546961538800807
-0.4257263335447707
-0.15562045011876233
0.05798470863846017
0.15907869092076024
0.05860590066272328
0.010696115265805441
-0.025685436011471652
0.1540986345709146
0.2640335701979099
0.28061183003580614
0.12579304809173572
-0.0676997106637314
-0.20549446852174563
-0.18331839425563298
-0.19599705101920353
-0.0942244119076663
0.20587894020363479
0.4535043798755261
0.43021599211624695
0.3016048754576662
0.2756444908419783
-0.23195698502547862
-0.7476222563772795
-0.7123030759425979
-0.17498923849799178
-0.08555095652163487
-0.04807715441506476
0.06774414754708435
0.17099641321294803
0.07451190467681076
0.092361133672101
0.06633933378587682
-0.035754294511042596
-0.14367540969960582
-0.1344247970905384
-0.052690910118478394
-0.08851983418964827
0.005413856901501839
-0.02965132297928273
0.12066482125366632
0.01779416174244237
0.02891697846912914
0.005806639740648021
0.18140828849962704
0.26374141336538404
0.19900305251906758
0.06360453435392753
-0.06326041581508057
0.12726750179178567
0.01387913286879218
-0.20411728080829347
-0.014698222530787624
0.38072006848439094
0.38682588728812056
0.17356209646727547
0.17314358030174373
-0.020395258470985608
-0.5209952746688319
-0.7482110717248485
-0.48414570558608333
-0.04942535904696652
0.04004286107580409
0.09506830327497204
0.09801258068435482
0.0985466254113164
0.19869502029192104
0.21973294153859185
0.1519166744089287
-0.03665447499187695
-0.24784126188557654
-0.3814294790872714
-0.11858925183145225
0.13014389088856285
0.04962687573404153
-0.10614641709161875
0.07703414054261364
0.2882359963678945
0.31363189710741296
0.20005678743800917
0.13954171850383523
-0.15110456061972338
-0.4625539373511156
-0.45376751478359617
-0.2690044192313213
-0.04244931072225279
0.08822694788023726
0.18697814108372376
0.08851754820976378
0.12613209594699432
0.279051944537533
0.19854314781797988
0.018111893594007333
-0.1768488593721282
-0.19700854822902628
-0.17671818149102494
-0.20029761215363256
-0.05654253646911587
0.17739236480078432
0.4210861569603981
0.3657036316063061
0.2968836077255291
0.3095889551560836
0.28730466271769944
-0.04963560910779081
-0.5606590456700123
-0.7505419333613901
-0.5156391740308819
-0.090908240508313
0.1794724646696391
0.16441887095955576
0.0033054183102447132
0.09418265658491919
0.25397315198761733
0.2845931714206656
0.23763930252624374
0.09678749488533397
-0.07381061177224035
-0.40841442561105606
-0.37241066107987836
-0.19972798450552334
-0.001499655244635205
0.018170627359968525
0.2018056574297759
0.32108196865469935
0.27049115572106996
0.26878728929120943
0.21612581589878135
0.17619746557031732
0.09218389161364668
-0.19336310440517673
-0.46918243512250624
-0.4902410345880306
-0.22647792798619867
-0.07136665899187469
0.19481072542188488
0.23583963093677796
0.2703809876737918
0.2307728885448015
0.31333804140704064
0.1853397367891605
0.06134151127304611
-0.1508681342379091
-0.17340756400769763
-0.1284603502294074
-0.08726031717022231
-0.23257541688810002
-0.23569511564940435
-0.03059691516362283
0.14896491528912534
0.1480697161660274
0.07218028373411584
0.0052176961028451855
-0.05073564593046982
-0.023555122079484615
0.041500492140370666
0.029705482026946537
-0.06105479796693122
-0.09431842197393583
-0.041563483631386726
0.03621317656317172
0.0642104823507185
0.025789729565413973
-0.0578730870142588
-0.0024837987342638894
0.041741118432914025
0.0850274691663867
0.00448471725202646
-0.03180787125817058
-0.06549204707019478
0.01702963202656399
0.06703823876193189
-0.012538550403307702
-0.0735548624285968
0.005280278751425305
0.07455185988156157
0.07403812892447094
0.029362501101787147
0.04453329306595649
0.028709063699039805
0.009765895226464701
-0.03870090161324454
-0.05881441588486969
0.037508155601920556
0.05952180804587185
0.017507747545695784
0.02869056717539048
0.06792420826258483
0.051590109122472375
0.034982436483201707
0.0694286535666236
0.02615324840615738
-0.04131682881005033
-0.11580385470041675
-0.17992962683466504
-0.18708397317394104
-0.23268669130466074
-0.21574054459895348
-0.17769015606856436
-0.06728219937082774
-0.04100780837595741
-0.006979844982204296
0.009277320690244823
-0.0027454895635553433
0.0022868797605703653
0.010412756694600895
0.03510126839189974
0.017259344004966978
0.061565883098804064
0.04927833945765083
0.04887132035625544
-0.016895187738936085
-0.047631176017537746
-0.056370128644053726
0.02484549635772712
0.05020537755971284
0.056078032242054925
0.22693040882827728
0.3211523895152301
0.290906014256878
0.1475163528121233
0.07140222945660649
-8.652812197464751e-05
-0.04730671701046986
-0.043212638674547985
-0.02746005313792631
0.018537871927569526
0.038816085633576344
0.18538804651849397
0.30811208766445436
0.3314895884192672
0.2952146784528941
0.27819098164892175
0.13579142820670392
-0.03619161349634201
-0.0860493533187369
-0.03791478910370665
0.016577569404483114
0.02911720098863307
-0.23205821064815127
-0.21902621503085953
-0.35390784575828305
-0.5147048101549395
-0.8709328862298565
-0.7173733618444859
-0.18972970424765823
0.13279648786376275
0.14656572045629399
-0.06178093614724284
0.0265846730685866
-0.03186082770139041
0.005147765862663439
-0.03609540623696168
0.019941887753629265
0.037463601059098496
0.10959995769240881
-0.013789589141500136
0.11478345520421439
0.23628432008210892
0.3330241710662046
0.16112872266062173
0.037160171821246035
-0.11679762282661767
-0.07494888514775291
0.04183612320988368
0.13928628771870072
0.14163132581824045
0.1468247649660148
0.2003534618900486
0.14343898650278844
0.10034708272657687
0.1282072353453164
0.13703536594227467
0.01940080482758487
-0.06878779468924874
-0.023300977454392215
-0.07324798645525063
-0.13603228956091143
-0.08981554273129114
-0.008207665003585416
0.05922545578522813
0.0031108876726498123
-0.026339757303402843
-0.10072998499320557
-0.11326688579328938
-0.1897235969567348
-0.20246676549319367
-0.09246492924286717
0.04207390538528932
0.17290318422948828
0.11529877962920876
-0.032461637167791456
-0.1749747806466898
-0.1832889460856168
-0.2872174470492851
-0.32456826092886404
-0.18331857729743628
-0.14965115761028447
-0.04093272068401348
-0.03557042687876198
0.033588036973030345
0.039420853266117196
0.22027584310842127
0.060843260823591504
-0.10538120011927349
-0.025906854534838725
0.08281387340092466
0.004437637329160363
0.03609242650307406
0.13305400201680156
0.1855390977997807
0.06952126007082239
0.044706833857333324
-0.05379332211324632
-0.025672859326570187
-0.008838939925668067
0.000973991606980515
0.06433325916477381
0.16153604315405334
0.2360882986233725
0.12533175875498734
0.06500294461593566
-0.023454218754301308
-0.02492834791845969
-0.02745303754293844
0.013919866783788197
0.025393707480149363
0.09237513373522412
0.080829081070685
0.03852854980648025
-0.03134740532318255
-0.13913739180141543
-0.1625265806643499
-0.28818997355099313
-0.3658953823400605
-0.3330461019738102
-0.006921843968113806
0.07909988882127322
0.01907656664124656
-0.038358079797138726
0.04935889414898995
0.02405397597210317
0.01344015092992204
0.0361023296451063
0.10493800382709201
0.04377383828535227
0.013413039295192936
-0.02439834515257781
-0.0044659229443858245
-0.14095207965292925
-0.1328297653700357
-0.05376886646610084
0.06674777508569832
-0.010825704839607993
-0.005492694096263494
0.029609728545817345
0.13805887698231448
0.11421315370895109
0.12483253819926618
0.0010868740136258217
-0.04696517701554235
-0.12255194024142287
0.09532231600010384
0.3011990419988487
0.2475033278539605
0.09857824290848773
0.10818581172419528
0.11830869568729553
-0.0016994676651661844
-0.038731036178726065
-0.06506961560307349
-0.21680319463869938
-0.299696451680181
-0.19836394638032762
-0.09733442032703114
0.0067212215627361176
0.024459596942833468
0.0666896352675932
0.010619102138128094
0.03418466245914127
-0.037394069415864005
-0.15759101218509958
-0.08499308228801969
-0.024360160386492337
-0.02418098256265239
-0.08141040711619514
-0.0144980024827312
-0.033133186197041774
0.006588976330483461
0.0547917416810918
0.1739746029720668
0.12248780994449376
-0.046100846025913834
-0.2921539319279436
-0.03882936451502902
0.03935589942986702
0.036835450322554364
0.0821235108823673
0.3730484506186288
0.3283459809401004
0.1717822187603993
0.028784226129402415
-0.024203985663034916
0.015820240336938112
-0.1281141426376661
-0.09026579092889297
0.0197511990179616
0.2330626816255158
0.11180169351086139
0.16068549393848597
0.12760807257252704
0.1091302659089988
-0.004054279220536045
-0.01976398934745169
-0.0008599114510709523
-0.1352902100092259
-0.29474996449746965
-0.19956563771137686
-0.001134892478140088
0.009508338468792404
-0.06505118415891799
-0.17220823715595343
-0.22428375969557307
-0.2609147717139872
-0.16618716485128254
-0.10559977672402432
0.027308869008296807
0.03505904379161355
0.07290040402350685
0.024071138700299838
0.03025807196437818
-0.014837765659001077
0.0029457295209184974
0.03022065700485029
0.006388226482881423
-0.05323232637908723
-0.20186105653699912
-0.10634079578614448
-0.03584115786017422
0.17558874388611104
0.06985509130490655
0.12343258579849459
0.1958538294993371
0.30040249128884833
0.2079622542113524
0.08883612568679813
-0.050556461031135785
-0.11548893035115036
-0.1580831834904574
-0.1866129851627039
-0.05672178345838224
0.14160345880276867
0.16844288504224703
0.19399220602475634
0.19218439276071395
0.18117230308541935
0.13767080655430947
0.02570000405465919
-0.08205584658729766
-0.013121951949178035
-0.11205803182793478
-0.2954155711868179
-0.15769975697368738
0.14146127863456417
0.13889556434092795
0.004177945181497599
-0.14558859125393592
-0.20503713980492894
-0.23004436244580578
-0.06362081110393537
-0.11248572285660502
-0.17419671508191845
-0.19107271634072548
0.10725560958725175
0.14868566721753695
0.026329124319901018
-0.08765244599713591
-0.05432713612096573
0.026082546998170718
0.17109253258948057
0.12127181384962517
-0.12397550311826308
-0.22660311361560412
-0.049486784292507476
0.05277651543583796
0.05131403724930335
0.012389497255391072
0.099714595389167
0.14033433210471177
0.2942620100568227
0.3799559280433561
0.2886316021924464
0.07653992394903954
0.027296376651818027
-0.05891741996535087
-0.226160382466201
-0.11890224763954227
0.05890725475427699
0.12263121331922244
0.13681362486668727
0.29207031858452476
0.344514709927117
0.3128037647438088
0.19126715505547684
-0.05964427436345915
-0.36104405083209884
-0.46319118467799214
-0.34632983705601894
-0.2635236440315023
-0.18621731438348135
-0.06746061893178024
0.06162435181073285
-0.13537223647634425
-0.3661718054751511
0.05447629437961762
0.08169196392652651
0.009050529543942629
-0.2492519988522841
0.017633445194761357
0.05053409042423081
0.0735112925475611
0.019513338246165902
-0.0834944873861749
0.10005768384075338
-0.0867339965178047
-0.07798398836257293
-0.005560866409921793
0.0861387109385015
-0.08407544255509171
0.020293732979360143
0.23619936982604262
0.2520878515394698
0.21298236871604964
0.1812108019173783
0.09336570060285819
-0.013010344195240175
0.04289678820175868
-0.09988035751684296
-0.2343122520475569
-0.1161846475652759
0.15650874524092162
0.14340266118580822
0.14195194078538312
0.2975284841741842
0.41662388979605347
0.26733270211102206
0.05478007115828048
-0.07085281768836814
-0.16227229622557698
-0.3325759305469985
-0.36803349051973655
-0.2081346177940658
-0.083672067619399
-0.17269207039371143
-0.23668135503935225
-0.17986445042221186
-0.059774812014749976
-0.17540603265053933
-0.07488645764436631
-0.1576250803817492
0.022032065965169205
-0.000556151665384525
0.06559999085279598
-0.06277203138903961
0.09139040292104313
0.09842039232915363
0.027731981761787126
-0.03666956501545787
0.13697240502945235
0.10786928869841637
-0.046122676272314624
-0.12765256515946094
-0.11018476347486966
-0.04137319466313566
-0.04031668503506846
0.12076521185835917
0.2249172546127293
0.33093169722010224
0.33836682553078046
0.0875849705586009
-0.07530647330041834
-0.10363143280190502
-0.2026291613043333
-0.36560994048605294
-0.3429362998954205
-0.09633586341396294
0.078599131443546
0.07489744265860565
0.23338130254841716
0.3522175528015991
0.40692980621395514
0.09255064837441238
-0.17110549864801738
-0.3203014191003075
-0.3861949547141523
-0.28679040251354115
-0.1304380526885584
-0.010218634119288665
-0.023735867771667977
0.1414565938336412
0.1847694686824044
0.1000607917956428
0.05041067402793278
-0.19984807771343832
-0.21467123224001491
0.0016405554087704926
0.22506621511448427
-0.04678463869529349
-0.09538264417460682
0.0777439177561931
0.1480292813626615
-0.012758778763989469
0.04867107819541262
0.25541412884453046
0.3534299838369366
0.09194710401856623
-0.11482068805963648
-0.2116139955611884
-0.25095139517114834
-0.1751228472328868
0.034179325446412515
0.29025380152545804
0.46281548270474876
0.4623219748307058
0.5554345574223303
0.35500909973357064
-0.1624783281489635
-0.6131112563726268
-0.5757900394130661
-0.45451519112085026
-0.38051512304809365
-0.12478429558134659
0.07919743690871646
0.26280883438934527
0.3368065087382745
0.5361396444645276
0.11233183647505156
-0.2065817400784938
-0.5707359318921561
-0.38717659520700676
-0.2675227310032549
-0.01591513237597617
0.0002611758201985576
0.047554902871131496
0.1002399968783759
0.05559595068377269
0.11142942155001848
0.15931243466591663
0.04665431617086522
-0.19014454549144236
-0.20645265424882178
-0.11114388520291929
0.017030660722908594
0.02114801034456343
0.02821644439060957
0.008240452358814402
0.0914955794344629
0.2505280850604585
0.2789023671311337
0.19974475056320662
-0.04124382757321433
-0.17400746961429114
-0.31128932766341527
-0.21674789512133033
-0.11363816446037378
-0.019126157926778554
0.1231819387532623
0.2031613867829141
0.24516740400534695
0.31834925739705844
0.36040213572412466
0.12222268268536388
-0.10362214575101779
-0.2626742187894328
-0.34810900996352573
-0.3921671472998802
-0.17414994752496454
0.032048452584450465
0.14288046658294035
0.13073642026603274
0.30928628922195395
0.2370586470765195
0.06916349567803785
-0.2205060111343775
-0.340700735325613
-0.35962223303600394
-0.19654746493625533
-0.03394815260771053
-0.018290385621409864
0.008545587040832392
0.05929087155113638
0.09453152554359062
-0.05129411149926031
-0.026010653836779734
0.034595535457863855
0.09342751631407778
-0.008853987814543237
0.017514392767040886
-0.09412063960465407
-0.11387740818879312
-0.08462830953807758
0.08530747181052786
0.19617214978548805
0.1885340130236605
-0.042215246235667594
-0.07945942000921774
-0.045802138985819876
0.012118067946687147
-0.006859746390692462
-0.031229365684474916
0.022618235264251624
0.1526408360963519
0.317411607975534
0.34111104884715276
0.23564764707301392
-0.03944867782251444
-0.2793751121271038
-0.33382724233772687
-0.2678129329312975
-0.1342828323860944
-0.053123931069807534
0.07082540359537796
0.13114279744289417
0.17847029440241868
0.25015171648770723
0.1850838047372269
-0.06203477918101924
-0.2826739777436407
-0.2249838393845094
-0.13497270955682344
-0.04780764617554229
0.023129086275586193
0.014275944785567716
0.08993547897649111
0.024043904585319967
0.0493287114435843
0.10193929539921673
0.23961351590973679
-0.023587539393211863
-0.21067711672678147
-0.23635259128932817
-0.08543728848273502
-0.0670490714793563
0.050648946100314896
0.09485165571482947
0.22404388746268095
0.24826139440716205
0.3683935981068598
0.14583838912445962
-0.034704341946307955
-0.22364701833535558
-0.19430985176461507
-0.35346491163436444
-0.2665018290443352
-0.008629703981886417
0.1615245220411778
0.11889112212226279
0.17991664383225953
0.2726031877727548
0.13874012585510132
