0.9438379535704151
0.8590858178149867
0.5492942577238336
0.2586613566445726
0.09530412636960006
0.09993140558409314
0.105904640840356
0.10731488665957871
0.10716947866598919
0.13755564234961468
0.23918999499079646
0.41652032507901243
0.6345806229651272
0.8290588416175417
0.929982878061572
0.9528557470175653
0.9550135255792985
0.9646244811967226
0.964095060453025
0.9471195328740105
0.9112627628802993
0.8409187043352165
0.75715931142073
0.6877254774175151
0.6580421261638594
0.6380371497195005
0.5403021408414299
0.33373554193470173
0.1493861793917285
0.08101575104261012
0.08551170631064343
0.0841289388785513
0.08262530854252473
0.08584180198123827
0.1018758299961367
0.15000239703504228
0.27955289465887667
0.47483887733005753
0.6628767992665092
0.787991734985086
0.8541048926936209
0.8836059549241116
0.8848705482104555
0.8969818988348894
0.9000131473260947
0.908986638106796
0.9146482782600762
0.9326876122029956
0.9380709170150301
0.939735862906601
0.9175087042157081
0.8756462069639948
0.8092919536347225
0.5616744013037425
0.24772202237898766
0.060815687037338695
0.06413679278331098
0.06465387593678303
0.05192319503488648
0.08328745410343252
0.14346545948130496
0.26718174157160884
0.45185498005332025
0.6460575063192568
0.7745048484629926
0.8285897189472642
0.8471305370514028
0.8478073730806015
0.8336005801954987
0.8154603192375245
0.8019090705901363
0.7962004862051003
0.7945236533682281
0.7902490332823221
0.7811112476115658
0.7737336443491297
0.7733156755721386
0.5927224824442784
0.34710390243081385
0.16436174423606348
0.13374291548746375
0.08914945409325006
0.06852910616037194
0.07439427765891087
0.08107865022703409
0.1256396394276971
0.2456566245143863
0.4417967091327965
0.6295035809578662
0.781122881678035
0.8633041601222639
0.8942734138941032
0.8915858768587926
0.8971761847871109
0.9042261543799452
0.9131242023041661
0.9242059766376512
0.934152689408063
0.9383400048069324
0.9226644596342675
0.8508010122148197
0.6916435037037861
0.4657766990241404
0.24638491791729875
0.12446138268431708
0.09896011215854537
0.11068128595272657
0.10841191504734532
0.10346789076155269
0.10412317008221988
0.11653346230895617
0.17841893876158932
0.35274000652427107
0.5744104112240428
0.7529106850192538
0.8254672424162648
0.8493361961963839
0.8447645427325967
0.8423010634007387
0.8319907054189397
0.8168355489040393
0.7938887517756498
0.7504387436735453
0.578640726138407
0.3389315016309971
0.14556296459235984
0.08714966045075506
0.06629383292095753
0.05299638486532558
0.0452280497235285
0.03824738004321548
0.03801557041287327
0.09709723742171177
0.22814486369767178
0.39397241437143843
0.5349414165242585
0.6317439057049934
0.6750880922793161
0.7117514275738716
0.7580187705197001
0.7926942405871815
0.8027151035483382
0.8112121860418021
0.8191778718673447
0.8248937030606197
0.8177048024506849
0.5503829083283527
0.24260125738847113
0.08227769522361822
0.13586864844557195
0.11841344513480985
0.14105382974903433
0.2035686945707515
0.30554968001659394
0.4346118327823101
0.5951467013152373
0.7471229309234285
0.8389990079632083
0.8668452964804116
0.860618185458832
0.8607037332673833
0.816473940260081
0.6996385725987154
0.4816873617183093
0.2724971652574355
0.16101264354265005
0.14746571281198007
0.12990873038376008
0.10013739436376512
0.07965164287959019
0.07007904458858842
0.060935397164379665
0.06123392585190215
0.11728828642316752
0.3140918020238145
0.5723818195168068
0.7792383859532378
0.8480138658579833
0.8734009846633098
0.8607834667611535
0.8448915561580271
0.8256266010563961
0.8223637049810987
0.8227015854072132
0.8239705902881977
0.8076888672780298
0.7366990570830717
0.5055639215892254
0.25600184937352166
0.1280774886847508
0.13591580444328716
0.15370037378561469
0.2117349984864534
0.32213246952932173
0.41620897197319634
0.4679181852385979
0.4761260279145947
0.46963305137835887
0.47336673530327633
0.5027492136721935
0.5587148844068547
0.6118680658988773
0.6110120546912683
0.4769046802039802
0.27832150207606815
0.14769467950389767
0.129055826872529
0.1308845272994801
0.11165312065775922
0.10794457088212829
0.13041343388065013
0.23002509883791286
0.39413130747078384
0.5542651892675832
0.6555307137672701
0.7377337528766543
0.8053243894266763
0.8224868470063568
0.8022496160073597
0.780717521215603
0.7736677421278222
0.7655323517888473
0.7423795391328385
0.7082417879223627
0.6216018234525593
0.4918973346073873
0.3384516736769382
0.2171001991321187
0.13856355585414437
0.1369921915568063
0.1793473554865401
0.22686165202432335
0.292652932576961
0.39664401492314505
0.42321982273830483
0.34022611481612025
0.2139009230419892
0.1560278951441615
0.16693001262702933
0.2158749298501848
0.29100148274102455
0.41116736946857113
0.5169967324258128
0.5375932534856294
0.4416782454056936
0.3201309687146115
0.21968986704269008
0.16875911429312906
0.16435674475935902
0.2131102128191667
0.32901848113170734
0.4384329293806947
0.47065120904898783
0.4018260383980822
0.2880313525290432
0.201216895334756
0.16808099311944194
0.1905230937965741
0.2516179421609786
0.3430995582552294
0.4061266826293918
0.4103003786154655
0.3744827043359041
0.3480276765692978
0.36395515080567864
0.4233656961015573
0.5120443007211632
0.5892230792928549
0.6305088360881842
0.6381345001174321
0.6309704346053562
0.6367473620806154
0.6522362986541154
0.6934850909558131
0.7286513809491477
0.7568989608070856
0.7712713587444588
0.7939514587817819
0.7944197240757979
0.7651090772505492
0.7235768278156958
0.6964613991576408
0.6646855169540893
0.5261825100547787
0.31353278755789366
0.1434425996071833
0.09230321723456782
0.0814656312863326
0.08035690311893127
0.1053163303880452
0.1634059803384394
0.2539895297012359
0.3886143572983194
0.5268371281521053
0.6455889565557978
0.7091852464810475
0.7520051337791025
0.7574622461513216
0.7529171283087449
0.7407439813654776
0.7407674337756059
0.7417718882297524
0.6933242232161043
0.5329366543022817
0.3438780589534779
0.21592953743947177
0.18149361956297436
0.18677107813150362
0.23281365710391597
0.29817047542230035
0.39121834906372194
0.5033462490687911
0.6219020482355506
0.6707923595404387
0.6245830237775138
0.48827668662155665
0.3520959160521361
0.23038869750038535
0.16157922570235542
0.14014441830122115
0.1656759740720339
0.2022069542812351
0.2712717606710532
0.3813190277789891
0.527768643996055
0.6380187371541141
0.6973194711134909
0.7052828734395588
0.7092174247513569
0.7014037853452754
0.6976538108203113
0.6899186074573599
0.6929142512580453
0.6794625378238758
0.5770996518484073
0.42681947580319884
0.28402383098415485
0.20908267938089048
0.16705338763737484
0.17243096945422406
0.2107174819674569
0.2809041390870994
0.3925549946858167
0.5285099985065161
0.6613972102685015
0.7315132168668563
0.7434329592956413
0.7321330206116067
0.7316177648301742
0.728872349060922
0.7089933837751514
0.6758852859579383
0.5769283133203107
0.43729332506329954
0.2950930047366045
0.22458262297638085
0.19656469313437172
0.21833905465958833
0.27781462182569716
0.3674303071711337
0.48123932495378946
0.6110396436730665
0.711593123517
0.750651240360641
0.7459720709051313
0.7376947467515365
0.7136422491343649
0.6818120795940241
0.6580768702166458
0.6500925258402536
0.6091323763789681
0.5169356363452116
0.3740052062894801
0.25165272743387695
0.186040305751898
0.17774646333055522
0.17547782042309767
0.19225235961856807
0.2543433068643125
0.3414450434208784
0.4447708582648682
0.5738019319597354
0.6969767489555048
0.7547212224051522
0.75671360687042
0.7562061867067784
0.7544063402168394
0.6944020238510688
0.5404853342720846
0.3591699639443878
0.23554221743667303
0.1815611762344427
0.15887115712329092
0.17682466470188296
0.23416131129761616
0.30563921321200815
0.3917913892587456
0.5175219119549915
0.659332942714902
0.7446586790000591
0.7598415346142939
0.7558455150451561
0.7538026906448347
0.7326694467455839
0.6297138385907678
0.48614576629138156
0.33311724196319087
0.23480577272810002
0.16850173209102678
0.17623741049403613
0.2424348137780424
0.3312347633850795
0.3836640426054404
0.44207048037368696
0.5330882895498241
0.6192409993208977
0.6515228468368105
0.6544009105977951
0.6682570874615975
0.6740233236497833
0.6683436049264567
0.6148643992272124
0.5152900485818361
0.37845461955951604
0.28942935938970976
0.29293498673237667
0.3450129017440242
0.3799957548004379
0.3883437314963239
0.4045231815943018
0.4469840843589958
0.48398045127901906
0.5156019875609785
0.5246825700183179
0.5417195643726221
0.5578495657271448
0.5666026235483381
0.5368526479963734
0.4996780585888537
0.48217462628287144
0.4698252927461774
0.4665333504466071
0.5201856844309127
0.5876434617789116
0.6086838814516506
0.5808432927075871
0.5581764430965103
0.5292631009491717
0.44490791623330994
0.33220281302926524
0.25864968927484355
0.25102448134084926
0.24736497777912358
0.19583808313168105
0.1014906643806882
0.028536794224197987
0.017113557642582468
0.03580852243069872
0.030977649658602415
0.031083578053910127
0.07532556743132048
0.18813327407922173
0.32482411815522466
0.4503021063116555
0.5199074204248866
0.5387422156297884
0.5302460067331602
0.5198222596541975
0.5169149465025533
0.5057136888411586
0.47370087774136377
0.3709579258820913
0.21905590245891207
0.10486313837462269
0.06999232876788652
0.08727875799135515
0.11458651985737417
0.170838350609604
0.23570978637066217
0.29399891738220385
0.3358181670818571
0.3827006483446681
0.4655029463031819
0.5403711366369222
0.5812786841541117
0.571434686555069
0.5133231669614745
0.3968819744978044
0.26233309011236994
0.19557254515772227
0.19809225351112347
0.24809670652407526
0.2899166153764217
0.32845424658162486
0.31746474560115545
0.23267014223034987
0.11271010603806554
0.04237630518858251
0.03770622216188671
0.07787758876596544
0.17346913165093414
0.3180847781316004
0.43955427732101177
0.43444629644316607
0.34542878971792856
0.2376913356007949
0.18204699965452628
0.16863328190104598
0.20984731993718084
0.2739905707927582
0.3591577054990526
0.4365052221418104
0.4424370787605293
0.3663245155300987
0.28809423910816584
0.2518749574732428
0.254428650216911
0.2988137119029055
0.40028501207216627
0.5013396172611473
0.5173182518774525
0.43362723603971304
0.2961114602061356
0.18587493794846077
0.144043295702444
0.16236946467141974
0.18931146705570656
0.22466270541273548
0.315976963712772
0.4377478802844733
0.5519832558493815
0.6271746109711869
0.6537905486226983
0.6597102078724729
0.6575471808121345
0.6713605000671045
0.6560133570960167
0.588858630319465
0.4530239579337046
0.32103952929126706
0.23855104329688154
0.2034761325625269
0.20464066731637384
0.2601557641415807
0.33549430525636037
0.3784957689731709
0.34565743431265866
0.27836437981664497
0.21472955808134547
0.2264841351950011
0.29832134695542956
0.39065441979737014
0.4841245864170089
0.5852830482462423
0.657249081309439
0.66160757393358
0.6080227316472588
0.4965976304280529
0.33730010110320763
0.20172073301079843
0.14792221693004715
0.1608253490751421
0.22395701377709104
0.3199199620448988
0.46173848522338473
0.5776453915084302
0.6761801546338528
0.7113007109166749
0.7053963200508511
0.6937694172102125
0.6995225541230697
0.6901289294630617
0.6126701541562986
0.4888161788873482
0.34029804156035826
0.2279513831839166
0.1784771241781064
0.225298561581229
0.32409615018516835
0.4248851784130006
0.5146553844249957
0.6160407188166668
0.6779418412539785
0.6933851623122947
0.6796632111467765
0.6747583524807284
0.6616644193983932
0.6560984991440258
0.6215735400993236
0.5638372161973346
0.44813219572861435
0.3107235633085671
0.18865419749356538
0.12577254541892488
0.10392926602388217
0.11367438410684506
0.20268522974662584
0.3447676719220928
0.4889712504558552
0.5924299654513296
0.6679833612699299
0.7105731890847825
0.7111883099080228
0.6990592348173821
0.6874196344582602
0.6832930902921769
0.6446091318943152
0.5621778431242684
0.39239539354909153
0.23082392229235726
0.09592628971090558
0.07950094523367354
0.10356211921707215
0.20843979796386042
0.3392859838243035
0.5006008189577406
0.6259756378930292
0.7209516172098288
0.7675358991528205
0.7790040077037992
0.77162662443781
0.7248759191338497
0.6342815925958782
0.49794061902148473
0.3445932684810192
0.20714912149200948
0.13104710190004895
0.11674086171404874
0.12943861082787184
0.2248187877625236
0.35748626723245625
0.48127647753811575
0.5681221228256144
0.6479346143182975
0.7031427804847452
0.7165796641656073
0.7249605188036301
0.6864913621418354
0.5973807407051709
0.45586388785276566
0.2877416534781517
0.16070403878151332
0.09261506419812439
0.10677901265832082
0.1567466086565655
0.26721159164517294
0.38026453027212237
0.48885393072960737
0.5826613516066903
0.6539256207352102
0.7055335506715495
0.7173646971344729
0.6909192976144722
0.6406152300996834
0.5190009702832362
0.33317545197411447
0.1773569116330777
0.1426375156166406
0.17771595605995882
0.2504983550984364
0.3370459503305918
0.41855514959110074
0.49019335296763744
0.5730123992134395
0.6358755890021266
0.6262413265863885
0.5456966807533443
0.4210280020666612
0.3075118244619989
0.2121225112708244
0.16843323290044682
0.17893976280736867
0.25483119150511474
0.34606041264578796
0.43388255673058906
0.5133675655687813
0.5463172127083356
0.42255142891584074
0.27920294314819755
0.18283125761931296
0.1745750311777444
0.1292093214052079
0.1291696359172009
0.16838205156189687
0.2888605282455546
0.39817595738804484
0.4842719768276652
0.546798804916092
0.6149816639605558
0.6510132428496395
0.6646889787494829
0.6587439386302575
0.6510898841182334
0.6097829330541468
0.5175703681819354
0.36642251025677347
0.25072230232532466
0.19658832222658135
0.17785326448363498
0.15550266787423564
0.14022213134060557
0.2102204911694614
0.30910337886612654
0.43250789182414257
0.5110509944724869
0.5812441321088128
0.6134723553005627
0.6191328304492841
0.6201765914991204
0.6220140194704517
0.6225455966273415
0.5924051828199638
0.5060468975556269
0.34815552815377226
0.19994803343664488
0.134138347229421
0.1206566779486691
0.12104111440483664
0.19367706965677411
0.32857050967481205
0.4585321895877981
0.5628071755328733
0.6546403443495756
0.7108082571040144
0.7162529777239628
0.6898100471581783
0.6489715857536837
0.5597514156653903
0.38834365607311494
0.22904929995037113
0.14342902079101388
0.13436118323305205
0.1505450617705347
0.23829076838716598
0.34259349002584427
0.43711252956573854
0.51965586077704
0.5984968762230689
0.6503308882702055
0.65992018506862
0.6476809480055512
0.6344001577245256
0.5984460428286256
0.5254699454070805
0.3956043982490115
0.26718791413213583
0.17470940321804593
0.14568927203901758
0.15548540751943096
0.2057266599710861
0.3074098116875506
0.4310016201582491
0.5511257307671256
0.6098865920510341
0.5582253503052602
0.39293439706186095
0.2292275267441244
0.16404589953751325
0.169147371027845
0.17164118861708474
0.18880654459780535
0.24604281343950013
0.30948634458773017
0.3639421257477189
0.41598325294928434
0.47738604324677736
0.544285549813173
0.6060863505400664
0.6430832221639802
0.6346241432594287
0.587580558406804
0.47923240679539847
0.3389830509383536
0.22620273306008518
0.1931221331457631
0.18413278158791138
0.1672243303314395
0.1720011484784974
0.25258545897290463
0.3556875052893599
0.4440242309731332
0.5181819165735181
0.5880270739621131
0.6359421937595904
0.6408019846069155
0.6409498930478429
0.622293774244808
0.5777045887449062
0.4681828407067387
0.29837327784839746
0.17334175057451798
0.1565430842703803
0.2361598612329388
0.32642809923167126
0.4333629644650473
0.5440964133269557
0.6371325643717504
0.6741748472067604
0.5871710783214833
0.3859848801737901
0.21804568504451827
0.17476900936799758
0.19840071013526941
0.2164089458586303
0.21637535457106974
0.22030478569925757
0.24408052347430825
0.30899404461609664
0.3678378440443214
0.44169763951882535
0.5369556375441973
0.6140041987244246
0.6465266680283742
0.6699973722005246
0.6472799182325324
0.542960816208453
0.3785518097937142
0.2683801378366335
0.20308762107207137
0.1978933062909736
0.1754094066505763
0.16532451732015094
0.21154379662785638
0.3111854969070408
0.41487718296015275
0.49431962372705884
0.5642498641766125
0.6107232911638487
0.6454811279080241
0.674374379976179
0.6822157726232588
0.6464102062758976
0.5593739908663002
0.44777446469602217
0.3212747858377344
0.20963309851367426
0.15855318151338374
0.15665595812756267
0.17473329280077604
0.23472801308849148
0.31949077126565906
0.36669270375954016
0.3766520148739881
0.40232616814027666
0.46116349071771506
0.5667267557706921
0.6466839440714715
0.6306616507008593
0.4859943958366612
0.30323369186916854
0.16351031566390875
0.10861140877868293
0.11887361256987497
0.14757621707707033
0.1766858108081013
0.228708370268492
0.332135899393658
0.46873466249377344
0.5948296622953311
0.6761613096208866
0.7122431848181853
0.7164960474949146
0.7179981398062729
0.7215676941993645
0.7205711585383715
0.6614828012352025
0.5096100244924808
0.30142471805567345
0.14984375382623458
0.10017570346444477
0.11209137819050675
0.2043677277404449
0.3338883396496776
0.47742134736058967
0.5617090536117416
0.5673840300327602
0.43588163479541225
0.2677107078205844
0.1522576247317836
0.13136941200867386
0.1404365840761415
0.14045308558208977
0.1926077335898942
0.31190888028233527
0.45585728077535514
0.5066874273620678
0.4356040085953375
0.2719662459752924
0.15065210606000734
0.11299055614302891
0.09988885901035875
0.1665336421301794
0.3127093317620787
0.4924401245102842
0.6001286912181522
0.6790257846138322
0.7225660272210482
0.752421813657606
0.7551880674539115
0.7487109433756449
0.7163764845681468
0.6141731864315622
0.43567069066621805
0.24819862537256543
0.14427915502755248
0.13781180603260523
0.20271130579130509
0.2949236655589628
0.3909299107174481
0.44593241137657885
0.4120943454158528
0.2899140082017069
0.18069779911286016
0.19250696797277386
0.291067295574696
0.4207626651041588
0.5054855801258669
0.49271549254772
0.37728657763874307
0.21928766116993087
0.11190010499620684
0.08407391607153437
0.12317283032413975
0.14422890903946994
0.1912992093920425
0.2707644919739222
0.4020979013141678
0.5276570523491934
0.6387240718283397
0.7022463205972383
0.7472176147732427
0.7677237578050357
0.7750534457263747
0.7761574072175718
0.7314338283764293
0.6152830642734428
0.40305127261527907
0.19680626739661325
0.08843618235884923
0.11007668828571743
0.19522610761337442
0.3084293048911893
0.454974802822526
0.5828972675006561
0.6297284376997849
0.49069981915271926
0.2766835610105266
0.13632282114593042
0.13476964707344502
0.13229979958735688
0.13620041423423312
0.13141868218597993
0.18977309840399653
0.2655560864681314
0.39752190214460803
0.4950447741030978
0.49599452190783727
0.39167934853625663
0.2434045964618306
0.15539983314709158
0.10085894656539802
0.14977193386497728
0.2592586539846823
0.42106010977607594
0.549164446860974
0.6421973392151382
0.67962648302353
0.6944589539993355
0.7138091192779373
0.7363912357177903
0.7269242401653865
0.6708418479357321
0.5533008312217337
0.35592308204128775
0.1824284402337058
0.09080778603421119
0.10748658561222724
0.1899908916719499
0.33715805685037775
0.48357724645241457
0.5933530924016016
0.6279650443129966
0.5596159763428181
0.36962101112719925
0.2012753359214581
0.13963942709384686
0.14152633420539018
0.13969621462185192
0.12921541629138644
0.21115769568723236
0.32226957639897963
0.46094695751804887
0.5556382662177838
0.6403464845997502
0.6919456810979204
0.6588703518233693
0.5615521153343501
0.408192977060585
0.30830630339231063
0.26866827916712427
0.3134191967367802
0.38915490912270634
0.4916777312374709
0.5488150844059814
0.5031066302472189
0.36790940803423794
0.22293719680123772
0.14386847474013373
0.14415750948402958
0.2148903638944431
0.3321050773772669
0.4550267083537875
0.4867668312103311
0.38833694921804
0.27674970597495524
0.23531143006770783
0.24827414501980333
0.24975165344159905
0.27326471529192187
0.31681200900824324
0.3671449727120887
0.3678141820415062
0.30784055243301656
0.24128133122118064
0.19314259014434107
0.1786176879327329
0.22023435330089708
0.27961327565496963
0.3612677852727353
0.48740135497736287
0.6307307885901441
0.6881953157779459
0.6875839454176551
0.6762047997004866
0.6723379537784695
0.67686401287622
0.6991349462460309
0.7172586994498532
0.6986354113572573
0.6247962060198633
0.5108305778390838
0.33886952220224736
0.18787547484346154
0.1344511551239556
0.21212025172458884
0.3394746201809746
0.4435007910867315
0.4228939967981144
0.27819375615054664
0.1692383558311844
0.1616218439680905
0.20382269226268765
0.195849889807785
0.16846658628749395
0.2323335471011265
0.3558376324715637
0.5027574723437797
0.6114956190345635
0.6920852650004875
0.7069432973055702
0.7037780822165773
0.7102858856966533
0.7176359811492319
0.7262301661038614
0.7081849701028351
0.6554813459777731
0.4535238316791344
0.22885291606554442
0.10807324006821153
0.13949814903472582
0.14205850423926109
0.11797777484050614
0.10752335829932268
0.15826115462986728
0.26247510306569416
0.39550325166241634
0.5091599013257814
0.5990939255558337
0.6479023549202232
0.6803687179812851
0.6889687751094162
0.6875712240993794
0.6803264743488376
0.6764948270950691
0.6264639126897557
0.49265105623181427
0.30284421094152514
0.1689469442149725
0.118946047554844
0.11813382289308268
0.10908742868599858
0.1456237846014529
0.266871688147667
0.4284760433751534
0.5856288207223166
0.6833279372967023
0.7459346294386846
0.7449012859712304
0.7043214345640552
0.6130010493222935
0.5047529407528307
0.41035034077674243
0.35455784969669935
0.3359302782082069
0.32341576680820555
0.28874032265245037
0.20640923789574375
0.13353926467395133
0.10374241441572378
0.10156529889042047
0.07606820505278299
0.1710723848586549
0.3480451118540288
0.5418593601342315
0.6285108301738174
0.6881482466003344
0.68940758443683
0.6798681846172956
0.6627616747856621
0.6541472227671753
0.6411564269097332
0.5637662587772387
0.39832530819485135
0.21868933169518517
0.12993408396879594
0.12720202270480083
0.12067614597069382
0.0930259826254046
0.08301155065976087
0.17677493891447285
0.3469541557104505
0.5187819071810682
0.6403276017567795
0.7045459340795943
0.7289826860264158
0.7293117210785733
0.7274674972424268
0.6752776391015024
0.5834718948814454
0.44986605842859956
0.31007534257039726
0.1956045136972455
0.1292285185542366
0.11834904922760077
0.16064601533628362
0.2834250090289664
0.419317006141696
0.5221894756769352
0.5901848437610334
0.6348892567240553
0.6572107927400136
0.6199605740012678
0.5542537964656675
0.4597532265885017
0.3967090741225894
0.3557750543470671
0.26920204739652165
0.16850868590705723
0.11297568108359637
0.10430384936700124
0.10573214624844918
0.18706799073986244
0.3734238176887386
0.5556075467165643
0.6580301018561326
0.5730346786781769
0.37257529299797054
0.18238809522467497
0.13130734198258026
0.13275243190361205
0.13811092099710343
0.10783605629349
0.1278390705313084
0.23475099761851254
0.34646139074350046
0.3554551912352745
0.2561189925114697
0.17057001103757002
0.14005116571556717
0.1678714766158968
0.1556391380489586
0.12079661410159571
0.17785431955910244
0.3007131528855189
0.38477735054787365
0.3102976439350737
0.2090249339189249
0.138737137490307
0.15026627216179986
0.16591919139811703
0.20739237443824637
0.2660516064072093
0.3306442661087322
0.3214088523794244
0.24233841700974354
0.17225827874643626
0.13444104170973312
0.11640426132747875
0.11222691123411446
0.16990260122817935
0.26105557265861035
0.3584966200515215
0.43163742404152494
0.47610914476542804
0.5050197444194403
0.4858933591772473
0.4274068229719376
0.34835774014933163
0.32227537242959614
0.34475972930381543
0.3981570921465464
0.44464621591349407
0.4554967945250942
0.4096717063286575
0.31185291835358625
0.19636299707650087
0.11888402112774808
0.08894249796578246
0.083283428640579
0.10564025840580347
0.195353680187358
0.33060921452588365
0.43480580206236846
0.4298132257407591
0.3086955410256568
0.1884826922764741
0.1262267785435443
0.1253968516778376
0.13523165882994637
0.15561833068308606
0.17523653414093848
0.24220425177325908
0.3648907926892892
0.507687890330938
0.6114279307833583
0.661783929537749
0.6670554122879825
0.6677078011279193
0.6633931402298928
0.6474325544709453
0.5717164736671794
0.3875076356026639
0.20085085950200987
0.11571734706674781
0.13264518542376755
0.12382657197067028
0.1098494180367844
0.16542426235528992
0.2818662803374588
0.4097555903435646
0.4964878076575355
0.5683603796826615
0.61682381083543
0.6597563467122022
0.6745264629179605
0.6668639162876497
0.5998043985652677
0.47888408653632863
0.31987858556496823
0.21286479670315503
0.15885758253768262
0.13650417329854744
0.099075168236813
0.07520031242764237
0.1453649525302767
0.291981399494642
0.4317303237979106
0.5134533625476089
0.5592594826435086
0.5786957658630468
0.5815827503196379
0.5953589010030544
0.6108202977107273
0.5833529016170125
0.5007227957380214
0.34860350201015544
0.20124601208520723
0.13706991507024854
0.14246115820656444
0.14148541903147913
0.11544678428479654
0.13286458291658765
0.21717521113381053
0.32091979842444707
0.4064514404535587
0.46738145329740144
0.5229859115298175
0.5592042707786401
0.5825455176808377
0.5912544171051709
0.5840237616137345
0.495007765161029
0.3110451539620548
0.15314084712416445
0.11244905327397137
0.1217733006647354
0.10521816915603362
0.09298676074894009
0.1653067104907003
0.30687951999696567
0.4736862356255755
0.5934283080423159
0.6764987209005336
0.7259274116526352
0.7145097457313566
0.6562463063010862
0.5663062711908325
0.4260291374819052
0.2625514591645892
0.15343360712162885
0.13116561711047825
0.11074509855188482
0.11593971774152663
0.20120996938525357
0.325222137259131
0.4354432787641289
0.5089028988021108
0.5900440072183023
0.6596842113678378
0.7085921588885097
0.7164450743618913
0.6739014368438437
0.5958448100797634
0.4942202675386466
0.33366242153693704
0.20255580816852897
0.14664741453861524
0.16081048391123504
0.16962910208797602
0.22960929311461567
0.3150517151493993
0.39038925205393316
0.4594605251040054
0.5426624176439656
0.6066289290941498
0.6018167532323913
0.5659237500151909
0.4852286334599083
0.34990020611829425
0.21223022993786259
0.1646720857367178
0.19436973952218167
0.2576975561838529
0.3427915476816303
0.42094659817677976
0.48223672733479733
0.5358035065174535
0.586440131747144
0.6134178285097946
0.602716686498521
0.5209682629939337
0.37420196242087733
0.22034758107001168
0.13320317943953855
0.10876837293166024
0.09803458945456088
0.09430784017696982
0.13141620377000604
0.23501538596259114
0.37695214682594236
0.5051405859453272
0.601595818645993
0.6751650042203522
0.7063227551514549
0.6804452582675481
0.5983961768198318
0.4701423778727741
0.3076590301596811
0.1818155751184172
0.13125012652284235
0.11036139802474973
0.10176522738582705
0.11692372801887581
0.2914418533694637
0.5337237119702316
0.7401556228982813
0.8102946456325993
0.8148875631436687
0.7687030183113178
0.6705988952612381
0.5430690316604463
0.3350068299185999
0.16124184685692539
0.055160558363176015
0.03325710047703424
0.03727606635592979
0.1326185875553354
0.354580913909577
0.6409219401905902
0.8359923376680777
0.8771774109279176
0.843068940989302
0.7463806290260528
0.5488358363066764
0.3037178585933099
0.15007747189712475
0.10685411374645458
0.10693972936134426
0.07980032467061147
0.10392708283476475
0.28460500124932164
0.5425987091833023
0.7379750759666558
0.7996977172065916
0.8088683373597697
0.7864409242206872
0.7748981232470084
0.729005170205643
0.6634360175698786
0.547117832997131
0.4217670928564491
0.26073905694631344
0.15932321931983545
0.12917271337497757
0.18744036224961103
0.3164847398616226
0.48443915762920325
0.6454271701315718
0.7442379875036936
0.7828722324875252
0.7398949924403225
0.6773378293461674
0.5507804929010689
0.391814811049023
0.2263183313701622
0.16659505281815426
0.15134396853300355
0.17178714398114317
0.17159611494699067
0.17472095726988482
0.24461954259906935
0.397201286601221
0.5839627357930296
0.7339200429840602
0.8108717878733888
0.7811907667021848
0.6290609053240213
0.41738550266491103
0.24279409322022666
0.1616122919945659
0.13701024170268056
0.11832248614511492
0.11041847362382995
0.10743731821737158
0.18860307044057836
0.32904872325780155
0.5319551829078913
0.7010980257942958
0.820623306707299
0.8541897247368712
0.8592918507822269
0.8707458941368393
0.8808889335387852
0.8977911899134469
0.9206444066424022
0.948570511358075
0.9648074934126465
0.9774212141963939
0.987179096634192
1.0
0.947716055856876
0.8017576760707095
0.5625250084306795
0.3745692437244052
0.2459088311038099
0.19612072156240257
0.1467801646456881
0.11220651246873801
0.05829918724197821
0.025990734752784538
0.0
0.015068078984855697
0.06143100700091933
0.07942780968441138
0.07042246721921905
0.12349427401821038
0.30407477714047376
0.5390948069244555
0.7187685694817009
0.7740105799854246
0.7584187073707979
0.7410980808776286
0.7047759311448207
0.5793655287842145
0.4320878229682168
0.3145678274182727
0.2628846822218652
0.2242842765322164
0.2294961937833978
0.28304933912672464
0.42108314956302817
0.6082618010149053
0.7707357853204778
0.8398194787600115
0.8405287779817575
0.7879860871838315
0.6312938209521541
0.37257842261284774
0.17911359451931946
0.14309770107665523
0.15976271193625996
0.16197673518621258
0.148059440716923
0.13262036010000863
0.09376038114070159
0.08740860001049691
0.1336298211421188
0.252355759995865
0.4616446149760375
0.6597667254674493
0.7693472996850975
0.7949247819908952
0.8231076874618987
0.8379964903059783
0.8442706885733774
0.8096119657385875
0.726551370225594
0.5677677295004373
0.33119470946638896
0.15139212917825676
0.07147459450763258
0.06377883108273358
0.051419164894863124
0.11063721509390427
0.22570730752778337
0.39871228762330446
0.5921450335087236
0.7469988065868398
0.8050304752358716
0.8092308981310679
0.7842465592437767
0.7444841529978512
0.6423783901069512
0.513748037349
0.37784576756817817
0.2596572649438658
0.18527172437423864
0.18644479101955871
0.24986540954932956
0.3210774427910611
0.37384699885776873
0.3895783485092394
0.39219145888777246
0.4174159801147154
0.4696765410576591
0.524249267442356
0.5461085449990283
0.4813787579880433
0.3351365458043962
0.15670086778278022
0.06989507741901133
0.06547862762181932
0.08292294277451098
0.05543740171186911
0.11105578659658691
0.25649521195078473
0.4113514176805149
0.49607398062274244
0.5419615840870435
0.5847132932211554
0.6405133779241824
0.7043030408275341
0.7234144131892525
0.6610116321214173
0.524370966105923
0.3451576453591335
0.1983463315898084
0.13381583314523823
0.1320585365789865
0.18340702453173943
0.27680043792231385
0.4000988926777709
0.5114951902058003
0.6207189243914126
0.6847785714090696
0.6808096688902732
0.6026218940817883
0.5252396623415475
0.4663348572387523
0.4380296444195957
0.34725459560336647
0.20830963036985628
0.10397026075106494
0.0816410669654106
0.0952878966829844
0.0947035461508912
0.079991854342274
0.06911492411099736
0.09922439995751739
0.25326696578485663
0.4820761091309553
0.6870009114085076
0.7726876337102359
0.7841372278904757
0.777684008001376
0.775066816088567
0.7592006697511424
0.7017869985340257
0.5599432153793803
0.36384692475687197
0.19341732599959452
0.11996260707380119
0.1467249844548825
0.2571303647586628
0.4105400554248903
0.549983950023189
0.6746405060669017
0.7674193155298451
0.8089095037160215
0.8068292444240368
0.77302568815079
0.6561066275500914
0.4445360659458683
0.2577024887586134
0.16828916774113062
0.14175740898761544
0.12728141853076427
0.11993688056550612
0.10306981459306509
0.0826742922615236
0.06431376535255645
0.03876845709563672
0.041175539290293085
0.20960108238840583
0.4791171395612707
0.7015422388599974
0.7876920648406436
0.8092652826473289
0.8250936163442766
0.833222093081473
0.8404585155623777
0.8307110343491115
0.8033385900399661
0.7602152437932813
0.6539205352703598
0.4774959260967681
0.2930278243321082
0.2116816731147754
0.233139693266758
0.3100231588829281
0.41535960290687496
0.4598144353440936
0.3847299103931004
0.22263759786299148
0.10584362711535805
0.06428450692622223
0.08504159112585175
0.09704310150117457
0.10470647385211665
0.19080927734125647
0.35838184296105974
0.5420871861791239
0.6433046536142848
0.7067632521434165
0.7215748765685115
0.7299578410530287
0.7169658633498013
0.7151731793778598
0.6981989675705008
0.6351651110586138
0.49785888264223965
0.3706630637490784
0.2668692481352912
0.18451784666275592
0.14927544679745494
0.19701476478897204
0.29183804601903135
0.3100998641373954
0.21314506968933813
0.09061497852661979
0.05154477621972614
0.07461305954777471
0.08073159495679351
0.06037199527058572
0.05080687232916316
0.1530771789032295
0.3419169305358927
0.5383823559576169
0.664450677128596
0.7215045475852065
0.7225862921777657
0.6961635092906137
0.6486308101215693
0.5938628650375506
0.538772573233607
0.5188706330881758
0.5136149984850167
0.5160880334762006
0.45824584765247384
0.3221865721040645
0.1842294392928525
0.10852823443229596
0.10949211579746
0.07313280435522959
0.06035093234091271
0.13725634396326342
0.30723620235677296
0.4540884453098417
0.54929871658933
0.624918917155065
0.7004588501040895
0.7528223359543829
0.78854315780028
0.8225040787216924
0.8519159445719247
0.8565964071236523
0.8325485300935063
0.7853360216755435
0.6623641144423762
0.44848992253348235
0.24148209295428302
0.13387773217858193
0.11482446437392943
0.1482364272071949
0.23543306911517536
0.37225467440228854
0.4999102825854175
0.608364915652144
0.647178795078966
0.5697267400946275
0.4275632768857855
0.3177192205323887
0.30192573427671415
0.3414001811743528
0.41150654987594143
0.4545670399467211
0.4110142572607124
0.26574185799552175
0.13256762588457696
0.08004498040986685
0.08258868367798239
0.06752058563917547
0.059868531878243404
0.0664281711731931
0.1249230754623159
0.2608450277710573
0.42301860993232154
0.5575969912346455
0.6401383536140639
0.6765286083958982
0.717484966971195
0.761646200957835
0.765292443254407
0.7237291570883662
0.6605877569127226
0.5269006143235779
0.3468006164214653
0.22701634951680308
0.19843525471137935
0.22589668602004215
0.3050041027568458
0.3968508950049767
0.47492255540379097
0.5555664134198969
0.5560084635542435
0.4155343404970016
0.24223149511136707
0.18015955219208377
0.15152284445718708
0.10804435619649254
0.08417327615816622
0.11769674332794011
0.17693118883275294
0.2674152728802707
0.3587723309151776
0.46083391308226507
0.5886384644865097
0.7041819978673942
0.7593896696471898
0.7687733873511554
0.7599885213712535
0.7279203623886006
0.6355694693145667
0.4884381097374718
0.3185070963372275
0.2111764773492703
0.19421192786423253
0.20747755964517417
0.2100589673313593
0.16470941561564761
0.1217197188157994
0.08045107806615788
0.0780363487102826
0.13824664651332938
0.3265890732859352
0.5556767889065405
0.7098005460329038
0.6577991449233305
0.47719350716720466
0.24612884352460188
0.1280070846270784
0.10362487252228458
0.13171312495156806
0.11112593575454588
0.08002520184319528
0.0642694265053268
0.13519363895673217
0.2683740539680711
0.43600211070600775
