0.8912900779199172
0.9169901874488726
0.9286473064046701
0.9495469889726785
0.9753353044875063
0.9588519982285548
0.9255891444542994
0.8609176671738311
0.7772819132486244
0.6996403548379803
0.6997350615469883
0.7539935367267517
0.8129916048121891
0.8450322707464446
0.858371630338931
0.8655215303083024
0.8568199798162407
0.7899161728724418
0.6290647347076986
0.3821031734733125
0.16885069103907774
0.059492077672688735
0.034734138786518036
0.021000029153221828
0.028574236193042835
0.13151743316569708
0.35136480942194903
0.5816627653254537
0.7425922236506988
0.8174128043978203
0.8544044687129942
0.860833196613379
0.8599331770736318
0.8616397419431334
0.8644954432711596
0.8757241031295411
0.8776021767376201
0.8755433275672793
0.866164422070226
0.85788029729215
0.8289774995180911
0.7328114781683104
0.5688052944709291
0.4229788893174643
0.36911386384117356
0.40840239440514475
0.5203796543690101
0.6582988858111717
0.7741978164153428
0.8248316753666917
0.8271545242863996
0.7975222913531457
0.7140797523644274
0.5340544887283011
0.2810027934643447
0.11203285091394168
0.04693471128225158
0.03261523656818046
0.024973263620454173
0.031459798025862136
0.012510350896410938
0.04797805045001541
0.2105665006518524
0.4417799430653719
0.6167737741204464
0.7352449572923152
0.8143157727065445
0.8718058459277918
0.9017581461051037
0.9377842174936568
0.9708417434681902
1.0
0.9946583721293027
0.9819119722303741
0.9640540140920474
0.9552465662670506
0.942121054096822
0.9345921717388217
0.9286983851373051
0.9252958838985512
0.9257574600119249
0.932015776791906
0.9354865700263756
0.9358908651226302
0.9225963873146973
0.8642722337685248
0.7273393744601422
0.4662067378934483
0.20888482173057257
0.0617939304255697
0.04557544792457612
0.053649263855697404
0.0487801470728154
0.022500745966332603
0.017911635858271078
0.11690309413939716
0.30263528496409237
0.5160316724468382
0.6924522033486817
0.8195528987032892
0.8852913361858131
0.9073261917716009
0.8827653478479607
0.8398921933285665
0.7995529310593872
0.7911841209029769
0.7900990641843139
0.8014252618426945
0.8077688332349178
0.8181986432031212
0.824117231281727
0.8320959896202895
0.8296993137566686
0.8013118546557375
0.7222089221114231
0.5836952238291255
0.36867976716448575
0.17412982240496436
0.05931063197736058
0.03814358384992719
0.028953874680163857
0.029187224424440897
0.029137518177544338
0.023406395109151382
0.03979973801533444
0.12999993194967485
0.30382262226004736
0.4904971230203445
0.6235260956533489
0.7108291056235572
0.7741087026875585
0.8149251458157214
0.8261035527085493
0.8325195446722159
0.8431916145612862
0.8541309567997293
0.8626939943219291
0.8723205753656462
0.8730177516541708
0.8417545374251937
0.7546434840687247
0.6028050103825593
0.4143739150203646
0.21984073513428706
0.09382978511224298
0.04188191979832238
0.04344066626681367
0.04207446303254141
0.03257661356021895
0.028766208678320693
0.029244728454008623
0.03469794161873575
0.0344050247623337
0.04597268638434858
0.05204296969807795
0.06073771110858621
0.06779445687190655
0.12066000022032879
0.23589404965574154
0.42918255881663914
0.6052019330250938
0.7247171009609018
0.7849091156063362
0.824417947472684
0.8663466081223506
0.8969172629535974
0.9126584369364286
0.910087739451908
0.9137038758868995
0.9094160079630346
0.8956225997598558
0.8766375942597412
0.8634315120702719
0.85640726818156
0.8577752110569365
0.8542634611755507
0.8343601477092727
0.7882633218869577
0.6883705203822932
0.5307368631895206
0.30061887554281974
0.11607239356429228
0.030174188969981183
0.02792888283919206
0.023156872622545715
0.014362474321664652
0.01767635175773476
0.017826212269437265
0.10972102689257984
0.2986289181258564
0.5400932301617074
0.7152647675591659
0.8381304090417907
0.9114551297046665
0.93992766416973
0.9121127520020376
0.8402872606201287
0.7134161949206999
0.5487849031274978
0.3849602368541385
0.30268144126606306
0.31657227275723465
0.4133340298258147
0.5491691384346779
0.6945881079058249
0.7986472031360281
0.8277270357417658
0.8088397265086266
0.733832052891962
0.5891958762802559
0.3321735780197197
0.11794337185684739
0.028200074033341842
0.05249809526806863
0.047305399457565796
0.03969387475477893
0.034711758466892687
0.026732845798119374
0.0138797283180055
0.015541184787741111
0.024376109625124247
0.02490414021630517
0.024112265344405102
0.026881845812026867
0.08728248532258046
0.21815091390232766
0.38592435475200154
0.5229407411988403
0.6364667907686035
0.7239581410549568
0.7909240746812429
0.8326034241184067
0.8687746944122562
0.9080565947873577
0.9291046044976424
0.9368389807263915
0.9371463844853765
0.9465505638551517
0.9485820127365516
0.9340708663076649
0.879301989679765
0.7650192154903861
0.59328578841833
0.37897830918974507
0.17911395384223838
0.09338004914427153
0.13062790820884262
0.25754242050317827
0.43497148573842404
0.6356211612558231
0.7828323310689842
0.8683776693265736
0.9085638357003615
0.8760599181790313
0.7384507694317995
0.5270223541172364
0.2869379111245674
0.12189027175613344
0.059348107005554034
0.058697519294615974
0.053447026067205826
0.043023140121796415
0.05228131882682875
0.052148006962829244
0.059185064366733466
0.10376698751961928
0.22423260498495254
0.388250581329511
0.5422745431540434
0.6619965117785511
0.7315051671897423
0.7500996457682378
0.7054576500456069
0.6135816015098974
0.5209836351542606
0.4861623763973357
0.5290347830975216
0.6235185714377175
0.7094253577406003
0.7431947271907049
0.7377413210683575
0.6923481468881266
0.5901419287073588
0.4133719143495302
0.2236338355718899
0.09582190513644596
0.055026595941656486
0.056946582126215034
0.052194553191372464
0.05894139755270297
0.05991235480296439
0.05872684653964211
0.049716976653949155
0.060667963246841476
0.0672537147338797
0.1182752807999535
0.22679962406718668
0.4001130155797853
0.5713630032428407
0.7257026431064287
0.8240016393853337
0.876055742079841
0.8959691364487815
0.9129958003738837
0.9102812813132672
0.8599890129113603
0.7690328790084315
0.6637298903769152
0.5868777347410534
0.5574344248310045
0.5851103188948572
0.6361647792456323
0.6875037186701526
0.7179985265865575
0.7056348894670581
0.6265971083280449
0.4907322326109266
0.31565246601790753
0.17049721584563196
0.07989374586884783
0.05710161964144532
0.03851447782128455
0.028039199250327454
0.02267281658948308
0.02575877392052596
0.054501828528386094
0.15540052986100342
0.3106116873743448
0.445739683968144
0.5376386763856738
0.6168104745436357
0.6800241276628111
0.7120407118253539
0.7232209015547635
0.7350381751289162
0.7416839628580437
0.7451749344652551
0.7589966202135832
0.7720115422893474
0.7755698647971271
0.781815507631605
0.7918882221794413
0.771665148162159
0.6990461512002502
0.5771387507599597
0.4292266549549513
0.2598118157462693
0.1435807476721398
0.09426559338779279
0.12307952593521751
0.179647868230597
0.2971678841578926
0.4486910194610167
0.6015106112028866
0.7115263678774622
0.7610462078968881
0.756167930926531
0.6576790208958718
0.46780478530257485
0.24243539012882656
0.11037198133954082
0.07899370116363713
0.08752671404908693
0.07966316129432578
0.0637166716620841
0.048754286351266905
0.0334618776170337
0.06957626689998969
0.18319250175931018
0.36436375803416154
0.5126271428345113
0.618069075086606
0.6741288737319636
0.706403053833795
0.7005958338490412
0.6750546753989465
0.6185958453509405
0.566336409838577
0.5537025185128822
0.5845387801111476
0.6263159516831464
0.664924759783479
0.7012334682433915
0.7363328404047085
0.7384494539636178
0.6900129763082129
0.5794628136517729
0.43181261444077124
0.23897296717688737
0.11222239371530017
0.06679383351348427
0.0922852282409778
0.08261648109379478
0.07423496181327767
0.11814263777555464
0.23714033139265409
0.39415721425257
0.5392318740283513
0.6624487710499612
0.7400929639599267
0.7557151076841996
0.6953612198708106
0.5823152230514285
0.46263366986763055
0.3338137665357517
0.21865486856439623
0.13293580173430447
0.08155503156742365
0.048186714159775795
0.02918262894590997
0.012318100929359605
0.0
0.014679960547860558
0.023006700408704565
0.021623466960080606
0.05073024369787355
0.17231722909597255
0.3476077566697553
0.502301316252887
0.6016064500467293
0.6653126156862577
0.7147765029224983
0.7368149632933013
0.7455712272141817
0.7506928146756893
0.7596178297846439
0.7653776572410472
0.7766025915796602
0.7810041963706873
0.7654800295600075
0.7248221943330291
0.641286811915833
0.5127360071530004
0.32857507999467694
0.17380478138607805
0.0809314058273437
0.06723566905073225
0.06683246583571006
0.0852213751174497
0.14851485390161434
0.26496165969069463
0.41919008668389957
0.5687166850611706
0.6847333842382074
0.7575747300663087
0.7841683153731465
0.78688137195425
0.7579122677834702
0.7213409899606564
0.6799201504635295
0.6632192147466994
0.6648692901573928
0.679573297739137
0.6990073050482019
0.7203045766624665
0.7322711260113254
0.7028195629741958
0.611793138002497
0.45096114721531216
0.2585572777772031
0.12817252610592206
0.06811375514952064
0.07302091907010663
0.07060176588732461
0.07296268003170234
0.061066029499866455
0.1137531630614693
0.22269928389917654
0.3537613010324375
0.46383398228711337
0.5584731607574381
0.6252608214187212
0.6443258613344683
0.6059363949369811
0.5235593236974075
0.4262524084590424
0.3531912641240758
0.33628916167340883
0.3835485692012079
0.46368574901397314
0.5649812008957158
0.659248245451202
0.72784662422075
0.7445900892002238
0.7005363985919238
0.5961405797284929
0.41964129833407515
0.2330429392572233
0.10019545679758063
0.07659451224537314
0.08327734166077479
0.08025541790954188
0.07054112902458633
0.06512407974685058
0.06429262714921845
0.12460724454186617
0.2553513339548095
0.4197290886033424
0.5637202735381345
0.6735233079733134
0.7334819741486188
0.7627055484507897
0.755384451743165
0.7248590142676297
0.7010459562179231
0.6880078319994103
0.6896469484593354
0.7001743463171398
0.701753159385674
0.6556712920083929
0.5635107610983302
0.43165629568574093
0.28123341454803197
0.1709171422666459
0.12983554106573267
0.1439331770137315
0.19251285486341457
0.2560282882811125
0.2584074857161443
0.18953905425193668
0.11330575003290551
0.08772080113969473
0.08507880619018279
0.07496631899106258
0.06420201675051068
0.044243463631610434
0.03474531787792977
0.03199882063492831
0.0384360291427117
0.034392447283719506
0.0454975531005496
0.13294184483062982
0.2661455710405504
0.4251811601884056
0.5530072605679551
0.6718577944402782
0.7351559199588807
0.773151545682413
0.7752522869234906
0.7557102207450399
0.6982588355106084
0.603544965416862
0.5041148914659372
0.4337610177178613
0.4292939178973042
0.47461395399451084
0.5517350208053622
0.6442429894214543
0.7249765314224504
0.7744803185449353
0.7886794888148024
0.7343833753628503
0.6033632714239774
0.4167867869698733
0.22562720006350936
0.0995148696193026
0.05627029037691291
0.0596983520765671
0.04038157105026189
0.028612200533280382
0.02694308586336693
0.039335879859368636
0.04193342687630124
0.06697813650003638
0.16668131382162896
0.34030134018548797
0.5038921047628422
0.6296542882564502
0.7304696823936464
0.7902889458715905
0.8073207170456795
0.8014079535215746
0.8018233674549999
0.7897447433160001
0.7664177647731895
0.719523246797138
0.6389319854520032
0.5328779984623723
0.39376813933211313
0.2411048368764364
0.1230527214410429
0.07362643559921665
0.07613375118863339
0.06000763520711781
0.04722144629729881
0.05284589683717982
0.0733656528726504
0.08143355919955803
0.07087860356115565
0.06056221635666354
0.042420583258771946
0.036798841031539194
0.03346038056176547
0.02819940544128628
0.04864211084423326
0.05986275626793362
0.0802303388619757
0.14248850147964498
0.2811978560047409
0.4251221191870336
0.5371268759527662
0.634058310395592
0.702066056142885
0.7408310828528596
0.745217841436642
0.7465505697430842
0.7532931433206426
0.7657139817053936
0.7613824725217425
0.7358753404825116
0.6623387684027318
0.5633918683432815
0.436192760072885
0.27145652448829577
0.12536487939637142
0.06343944473831353
0.05978614292983501
0.047580933486398996
0.045366011121925176
0.06956253939568938
0.13288186452918715
0.2320252603729821
0.3468965079957084
0.4456724277583735
0.5252715699412029
0.5815167266017199
0.609395387411083
0.5949133832473251
0.5205010755212726
0.4264797185727318
0.29852416038159163
0.17426397192784918
0.09216725472122335
0.07032296451824488
0.06022910585778212
0.045645525710879105
0.031035182674798892
0.012411608155415116
0.009657130348522745
0.01602875944645244
0.019588660028064857
0.024609081036049
0.02854302248870958
0.03599448917331249
0.05485970950232743
0.09564554988478483
0.1827936214985695
0.32003414622228565
0.46068891432652814
0.5516592060648132
0.6207349566085183
0.6696702650472164
0.6846874388629016
0.6695906640358202
0.6502292843231766
0.6432961239361624
0.6554836571207394
0.6759103091771718
0.6870637404782122
0.6693301271978639
0.5944761207810304
0.47462942402339037
0.29093992204401414
0.15499015184853202
0.07314975496631171
0.06033280284473873
0.04027672860200373
0.042060111486544954
0.04267669577964636
0.041376358573736956
0.04240081558565628
0.07306960342313554
0.16608048810861617
0.29593822927442254
0.4030291247060126
0.48157748167681586
0.5580838483774492
0.6129830467057678
0.6306977605244848
0.6363460934153872
0.6425852843720212
0.6555443765795594
0.6625973178080433
0.66943197689196
0.6656532911405697
0.6525139396142774
0.6324594409619787
0.6158174547161092
0.5892291693194633
0.5478901180923395
0.4873202884882486
0.37281842652277075
0.22168034381996893
0.0887664714930448
0.02826530790327402
0.018798594769127597
0.02341732378962113
0.020175672032182963
0.026427852060804394
0.047645131838325944
0.05756887399887561
0.08580174295460935
0.14425545026724387
0.21760676849723914
0.3037049014549944
0.3960727792092618
0.47141260489817766
0.5098396169962963
0.5170711801413153
0.5174610970653286
0.5130677904093387
0.5184982547826904
0.511719872815222
0.5330815192757594
0.5502174435288879
0.5691906717166121
0.5733929003580992
0.5395633455812224
0.48137201598165985
0.4123368333268338
0.31019107614034375
0.1652532405215746
0.07359026399623596
0.045952624279513764
0.05084063560279418
0.06433154805496077
0.0855292115718329
0.09795549302779005
0.09987682765372317
0.10419211652400902
0.10287226313361014
0.11392067692873471
0.10274161405737722
0.0997207142651324
0.1101114053896192
0.16391044831214352
0.21320378683228383
0.284734960467849
0.3798442021603507
0.48733388840469105
0.5664990994654678
0.6213769109068885
0.6573663922631297
0.6634585571194812
0.6516893916617676
0.6336364716203455
0.5982097029966464
0.5451897824540566
0.5048882838110053
0.5051010793136563
0.5359291755478152
0.5775670219200822
0.6187321667830532
0.6509486268176341
0.668869026480156
0.6395358009240929
0.5528616473178566
0.39063063315427776
0.20057027783522777
0.061904918271689
0.01491956726448625
0.01834461714084201
0.013922544823668432
0.022506377130833227
0.028294791584303244
0.04620135302635942
0.05597933652013939
0.10575579127226177
0.19393650642622462
0.30103187945916726
0.3941162890161235
0.4832710573573053
0.5469097154431828
0.5657647659940371
0.5424948303935757
0.5201667297921596
0.518950085985318
0.5427573008203598
0.582344809809511
0.6234221506778813
0.6637290779094683
0.6878775188002197
0.6883734141919273
0.6543877572772712
0.5785258431870005
0.4814317846483428
0.3808387615699285
0.2889399498018594
0.26500715809587944
0.3030375455222335
0.37003898274681346
0.4444832852097377
0.5478112579908937
0.641705798108652
0.698186837604433
0.7153983175204782
0.6740477453920406
0.5667458601037966
0.4105342159215668
0.2371556119178554
0.12173349867165764
0.09361791791651985
0.0932403899782709
0.0912982682094017
0.11508782666311018
0.17158945136899448
0.19394185900441685
0.1903798753027512
0.17305047109929889
0.16386263926719669
0.15470380074327736
0.15548511646972793
0.1574911397659093
0.1651792047755669
0.19663222089603904
0.2802447895811503
0.38311092551597214
0.4890540976064151
0.5726411346817566
0.640902928984095
0.6776497581864315
0.6993216524068311
0.6993579858270844
0.6911722707960346
0.6936503146846128
0.7077456553977556
0.7110392904987817
0.7157880969658056
0.7226716303881896
0.7268864664212442
0.7208118299957926
0.710248836061972
0.697560796991304
0.6542491293615739
0.5576791345085232
0.43318398915451617
0.2762086297103056
0.15640630012003873
0.10505776147253956
0.11875756549469743
0.12551366972802733
0.16648782965956496
0.24348728448964227
0.33900328271639996
0.42963002109877246
0.5178392162053428
0.5915295430848949
0.6442199209885838
0.6636569312765803
0.6250967541597862
0.5331629201605846
0.4235918015898296
0.3292436680499719
0.2801153963227546
0.2839327822945495
0.3331510843382592
0.3822280939310515
0.4349110279464906
0.507899577170487
0.5847749307919344
0.6401073330729099
0.6452501934864828
0.5936849735527735
0.46818288596002006
0.28554219853347035
0.11230584750280592
0.03511663089019079
0.027169820833423453
0.028435040648563763
0.029663264899004317
0.04565838596791953
0.0800091796804773
0.1418582640885388
0.23941476388007107
0.3617290889837681
0.47881325629222365
0.5769487240081069
0.6228878520966288
0.6589581758950066
0.6725188231828185
0.6786917302117584
0.6514339235125404
0.6062194087354517
0.5533742859714181
0.5305349056857949
0.5485042853843614
0.5829808704775671
0.6225254395650269
0.6614775043233521
0.6733015707868157
0.6673429601304969
0.6465430761436614
0.600977337399288
0.5054922450558608
0.3905118565994586
0.25265628206099194
0.13449431854964436
0.08211881943049402
0.08703476103568289
0.13019244061498814
0.20036625027320012
0.28889959772741813
0.3691559547819458
0.45815563514425756
0.5550052381800644
0.6397278651566942
0.6802973796800384
0.6772937804417672
0.629232300126222
0.5509252809644314
0.46323291602668876
0.40234414211563535
0.37089611659955724
0.3739030880777935
0.3975776635094948
0.41923887038386776
0.45240090765044294
0.4972809338884013
0.5375713884901548
0.5411116788170166
0.5042419844922201
0.3858725084221264
0.23260730528079532
0.11901510307398927
0.06705777117732416
0.03377970206358422
0.02329402568378726
0.030181221239804552
0.05204737934097865
0.06352906233388037
0.08094179622594812
0.15323872334222696
0.27833317781841893
0.41032321138944916
0.49780235944727763
0.5680843492887878
0.6140627068838295
0.6441571802756002
0.649948177077997
0.6299911301896426
0.615808900645712
0.6221808069429486
0.6472517185829387
0.6617659506120052
0.6737268787912749
0.6824977865145806
0.694929069722988
0.7124867627575286
0.7246691041515295
0.7313958134430456
0.72718880249299
0.7269879088444358
0.7028007247317528
0.6530698951065341
0.5740401532751288
0.5070997984880129
0.4756378736891228
0.4958709181387202
0.5308239861983028
0.5751182539495386
0.615182391911523
0.6510737655775813
0.6261801567847722
0.5207314404680049
0.3413983117037913
0.19311109271004934
0.10747866640426434
0.08964755640937955
0.08350260350519989
0.0799886941163274
0.06736637620474976
0.05697852621689863
0.058487625023603454
0.08718991817504843
0.15290794948298028
0.23935466537754904
0.32485793671186075
0.37859335029867847
0.4111976090355418
0.4258304773004013
0.43273352287192596
0.39726606366550116
0.3615704155069343
0.3319844914131718
0.31734304734919794
0.29760438339819795
0.3095769070816796
0.3784709379786979
0.4579914397306135
0.5203994102909006
0.5595454008068027
0.5934105343427435
0.6076519324598912
0.5900302164466521
0.5608088613095341
0.5050526413038194
0.4452953375391671
0.36971044954908155
0.28469148935113303
0.23266983680932962
0.22400423156097243
0.23556228469821963
0.21211667865071604
0.18772640333229856
0.1675023627494975
0.14609589832739758
0.10848067352247656
0.06056104453722199
0.030299554788080777
0.01681033881056486
0.029608718780563988
0.05141415581391334
0.05397496288149419
0.06553727032132758
0.14110945876729095
0.2755725771969348
0.3838269500316477
0.45229123250067593
0.5038930094409263
0.558307215937179
0.5839005474387341
0.5756880881199135
0.5226119784658899
0.4506879981272731
0.3477793134798127
0.2510073524546547
0.16996506642807913
0.1584564187334845
0.20088967877309755
0.2496616760408966
0.2850257730568032
0.34773478307180694
0.41965445251638883
0.470662633884857
0.4777391565091763
0.44903550388543634
0.35853399351709825
0.21329217539116588
0.10132683709466608
0.047207253748606286
0.043463095388694674
0.04481639502726888
0.07121550977748078
0.09293642511386702
0.1023571605134986
0.1047576116456969
0.11567194896940702
0.12680267887310967
0.13559839443630703
0.1486366281061699
0.190868232962556
0.2438437543071842
0.31082199217256634
0.4016020005577958
0.489250547307707
0.5447165488270221
0.5663940044869513
0.5800847160390866
0.5837211337430255
0.5658816692532072
0.5274781477787922
0.4829712794956517
0.460068932356686
0.4591393400111079
0.478341496458064
0.49937155064281263
0.5152576278538255
0.5312109791314823
0.5338102024927086
0.52518008625797
0.4986142651307485
0.45428815425750363
0.38093351941546777
0.31687233477817417
0.27998526496409626
0.2778341577600966
0.29952671090874006
0.32751708890173126
0.3396367850549603
0.3513766736212945
0.37580721728020827
0.4001561671953665
0.4159267282320306
0.42779701633768624
0.4280809558792423
0.428638051261388
0.43052425468688427
0.4258108891482497
0.408973230971155
0.4000191946566109
0.3917598217551202
0.379711804132134
0.37726358208438665
0.38476481509510047
0.39149393781981884
0.3942375371954047
0.3963911972135763
0.39805115594348084
0.3991619742123377
0.4030012285415778
0.3953200913753691
0.3940074962697026
0.3949956351658319
0.3892104468674159
0.3744137631080118
0.3692640585195766
0.3661535423270378
0.3551294806733458
0.3441070161669953
0.3433884609291394
0.34555170817416986
0.35449701631463176
0.36367842754183577
0.3751137720721529
0.379480373137845
0.3887933219641229
0.39314189212864875
0.40072128423215553
0.4029995416656634
0.4056192549214618
0.40810121746351596
0.4105600887222599
0.4097488644670058
0.4047279379686719
0.41033958529047987
0.43106396759324717
0.45466699173456515
0.4847597839080403
0.5248540989689522
0.5457282328957419
0.5146687137325737
0.4334549922165095
0.3196800693553812
0.19036651479221892
0.09571810476478435
0.06987135896598505
0.08504782956436825
0.0950910608397758
0.0840952557931824
0.06818365771174768
0.057065662862958506
0.041798050168320305
0.03319247294996732
0.02469712045305962
0.046057470434508044
0.06479310171222011
0.11202855942830725
0.19151523747610608
0.31387697050730545
0.4203073877232929
0.5092624192267297
0.5822211743359702
0.6389450759721038
0.6635361711604201
0.6810687870536279
0.7086772982839056
0.7557585436741059
0.7869417064754531
0.8125342542327287
0.8261203738194498
0.8467010872250814
0.8592672061408069
0.8650596339416462
0.8301262216945353
0.7436936994046368
0.6103798900797562
0.4588301708998853
0.27487394232775525
0.14225110776198652
0.09259490585029156
0.10915638553994267
0.10494758385111981
0.12960255264023113
0.18619055776830798
0.2709215342428609
0.3685654732725745
0.464853194823107
0.5519356714495981
0.6331392302394556
0.6917051548734786
0.6849738641486873
0.6137945024453191
0.5104438857228898
0.4124961092364822
0.34068720862014634
0.314566281315606
0.3248528935839457
0.363258743763883
0.39894361491896013
0.4206785095649283
0.42881476813973074
0.4157524483843847
0.3672193302189805
0.25298996248885963
0.14830823667248952
0.07375258212350323
0.04534312281741143
0.03307233444912599
0.04581573791973406
0.060750045312897245
0.07157482429831594
0.07580004951971346
0.0673989330457226
0.08162888134421553
0.16283361658868828
0.2554845163986285
0.366958158729521
0.48787047122122856
0.6200160401961521
0.6915920300022704
0.7276749116927848
0.7283213258116218
0.7031171719761887
0.640471884824883
0.5753674585756084
0.5535027657355125
0.5873416248068974
0.6359595660828771
0.6753175392603011
0.7149719734245713
0.750296019423227
0.7708344287963748
0.7817637000151628
0.7670918584154356
0.6866681454416087
0.5447143912609494
0.36544270816120467
0.21449299621798681
0.12138798285571992
0.113957161027376
0.15600202765703558
0.22270642648741443
0.2868704517217874
0.3618731841026699
0.4341321528940537
0.49587388409829525
0.501662185075772
0.46298102842881333
0.3270497148307654
0.1942824469061029
0.11057994071871363
0.10714313571900691
0.10163344168741147
0.10220252469291578
0.10015776717765697
0.09554225368483571
0.08559280446014746
0.07423924113762827
0.08239990719225594
0.1171809596058369
0.20068994191035686
0.2946473799966879
0.37827752641721707
0.4065725772187499
0.4269849088105743
0.44832803607616667
0.48683544875299034
0.5240219708650621
0.5740878858252183
0.6475321652862053
0.7057539032057808
0.7449808155534928
0.7526684127725342
0.743836939536995
0.6690310043196315
0.5508405250156103
0.393862838193638
0.2632099136423415
0.2080593993758464
0.24798958130567575
0.3138843189986063
0.38134085291594755
0.43363861535606935
0.49776510786653344
0.5504103300638955
0.5599979682429282
0.49769414988986543
0.4254277019462671
0.3569622901348498
0.30650886307360775
0.2764404234848759
0.27913573179430723
0.2800196640121193
0.28454108782078347
0.2867742820466634
0.2901039717254139
0.28940134978204346
0.262574674791866
0.21950911075757962
0.1724997599277725
0.14784408036201932
0.13915998613677885
0.15420471701155544
0.1729022184119221
0.18723690980761742
0.20746474614933613
0.25372501228452427
0.3165903919727411
0.3710343694973273
0.4168285736098155
0.4596771824867321
0.4901652691931942
0.5006570079937308
0.5000589723023041
0.4911913760303824
0.4597639743906201
0.44117402229718344
0.4331788526130984
0.44301941976287357
0.4526900493285402
0.46694680797997795
0.479896790906742
0.48629691908595213
0.497746100396337
0.49689784436961015
0.5014254991728115
0.4931121750770644
0.49174260836362355
0.48067014865533986
0.4852881583228936
0.4934474045803341
0.5085760289971941
0.512922692130589
0.5151390031293274
0.50089656275811
0.4740005283633842
0.44284570164870807
0.41775561618148194
0.3834104532441713
0.3698890005701017
0.3754025440052085
0.3954124029396192
0.4093954724407665
0.4310136239721595
0.43989951015668805
0.4388351072330542
0.446228004101324
0.4536763461755637
0.4495741795379317
0.4555432955332859
0.47440796089859727
0.483893369248411
0.48072276542351494
0.48516688208812614
0.486552856346064
0.48416484526518294
0.4804183176572571
0.4757450097838835
0.4850252328135797
0.48689275144966343
0.48547858282497264
0.4754279594764235
0.46970843326076506
0.45884221017679316
0.4363034282351139
0.40748402340234396
0.38308925345329825
0.3850665147424616
0.3841249782404322
0.3805607580245987
0.3787013694150222
0.39047688392697555
0.393921254062615
0.41609682617496907
0.44120323105999765
0.46490540818906717
0.4845019725310767
0.5356440149494218
0.5991732393973952
0.6449832128162984
0.6595462902179957
0.6515503958967517
0.5937093468482727
0.4975248985051714
0.3736467834543499
0.2577323937161972
0.16376555607138765
0.13177043173713823
0.14440494897309797
0.1926053973073182
0.2503777172193632
0.3065616717382078
0.34028896725060187
0.32983908663608275
0.26287185848945405
0.1708274095904506
0.09920930366898834
0.06941651887830633
0.05993792486564694
0.0696957788467174
0.07423213014632178
0.07520068369547675
0.06643623634726985
0.060778207121981856
0.071683010185359
0.12936432995732117
0.2294566571398283
0.340529242209679
0.42469903336026354
0.4888675377641284
0.5458611746736624
0.5877911893056462
0.5963501440227523
0.574157903890731
0.5526511054596853
0.5360374922393173
0.5340533573953782
0.5519236475370062
0.5855476688919017
0.6125201770331127
0.6276545894950774
0.6333823321962966
0.6209569845040652
0.5605852607946499
0.4704341703134231
0.32967331524923776
0.18619871880319125
0.08227248637648858
0.06979324003260796
0.08563347696514963
0.14021450081512937
0.21380128492415243
0.2933070286436104
0.3701605715248083
0.42917434656948256
0.46282447282852185
0.4513552161729132
0.424644146195525
0.36297743579394964
0.2810072168208776
0.20242974804857897
0.1482168112907044
0.10635951802742119
0.06820080749222313
0.05086000952643113
0.05473044590632271
0.04799212964587409
0.03913506706021917
0.03605046961468104
0.046756969582811114
0.060909731772756374
0.11672457279532121
0.20967247276594636
0.3164735239530695
0.3980066881983128
0.4630020455272322
0.4954361855063433
0.49718875965252196
0.4491615594340583
0.40021980157309506
0.3598813119153501
0.33784184349855256
0.3116538670659649
0.3164733835570326
0.350221395984162
0.39849535604375985
0.43149794514600937
0.459540427746171
0.49050620161038677
0.5003063509114579
0.46276559281424695
0.3651159455762691
0.23857504936829782
0.14439452216867024
0.10792357188589889
0.10121492474677996
0.09118463641372385
0.1001066523884771
0.15865676825942837
0.26085869324151734
0.38031531979605193
0.47942551503949266
0.5721260043083204
0.6355579652045928
0.6727288180065731
0.6893009462793654
0.7060347252020382
0.7310267517953617
0.768535701599411
0.7948842660399847
0.801752880872737
0.7953515335837739
0.7717955468899738
0.6926791870965513
0.5636130412846034
0.40404040495031873
0.26947575303259536
0.19902140204912774
0.2078407825735197
0.2563371441667211
0.3130111336910821
0.37905081199629037
0.44018043742814433
0.4591939731769988
0.41128024101129185
0.30966166159160524
0.196878546672337
0.1093413409134012
0.06446232938835689
0.040783404245878466
0.04232597998368598
0.05519155107142925
0.06733002236107435
0.07747695429522948
0.08076499102565836
0.11874734230807774
0.19295910332667607
0.3004906537958354
0.39287454553706824
0.47956033540273363
0.5689409304242843
0.6507169361678445
0.715834427321387
0.7467775577507676
0.7538438589068434
0.7265267377054875
0.6413672932356292
0.5088632896903634
0.32971403217307
0.17853954512146777
0.09936540223952124
0.09660556192773852
0.14341414006171382
0.2142935500206826
0.3149319342838732
0.42692016169595887
0.5402785685765771
0.6225612478268451
0.6542724350721882
0.6089190764917931
0.4820511972504612
0.3062760866488666
0.1689462443215495
0.10051320068103387
0.09768673743118403
0.08850039910161649
0.09018873363587863
0.08387745579469438
0.07418978163372918
0.08349885958806544
0.15403019497727471
0.25752168315140117
0.3663941752347281
0.4744956145358212
0.577508806662778
0.6675964847515614
0.7402781233321566
0.7834264870478648
0.8121485921327444
0.8220463635465074
0.773232945020811
0.650505239746448
0.49198987013469736
0.3071986063651166
0.16887864641039374
0.11228130436807705
0.12644868174618487
0.145324838749197
0.1926737794950192
0.2621572144854605
0.3417490663227504
0.4200450426883279
0.49381917329333735
0.5509061412760283
0.5851498103473746
0.5740676948020486
0.5171927509936864
0.4373546444798081
0.3460066228051118
0.23360309063113965
0.13323842800132846
0.0956781851599677
0.10677795707812524
0.13970917512351866
0.18913309414119175
0.2658681195503012
0.3665393712588468
0.463790644236092
0.5469242094831213
0.5904078035569655
0.5896526466401808
0.5266786807290533
0.4160246589332257
0.27046181818461507
0.16106058745670926
0.1157775606385303
0.11366110962696062
0.10118237200245454
0.0872854828127841
0.07883053061312004
0.0823651168365985
0.11404331350018473
0.1801673404120058
0.2814012959964414
0.38765612268551397
0.48473835012010535
0.5675752127120706
0.6259308627315372
0.6586619932404524
0.6793317530630755
0.7005224285049418
0.7188954533824181
0.7169597782491385
0.6948858311970806
0.6476166818843171
0.5691912250852107
0.4391287200285238
0.2783051771974948
0.14591059452683836
0.09609083186972948
0.09521324786741409
0.13942247480737768
0.225964550592881
0.3594449042890822
0.4709230091809139
0.5558018948199263
0.576129691494387
0.540958930408443
0.45499520805112637
0.3165905403594576
0.18730856818053332
0.09917846304499589
0.08959320433281584
0.09365477224492322
0.1089993788022783
0.10906427995504243
0.10786030834315821
0.11048056998847804
0.11182965741206667
0.12250856609675928
0.16456673725831414
0.26174568784361735
0.38096731776274795
0.48354595012054347
0.5643475412816346
0.63150469610689
0.6762331429411381
0.6965295324698746
0.7031466002696525
0.6929776213905761
0.6955114534119412
0.6912818655913703
0.7100608040957281
0.7059110523746752
0.6941139016539314
0.6038301862342087
0.4818997587938121
0.3061571359382833
0.1826527476838526
0.10096614777432905
0.084081918791457
0.07322156064922117
0.08045803915363257
0.09604305059613082
0.12914001333391165
0.18446779893398804
0.25402785938622874
0.342754777729027
0.42493384896828723
0.49938326532870936
0.5644825067318586
0.6118336220789103
0.6341215683719943
0.6304662779645072
0.5988676709309679
0.5213281201070046
0.4294114591539349
0.34548345926114993
0.2839676014700886
0.250046056601864
0.25294094926605437
0.29440698116013164
0.361713858638001
0.44588211491310664
0.5330558911512725
0.5980407713708014
0.5975418599743797
0.5327887993212079
0.43419562590679994
0.31173995291468254
0.19572916253578446
0.12606323184500767
0.10611810801196371
0.10384620831955459
0.1141641589585218
0.11629581530331495
0.10391078652257368
0.10438909867041697
0.14829380666302286
0.22861516799879522
0.32098101126629675
0.3941803415445134
0.45495716451973106
0.505328875509027
0.5526569469740371
0.5755108756505397
0.5675819633078811
0.516651156215555
0.4397976324365316
0.3532954636947065
0.2777970285995857
0.23513106556578087
0.2371782362942694
0.2703180640086623
0.3234794451932993
0.3883521433097212
0.4487398495180117
0.4868727325035586
0.49240834252136234
0.4468589469421916
0.32786011936347764
0.19807135980082247
0.11534608990798628
0.10295685540889087
0.09759445376305544
0.10071779738899998
0.10472426802941612
0.10423801190569272
0.11458641082643428
0.15961319558875312
0.2467701680933496
0.33561240195229974
0.41463362861058933
0.47426324267357794
0.5303353959512167
0.5760759344518316
0.6016007313810969
0.6075599493008444
0.6126026329309723
0.6262566283342657
0.6469574338822361
0.6616928737405229
0.6770000203584541
0.6873594021931257
0.6936281967505855
0.6869170980065532
0.6561090891418979
0.5703830340039863
0.45177257458139464
0.3231150237237237
0.21872552077535412
0.17257976693480467
0.18488160346152158
0.21579001430695696
0.23968807641717416
0.26649930915626874
0.30370572640938065
0.3378988222352441
0.3511175956879232
0.29561552505809013
0.20156359665799056
0.11625999970429686
0.08904068540863895
0.07085236021428658
0.06370664430759013
0.05006165061120487
0.05262736186159773
0.05259107782869128
0.06345194576102021
0.0673664924073479
0.07850873148536495
0.12758041787398147
0.21028007971870583
0.30619832982214107
0.37570400110341945
0.43190764767378786
0.47776801043555217
0.5080572298785401
0.5272048102545541
0.5396705771223363
0.5462982757197502
0.5297717451161384
0.49688132524952994
0.46021799239000105
0.4437611461483941
0.4457205978613186
0.451619144493481
0.46118214539620717
0.481229365424011
0.5104183354893289
0.5357071550116844
0.558914306613971
0.5625880300711821
0.5338479975383297
0.4812156336748415
0.4241603540305188
0.3592645314772039
0.28510114901688527
0.24608369090854254
0.24804003361498897
0.27789922880140444
0.2863140660627161
0.2774946267713508
0.2318664919544871
0.18427555380795485
0.1338557851662273
0.1099111691459286
0.10469967326762677
0.11360850249606554
0.10482113383961907
