0.09841783802612282
0.044640605284204854
0.08003473959744031
0.09875562033871312
-0.06312235221023943
-0.12737915188077198
-0.24765758172073898
-0.3202807394159083
-0.29732613828533866
0.0003626766468304985
0.20778128652603522
0.2259314226713628
0.12269881833047726
0.05108269792649824
0.027380338449365448
-0.03332233996664453
-0.25620622463523895
-0.6159760046832019
-0.9457322703181558
-0.8166443124001045
-0.41878569758345086
-0.09480982236338498
-0.05259438197334785
0.029005210300040423
0.3942180430838716
0.8418992706034343
0.8819194679432009
0.6162747806674206
0.2865232846067932
0.141658525726738
0.024618630535455037
-0.003446599213259745
0.006535241599591059
0.010935826963539499
0.042999833364427274
0.007192029432902482
-0.007884304303782497
-0.03591625168100291
-0.03172382007470817
-0.11068244151349929
-0.36826504191182924
-0.6280570129176237
-0.5584380683730409
-0.20627458208401125
0.15045430965859594
0.4288137302028327
0.5281577716806636
0.4438316563106789
0.19390092183447463
0.008895283830654268
-0.11347579269619798
-0.31954082831544606
-0.6894016236463323
-0.9690542652615721
-0.6470655861786456
-0.24929147305209953
-0.054836020890915695
-0.029264717915772502
0.02483999890129125
-0.07256636848841887
0.13582254604374563
0.6226278428445667
0.8854252974789194
0.6701338957697873
0.45368202431338356
0.30279943730447245
0.22015659925588824
0.11470148109833105
0.1379608150946387
0.12659285491528344
0.11166071355605035
-0.020455611910206145
-0.0488119756554187
-0.06838654246025448
-0.03372787078932308
-0.05026377530897556
-0.028831640720930293
-0.02257008805565897
-0.01302978165996056
0.0017675925898899306
0.023966045999702652
0.013291303913990735
0.001548236565027597
-0.05091082440986831
-0.22335068612258896
-0.5243804876661199
-1.0
-0.9854069546651828
-0.5632803821035733
-0.06210821716592034
0.03091844833060233
-0.018646144146897373
-0.10063621863585397
-0.017573866554552467
0.37908497222959503
0.7112561388980435
0.8171953926878991
0.6755974022296726
0.4867284956246575
0.25174347544924086
0.08438185236244893
-0.09405505281362006
-0.16418152507890113
-0.15447805682027757
-0.03204812032092717
-0.004155193823832646
0.0433733515936363
0.02429252611097168
0.039940660444944334
0.022665064606331563
0.03055442798519981
-0.009178002011283671
-0.10870896673109186
-0.3029224289400967
-0.5304342655266643
-0.8233955720418896
-0.7450234766416604
-0.4396968220334983
-0.08105860839813865
-0.0351917297300993
0.0008936062046669673
-0.00019034865787013184
-0.02194717268490189
0.06277784011113344
0.34541907560950574
0.6656490456181557
0.7148646879786703
0.5094306647458392
0.3343243920715779
0.24232741604414323
0.15630540733937798
0.04280739106301855
0.024569858628252925
0.04086838791728221
0.04189189977273909
0.03279190849058334
0.03686471813820406
0.002669816755541909
-0.11972158915108125
-0.3335892996822729
-0.5814611137179153
-0.7215915170146453
-0.7449592760359285
-0.48255534688733026
-0.19893287180383903
0.005969175239775838
-0.0052318364040386325
-0.036371744249197625
-0.014591837052604768
0.0018324778625122783
0.02088292461802017
-0.0011217167652930837
0.04429803097040484
0.023245977192049853
0.03329626478261977
0.027023607068425697
0.20244709372020703
0.4412855127971785
0.7401928449166916
0.6740611840891015
0.4576799342554927
0.230503607043617
0.15129794722635942
0.16056461268470323
0.11706945264744376
0.06028037777963025
-0.009844412855931841
0.0138478915639788
-0.016420268183405234
-0.05282146415909952
-0.07270253825689746
-0.05057231590466656
-0.026899142064603306
0.0052384983101384595
-0.01344814622774662
-0.07621917247863688
-0.17652648258901324
-0.3825366404522617
-0.6036536040278238
-0.8812302846255994
-0.7067155006164612
-0.32894472986478845
-0.008598335927327358
-0.018274277315112383
-0.03367789800810651
0.012690399329781736
0.000573886564593498
0.3519085773090352
0.7234173932335304
0.9246807109619194
0.6708144171504942
0.4705104773498551
0.28079493098576563
0.10903476041682574
-0.10651641454471505
-0.2750536751217786
-0.48584913539532093
-0.6304508465802388
-0.62736189710823
-0.3150843060823661
0.053194543867839575
0.3705463948925696
0.5201766826038637
0.5568778050230683
0.3984913437031309
0.11136039136307072
-0.07232841318291093
-0.28723975142612
-0.5538801220458156
-0.9842595764351811
-0.8203884775932918
-0.3436694049561473
0.09304858080625636
-0.019885280824239192
-0.029148117228322234
-0.019078872535389896
-0.030555018988350318
-0.04922064759542669
0.006362500266454716
0.033833093226271906
0.002022078121384356
-0.0030324622854937507
0.010606029579586482
0.23130253002721518
0.5011569227821245
0.6424836169676715
0.524700352465688
0.43474477592067823
0.3350456359521553
0.2564441369977238
0.1596098824917228
0.13851685017016702
0.1504289195390131
0.08060275416745533
0.029618573650688436
0.001177193946443027
0.03601303725730635
0.007779375677084805
-0.055570022267900546
-0.20973585434585004
-0.43764263131541115
-0.6576482715066332
-0.8206843925992771
-0.7653748607423144
-0.32831554808764857
0.14263961622835264
0.48601551289404377
0.6794595557569095
0.7683822219830141
0.5637409852274937
0.32759343827074944
0.15389178044592752
-0.12447282709922251
-0.5269703188252606
-0.8096590992775576
-0.9193965417315842
-0.6320452377705015
-0.23950343998692789
-0.0024914071235668713
-0.02010661438739449
-0.03991797456825021
0.03545393186679587
-0.0005105139891828601
0.02694821105636464
0.17072520592997376
0.46131965367939
0.6281021725243751
0.5898303783456589
0.4584718716074021
0.26618141770815595
0.07120702652479952
-0.17095525212617105
-0.35183671311128545
-0.3546012768572
-0.13334701941031196
0.1641786613265253
0.36182297847731687
0.3289775932735145
0.12931883924619936
-0.020883663543735304
-0.1738318686513064
-0.39139580377447036
-0.6769357391782057
-0.7265965728078602
-0.4894521501252506
-0.15622447554298816
0.007352532451715103
-0.018197759565104724
0.025836848469177668
0.003718253156814554
-0.004539870155293685
-0.03450304030990708
0.041936491496706634
0.02521994789171517
0.19538563519632207
0.41559088398173405
0.6636987003665242
0.6557969540483606
0.5910392584121495
0.3764332086992848
0.19933970482932223
0.07625777700848402
0.06520312492901882
-0.010395173488485792
-0.19259281054691996
-0.3483139262054601
-0.40325479808274256
-0.29430314282538733
-0.11275231735550995
0.10598404867246154
0.19551160292342706
0.19660100744017192
0.11677899904563066
-0.04734619648487217
-0.30267293348767915
-0.5202906748977664
-0.6704629834666539
-0.5558678994733873
-0.3469634097369663
-0.08728179873288781
-0.07117893061755828
-0.04011478116517116
-0.02055040967456208
0.011817585774096522
0.1100707096047686
0.3863887052158934
0.5943767104488302
0.5174688172663059
0.3519245760537425
0.3031861478476715
0.24207488558417126
0.12260659787106218
0.04281421838497042
0.04525391283725899
0.025449854972188123
0.013368576418136734
0.05292975221348087
0.049840273689572036
0.013626494775083004
0.023917511486094025
0.03857317369544358
-0.07744368640844791
-0.2780923821575316
-0.46684092054941256
-0.5664251613651947
-0.6487693052699409
-0.44510356729938605
-0.1888509798420076
0.1103421346571729
0.21662685690737782
0.4500395564201365
0.5802535343544649
0.5852182773899701
0.4213022091801125
0.1896348180392172
-0.01868122282413866
-0.3771604780067574
-0.7271179814584482
-0.863045684893502
-0.5057330654858857
-0.12016223092010794
0.03267692999863868
-0.030113251480738533
-0.06106662821584506
-0.05729802872417202
-0.05856184403180675
0.13829902595776186
0.43509013792037665
0.69379016984183
0.5677704125753081
0.40378687872346647
0.2146794034725712
0.12359305418948846
-0.022238583660416943
-0.09780913939331203
-0.21620748287273645
-0.20012602101161056
-0.04838112727616886
0.11808658620267724
0.15998448957309422
0.14785133182872684
0.13904316571566958
0.13441204677742646
0.0081055113858537
-0.18548611269826554
-0.42334870167867833
-0.56542223581192
-0.7384739410565104
-0.4853877137996684
-0.17396737841389406
0.09761857063386632
-0.03702619203139554
-0.032096789549997305
0.16814319550234713
0.4556982810791143
0.6012916842733039
0.5555592808435835
0.4718556004397921
0.297336227025514
0.059824554792035266
-0.23112349573345836
-0.43290642757520625
-0.4583171018274114
-0.49331215364563585
-0.44099772240435237
-0.32825872689490065
-0.1967611970775551
-0.12778302186339513
-0.07277560347770677
-0.06458223008154373
-0.04717181694067388
0.05621649113212727
0.031887013321358224
-0.005297053125225419
0.11146357314995746
0.46561390026422605
0.6712700866443141
0.5923945839057256
0.3802861836784601
0.24396094826415
0.18942054844840295
0.08439565678407396
0.033531863485183395
0.01961297342547803
0.034178091357321035
0.022057095321872302
0.04298556659250086
0.016855820279296017
-0.0594493549898155
-0.15569802289571075
-0.31989636958251627
-0.49228164833391275
-0.7052390294052283
-0.59268845381979
-0.35565594856242433
-0.05244743421075033
-0.0015440552369225485
0.07041980475329468
0.24238057569644053
0.4459297287389795
0.5906133718900917
0.5726078530175663
0.44428264770880027
0.27894386081265427
0.10183937808955436
0.010389572964812539
-0.11093635997268754
-0.14004866761827914
-0.15861992603344305
-0.06395575802553749
0.006318916824753
0.056308578564015624
0.07442197790585753
0.08155729553485085
0.04582556016816616
-0.11278392247078446
-0.3485831038528593
-0.6159015315042761
-0.7368051422747713
-0.49930469582640824
-0.2299933541285341
0.018791844577928447
-0.009264078265315412
0.009041053525206288
-0.04555788463766936
0.2017638785190546
0.41720606918424036
0.5018982646383516
0.42152020023955533
0.3624180405583036
0.2557614457518232
0.07300902777381427
-0.14701136902005105
-0.315460649892892
-0.3726340625887747
-0.2797855729393157
-0.06472612030763977
0.18097855614355163
0.30688304942035854
0.3879080501524043
0.36099296432219447
0.26269553921511274
0.06411862262646209
-0.16870235443378198
-0.39978081727353304
-0.6758989749998132
-0.7145731055688408
-0.5087356532921162
-0.09037914548907215
0.025591705055584626
-0.01157237100258415
-0.03720059282009745
-0.020744436041995534
-0.003184024059818461
0.230973110774838
0.5006807694814664
0.6294799333003295
0.5514101447752539
0.42048759541835645
0.22961000571825765
0.11191084609873601
-0.028035931486313597
-0.11689629407062177
-0.09119142809107818
-0.04992912563490903
0.0062769498346729935
0.0403143704908608
0.006046019713552124
-0.17646919964948204
-0.3529261302675959
-0.5049329227712458
-0.5760401423408393
-0.42245302514381494
-0.15732082263268954
0.05398649564968316
0.186034493766842
0.24323054464880198
0.009111068866431277
-0.26372969832369025
-0.2919332689369337
-0.09797683364896047
-0.010117444469019089
-0.03872548193161955
-0.04122158908238664
-0.07643071115625076
-0.036372878850224895
-0.010517633027843079
0.024651106780132298
-0.015484781650261754
0.042526686678603765
0.33486542655020224
0.5100998785951943
0.6090222625514128
0.4895064135229057
0.4551347370246254
0.2423983702337135
0.14550316736770683
0.008044728796436954
-0.07483578627086175
-0.22000844471141107
-0.36270407000448307
-0.3807646384542797
-0.26941815727466023
-0.017106631630919984
0.17355178844383706
0.29533293051693493
0.35425663307489513
0.30916680144797193
0.18957334392722971
0.054375318445656656
-0.20792542121820118
-0.5017377592533021
-0.7144893373235712
-0.7320401977312843
-0.4829435803287294
-0.16560388548500185
0.013127664717538429
-0.07397306319223958
-0.04507046944312612
-0.006391827126086057
0.04745785191364703
0.0099472323761762
0.09590800274151097
0.3818104800397971
0.6648729498027541
0.6264661772201119
0.48160270254650733
0.3860696826818977
0.2290761670560828
0.06522268299365985
-0.022642759640633718
0.0015908158355351849
-0.04625474738740393
-0.08933000045306122
-0.17958122198973808
-0.3086219417256021
-0.4061307249220026
-0.5327172465274659
-0.5846197720164251
-0.4520772163430787
-0.18927655497860388
0.009601693692456146
-0.06175450220829085
-0.048964346540245896
0.02153867327282246
0.0785798217536424
0.030895817669452794
-0.0404199022273727
-0.03950631119928139
-0.06947286764462786
-0.021528301866615755
-0.012784539357725565
-0.020146754498592937
0.07828475854922402
0.04296914231490623
0.0779970778904883
0.23841586190155023
0.53118352554014
0.551153869828683
0.42891902842301494
0.37119616956827295
0.26043372686557026
0.14844956654842284
0.016798967151171317
0.005103645120596658
0.025820493624268425
0.04756524710222508
-0.01658739114574448
-0.097678836221282
-0.28160620995760605
-0.378914337787777
-0.4871053650849051
-0.6308527258426636
-0.5594537971687809
-0.23714168964949997
-0.013990215304034851
-0.04673950220817925
-0.00848198215893252
0.09265991640070485
0.24247955355562187
0.3796668128017725
0.43989617358066924
0.3782595736073103
0.30482264962884237
0.21538922671641944
0.10676053815372592
-0.05545842279296961
-0.28495981469188586
-0.3600521106236081
-0.4900021685280737
-0.4758508552874796
-0.31438704210250074
-0.08365208765239197
-0.03865414447299585
-0.05584740512960567
-0.055949892852054435
-0.07131844860236872
-0.010548194370139626
0.024399972296461795
0.01363253796391474
0.019225559370866483
0.015064916834537664
0.028535179602873516
0.07224382435321419
0.15618821499563276
0.3337310600451209
0.525558683618131
0.5386334314757759
0.3483681432330497
0.2645236208384059
0.18739637098636877
0.05750783974430144
-0.05781266955203595
-0.0741438525923112
-0.02655034038705405
0.04667181147793289
0.07822328271562674
0.04271174774506269
-0.06791036736543656
-0.2866512872576599
-0.4589495144434944
-0.7034337200990628
-0.5206157758865695
-0.3134054707149653
-0.049082153384143595
-0.07680416552457126
0.006829414001974633
0.002361192002685424
-0.004979604322944236
0.003923128971501534
0.11744525020197824
0.35618253584986265
0.4972865240941781
0.41010153629052215
0.3007986975643225
0.2929789539389471
0.21023491758871019
0.06783799241498374
0.021630130056378954
0.023892804203507447
0.04962647479810207
0.027009037710543346
0.026173132450150353
-0.014470369545037921
-0.05031677272916095
-0.07679813184582812
-0.06373001270417612
-0.10181908223430244
-0.1583067201811367
-0.2319504386753204
-0.43848162171880667
-0.5787789863800072
-0.5089898913993869
-0.231687484127714
-0.0362525085282785
0.017687291336769183
-0.012413813148974455
0.023942545485021904
0.08125096907257504
0.03800268817802728
0.10811696816962788
0.22384680858422087
0.28089678561207837
0.3297103498427328
0.35372015910646826
0.28851171833387373
0.1471551492120991
0.027693065256405275
0.001493175763626908
-0.01682404280733272
0.020795808768870626
-0.025957620834333155
0.0818038171765737
0.0656215342456859
0.07265743737428039
0.01609231498879906
-0.12954931724222993
-0.22284204059915466
-0.264368267262518
-0.391164270117559
-0.5550353166282376
-0.35102075991153486
-0.10583755473882335
0.01871850025162315
0.05166306528950571
0.08117584916069777
0.04758609118850145
0.0073576962695833135
0.01652527591733436
-0.005054340996024272
0.04230958619491517
-0.04280990311413232
-0.011568449780780688
0.039790855946240676
0.20602190377218918
0.18876743699383608
0.27392659368833744
0.36421813428979605
0.4116286943585198
0.303160922746451
0.21015301711399714
0.13782069460723062
0.023329771936783424
-0.045069684174490726
-0.06913314351962398
-0.135665802212544
-0.20303827679176847
-0.15433344208875296
0.0008148943213261225
0.11805531717320837
0.15945094768585352
0.15764075070891959
0.12337201683463649
0.0686256605001036
-0.1123307524548726
-0.33191620452277015
-0.6212590517085212
-0.7278307216513639
-0.5310150480869361
-0.1799290644974784
0.013116131025930995
-0.01693420008817782
0.0328715415277937
0.02216656841356537
0.06857266742865305
0.03744450951186304
0.19061751685493364
0.3376855390936038
0.4101186831374712
0.35646409725265155
0.34141564805292435
0.2437024300086695
0.07220487947717624
-0.08911155612874518
-0.08550482580416426
-0.0046591028330952395
0.09116905166682435
0.15159923902900735
0.1573045078104636
0.15435423071405474
0.09247576713599569
0.0018990172895564132
-0.13014710593623693
-0.2905110410084621
-0.3718189339150433
-0.38521811904092645
-0.3519238842617555
-0.09164994472021386
0.14563628631934325
0.2565800970169855
0.2850823376261779
0.39569153109198335
0.3595664691792459
0.21629253332092999
0.06591087250654118
-0.15835083914482043
-0.4109095159418903
-0.5982080456738492
-0.6639484297453541
-0.4420056978083341
-0.1076678163434332
-0.001445732495227611
-0.007437300041863139
0.09110143705699271
0.21637136379717384
0.0855979088991135
-0.01364051521287381
-0.06636246020908776
-0.03518454051895614
-0.035073511470404224
0.0029920263385039675
0.007682009122092855
0.02944122615517506
0.12044843009288364
0.32019195219878976
0.39392294003264156
0.40570636241931096
0.32009417962583026
0.26140659857696663
0.14072093663004584
0.08299190214342837
0.0001391377988249256
-0.031346962749172445
0.009489598547155916
0.053977706113123594
0.012612881883818934
0.01818541921630431
0.026360295338363357
0.016140594636007484
-0.023262647309501464
-0.040450684650914843
-0.04858848452451752
-0.16586079855503066
-0.36981204694565745
-0.47675061605031244
-0.6011326715345684
-0.4587796116387599
-0.19663776739136896
0.0524630096118209
0.025872308885465673
0.1569093793493352
0.29486722089759
0.36577579686159833
0.3470525154339759
0.3377946022615858
0.28219500958753335
0.20177630263472995
0.07443347772821642
-0.14766510086127688
-0.3520580008991956
-0.4195994802157351
-0.36130349228012326
-0.18813531840807363
0.01461857093768571
0.18848008694285362
0.18793901152319312
0.2017477964765489
0.27950757202786874
0.29439197885101354
0.21189385979657324
0.019694437589993275
-0.19746754221024618
-0.4806066726964121
-0.6994173146177884
-0.6634036760335345
-0.29559390824324144
-0.03043208294930277
0.004845123274421127
0.004703449812283149
0.06125286091855154
0.1315453869121513
0.2368493085400622
0.3735898395320299
0.4683992269670368
0.4483704865383449
0.37580698072117236
0.1759225836054639
0.13813027843866366
0.051930112857983254
0.023638971788820243
-0.10438299500818982
-0.17314769755155907
-0.2023688936734416
-0.08746275680401665
0.06881322815417608
0.1320271014243693
0.15143480189754943
0.14916582343155174
0.04527992601355439
-0.022818329928655557
-0.07965256377107158
-0.1744926997385612
-0.3656574436609927
-0.44031412529712577
-0.5279139993796421
-0.4524978764236637
-0.20057048329068697
0.01882545847130472
0.1652711056983678
0.2687286069670794
0.3390359344516544
0.3073394352759667
0.3408217430515479
0.3708827985240229
0.3244428888343374
0.15535980127472462
-0.011502197801706082
-0.1840500710575591
-0.2998745012930875
-0.33581541583887964
-0.23317182682180393
-0.12042931871538717
0.011515111698679146
0.09066111284659761
0.08295097525597664
0.12699307793380224
0.1718667832103717
0.15429114924691226
0.01355744105144714
-0.1411914451197979
-0.4532925398617044
-0.5869247335622816
-0.4349981055615789
-0.19896912381303328
-0.12743741859031252
-0.04015459927820374
0.026374319374892288
0.0837358301461804
0.04396877825713627
0.06668156888011036
0.2768590248496579
0.47904565327761794
0.505452077175779
0.33499890786531666
0.2691428799002543
0.176072811884244
0.11524592937690077
0.022176457445287897
-0.07642494308924233
-0.054310444417808995
0.02440103382331896
0.09600834261706016
0.05558183848597051
0.045804034059203254
0.03358794150981249
0.04760524525716161
0.06723668579073729
0.04665192966367819
0.02575974179236085
-0.016110628703359473
-0.00076931650978428
-0.0926241332017657
-0.1904427967299289
-0.30264214718797433
-0.25634618356109895
-0.12048254562333467
0.07748186789524827
0.1338517793835918
0.1696236377559236
0.15342447611579893
0.13744499399979598
-0.09532936640972958
-0.40381285810608
-0.6867511128522653
-0.5678616849406222
-0.3279269394727709
-0.06828372825903602
-0.023531922263613926
-0.013456416000208436
-0.04833680721617444
-0.03977997589435207
0.005779050931917793
0.10991461476748758
0.2516653305843554
0.33104523827872684
0.32743234418528366
0.2057782370419448
0.12485708092844165
0.056036152574605626
0.026435016558192425
-0.13582162564103942
-0.13669546873912872
-0.11329845431330367
-0.05606899335325022
-0.07558865184572779
0.045848438712579175
0.26382773062311676
0.30452149833676617
0.2389895471542791
0.149908456601158
0.12968556508750828
0.05453702878501787
-0.06748185996559432
-0.11190234786932231
-0.21351685771179896
-0.228838894097332
-0.28945017744185725
-0.3255776884718853
-0.1992154378930713
-0.033184688678860805
0.04426123555144326
-0.089784281106191
-0.09340186519423993
-0.07744738784358172
-0.08197544628487605
-0.14404643287594585
-0.18350685542520506
-0.11588551376424361
-0.05165656868811746
0.04901103185825289
0.08350330054503437
0.009806537785739193
0.044277527282121115
0.2894015448990654
0.514922685258762
0.414557039893672
0.2621820212486002
0.19760753622641838
0.20837765517044635
0.09800893460905971
-0.03144937923806267
-0.20325345139484016
-0.2754308357785494
-0.3940858791167712
-0.3705854706539043
-0.31034912790712876
-0.04407203881486442
0.1624969616878116
0.1867709755051824
0.1354258030740975
0.24014236917870294
0.2754143273325289
0.19533437887777494
0.027099341994775268
-0.10991982082795124
-0.34657295831817114
-0.5561994089881371
-0.4287680765169679
-0.20724940420168586
-0.014338147882007636
0.005182422451543487
0.10109465862751678
0.08317962711198612
0.036076438102466
0.009192459294856578
0.04179614416340165
0.04262481339003536
0.033682942426659826
0.04992954477572852
0.16172472890267128
0.20286825132675806
0.2564912557311274
0.3476394585479126
0.33564761533562754
0.2124054742776358
0.08301319951782132
0.052428190256637495
0.013925558106216686
-0.06831572155961838
-0.14706519253712824
-0.17043778544232532
-0.08770388657687986
-0.003559847431558916
0.07353411162778486
0.08053399399342644
0.06083528056806596
0.061092904691672945
0.009953651888942011
-0.033048784511218746
-0.10173305595387692
-0.16974558008537874
-0.2809094864835281
-0.24532048341240428
-0.1412579840615167
-0.00823760381805012
0.08307101492120175
0.10718835592901428
0.04641203149700638
0.04495756915215714
0.09355607165814939
0.09324361073856331
0.06039291466592967
0.04545693047687889
0.0010873383935813123
0.0021333809112114434
0.007223162337329211
-0.018049699189672322
-0.06447933279605667
-0.03428922723819596
-0.03162903346774857
-0.04613754060538405
-0.009375396656412124
0.028725758332388197
0.025768983966118198
0.010506535727047264
0.00824737974727115
0.006356764714395775
0.004253846947136284
0.014702315190157486
-0.029414696175854443
-0.00502654560120861
0.0037840497806830744
-0.02215421394460109
-0.05666347934883981
-0.019720647162841703
-0.011911633235260387
-0.042216330362355725
-0.042210214132066055
-0.0027516868335692862
0.008284093759678847
0.03425580294394849
0.03515995299521869
0.04379132643344314
0.01672177450931941
0.0356636724873717
0.016652725686452
0.02902506635386188
0.00872452200330816
0.010032117357071279
0.009504604919116975
0.0094161775068513
-0.0031065601983722726
-0.019227495131777066
0.021489643713584188
0.07936343222068032
0.09038710921639613
0.11523949119927253
0.15354003845732953
0.07993690180300211
-0.11894154469365678
-0.3110056352351387
-0.43569782910714794
-0.49520257698674214
-0.36245339254354825
-0.09897937744826406
0.058117862240126036
0.03846026834276229
-0.042108122489643775
-0.06093301201501985
-0.04257604485967885
-0.05846688830386635
-0.03295481304633372
-0.03253271061251826
0.08179885234679994
0.07174756676930324
0.18088684102117408
0.3043919714244603
0.4685807742761961
0.4075722537608222
0.34065076151713897
0.27939347631336964
0.21722256697564965
0.09417089917076306
0.06714065359167465
0.10572600802898029
0.18029628930805092
0.11941503448718868
0.0980059332826461
0.05202765830173031
0.07881325626785964
0.04812159476095966
0.022181937413098155
-0.1337765080091426
-0.33099088427358614
-0.5105214387509565
-0.5803553365539312
-0.7044551419950795
-0.5078753705759168
-0.1901570120248248
0.06342171513832262
-0.01611748628650689
0.09441550130716975
0.21670215516560745
0.32447486299904527
0.3739246856061987
0.36873108936701215
0.33347986590812334
0.31096671736442355
0.22427654162281696
-0.025777286260696985
-0.27257933990641825
-0.3957782454206513
-0.3750882224995142
-0.2749901412571394
-0.10002934772142286
0.03939228892866882
0.14707411024865213
0.13665419851097424
0.08323316048018449
0.031157570657487824
-0.05002178175460589
-0.18585619478096643
-0.43743811279963274
-0.400875689813057
-0.28550875727068564
-0.10879321589064364
-0.04699063483453976
0.04880050091844439
0.057190505137593335
0.041453183055709684
0.016180379737094304
-0.03217183644467147
0.054493182030348475
0.31097122256389115
0.3548039840140087
0.42688514081005735
0.4630302595701504
0.5060476955785657
0.27409821593802014
0.1381783685291778
0.0024754244713949686
-0.09651858981248843
-0.23989834428569912
-0.24931554747518644
-0.08373021897059137
0.12958494777325272
0.18618102246884285
0.15072023817051336
0.15185552708247715
0.13527242884340007
0.07865125417940225
0.0418533330895897
-0.056185399851315675
-0.3079803200060393
-0.5436078616867231
-0.686515808428901
-0.5780576259171382
-0.3565429989387506
-0.02845612071337115
0.1610096201779185
0.2554425969399882
0.24571430855206433
0.2872208291043339
0.276713664524781
0.23643820250126346
0.022166133860473818
-0.14812838852902804
-0.5205450968720181
-0.5084284740132836
-0.32053636530414337
-0.01316114693625872
-0.021099216490270262
0.0021792871737003265
-0.007830340711687526
-0.01767497756506086
-0.038101132648533056
-0.04347814762563256
0.03125103840685134
0.13319305036274023
0.31979527110237727
0.3598073351598052
0.3202592656363515
0.10835509177845615
0.07816844290396516
0.0817328984465633
0.14746304094008128
0.14240472811438964
0.19172599648367528
0.28125277800049125
0.22295848839525906
0.15021834445307045
0.029439434764320236
-0.03381987541524349
-0.2864671999674078
-0.45260707684020696
-0.6011415841614065
-0.5003316562383592
-0.21119732482160453
0.1529114953030133
0.2523420226567136
0.25832287685004196
0.20027279289070257
0.24557057805407423
0.20160338014244325
0.036715587546195465
-0.23859069924089576
-0.27674230572527364
-0.2621863460331383
-0.19320996304634186
-0.11514623366908742
0.010321606463550816
0.0033849932717482504
0.017314663797336694
0.008551953732178057
0.01275095186311411
-0.002690670735793071
-0.10273198839826862
-0.1649183518402903
-0.180020971135078
-0.09441822320611153
-0.03325549168965322
0.05761336871782288
0.07160154948917034
0.05489429274013773
0.07746192359434766
0.17715237261569086
0.2407411823920532
0.20849166247622206
0.17536760136374105
0.16408752823956624
0.11675326036344359
0.040177815145896245
-0.0022901606604577526
-0.03395820755501605
-0.12035034016798327
-0.07118969247909289
-0.030617274765813197
0.03768417184139434
0.03703340069940749
0.05459585151393864
0.049591591066613046
0.024509108717155184
0.04384431398892323
-0.0032483723133176407
0.017338525213581483
-0.03183563803073061
-0.005244716751791701
-0.04240166933502526
0.01768453659515497
0.031245601333929736
0.05793463664966656
0.016645422765009663
0.008487299894329343
-0.05454102006732734
-0.10299759826404511
-0.11930652224971541
-0.09608176824278111
-0.13152382401860624
-0.051780018200125885
0.021113957671459946
0.07662718531661278
0.05354776670198703
0.08278609604538181
0.03402824825482007
-0.004076100703567528
0.02831088815810291
0.02852321399640981
-0.015709130392763157
0.02285855982551599
0.07224169913550552
0.036324101324614035
-0.012141737113301933
0.017018618289316795
0.0053075489764908565
-0.009144820472376119
-0.01434722084985017
-0.017896299500580817
0.035538349980725074
0.007151609468035573
-0.005415518501570717
-0.03848857607648259
-0.02190276286739342
-0.04161189205163652
-0.08631162400079383
-0.11036309061816924
-0.09341907725429537
0.007571865834772676
-0.0036055872387632196
-0.013649079880229191
-0.007120475762903489
0.04509399769701505
0.013190117409012448
0.08492072229620186
0.09614426298879104
0.09076681276113555
0.07504448543721401
0.19584699595860408
0.24328335700678028
0.17542798947386942
0.0557688904503463
-0.03062004974319105
-0.2215006511976503
-0.3683356075583479
-0.4743877160647032
-0.44389085662423255
-0.3598433305015677
-0.12252441806935718
0.04838352418171794
0.18458224513006063
0.22123745492568073
0.21515485485667388
0.1291577182991243
-0.04001752041380988
-0.25644909432654805
-0.3524815975099306
-0.274259498403063
-0.11409062146498275
-0.03629800601442266
0.03736742411582405
0.017371828199057967
0.0037090482518359583
-0.033563201687234936
-0.021667261892954613
0.041759632984788894
0.2208889724790616
0.3833007183571582
0.4253493034428302
0.3223258197720217
0.2457314614042104
0.21825551052857678
0.1605697977214275
0.032776273504674054
-0.08498455200315286
-0.08235967251666708
-0.06362135901048983
-0.007598187917167787
0.06843376751593759
0.1287622328521534
0.10329045229977504
0.057956801803669536
0.021934227665014933
-0.047582515366882704
-0.23119179778970111
-0.3452310353332903
-0.5390396884697413
-0.5494318838594495
-0.3979825493783701
-0.04778891871944948
0.0606597365262571
0.20901647747898758
0.2817984954945789
0.30446498287147766
0.2943084552419528
0.22599157202471162
0.12886220083963631
-0.043921191952121214
-0.10228928229184349
-0.23615091247251602
-0.31390262071719643
-0.3009101803796706
-0.20760689843538485
-0.1602913133096444
-0.14612769601265171
-0.0664060922977126
0.014821725965694968
-0.025804190349558206
-0.033917869103248906
-0.01181237813125855
0.0410002369251685
0.05419760002435147
0.21374134522749547
0.35594133767676794
0.4089915860051893
0.31222893207538194
0.24889787114879786
0.12420561598711602
0.006711432815220709
-0.18391879640138353
-0.18742106886538487
-0.15447509812675578
-0.08439951706752588
-0.10028611044908826
0.01845620124100043
0.12923705313450828
0.18486375619031883
0.12638247572636255
0.1073878890392738
0.11858254973927276
0.037529392840058594
-0.1437612647380633
-0.37394654502721386
-0.484584760724304
-0.3606616485702227
-0.13966446615897643
-0.02569057329379222
-0.03841070371337856
0.03416660625825308
0.2242160024145452
0.3913793630922501
0.4574557517019954
0.3795396720475921
0.35499388543544597
0.24291088900362395
0.14234472293733655
0.0634624935844073
0.06408153014759743
0.09570625457588773
0.143639455784652
0.10090107765539934
0.02630316502394328
-0.024513777263258624
-0.09020698064979378
-0.3029738482084378
-0.4942551322150168
-0.6110788694676929
-0.5153115048618689
-0.26980293198802124
0.03377356672205916
0.18571543653379333
0.21703142996409552
0.25289706860647826
0.23409416086619486
0.07281179403249104
-0.1834842737226077
-0.38914545786281574
-0.43189972882025884
-0.33522123817940797
-0.1718628973961457
-0.09067776994020806
0.005907249886835252
0.04926833833142133
0.04648393034756866
0.03885738706415624
0.012591443082945665
0.14545233327325063
0.28419182678313987
0.4117890122160249
0.3537814842138382
0.33196076524709023
0.34228044489838527
0.31315888668201336
0.24936557915431132
0.11849583734999458
0.027060199173035763
-0.10461013820607022
-0.32611566899303623
-0.5074203105646764
-0.686046983145088
-0.5789183957976848
-0.3031951269014568
-0.01056872993000021
0.1792521178103403
0.27143068323774927
0.385391828407066
0.4288557297335972
0.4341027930136652
0.31509917845622193
0.12143708906812864
-0.17367939594484405
-0.4858369329447501
-0.673125783558313
-0.5259007228390649
-0.26206239304385587
-0.010823860575267854
-0.03517882119350413
0.006465429049618863
-0.024168858876330728
-0.03709867249202099
0.03564884909343451
0.27009774157886296
0.3963177086357798
0.41692410996480883
0.41397138527910315
0.39448608753517717
0.34498819938112013
0.2783322664535498
0.1652354308638133
0.10999048400273545
0.03790323394232508
-0.18692959703346732
-0.4699822545658647
-0.6070300966431436
-0.707652885518944
-0.5296923501149692
-0.21673791061291772
0.054253568471477484
0.07228570603503298
0.18132142105390067
0.2660848368246148
0.3047947314581119
0.29983221321929493
0.282515933569091
0.21861291921706566
0.13113515614737095
-0.04243864608817753
-0.21780097867555132
-0.305737756733796
-0.3498146492744912
-0.4304461274999229
-0.38434361920196736
-0.14383588101125683
0.04250626066544238
0.1261091622953245
0.18926749129284803
0.2938545959555509
0.3855176933536581
0.3724209821333133
0.31835762216493824
0.16651918597980675
-0.0028918519213583962
-0.2411570102423166
-0.4237464272971955
-0.5574287559856248
-0.4189488995565298
-0.17341006246305155
-0.008104888915442936
-0.04778697059308268
-0.05321774165184398
-0.032377998823993406
0.013535597349877478
0.12131075257418938
0.25322007919497364
0.3876725518320482
0.40689983483523895
0.3717736270387693
0.3172214077913438
0.22347130097070636
0.12534293276879377
0.07915425698750246
0.08114908852632391
0.0703589758792355
-0.007412612834341526
-0.08453155202000677
-0.18101586203179693
-0.3003280548545316
-0.4980706615868582
-0.615869180296537
-0.5070012864395433
-0.19078336324455347
-0.0033606829611713684
0.16929797638934874
0.3314104162671559
0.5111592156812506
0.42690223006026234
0.32504127693483653
0.07784471884375148
-0.13468542863259886
-0.32919562827362603
-0.5300167359827417
-0.49508163314512504
-0.3374917294684209
-0.036706475445593814
0.015553658728790373
0.05876173410992556
0.0002485371174489827
-0.004610575023151202
0.010034217399136717
0.005166291894135329
0.04089457689049051
0.16106056950413541
0.3721440255917175
0.45655583877462774
0.3928219532666579
0.3094273937698371
0.2571764131371107
0.17128631419775342
0.07772444607301889
0.025339872820103453
-0.03894181521228534
0.009703237613955503
-0.016197086186467577
0.07191341056123678
-0.015891356115470726
-0.045176852942820284
-0.3457389187607332
-0.46692910179100433
-0.6730013726593423
-0.4729565399340423
-0.31281650958495777
-0.06465767437139429
-0.0415894324241721
0.02771188848530633
0.05968235777575284
0.12674387687779332
0.2118761803484816
0.26637827184984514
0.3397772086605573
0.3147024145267108
0.285101921151137
0.24929569225450815
0.18132974862742104
0.08535105602318178
-0.013997830587344714
-0.1210059663509881
-0.29693550313525713
-0.3519922372077719
-0.32139988703149397
-0.23557322669375844
-0.12990159067904458
0.011085909070010726
0.15879298903138103
0.2577497717742477
0.32231994201005737
0.3338294951726808
0.24885774935650798
-0.0019105669937747394
-0.24797000292469024
-0.37755975166754896
-0.4689405146829373
-0.4442600201345375
-0.2667836989153505
-0.07637928408824815
-0.008700175214709309
0.039512298327109105
0.0081631173062844
-0.047428115242792
0.0018316827575903022
0.1681318297469679
0.30758836732099704
0.3537123680972612
0.2803147520762896
0.23274311389912505
0.19289703367443176
0.18124150273692355
0.08751846945284747
-0.030363544162485077
-0.19503807628928868
-0.29430838209071963
-0.33125759337912863
-0.2891191085410051
-0.16338809118139877
0.007839582043073305
0.12690802708580892
0.20357999629457377
0.2484281511853186
0.2312530023142879
0.14602879014630446
0.021198461021896126
-0.1744301140525193
-0.45570262355286906
-0.49702236100815295
-0.31679406672591354
-0.047444220921546286
-0.02053516449088562
0.011960755526423833
0.015342665294892177
-0.0018621039871407738
0.0396288991556178
0.17242879080272025
0.33376514575313326
0.34021880614782674
0.30260953857489803
0.22834991001885824
0.21472671518524966
0.17516209043037428
0.09774648341494342
0.022820655426670538
0.019310813448782202
0.052287586809574654
0.07927314570917132
0.05642894757247588
0.058618282337997
0.03967095791194402
0.02400617035036512
-0.025699961645036004
-0.11797839316338612
-0.3282854884208299
-0.4542153787518038
-0.4926904294660651
-0.3997566306565969
-0.17671385104238452
0.04710953287362463
0.11836287969138229
0.09151694872163113
0.10267285273722712
0.14248091599076457
0.1309414873430893
0.050620916735942705
-0.21254359990985144
-0.36016918312722457
-0.3266676968273612
-0.10423558944424585
-0.06965167369919309
-0.02736431570042479
-0.052253115029155014
0.009825318214246665
-0.00013894867138590134
0.041591384650825236
0.014990644975654414
0.04266888744552574
0.18791862646427823
0.31669600143453175
0.367316208975444
0.266169990067596
0.21523026500751055
0.17562095402829464
0.11599170383765317
0.07332511411734141
0.047737299449341464
0.025380583157101493
-0.06328787860797212
-0.12595292683074077
-0.14040118976153693
-0.06302102432686425
0.007503664569419597
0.022588316457544506
0.036621239797746355
0.07677025856047988
0.11177833015853061
0.09684281465098538
0.08887112659455215
0.014068419426665493
-0.11005913665453924
-0.2015541395188165
-0.21849156962712193
-0.2485167055583413
-0.2840065624710424
-0.14941624540439105
0.007491758717592892
0.11434493818543046
0.032224379809228036
-0.03377379176851097
-0.17473164372241362
-0.1822481432127692
-0.19308106908667536
-0.0916952255953822
-0.019957275148834466
0.03411610798853133
-0.0336509781847998
