0.9195402298850556
0.9195402298850566
0.9999999999999978
0.7796101949025476
0.8463949843260175
0.9195402298850556
0.9195402298850576
0.5619412515964226
0.5619412515964239
0.6100795755968154
0.7183908045976988
1.0
0.5619412515964226
0.718390804597702
0.6620689655172393
0.779610194902546
0.7796101949025493
0.8463949843260157
0.6620689655172423
0.7796101949025493
0.7796101949025426
0.8463949843260229
0.6620689655172365
0.6620689655172423
0.6100795755968154
0.7183908045976988
0.6620689655172423
0.6620689655172423
0.7183908045976988
0.0
0.6100795755968154
0.6620689655172365
0.6100795755968207
0.5172413793103438
0.5619412515964202
0.6100795755968154
0.5172413793103482
0.5619412515964252
0.6100795755968154
0.5619412515964152
0.43678160919540154
0.2758620689655187
0.3663793103448307
0.3663793103448237
0.30425963488843805
0.30425963488843805
0.43678160919540154
0.4004449388209135
0.3663793103448237
0.3663793103448307
0.3663793103448237
0.24904214559386703
0.4004449388209135
0.24904214559387255
0.2236719478098777
0.13456686291000783
0.47562425683709575
0.3663793103448237
0.4004449388209135
0.43678160919540154
0.47562425683709575
0.43678160919540154
