0.7602380593671254
0.8362741145115384
0.8636484706386764
0.8842308402144311
0.9085825730014697
0.9287819859393731
0.9227528865480127
0.9231424627043304
0.9369127955405817
0.9533022829962672
0.9576922830255717
0.9620439709163225
0.9607927076241981
0.9657411612334825
0.9720120044907187
0.9798597731431617
0.9832299106311656
0.9848346323847762
0.9879257235498539
0.9858468246283383
0.9851880803427789
0.979450433412522
0.9834510964356581
0.9921558302201005
1.0
0.9971925446536696
0.9903021067940083
0.9896442262293536
0.9841876768188356
0.9843038065043244
0.9752705656537823
0.965570751013536
0.9326825882001017
0.876025887557703
0.8027793645217395
0.7450436304788052
0.7034406179634809
0.6370274306397202
0.519002479614091
0.3733836587776288
0.2538079364583774
0.18224136525796292
0.1200552489527886
0.06836361277952313
0.03828613302201022
0.04044706760856465
0.039724648116190586
0.040409640827682475
0.0422693644494879
0.04257991219802063
0.03242579177742746
0.029112574662805448
0.03364593613239466
0.03828833293796326
0.04194807178858214
0.09795405685360536
0.23785698290367036
0.4031755956892322
0.5291055148951779
0.6257302967698999
0.7157950793136785
0.7775449630697158
0.8066648699591767
0.8290158137405481
0.8541093663275408
0.881371937708126
0.9054426913129817
0.9249502975988819
0.933185336941551
0.939869246643687
0.9475255477215005
0.9569144295664038
0.96125959607
0.970616520907658
0.9822540469119877
0.9932688617248271
0.9973200136848978
0.9992234001536612
0.9997047921816896
0.9999826095272726
0.9971984754318544
0.9907248938729142
0.9834882606026534
0.9778794860368435
0.9719343373508046
0.9591051471267394
0.9309091532932966
0.8937521793346865
0.8509273272877603
0.8109403512665828
0.7776044188151164
0.7405386403705607
0.6955467988425519
0.6325572456449385
0.5530176646472055
0.43462074765212017
0.3147321317072491
0.21452082746903206
0.14812566925451578
0.09607503901263462
0.05977320274037932
0.03904206370040058
0.04133372758700772
0.052053356569788274
0.05086424896566412
0.044693839083933234
0.044538279592523516
0.04582126059739381
0.04113261833580156
0.03938694756343743
0.03876767351840363
0.03261588656488428
0.023552000462956087
0.06266705040587364
0.18737567483282713
0.362654174537367
0.48893746143590083
0.5589692520264807
0.6043878462595332
0.6553790731535659
0.7113317394273315
0.7617032563626969
0.7991632058588727
0.8157440416660675
0.8305192810209474
0.8333324152440651
0.834492612695109
0.8249837547501786
0.8249541676172366
0.8235571067379174
0.8284271775799638
0.8396661277975906
0.8369059530325327
0.8241400576170639
0.8071788271339188
0.804041190732301
0.7868297771389418
0.7814623156004037
0.7816266324603526
0.7752465938069317
0.7635907408728235
0.7672367161592586
0.7595644151400862
0.7326111064769776
0.6783135465265466
0.5983230415584099
0.4920479681029102
0.384456279135994
0.2920245953486009
0.18709608604595673
0.08925558167849663
0.027330559040300097
0.010625250824764088
0.007069497662861146
0.0002427913711236163
0.0
0.005912165280062015
0.009140353303506906
0.015575184482371168
0.01688189360990676
0.018247072009846405
0.01665945172993508
0.02453338026825875
0.03381626651913086
0.05780671167322836
0.125211386571551
0.2367145104232736
0.340012342434688
0.3949146252154659
0.4200344567821785
0.4786830789130926
0.5648054326930274
0.6456822612407022
0.6919404522352424
0.7223541384980362
0.7428386871692456
0.7566791673608835
0.7717982415056897
0.7852119808080378
0.8001685002751731
0.8074005512953337
0.8192350125988238
0.8274513656610543
0.8289363558422391
0.8337747106193958
0.8436342443976207
0.8512877480735088
0.8508890532970318
0.8521217555946727
0.8527616371185603
0.8465180854254847
0.8417840497567884
0.8401593260598121
0.8341081309080196
0.8136309833102853
0.7913417218825113
0.7712389920978512
0.7335577671301291
0.6662270555917544
0.5798114603544382
0.5051756524607303
0.449534988564121
0.3931397698320052
0.3197113019637014
0.23322462891136556
0.1599024587659197
0.11926218646102084
0.11295474890945732
0.10499493442503922
0.08964547444552916
0.06876151346994089
0.05900449231539759
0.05265340486719647
0.0518382846949214
0.045767449238472986
0.039994896107892655
0.045199206988867174
0.04896429858447754
0.04875232362667479
0.039666974579801166
0.04249148289102845
0.05555344940679503
0.0757025020204715
0.1470708805953502
0.25770913540606155
0.37474369525261364
0.45844330959629004
0.5451413818434585
0.6536835062952631
0.5828105354798008
0.6146748618051076
0.47400413219099363
0.3525678364100834
0.15736629742815203
0.2188739300954399
0.2290890459174957
0.24877774070767475
0.2619816474442183
0.28022251838562295
0.2476659442142774
0.39727717757178144
0.4384035250170704
0.3953164742939537
0.2562112745460236
0.33825681619724257
0.3468702132681694
0.37475103446653446
0.3953651800000658
0.39884005417003204
0.32415800198973943
0.33910828145750604
0.3452769545616056
0.3690229071694324
0.2936028936043836
0.5202310757079233
0.5836424328162059
0.49894538731743604
0.2339304606617394
0.2483389745066482
0.2281205168209069
0.37879756263471004
0.5095804249203385
0.6069899597208409
0.4200128217008022
0.3925175097608913
0.3961307986670685
0.46400767492777595
0.37587034022403426
0.28719980532770867
0.2105669337826282
0.15188808746770555
0.12001901084961122
0.08560572641649382
0.0655601522149198
0.052275863418239185
0.04192454089767969
0.03558254904598547
0.03353297283827706
0.032635997195406795
0.02809005681855183
0.029995155028675963
0.02986100403894878
0.028506631290546314
0.026321936979088335
0.030176462770600192
0.05761992093270577
0.13716864773493206
0.258174969628879
0.37345343909273937
0.45230039653357706
0.504868370122664
0.5644609210256675
0.643504369542123
0.7252571994298521
0.7702715074137375
0.8262117047332417
0.6163847841600076
0.4659215815780655
0.5194646594194539
0.7129105906303187
0.7725295737421142
0.8768267718113898
0.6761394523971976
0.5723346408775978
0.6122308847373201
0.7526176473551816
0.6979777566696485
0.5941242472144759
0.41048226919447667
0.44653996198580587
0.5873082360889919
0.485268404814692
0.2896862372711237
0.4123454520303376
0.42782953588023
0.40547590296414054
0.31992839066166223
0.35183199156136097
0.2958411344205069
0.34141743669582275
0.4595361149560292
0.6056196759100085
0.5885759092847387
0.4672038079656077
0.3936147061110605
0.3316478156255189
0.25145292720763995
0.15140510925206083
0.07518230168341895
0.038639851788769095
0.0349744595631991
0.030117599558836822
0.021079516946155823
0.017120515379362617
0.017208505070308525
0.01726005287646433
0.019275832417491506
0.015363855916614318
0.012729042917587342
0.01384417351809298
0.02299159757811128
0.024344499787322945
0.01989268171333496
0.015790856478799895
0.022245158599287197
0.02281279583257386
0.05380008603545776
0.1412924587128342
0.26857881787092147
0.372033683964994
0.4392236710678308
0.4976701959998186
0.5405824125590305
0.5883592582444824
0.6391331026222847
0.7043397107542834
0.7452712941546248
0.7726158055659054
0.7950466640117227
0.8171408202599212
0.8420773006772817
0.8594468827424633
0.8765591380482971
0.8808742843006541
0.8896335389101432
0.9040001193028063
0.8937403614105413
0.6336178910849806
0.621055372966113
0.5059253171673224
0.6689953739571877
0.6877350201003799
0.9294037282060652
0.8659252459898941
0.7372034391064545
0.7090008126335441
0.6458049633916549
0.7241353105603034
0.724425950963642
0.8144231412320262
0.7335777507464419
0.6841056085458962
0.6445019971437692
0.5865991438843258
0.5028630951139299
0.41354224368699816
0.34276215922140696
0.292569037265037
0.24654136066519644
0.198136692591137
0.13359421911077612
0.08965322766499713
0.06535419559873355
0.06538042086230642
0.055426794775182156
0.052429479090239525
0.05213128397233436
0.05370319927747843
0.05128955677668199
0.0512432074930864
0.052755138072886995
0.05371071667038665
0.04972411994993498
0.04701245763024885
0.04500597254318334
0.051034612057782806
0.09999569280588019
0.2054548378364382
0.332304494625885
0.43317834670438227
0.5125522198042334
0.5771693802454332
0.6429515561665675
0.6942822640441095
0.7435075815485971
0.7800356871311847
0.8184559404385123
0.8469103318180456
0.8665625274128288
0.873778693365249
0.8805342817558164
0.8880677950825971
0.8920427772575608
0.8948467618167532
0.8993088632641061
0.8997802786692205
0.8969089458405134
0.8965790602115243
0.8972827711053057
0.8944796080677526
0.8887160818741211
0.8793400050129203
0.8751376209872553
0.865463006952808
0.856059637800618
0.8431724998105882
0.8410522767337345
0.8349162867655852
0.8139328437219453
0.7693913144704108
0.7083280569444874
0.6479928884312234
0.6054000426919108
0.5812840618652265
0.5394758246576814
0.4617904680569686
0.3348443922400056
0.21331846906161206
0.11272028583413743
0.07412906300415037
0.06726473075109657
0.07381681893792783
0.0686815728968263
0.05832220252222577
0.05410805786516946
0.05152706042978625
0.049176394886395
0.04579564011678823
0.04273310112138449
0.04185092773968409
0.03464890474751651
0.03115111611387847
0.0371466413819831
0.04369405318550282
0.04499059130669274
0.04296713525457137
0.04604137658333363
0.09217867945243681
0.1864238717342757
0.3061972957615827
0.39940161077520714
0.48013889404892607
0.5456307551929037
0.6062155284260508
0.6467161963777502
0.6680665175266713
0.6813110342490943
0.7031153303285121
0.7241015758389703
0.7304192866296686
0.7285465753502135
0.7272439473394147
0.7375422217801524
0.7543811481728027
0.7710717368948246
0.7779633084822513
0.7835163207745159
0.7816475139588617
0.7816966565309447
0.7791708337900208
0.7818223416691199
0.7838604093738122
0.7881617509775101
0.792076543002267
0.7906362280202786
0.7765541530619875
0.760873303761572
0.7555196700274772
0.7528292404779853
0.7325174001509398
0.6974009194980896
0.6549685454791475
0.6112546216591414
0.5267289030536478
0.44909225578258943
0.3665740343931859
0.25729498038367443
0.11828659906744488
0.04683269397354243
0.03219232830931201
0.03227826390701259
0.03644735196862157
0.042707557146759154
0.039109840622506324
0.034482422252581114
0.03391193413688738
0.03458927885438578
0.03143085278416251
0.03012543869391689
0.029283050425808886
0.026600435366170593
0.022395238210208418
0.01938411044684551
0.025631917610224708
0.02643050373445079
0.0343917135093656
0.07827203497684282
0.18522556350252914
0.3210572231407758
0.4479535402510688
0.5414647662611335
0.5998536832118918
0.6390139806718927
0.680437337610284
0.7265908976577923
0.7658405016723798
0.7993092966498047
0.8250914076480973
0.8428515468019283
0.8535627970268154
0.8602879610123056
0.8650266367654003
0.872677592418341
0.8829070572040711
0.8958082526271779
0.9027471693540324
0.9061955278709568
0.9051046312497674
0.9063678568336799
0.9062688521532158
0.9061511886638203
0.9048727678355464
0.9066040182919629
0.9044362619302624
0.9025424887602607
0.8954960144548523
0.8847952093506843
0.8661936663564789
0.8483032849390778
0.8220183441255798
0.774002666869708
0.6974223142504252
0.6250388339059529
0.5761290218717205
0.5384266778333122
0.4712280226512467
0.36755029049436394
0.25327235956567995
0.17377722936072212
0.12215207435498919
0.08805972525137828
0.05976749203781226
0.04968473920471711
0.04503850706449575
0.0436979176478348
0.04444886174115798
0.04789824761528959
0.054631963894081044
0.05456375564265816
0.04956364093929615
0.04640529354638029
0.04278760883047057
0.041839542922464536
0.038510323556274734
0.0395853229405581
0.04490451233877414
0.05169250305732253
0.05803959301965271
0.1105208896097383
0.23783431796505167
0.39391681352162927
0.5148973946112881
0.585818518219197
0.6222486649030349
0.6373312631252991
0.6459170180786127
0.6653034518984065
0.6912940822141749
0.7203978799849071
0.7444728698715948
0.7616782489784826
0.7746503283501421
0.7873248148077278
0.8084403515353612
0.8258026153995751
0.838866265464635
0.8434764091591231
0.8466107815204006
0.8494976332338733
0.8496447099634202
0.8522952141266169
0.8562987643121512
0.8558303275692711
0.8496769624158012
0.8468996276500478
0.8486874787561833
0.8463425080951351
0.8441644463321232
0.8391330603358489
0.838385965526249
0.833197287019092
0.8274515905471278
0.8123537059424253
0.7845700301859413
0.7407498449208139
0.6862122626872641
0.6320599197060738
0.5938656120982013
0.5546687099229967
0.4868794580860306
0.37478893931204404
0.27074706542361315
0.2047102225650254
0.18895006461888117
0.19454703756794148
0.198156482238635
0.17237205717416956
0.13169246082245836
0.10991086364366338
0.10151989360858463
0.09329983267576927
0.08155525113624422
0.07907525741770494
0.07782027419216418
0.07858383126127358
0.07774626847228863
0.07682631610474787
0.07651549010688749
0.08358199426970014
0.08586736863374216
0.09582871366422886
0.10773237430149821
0.16214988169402988
0.26801258101335845
0.3946397638559333
0.49810984376146894
0.5710486475507838
0.6289736635858246
0.6647743876103288
0.6970486977158246
0.7230158734183479
0.7526206610319797
0.7796441474578478
0.8030015638552136
0.815106121000309
0.8317214231414715
0.8488221972980452
0.8614827852840042
0.8712100196923618
0.8779775785686714
0.8791810990204084
0.8766943064070745
0.8770878971727321
0.8723026078269779
0.8705244807502625
0.8665843432169095
0.8600400586354483
0.8492988655288194
0.8435977096180844
0.8330075815439513
0.8180653559808153
0.8057005022021289
0.7828651598059987
0.7493277316466707
0.7122392336868655
0.6734257495207063
0.6229657834846146
0.5661658448849041
0.5155318531997923
0.4660339808062598
0.3957192148547003
0.30997712146427786
0.2413146125754803
0.21151628019012045
0.19373750467590328
0.17003706146408717
0.14353304815405737
0.10996329544996229
0.0826781414027594
0.06738173910871202
0.06525395564073044
0.06019836335875181
0.05576307240124053
0.05258603661251377
0.04628483955261678
0.045485900500849594
0.044396402853051006
0.04876956614613881
0.05332498389300523
0.059505714157297
0.08359733553924446
0.17765259154015847
0.32217607313004554
0.45690030714998897
0.5305093998891108
0.5653790886714758
0.5795156844784761
0.5889312059743813
0.6049571955682643
0.6409806788526279
0.6807587515040135
0.7054990297379042
0.7139130533274858
0.7202595249523374
0.7320316002389539
0.7510344077101909
0.7725611065499989
0.7875176921023872
0.7981263956876036
0.7998708996618376
0.7960177043610472
0.7902604604632617
0.7833935452320998
0.7793974055725804
0.7773340903372822
0.778229149735259
0.7766496479428787
0.7752579625865423
0.770666979726912
0.7622608444421269
0.7587775041227172
0.760971061681269
0.7576051954464801
0.7306919744013302
0.6796977395448468
0.6111357098113631
0.5436771059404218
0.4965355517551284
0.46079785323781564
0.4155397261587983
0.3564982025630176
0.30534330978928315
0.2720012287743115
0.23691753656791983
0.20213417269781386
0.16275550388579677
0.1205052030471824
0.0784742896886505
0.05768772168151167
0.05187420911609043
0.04722300206034612
0.04632333709806224
0.047959109832937226
0.04766606984734537
0.044171589716537535
0.04359358531033963
0.04379658281571361
0.043507362419797434
0.041142533934305586
0.03962996925388427
0.043846922113733304
0.06594364391914345
0.13106168579885533
0.2239689132340646
0.3197001057137526
0.40047927430434377
0.4901119321967944
0.5827409799038782
0.6513602753205325
0.689887396147249
0.7188854681839222
0.7562358138246571
0.7914158001567778
0.8191000298575343
0.8366932903012709
0.8516770955753554
0.8656918998225145
0.8796326219459852
0.8934304342854812
0.9101833448024658
0.922060426104221
0.9325624442751905
0.9388255894860482
0.9389125383782291
0.9328732401737094
0.9294264603761847
0.9305305278446868
0.9287434053508732
0.9236284249218658
0.9209491403124263
0.9243988731507545
0.9231280231955691
0.9167755047233467
0.9106679944581114
0.9071730615549379
0.9037789708805894
0.8999254123675982
0.8973807906515131
0.882436250320161
0.852007130886703
0.7937398422740738
0.7136772619704138
0.623418472711856
0.5568436871725249
0.509041315870523
0.45618830762570295
0.36053311578894365
0.25414446803305646
0.17860183117351167
0.1458188562749743
0.12288679953547005
0.08969753512835592
0.06568161058414054
0.049713501581439494
0.050894708884599515
0.050381916169375957
0.05166231683030653
0.05142439333493761
0.0530983587331907
0.052413311197667775
0.0500035605991742
0.0515446910159125
0.05935896910152347
0.06368315342946675
0.06640125754940536
0.06520765527191816
0.060178591524206806
0.052228011055002736
0.05807584415172623
0.10348013616972661
0.194049603410245
0.3010675548417184
0.37355084104879943
0.41238166025199646
0.44576689906273304
0.4893233272297688
0.5452821900473631
0.6073486202845265
0.6611739280644738
0.6947893373894307
0.7164744192040102
0.7328340219453673
0.7453622501111596
0.7687136244420598
0.803588540748323
0.8383687614987395
0.8618978117539361
0.877092897333115
0.8918127977202579
0.9087712515743648
0.9213665022630498
0.9305419183723584
0.9419959608412256
0.960841847737295
0.9692038110459803
0.9727582214447423
0.9712913048408278
0.9757376700245203
0.9806566522613765
0.9893018639600476
0.9958230068776756
0.9994575553840177
0.9996574595950019
0.997677369014681
0.9960396815702078
0.9950997796883433
0.9924405916255854
0.991800160452956
0.990500077358545
0.9837419962036644
0.9576035233569444
0.9164941753239341
0.8664291329679432
0.8202764555466874
0.7770522971201728
0.7243001102078799
0.6324213871746676
0.521065493465761
0.4345746153520919
0.39814795675293885
0.3885009188971519
0.3588720167278246
0.28682508970298753
0.19416532976938483
0.13113516713249943
0.10196159193974272
0.09111390756470836
0.08801151241833943
0.08650090109981641
0.08154741666332226
0.0791885415647074
0.08286784511621544
0.08680336577721141
0.08892109123618175
0.09069344972879609
0.09033983413175373
0.09206767896936224
0.0957817929883222
0.10424658880368758
0.1098445908864152
0.11050582691572139
0.11519372185062952
0.12354480330759628
0.15570261559676477
0.2091792394774333
0.2906087366980238
0.37727573826516025
0.46923055250925755
0.5542199410122284
0.6228244262588842
0.6750386020014703
0.7092404082713758
0.7410620315002503
0.7650435312445679
0.7874922879163776
0.8059610127100056
0.8294466084558632
0.8484834127952028
0.8759931662676635
0.9042171078273471
0.9301653382574322
0.9413504230258948
0.9500462958803909
0.9486278061162432
0.9525488793124743
0.9564981686449466
0.9624029607708204
0.9642593545660659
0.9708241159926677
0.9768124430673053
0.9797573545845066
0.9848122895737653
0.9891631794118303
0.9888049882983271
0.9874870200120952
0.9837636438986065
0.9807500865458472
0.9846054226982345
0.9917014191036708
0.9896530895331939
0.9861329420001363
0.9874339090202817
0.9833577137951609
0.9719307731412751
0.956539872838944
0.9475827214541325
0.9461393320845779
0.940344473876723
0.9158947260742033
0.8659532718226559
0.7925965397827498
0.7115747430680824
0.6415186971744345
0.5749050507612493
0.4790607689670497
0.3431976888863613
0.21493535707558695
0.12777206529583457
0.08685909821928713
0.06318335710575779
0.054492120159569446
0.04876499992727264
0.04581391535842537
0.044270012789040435
0.03821867214451141
0.033841282850028236
0.03297582587211629
0.03639766201168963
0.03927863503562772
0.03618571708601751
0.033705335333143654
0.030822596190964693
0.031445114870545396
0.031261673110825366
0.03833489207079376
0.04652474731646698
0.08403551440558218
0.14424635431708316
0.21569331398056776
0.276497610025979
0.32943441097233217
0.36941535722046803
0.4201357204426198
0.4833016335945903
0.5367928864478329
0.5708319377511643
0.6034766168807314
0.6355749255471472
0.6593871632956921
0.6792489356297097
0.7048796955888572
0.7406481048024124
0.7729130908542519
0.7956579727448848
0.807989759279957
0.8224421826659984
0.8406725263522137
0.862217381259251
0.8735790248569921
0.8847884001915891
0.894344504018998
0.9029203490121717
0.9085490883226176
0.9137748451516202
0.9126863919972316
0.9059220519260054
0.9052502263464888
0.9080414670923308
0.9102799535187952
0.9115537942128993
0.9083684049682986
0.9035485514930041
0.895216732897935
0.8910149865487629
0.8870930963554504
0.8917186894239261
0.8933019807127264
0.887578108445931
0.8674351714343456
0.8467815525254253
0.8310754398676805
0.8224652425285525
0.7997532598159398
0.7513633448784647
0.6835196165487223
0.6233988601032882
0.5829037290059398
0.555080979104954
0.5155714998363531
0.46066667222815183
0.41090445706987216
0.38124836902446463
0.34663244393478637
0.27910285381109373
0.18978852620127382
0.11881884855566964
0.08407298532063409
0.07245198632823095
0.06875103325957568
0.06293350397270597
0.057158196393916234
0.05374655321819576
0.055230703682832366
0.05493483289486584
0.05147645286482373
0.052189228550327815
0.053429013301729285
0.05201151791815411
0.049081533147704505
0.052215643091960605
0.05488439201376303
0.056580378842710825
0.058644545839780536
0.06331748461469826
0.07711627589880059
0.11908391713292733
0.18075814783767596
0.23362971452687026
0.2788668166132456
0.3412111250902693
0.42809161650006267
0.5188010646986794
0.6021820444648455
0.6666978141117245
0.7172468874064958
0.7480067432837595
0.769098283664896
0.789782077287549
0.8155935573316379
0.8358520936238566
0.8509016270636387
0.8649707915567267
0.8693805980726832
0.870592710758963
0.8767612184607091
0.8831234828914416
0.8836683819843764
0.8878862926685556
0.897044988212411
0.9063049427834995
0.9075080572027749
0.9079950738537806
0.9103696822909839
0.9173224473068858
0.9179667394638193
0.9185931856484049
0.9191669273609597
0.9203191081005428
0.9172944887020138
0.9209276425840655
0.9235071245349703
0.922716798391133
0.9159836567495651
0.9121005786299512
0.9036633052181785
0.8898136700865368
0.8629735136782528
0.8310602034592153
0.7932539619447398
0.745785120462061
0.6757241571013775
0.5963522062613883
0.5234341249983203
0.4611093459189149
0.3666039881970477
0.24095013167695975
0.12526141562321577
0.06733335750263177
0.05064402636428887
0.043138763044351366
0.034293902200011654
0.02977599708236554
0.03446634350239966
0.030539885173527282
0.02307440910001478
0.013433832596251302
0.017455285044206178
0.018266761289510675
0.02147482083928304
0.022159214277655704
0.025238882576597885
0.027265806191711265
0.029229194684781086
0.027574733506375886
0.023906041546263065
0.027318222690172405
0.040950471006781994
0.05863498129294342
0.09944475946097246
0.15957220638139386
0.2221838098459967
0.27316306590306294
0.33095127254892776
0.41616008169988816
0.5126829463650847
0.5953820769169949
0.6375345562726465
0.6629378768254216
0.6899177571606977
0.733841690164225
0.7727826412815485
0.8007096903826665
0.8181801468537715
0.8316804146352875
0.842142643660435
0.8504972996808322
0.8585761940102807
0.866124912860659
0.8709055465510369
0.873735100326892
0.8726265495134611
0.8693131464192763
0.8665694199054113
0.8671035809056785
0.8693159842717896
0.8686256256801871
0.8681481836374122
0.8625474198581677
0.855191645686832
0.8469300331181163
0.8426064824425058
0.8419693943802269
0.8419542937126152
0.8299807062808425
0.8069071653078072
0.7733669547521239
0.7378059330510934
0.700097858915379
0.6466231098976181
0.5566665772174675
0.4498708822382424
0.353902258574076
0.2747256060031737
0.2055627732651515
0.12964755840071962
0.07922211537119912
0.05464961313216219
0.05746316368204139
0.05121668937646315
0.0452257891665794
0.03569742009931593
0.028492789343087542
0.033326350884372406
0.029646058381496584
0.025316282247833697
0.016567296062841023
0.02179577283759479
0.03101757195052108
0.03640972221862332
0.03648836870892861
0.030827876457494782
0.029851736998892448
0.023840382908458028
0.03779204654810559
0.05528928511608732
0.07995448241626184
0.11525559289347911
0.16608443148142504
0.2325664933442014
0.3233180167243467
0.4329053124751856
0.5290129345234779
0.5946444663980794
0.6334500114388147
0.660624209517719
0.6933612212345448
0.7333808077141538
0.7741069358800812
0.8125101907934853
0.8370730197254267
0.8512345828129093
0.8567687291836664
0.8648991410162952
0.8726503171953418
0.8787383564269271
0.8842342981685568
0.889155749753771
0.8971970165563116
0.9036384134823173
0.9075230426941847
0.9079835119687617
0.9095162987030223
0.9115632819517359
0.9122757103737046
0.9168405643862826
0.9189764591951468
0.9192859486420901
0.919374493268973
0.919646922109081
0.9194097433638051
0.915318131731835
0.9068319096960437
0.8953581569739266
0.889793445160418
0.885444278504223
0.8805742882588361
0.8687872149402159
0.8429876277450925
0.7925796305051589
0.7229470361835982
0.6595503275550759
0.6259172776408742
0.6139463604666372
0.5827312196986569
0.5185755873157107
0.4362652925291954
0.3573261660332503
0.2939850438744332
0.25426166887112917
0.23400108921357202
0.20632474179750682
0.15848072889370277
0.10731017512750533
0.0802426591206262
0.07296635101669424
0.06642263232898882
0.06057928493905814
0.06123945597894373
0.06431629701837571
0.061606467113785535
0.057729448083686886
0.05519238371262589
0.054429823488461905
0.05531447808797702
0.05733849990702958
0.06041667852876436
0.06283217722173003
0.0682307330297406
0.07756140607493384
0.09863931890725344
0.13225454853327284
0.18107637168871518
0.25637392028674494
0.34741033276719757
0.41775399364580157
0.458459714779997
0.49384910177037183
0.5441994773284474
0.6065712645315778
0.6742915284972026
0.724570195252212
0.755650611132471
0.7768020238819441
0.7957786984787973
0.8101498674529343
0.8282410514959789
0.8452607046276078
0.8562973405659015
0.8590887311021211
0.8621604484379372
0.8629736818308856
0.8661877432265441
0.8695075878964093
0.87077312008487
0.8697348025439062
0.8690935152045178
0.8729507236323519
0.8775112459941135
0.8810298275779681
0.8800849218551176
0.8781307314631506
0.8780802342014817
0.8788558077390424
0.880041471576775
0.8777571833626857
0.8738312888175264
0.8651050863442648
0.8532186890791472
0.8339374296887845
0.8048362889125282
0.7568456309417425
0.6920036056598002
0.6099479595615057
0.5219668058249929
0.43453013612192704
0.36009875364382693
0.2879104848858268
0.21097424324635417
0.13850490042494618
0.09283555619963149
0.07328010479465208
0.06771299541519687
0.06627343819852148
0.06645794829618269
0.06454296675741258
0.06389345590114927
0.0628865366557211
0.06257132876256663
0.06095818759232035
0.06171696386714428
0.06254764321972463
0.06381607170968279
0.06350218497268831
0.06594903145802704
0.06845054186462503
0.07935431087732361
0.11424711346848894
0.19541173773146112
0.302649710264274
0.3927691597196887
0.4384735297646722
0.45834905856877894
0.48369340952977996
0.5263451378009624
0.5759729558920825
0.6224714206539147
0.6691111862872552
0.7188996640733814
0.7605312725634072
0.7834215204580651
0.8009616093810578
0.8180254554708211
0.8380052143616715
0.8487048526433508
0.8595226158019321
0.8674780331322647
0.8753307495986719
0.8792502373264148
0.8791539283208953
0.881225802436652
0.8832264591454269
0.8882985165058449
0.8922075842870578
0.8960804280571334
0.898642490247065
0.9040918238955632
0.9097148355470276
0.9102930634793384
0.9116653875194137
0.9143984119389466
0.91602569855311
0.9102294492071289
0.9051339009639512
0.9015527666746898
0.9018984169304741
0.8984123112457778
0.8954400729442337
0.8924867312566687
0.8823712555263604
0.85214909008715
0.8035484171251265
0.7499261778923819
0.6919315860615639
0.6143630153454228
0.5191448721261039
0.38783051172416566
0.26020895720050313
0.17538834528910077
0.15818611085070428
0.15303719052420112
0.13269284766085762
0.09790133321969398
0.06809732357373666
0.05461693128030588
0.049664178773783686
0.04542318833252968
0.04150689401912671
0.03564799004447961
0.03396732053441011
0.02975580181149895
0.031403022716566475
0.029543307393095457
0.03170143730021471
0.030024384333397984
0.03039496927372401
0.027881529752065308
0.026843759388713355
0.026880252705140096
0.027696020208401263
0.03110525286139377
0.03362322856234952
0.03770517666632936
0.052875792206336626
0.08495784091963958
0.14807522414316002
0.2370004551996282
0.3310365168803735
0.39694335297461286
0.44200550200028016
0.4918699476482574
0.550536612944505
0.6230577836204313
0.6976190491093925
0.7580379549084025
0.7841365603746332
0.7912742861786427
0.7958110878180291
0.8112142237564586
0.8346205634692998
0.8557870579797568
0.864727288299929
0.8701306949091742
0.8705956724644979
0.8693309425410395
0.8658431293927339
0.8625656449334983
0.8579109367619889
0.8569066492857201
0.8592769708535262
0.8620015707008907
0.8603925217331838
0.8566270763664294
0.8545964306414061
0.8527438026080063
0.8520231474752231
0.8500499354978326
0.8445389639203641
0.8370645485383991
0.8277854540220452
0.8141872894876672
0.7970897779968042
0.7821960292931158
0.7586034237245955
0.7280790736959674
0.686933401801396
0.6479360565439897
0.6050054126461518
0.5636826701940834
0.5089538942532532
0.4453895284221508
0.35784937675759837
0.2695243975697608
0.204667132330753
0.16378862185490745
0.11613478934837003
0.07522856365328845
0.05559353207357188
0.05285731110881048
0.04761252701635345
0.043983399179342006
0.04596893699916528
0.0503703518969189
0.04775008530079027
0.041940379024722904
0.04728200403242949
0.053074531902768285
0.05366421941767484
0.04722036928652097
0.050230121776505085
0.054837926406523727
0.06360066826226274
0.06124534929574027
0.06695853467496077
0.08436250210483424
0.12732637417487333
0.17083881408813004
0.20043531035644022
0.21895952740699684
0.25915790890384227
0.3344967172885171
0.4201808371936152
0.500477690460323
0.5742117170382799
0.6401189119377976
0.685932565434594
0.7145115953112071
0.74040548372985
0.7652436818859958
0.7920561842747924
0.8170342150908803
0.8377864239367178
0.8474422200978983
0.8515389966599285
0.8555002172470925
0.8617464432063774
0.8673261548615667
0.8714640779662286
0.8738674576692692
0.8788245514828537
0.8814660580528414
0.8786679984036977
0.8767175783198725
0.8726746679028939
0.8666388997980531
0.8603043304113932
0.8649600541277308
0.8666884350904457
0.8655405323349206
0.862359453148643
0.8606937080193711
0.8548082328754877
0.8488169605606031
0.8411354495567264
0.8220681337435026
0.7825303668650498
0.7279822135185241
0.6661093647780719
0.6133346993971861
0.5706891969969979
0.5301822329924034
0.46010540664613686
0.3480120921116939
0.2385958292465852
0.1686969258016415
0.1459604864732527
0.12804790449093215
0.10538793906781199
0.07706104853520235
0.06699757769973437
0.0687476483630071
0.06779484313563801
0.05592841704370976
0.047370344928532024
0.04662272769194942
0.04597910073956191
0.043228913511233896
0.03922716418514341
0.04073625734665798
0.038588469123113485
0.04367076856003587
0.046247541825338113
0.050898389686184604
0.06562729959742411
0.09835495519594015
0.14276865087018345
0.18726109354855847
0.2211244460105644
0.24555039064474607
0.2651382700045531
0.29796559770206577
0.35730940954998525
0.4465743086994031
0.5346114506377881
0.598227757217048
0.6301562006691727
0.6420364605080637
0.6672514476305926
0.7101015339461358
0.7616555394452164
0.7997473145835248
0.8247112638081975
0.8341760592974121
0.8405452030303588
0.8466137402386351
0.8533674310312748
0.857372014542784
0.8623343424579079
0.865396578313988
0.8692656709349643
0.8684532058710571
0.8688617854231937
0.8668007015006725
0.866351168252409
0.8631273742493609
0.8660591829500083
0.8679462786294974
0.869805794483351
0.8627225833637236
0.8587734673409947
0.8560444098339259
0.854417004551266
0.8525988454851855
0.8526566539469168
0.8528137775552584
0.8457726930973507
0.8274863842307819
0.7895138163756491
0.7544962402800267
0.7277380294559503
0.7040689621492271
0.6520281611165979
0.5709410867780331
0.4645394110320268
0.36555107951989046
0.2900004384287797
0.23967567559643593
0.20197651854816182
0.16177526009389492
0.11690491767571513
0.08267553510063046
0.06814807337936127
0.06402675494529883
0.06631152794266083
0.07201709284314492
0.07363036809102362
0.06829479569917406
0.06564341840385242
0.06670913122590286
0.06706795512396785
0.0644674896831502
0.06275047596381787
0.058836067927666776
0.056987222381514324
0.05592121373855388
0.05986645365716959
0.06920319445158166
0.10522516713453649
0.1695732175445154
0.24122250430202885
0.3009462387327068
0.3457114490346711
0.39797183272611764
0.4524687434833955
0.500922963174523
0.5336087918304538
0.5644538458532027
0.6022328351250106
0.6431663041649595
0.6797964565527457
0.7098465236083147
0.7326081881226895
0.7529637504160979
0.7761313583295752
0.7992951927422984
0.8116826994698003
0.8159621389489102
0.8204316609581025
0.8295198366817756
0.8365460864741413
0.8434784052401583
0.8492669969651462
0.8529399797464581
0.8518482676873826
0.8487595342366647
0.8529087364969451
0.8566275182437205
0.8619400548226831
0.8617497799232932
0.8640312563020436
0.8621658109187473
0.8583462935616373
0.8523783359319843
0.8519668376563398
0.8544244535942851
0.8491443650127418
0.8359646089531002
0.8179139272865581
0.8020190333886731
0.7797279928512499
0.742890118957486
0.6918373734356109
0.6264344728368122
0.5454349787017039
0.4540802300743378
0.3723689390789844
0.2972287145812157
0.22972713738476924
0.1725845615516125
0.13488019761378325
0.10518064811959903
0.08691231805605669
0.07251616218615034
0.06280719074566048
0.054967510330323766
0.051113575970485034
0.04781968221113952
0.04597207874682097
0.04314443959511725
0.040293264861337885
0.040656715518957415
0.04519186052914697
0.0482164340305443
0.048882621206597476
0.04866123829115569
0.052449047664750975
0.06140059251802082
0.07225379014261998
0.08643294583044699
0.12917403431326832
0.20143146063608625
0.2860103597637469
0.3571828196691428
0.40927269003151034
0.4468957982278413
0.4925728431615903
0.5681339531654568
0.6523832767511295
0.709177796894558
0.730670188882306
0.7467661374532928
0.7604140607078268
0.7783496888093663
0.8053082824488517
0.8356034984829597
0.8473053990311364
0.8497259255820496
0.8533806833027251
0.8597987776744481
0.866960391881168
0.8800949473542714
0.8876273082326364
0.8916625729926754
0.8936998840779549
0.9008873931161541
0.9056734580920629
0.9116175813968735
0.9180137035960122
0.9233046148345149
0.9229272344634598
0.925927467815585
0.9310287984695403
0.9403931349532766
0.9457568945833073
0.9477695280850347
0.9475985015041706
0.9444272856128684
0.9399988397090265
0.9365786194088553
0.9380872006119645
0.9377910055384749
0.9306058926854823
0.9166664857531733
0.9014315397306892
0.88559837303366
0.8644915684903512
0.8192552778170216
0.7446128248224904
0.6555422834688581
0.5827509081135922
0.5350568739202975
0.49304812442353185
0.4147292003586344
0.296572247208859
0.18069394083473592
0.1115111818512793
0.08566302968530108
0.07934766723618578
0.07625422216670903
0.0704620359114874
0.06364238578860186
0.05542693553580423
0.04997745720828057
0.04854515182018923
0.04898434826539364
0.050553150677163684
0.0506645796814967
0.04646355914252923
0.043943501845348225
0.046162589535185504
0.04735387770571227
0.04396204198237024
0.04111186784314915
0.04312902103738238
0.04590122385039875
0.052360102134491895
0.050372353487376384
0.06076346887190734
0.09210195844234678
0.16421319589260072
0.24918321740633456
0.3293537299655191
0.3766071840968908
0.40593747340291814
0.45517150019098696
0.5416572663050774
0.6259495300809244
0.6768550818952092
0.7043180975878315
0.7400797792792877
