-0.016557026444389344
-0.010644116954135193
-0.009340649452295638
0.0015302414771893168
0.008043698429462285
0.0011163025498377545
-0.002043038138855719
0.0008501653155873858
-0.004868540599525761
-0.007427557983970308
0.004455684896059413
0.0193380853889051
0.008034467760512564
-0.0009049839563116521
-0.005245550505898187
0.010496633294748276
0.002918767001723591
0.0016019720848644502
-0.0015583365984365206
0.007645420995297572
0.0054193024453402195
0.006236727503445758
-0.001379274170516223
-0.0010613140885331572
-0.006574578895451668
-0.004077888067352438
-0.004150470241316729
0.005185875185744543
0.011689710276840081
0.007103330552880353
-0.012525615610464447
-0.009850596390720556
0.0032707416225435564
0.0007222945182126515
-0.00447385836862538
0.004198084612537944
0.0097812628957482
-0.002977425250218368
-0.004629172781700041
-0.005075466263956798
-0.0011078170966787287
-0.0005538235483644647
0.010182297243873905
0.008737254975964222
-0.009581296608413586
-0.019856116337336565
-0.010446689249051134
0.0025784225404669758
-0.0039058042146882517
-0.007128064328873104
-0.002206433019266767
0.014691776607642346
0.019296286535078762
0.01070404015287084
-0.008415292270742615
-0.012429413370271326
-0.0016447655878727419
0.003857020555203141
-0.0017964242896416356
-0.0042302100674006604
0.008925196508457777
0.00920131784304649
0.012427006427000762
-0.00048685401419163896
0.0007511645234630258
-0.007239046886552178
-0.0010929251229978717
-0.017942621659642433
-0.006505217828646698
0.0018534437229880143
0.02120481617498322
0.004003654943859671
0.009506325130606714
0.0033648836172064313
0.010055330785035746
0.010383345768675016
0.03612987788271644
0.049829327533603314
0.01673644969744891
-0.039984517420804305
-0.23168323213506026
-0.4142861205458766
-0.6564766552112952
-0.7145482640538361
-0.6047142179564927
-0.34806187736063565
-0.09441174766809293
0.07122336226797911
0.254940243591878
0.41117938455957104
0.5869520685392488
0.6650289120430507
0.608904698783155
0.43408553871462563
0.1814692356907105
0.0782363212126863
0.04332073484006859
0.03878098863435695
-0.008733073146506535
-0.02683406459005272
-0.08833679034766269
-0.2644671599551667
-0.46134721452144156
-0.7085948163901928
-0.761660938172512
-0.6562979677470513
-0.27149380759262376
-0.031183319740637816
0.061048294514558635
-0.025498616876527044
0.009461103850859912
0.25455893533932916
0.5651191695015635
0.7004474151675206
0.6312372551777935
0.45034643209190717
0.27849429017901417
0.12840591184362143
0.08162624345589432
0.039020700842175286
0.03793871094209194
-0.01695695894067843
-0.10661577705823748
-0.197581629844364
-0.2950828999618911
-0.56149682896021
-0.8251305326781445
-0.7771472267367331
-0.384317493955353
-0.07263518744960283
0.023372122662976263
0.017756533112195237
0.009928958873848337
0.004363380370759947
0.16817128885237617
0.5263266923626766
0.6948878867418186
0.6046121149137429
0.33699316894064085
0.28677159978297184
0.2316927631097357
0.19976351241368573
0.07609179666599028
0.024805835070178167
-0.04656556714337038
-0.18544115035186626
-0.25956107934050526
-0.43339113423246667
-0.5953066108165633
-0.6590703538762336
-0.5332097067106554
-0.318156779213469
-0.09289684506765858
0.03511541789524343
0.010330695836350049
0.08739727570100729
0.3489331822542487
0.6117647830151587
0.6629506553551515
0.47767354649050797
0.31551124592293467
0.17260930285841783
0.10557583547329225
0.03660948234229944
0.030744482440447727
0.018775611468099473
0.00956393020971154
-0.0016733456585535287
-0.0058251246345970755
0.04424566808688883
0.02633149095174743
-0.02997494021540626
-0.11412596301627756
-0.23819796546706318
-0.5244747664663231
-0.9110295993020243
-0.8457099103071791
-0.3960148466872925
0.012130937703082212
0.02833430588710516
0.004571322367257873
0.01825757626632462
0.15196675013821545
0.43890899311875314
0.6865766753831765
0.6555394912735305
0.4161769761591547
0.24521986509910773
0.15095277349880742
0.0921601420762153
0.05452470521452299
0.04137249471719931
0.022588866385679425
-0.0036661493692939306
-0.05320163173798246
-0.1350686615163472
-0.22969910545938493
-0.48854221614676413
-0.8185746714383879
-0.7901906950860351
-0.3934309761884794
-0.05205346851398733
-0.0008767300234493692
-0.0197472559744893
0.012077719931425056
0.12370246419327428
0.337589937755735
0.5976948085129856
0.7614392225483673
0.5454436038676795
0.30474854693974435
0.1654784186641184
0.17030300788364935
0.05089154788765468
0.015696088944750743
-0.005845952613760984
-0.002040865544973447
-0.005594930391707287
-0.007733978787950232
-0.08424093751835535
-0.13066252192727584
-0.17162655998875925
-0.4120575544608582
-0.8903914521991119
-0.9294325644205748
-0.46877294541021614
-0.02547449159605502
0.009700029463374471
0.01354459881731187
0.0014134029864267274
0.03304855660974007
0.18999467409502688
0.5112849900847607
0.6805538082834494
0.5597210227311796
0.319810702913055
0.1866425385530675
0.17559376227415346
0.15063828419320302
0.09478606893376097
0.01918093369442503
0.039506824686365634
0.025115291372970885
-0.055407895648968315
-0.18517446034090357
-0.3228686759699768
-0.6117671057987519
-0.9570260162041263
-0.6913205262367159
-0.21859543305285625
0.09239873082719104
-0.02174360123295208
0.010889955046279315
0.03770419822565895
0.19250266678569206
0.45777256575029196
0.6448282238244357
0.65894273403864
0.3862799623458446
0.25985099008630314
0.12628354945074738
0.14677048315430308
0.04871282682044934
0.04721807149756165
-0.024965311793973134
-0.0070517920090402645
0.030968201411727948
-0.04792564871918447
-0.13065595749020414
-0.3247314809664367
-0.6413900193419324
-1.0
-0.7296696876156183
-0.25138780647384357
0.07746963258756864
0.018518334251885406
0.009993448574624047
-0.024202231944294644
0.026088109791419282
0.22560591372994127
0.4981008546756803
0.6864502337585517
0.6759666197222466
0.35158642481215535
0.19088736518825736
0.1383317007665688
0.1780200781745938
0.02362680386409754
0.03723745950268541
-0.0035777053280714646
-0.0024831161828629605
0.00724106068559352
-0.010998887127701043
-0.10950807900245359
-0.19729616604218955
-0.44952400178418855
-0.793782905755003
-0.9183625750843118
-0.5269840879222843
-0.10255380815694279
0.08037347671180274
-0.014753522747038263
-0.030984794027675226
0.025166255082394208
0.1923690383768591
0.4696686007061322
0.6498686926855345
0.685533196639959
0.36575398710252865
0.188625439290822
0.12013727965230749
0.16411064162443703
0.0599984960241034
-0.00370010847260984
-0.002022120277523941
-0.0007503081869929091
0.007585625368293215
-0.0035156274751631075
-0.04415498914976932
-0.10959636457271267
-0.3200538688095544
-0.7639134724483778
-0.9731656442132096
-0.6431094695368176
-0.11322068006206472
0.038004286993654574
0.02350193205748657
0.013664696337192384
0.08355724760520641
0.2714790635080575
0.5505170804482259
0.6582818970686581
0.4871827404566292
0.2835888103657819
0.19804929748935135
0.19120475642446152
0.13857049240713173
0.07172454180703934
0.031530169769339235
0.007399514981031852
-0.0037057340760964313
0.003720049670073148
0.009991882356918213
-0.044216432536264595
-0.11064291452516813
-0.27500529666248175
-0.6519794699673149
-0.9952589736007847
-0.7333191685766308
-0.22580576026528779
0.03405863799014579
-0.014610950712785344
0.008628590965202949
0.03210276809036899
0.07526824511443547
0.2834294365566465
0.5322366850045128
0.5874269679723414
0.3710405340159205
0.05126230410545037
0.22506322099700607
0.33013771741732406
0.26270663887652346
-0.004921864712679033
0.046429896002897375
0.015164923256052747
-0.022410736113058542
0.004678829987121428
-0.023709458257638257
-0.1875818558258592
-0.4354902798643004
-0.8461922330300097
-0.8411059863688011
-0.47071180915205024
-0.06418036904500085
0.05256957991332414
0.034174808038954695
-0.0011792221256461584
-0.04899806088936554
0.07613380656430283
0.24376595015440605
0.4837676123346131
0.6361038318780335
0.6339974536450843
0.33803475218764145
0.20363775320539101
0.12117602401478744
0.13982846917034927
0.07075678342485882
0.08096669317412528
0.05272191657402414
-0.027335299186966647
0.011388805740802147
0.0042190419591122625
-0.05515305934259823
-0.2188627654077563
-0.4226508745299919
-0.7680283332398713
-0.911197996999577
-0.5937285030586137
-0.12440686984673704
0.053857626474834365
0.021449931041618048
0.03598757272644679
0.05517339780910223
0.20998346002309204
0.4268505833701386
0.6488005099666265
0.6596183637638807
0.34285366415012447
0.14527293866576976
0.055649042028983596
0.1428746931285577
0.04139342428014001
0.04925555249601644
-0.006025084174015737
0.012060399898087961
-0.28048441103909133
-0.13019235690658537
-0.009020943492099415
0.043907111615903494
-0.5285102967356597
-0.8463942381650386
-0.7465827149780656
-0.27895582819848075
0.038750736346019714
-0.015383114678927931
-0.02246213978825109
0.019497554310872103
0.036516462657910885
0.2124482124856184
0.44949949351239565
0.658994001573606
0.46327035885887313
-0.15755718258260556
-0.06793071984431773
0.36926879098840865
0.4258456439684523
0.10894803531736813
0.06685108855129306
0.11109727190227663
-0.018743191821416524
0.013277334403982934
-0.08721316939583217
-0.15647457094688816
-0.3139274036732153
-0.6843491319610598
-0.865770158945367
-0.5569212182700181
-0.12241357022038056
0.05202547151501287
-0.0075123161168910765
-0.001148807191854624
0.036387035982360275
0.12240014008538734
0.353870295853925
0.5936533818048697
0.6416787104583246
0.40319270019739184
0.24418366314364034
0.14486365678678337
0.09970850280497284
0.04199505704327774
0.04332593617087069
0.09681464644551127
0.06767207904355559
0.0302845200619446
-0.04503147883128521
-0.1759750603146118
-0.3464656832760114
-0.6371696591400383
-0.8551979073649367
-0.6646839525879726
-0.21313095266476484
0.03795449796394408
-0.013310468241770115
-0.00852181784911549
0.0383456923146208
0.14416356795659757
0.34575771634541863
0.5421813877674758
0.5965245285862564
0.4412946826689593
0.24640329047484022
0.166862069339308
0.12380549440223267
0.1018985740451843
0.01780600933250428
-0.029854749776690816
0.001810749237393132
-0.20147321191410683
-0.042932655120328095
-0.0023370302198632157
-0.2051607850385929
-0.19672486590343183
0.1226345087586742
0.09197419414098167
-0.6629990684442186
-0.844242572582862
-0.5877930978231616
-0.1648327633838842
-0.02589645189551267
-0.03799791807947419
0.0053139268951999195
0.037779495906256226
0.050886200044497946
0.211606954860076
0.4749728407898842
0.6630688347048829
0.5723725829018754
0.3851951409800549
0.22666735910075705
0.15548958570326163
0.10166596897798155
0.04573676493606485
0.0036617051406395915
0.0299805903775482
-0.01032929111246957
0.02147007766205894
-0.03215859799615821
-0.017152696967786877
-0.19317129442368475
-0.43681879616376934
-0.8334531767545533
-0.8531025164829676
-0.5299424363724518
-0.13985153251470822
-5.793678547511218e-05
0.018790827396377573
-0.017558356769586163
0.06335897458097188
0.21172426108812817
0.44188938311201226
0.6299956694486143
0.6832659632318799
0.42031700573829256
0.23813072583221062
0.1995700523517657
0.172907800263607
0.052113509150516886
0.030398522189271318
0.0227945976840996
0.011951825939005584
0.00962712294952333
-0.058923393362737005
-0.22670822119645648
-0.45524019479577327
-0.8156372223785433
-0.8786043785573997
-0.6096654190439658
-0.15022473317486149
-0.009848017518063558
0.01680981118200346
-0.03186948842545315
0.03728458185019354
0.06717783248035897
0.21441357371353806
0.41036350444206626
0.6523946452508848
0.6515473435967297
0.5125018364838381
0.30944264485785067
0.1545504316907533
0.05014527278877001
0.002903934512280247
0.027662403556066792
0.012150180039838464
-0.00901451216326765
-0.037514977205768955
-0.03272591094930128
-0.04422471392466665
-0.19213838136337114
-0.3404402650389909
-0.5783975962413718
-0.5958835588546834
-0.5585084099733766
-0.3244157956207171
-0.1321875389923462
0.0027230957056957176
0.07774022363061625
0.28626391292667114
0.43073912894747085
0.44428573009814887
0.45652995648348527
0.48821727010369176
0.2984305014308645
0.1118789569031175
0.015829941806603687
0.00787375485202339
0.007337419222223298
0.02154818903301625
-0.024376946148822277
-0.025720311910883423
-0.11158790059827972
-0.03308595466014522
-0.04322325267035946
-0.05970013504131929
-0.36263499148688627
-0.7036716778463832
-0.8014297610719479
-0.49416525471568196
-0.08439982798618352
0.0046266898314129175
-0.0012678512734931307
-0.03930967687910801
-0.012288261517636572
0.019099825915592495
0.0392217027967302
0.26087630606271206
0.5396596988039427
0.6673784401505967
0.5625279837217669
0.4224910165556555
0.23599295379389615
0.060248699666264754
-0.03132990770158392
-0.01309147130419047
0.013728673205761882
0.019518357300261042
-0.07320231035052581
-0.10733747173934961
-0.2852436610422892
-0.5614666298607331
-0.6896374777608851
-0.5097023313473181
-0.23776634829740245
-0.07135295422734812
0.033314790098648496
0.06947854614526511
0.11990176918744604
0.25967924645252893
0.39581221507976566
0.4977254415550545
0.4717817624539429
0.32296384277084106
0.12238053984717699
0.07198105450376949
0.12616585858908497
0.04248934725840967
-0.0564050365350626
-0.17482610320268818
-0.08957124630924572
-0.07884109313008178
-0.048352902151614224
-0.1801560460416711
-0.4641640705578487
-0.6719746633393069
-0.5419510158798626
-0.2128375534000156
-0.07730179303848327
-0.04146743182682822
0.005550993733698291
0.01252976741160171
0.0019907559182430583
0.01347112454427509
0.13340454914036473
0.3443727734549413
0.5787397822438076
0.6304076592732577
0.37106849548299725
0.24088892353856467
0.15755512903119476
0.127716707571315
-0.02785722360461352
-0.04793315537821555
-0.05571632426819653
0.005158469867088354
0.1487393524205012
-0.5499763869097194
-0.7626822946011647
-0.297401790064586
0.4409982140226581
-0.11509288936643736
-0.6044384838180888
-0.5283636894769755
-0.16413144114723247
-0.029595571830667827
0.003130384812584707
0.027759213838715928
0.009503334142500139
0.06218354287743249
0.2294962841061976
0.3661783821547203
0.39014958874628625
0.3166258347793412
0.19638852035292959
0.14807543863267522
0.12549259535310847
0.09885298734628836
0.0039081769015748054
-0.009734046307081459
-0.017074563452752815
-0.0005606713153141986
-0.026217569250467206
-0.031994418419683174
-0.08847644437340602
-0.1846215202551225
-0.26683785957972567
-0.24126855403505323
-0.2031862844372226
-0.18464179008764212
-0.21538226895589918
-0.26338913890381993
-0.2221439557869351
-0.0737920658404352
0.022921921912579697
0.018219880117236714
-0.01755716048352565
0.003243039862398839
0.11637552775187489
0.29150234902128336
0.4098717748808434
0.4124777011397155
0.3254333352252781
0.217230896465049
0.12697811385150362
0.07720056583708626
0.00828032873916262
0.03443437344328356
0.04598061760444257
0.031587785207213136
-0.003352816659582032
0.0012583568204357616
0.019365333990829736
0.0063308011923472055
0.00353851837544584
-0.0020091707316960417
-0.014831084947299547
-0.005977398681248588
-0.03011649970882992
-0.06306428214894925
-0.1089257838006386
-0.2694457053589205
-0.49603081238033425
-0.6167107944388625
-0.3973173181015983
-0.1285556127202939
0.015508498688697242
-0.03400248193831386
-0.050935475787510134
-0.03564132929997391
0.04818134327242609
0.18458283229593758
0.3138505829102803
0.45299304039295973
0.48839808625814196
0.36134201698974366
0.20288023874783148
0.10351524817507311
0.04651663706702637
-0.007750730123137079
0.040085020322724346
0.0324871969553317
0.038131804503965826
0.025791963865576025
-0.008724311218575937
-0.08634314253605034
-0.13734248545309768
-0.369845845889881
-0.5650945322348642
-0.5882605529185488
-0.34853824413922513
-0.16295740276817566
-0.02527843392276502
-0.0010535485878979524
0.001181089414786594
-0.007968620185585676
0.04255814341388113
0.2877076704586416
0.2829536502744667
0.28377238770882796
0.2835735933082919
0.4229559854409397
0.3166170940578967
0.22346587454624095
0.1637704142503123
0.05596032611291614
0.003206229148295844
-0.021054082440324542
-0.003228793974453711
0.025282030294848015
0.03591492479770896
-0.03488015765724376
-0.14759605181856303
-0.2613135475265777
-0.5162454668870364
-0.6560354965264152
-0.4499096760536022
-0.15285916908213953
-0.048564405647612975
-0.05783242859726511
-0.006290287730876171
0.00262724420231463
0.004568851254418091
0.0031486570352108174
0.12332791534589829
0.3443727859315516
0.501162010223826
0.4642521615402284
0.31056927179462457
0.18097581610723149
0.11381865628830064
0.07845184094876576
0.031236401582333435
-0.010339940831646539
-0.06196717318011988
-0.06359933769069893
-0.08372947860640273
-0.18685390144784259
-0.40457627827400144
-0.4837869521291121
-0.37872438152682736
-0.16498254662172773
-0.05709899154619931
-0.021968206075667025
-0.02821127695413235
0.031443871245754276
0.10173952032522539
0.2474739876513063
0.3992556751566058
0.45359192391840913
0.3635634925013026
0.2399831150903697
0.15757449143270869
0.10296502164894292
0.06853475647291135
0.03998856623089572
0.04616167984335465
0.03688821366324328
0.00990889360739388
-0.02445359392687511
-0.05302922767244502
-0.08024032061702978
-0.122933031690394
-0.13573861475733534
-0.2808460788410059
-0.47569138993705884
-0.5615194114567664
-0.3739952070050558
-0.17458064093213788
-0.08336921668813876
-0.07601064479798877
-0.03166547980626388
-0.013828082151116087
0.11048006600551864
0.2737070022145228
0.5108064093696155
0.5307532974926217
0.40459367484539
0.17717360487918501
0.07764965872182962
0.0398170749447782
0.012046794102545222
0.027252712625887663
0.04049700664439054
0.029888229795983896
-0.004155263533821268
-0.034693355327125315
-0.0236591658383512
-0.021785931947584814
0.0005359658392182364
-0.0405674240281878
-0.0718562703252452
-0.3006227537017869
-0.5411440478704979
-0.6439211851034962
-0.3815811666569437
-0.14784192803918672
-0.02029568089370228
-0.025734045625024633
0.0027549947983928273
-0.0059966465186326754
0.05919852806840229
0.2695833171325607
0.48821896370953255
0.5567801764222103
0.471115752338534
0.23342757938358702
0.04400672308271129
-0.016810218580229137
0.007581308901596852
0.000513152420665506
-0.006125808087280975
0.056904932851577605
-0.00750758841203828
-0.09243217956080696
-0.36687566267216637
-0.5411359335826468
-0.5775320943550012
-0.3197435408775405
-0.11097510613182429
-0.03439368840321346
-0.04875483337346425
-0.0299166625810965
-0.01898789790698803
0.06967567951267817
0.226749909334453
0.4507590821909188
0.5124725320574643
0.4720688796842486
0.29017410878917854
0.1982532499475564
0.04101896297444657
0.005614866643749544
-0.0872376520584417
-0.111803933900502
-0.08298884620551668
0.0808158213126996
0.10039654634683211
0.009464103493486064
-0.039843733519751366
-0.0703258851033748
-0.18845245928328844
-0.40817571644960343
-0.5573775497299513
-0.4961017652163401
-0.2480281253143471
-0.0857031183732171
-0.060651234984157865
-0.05429185629758162
-0.018074674949476444
0.004046447244240172
0.032681029382965
0.1539339596293278
0.3310720364011781
0.4932213416342607
0.4875892873056207
0.3936593336523105
0.24527301685261804
0.20485663469642248
0.09699294414474682
0.013881234664899234
-0.06816470392459817
-0.10189525398082067
-0.08893552828750767
-0.05573236761928635
0.041632630938358624
-0.023589826233150143
0.036047049374263194
0.0057201020289903
-0.11481433630652574
-0.4554613187884395
-0.6070978090360264
-0.5715444382384366
-0.32209241010984674
-0.11827643530759942
-0.014037020000478372
-0.008438887475383914
0.02398057243683327
0.024103846183033743
0.028762425491804237
0.13891149222362023
0.35235284467094274
0.46792475418722956
0.4362266160102698
0.34447571198989585
0.20681217944927036
0.07566981649766161
-0.0022442177715474437
0.03545639231239035
-0.042122594738856864
-0.02682193354481011
-0.03980755826729036
0.055930254045510636
0.04483581514739269
0.02224081814566724
-0.06483460611761141
-0.17321721117544228
-0.38053351879223124
-0.5294033186138912
-0.4977386374315558
-0.284018321046605
-0.12432111117398285
-0.024654649265994234
-0.01681873571468238
-0.010327737517263487
0.052479878931390604
0.15260380656172412
0.28836971292982233
0.3742125489081564
0.38199917195502137
0.28585200954405676
0.2047892207089008
0.14332262590555697
0.10165945902071558
0.04604034325582781
0.03971517215544082
0.02979424386126145
0.01042752057211707
0.004955599780516109
-0.010469115760624256
-0.01541866919867492
-0.061789199884895764
-0.10439986145006684
-0.25925041922371644
-0.43273310921999
-0.44373945874539505
-0.35056051624769546
-0.2031511865143645
-0.12320630266636738
-0.037717193926397684
-0.030966406100655795
0.06962410657763278
0.17224961840119937
0.26458999347503803
0.3399428913270875
0.35957238952665704
0.3028914708274445
0.20390421962254074
0.15303606098598677
0.09822429364277677
0.048016417913973465
0.052858431941474035
0.008766255642865005
-0.0021293334291338853
-0.013435726086734526
0.010718636839712496
0.005571856035236162
-0.037891386412412506
-0.055073342039028104
-0.11851969437815812
-0.3197188695715646
-0.5274034353096676
-0.5646131307641525
-0.33764758221477226
-0.15307609374461892
-0.015446286864633877
-0.01989892417865964
-0.019348117702976803
-0.004166527371291184
-0.0007601200299361203
0.04954993657596388
0.23622580398726933
0.4728748347843599
0.5338888526219566
0.41569159407464024
0.279521066635246
0.16461671248788082
0.09048069372138003
-0.011280329361829579
-0.06138907169403881
-0.07024130883475971
0.01843638434546867
0.042305930921825156
-0.009458231087545578
-0.11026355410641316
-0.24920621945603488
-0.4610860966115791
-0.555976649012124
-0.41414541979464115
-0.1913455834929778
-0.07095487096409013
-0.02599601654564565
-0.021176091582114146
-0.007226708014477819
0.007788088249936006
0.08088493102212427
0.21265021717555657
0.4176328137781504
0.47854058690911383
0.3931080085563599
0.26108612752575017
0.22214369190674468
0.13043653334736907
0.06527833874268814
-0.0020181693415720486
0.007884640858620508
-0.008887442298224581
-0.02142214635465158
0.015543876194400064
0.015531238553947934
0.023623388000167833
-0.0862049354160336
-0.19989275048654342
-0.4513782590297023
-0.577510764849954
-0.5355805887658536
-0.2975355997180817
-0.12989244914685452
-0.03303425374432976
-0.015297594840976245
0.013819705777520548
0.010370972556783417
0.07831027465397188
0.21559807359960131
0.3803790986771085
0.4419623196649995
0.3674430773179105
0.24643762673067934
0.19318295990088327
0.12267522674381236
0.07835742840746492
0.04480452535840913
0.017492079245009996
0.0140783189728372
0.03595675066815796
0.038102411828485463
0.03164339941698011
0.014727401917815571
-0.03653078683389911
-0.07075563225171781
-0.11010043254791241
-0.3723846129356848
-0.5957981779620382
-0.6271672942624157
-0.3684706228824425
-0.17059771519909386
-0.040896256806508456
-0.034589862936400234
0.012186908672784663
0.013817345702895362
0.03610671011672728
0.03593213871981454
0.15717141309173494
0.29755852406726024
0.4413676258223559
0.4213768523635984
0.36583107384054475
0.28157691484947944
0.24727465422876674
0.17462482945704605
0.08508302978208007
0.02025248762949326
-0.007854012881777957
-0.014211769128602208
0.012376812447241129
0.01766050633030316
-0.07134936202427718
-0.12824361168742054
-0.302759362911433
-0.5156937784890686
-0.6986969001739238
-0.5046717649999026
-0.260461956803774
-0.0421531468574709
-0.009968983712787548
0.0015889849904227463
-0.003618063812357085
0.006357548827724923
0.034813616428337996
0.12074540720098356
0.25274254818691017
0.3911103079354554
0.40821474507979627
0.3719475032960876
0.3094324082084166
0.2864419494763848
0.182590594073811
0.08097176343300486
0.0063200822759521885
0.020530541159184082
0.04735082697905387
0.04367843070413111
0.04085700322091482
-0.07583558969782582
-0.14733342033617228
-0.2678394135586057
-0.4801040153927415
-0.6778101763664259
-0.5781786908033315
-0.2763553099296046
-0.08756118788982402
-0.005822373519405658
0.0033520161368851623
-0.020123670512351158
0.01074030954400565
0.008133728939785494
0.07615207617212004
0.19644779643329188
0.3440745829207108
0.39329262990895913
0.3500130598526323
0.28935256610819915
0.24220862329376774
0.19624025794369132
0.15124046228913282
0.0432572561864991
0.03965981319428784
-0.03946931927568058
-0.03603200735286603
-0.0327701995722678
0.03961838451947161
-0.0197929368501076
-0.1399857007710687
-0.4185753346342137
-0.6025199451517455
-0.5928927881645074
-0.317692217489257
-0.14704614188151388
-0.013575354082935183
-0.021279787396977543
-0.009318300653976864
0.00182920968809657
0.026717500266304463
0.044125275077043745
0.11154559256056361
0.20874570015537955
0.2960499380652482
0.3376663450711635
0.327148654628969
0.2781203282070096
0.25370438477937074
0.2382937559427489
0.1417059560416611
0.04210605073496552
0.06736498209040405
0.0704665703858611
0.04007420205930819
0.0038581082658680752
0.039049007179477034
-0.032213584348460216
-0.10850349571491136
-0.16290990863410484
-0.3524079895767406
-0.6037537637876087
-0.6880912013148031
-0.41613732285898297
-0.14609361530223502
-0.013637934928116439
-0.024311569285804614
-0.0024589577367901713
0.005897162492505232
0.025996868894236858
0.018058876249702344
0.0805082865831143
0.18883635640706692
0.3406234954913237
0.39031151732142805
0.35655949376969764
0.31232893585994814
0.27443795525159864
0.23071417769081393
0.13256133417799856
0.08887907895350679
0.052738675780369275
0.04825189737901861
0.003840877760899518
-0.07132209376053403
-0.14681311308244782
-0.2755967290402159
-0.5106676453695542
-0.7020696677565762
-0.550673190151369
-0.24502800240923323
-0.048392918387100595
-0.028683666555990316
-0.01074687653736582
0.004921449089761633
0.02927089258725741
0.044777865976694774
0.0928465869935795
0.2268205663095876
0.3543795249694477
0.35819975832500145
0.29358828470583204
0.27455746534989345
0.27267224371891063
0.2237457606540944
0.13036199277862295
0.08703261601558342
0.02598262236541157
0.017981994316685856
0.004364529699512262
0.01571854383675348
-0.011577092082602894
-0.017329851441422208
-0.034575570072678384
-0.13257277916908783
-0.37371393205161346
-0.67756838175055
-0.6693228804221693
-0.3931457525805802
-0.09930672664481574
-0.03986733453488155
-0.010955405702025366
-0.009813281190834142
0.01934826103260174
0.010142782214945441
0.014545859325697925
-0.009024514476018796
0.04597176298431788
0.1973855686381633
0.3726225584275004
0.40382319427939983
0.3655972741755408
0.2668851476301099
0.22325886077521045
0.18753127029556416
0.15229118816275736
0.06225639840531493
0.01948201913788424
0.04611957182644106
-0.010538434730647963
-0.00907374746968757
-0.031041881405264336
-0.023612201421842456
-0.17227708580740453
-0.3038005401995317
-0.4301182377712939
-0.385283021529153
-0.2487742570570234
-0.12173858691122136
-0.08921172588358521
-0.055058468642821365
0.007349032298860773
0.07161506501296132
0.15886365069190997
0.17592441774640014
0.09486622453459306
-0.017029238013037882
-0.07916322942973877
-0.10170203665475785
-0.112051004372524
-0.14733982746516508
-0.16186109693044295
-0.11816874672135957
-0.059977874073784174
-0.05354825047295503
-0.05926396792134587
-0.029913682289243418
-0.004311159761815303
0.012164892996389778
-0.0016920001560317875
-0.006077815707161762
0.016542835180132966
0.021179097860783713
0.025060953578524496
0.054406939130049015
0.18018828305726428
0.3214032285396474
0.3606278303136093
0.22008554753268758
0.0917085559567571
0.07155803671144767
0.12596444120111966
0.11525886114638782
0.05893702724464292
0.04903238790785486
0.05658514082562624
0.10378014396139024
0.051120036503477934
-0.04735976732092531
-0.28081066821870654
-0.47517287259870256
-0.533614753715282
-0.3038933052512861
-0.12263234016460448
-0.023134319769998003
-0.04496612782527758
0.0008710138590956796
-0.0023017007357766643
0.007741500838549552
0.01467420699693872
0.07352693155640637
0.1647886311161942
0.2613099857142433
0.32610289921190944
0.3124865603096403
0.20503370541709243
0.16049450289567563
0.16730183305707752
0.13147341926713788
0.06711741684381171
0.02986726657103834
0.04875875033871465
0.020101501263942223
0.007857726781657684
0.004277777475762227
-0.007505887088085263
-0.09930705037837652
-0.3278532679273635
-0.599058465463682
-0.5851812446562282
-0.32570483849054366
-0.08305884330195258
-0.03170399681027379
-0.011754909201996313
0.0001090587100981523
-0.002535541787157615
0.027797782444269278
0.03745848631168225
0.11137421893438354
0.21670518152813745
0.3205791270815462
0.3145067964482363
0.24469688389734726
0.18060299930993556
0.21275541256167493
0.1790009088161464
0.14121987216816168
0.049657095060126326
0.030791584791477564
-0.039530383241434125
-0.004719863251274732
-0.04644849667001025
-0.22200864969046938
-0.5155860305512922
-0.6162949176692075
-0.4131778940024317
-0.14901003766110765
-0.01497681593776129
-0.02871150174829937
-0.00321282852010837
-0.005587739548750215
0.013695048338416135
0.008053357973920422
0.08742653893328674
0.16461968355591364
0.27022602390908174
0.29363019031182414
0.2905880412386931
0.23481853569261155
0.23044749831711175
0.2391699481887425
0.16169981099429262
0.09152505027910447
0.036402245147614004
0.03462272179119237
-0.012724410567211339
0.023378588511554305
-0.011401026853485359
-0.07658465697832771
-0.16429618349485398
-0.35998706656617796
-0.6043781845803284
-0.5557558256628198
-0.27245224122274114
-0.07273046178359617
-0.03832286620184308
-0.009951552527286758
-0.01506544712769167
-0.0177976204983938
0.008500360586860099
0.035290520470165995
0.02320511607639469
0.06393680239115479
0.1652409804769569
0.29861730798112796
0.32022944725842917
0.2279540704699467
0.14852257902315835
0.1459278776679257
0.1454718837976481
0.10588715012938123
0.0777252155954096
0.06149159096317762
0.029954922661027096
0.0003081403448621225
-0.06730640606743439
-0.15795330541774102
-0.3196299511560308
-0.3831098358392182
-0.3526331190598098
-0.20354149524568044
-0.1113827296787317
-0.052440285644693725
-0.04775860561004046
-0.01323442637043853
0.012227694481211084
0.038252900754988696
0.06909062744532486
0.10812141208411838
0.2422427499527295
0.3423992724424038
0.28124116313568015
0.16735529900210253
0.14337293919255148
0.1566677206456994
0.08607027535449743
0.049807594826941325
0.008498559392087266
0.011656088089512913
0.015550552255654158
0.025333371604669714
-0.009177415005490614
-0.1103929051129498
-0.2768854272764559
-0.39591973163617067
-0.4929196057223486
-0.28128225699608084
-0.11830485607256933
-0.008018662913190986
-0.07487568598740665
-0.01043761784561738
-0.01630481882230173
-0.015567090091122636
0.0060830851557362375
0.06567122505139789
0.2207051315170295
0.3785019783705435
0.39142283159216057
0.28933644321545693
0.1768149859253378
0.12412640110068085
0.07904525099514839
0.050361943353140294
0.010376591572208252
-0.01165617014206636
0.014251314701838921
0.04317782926454952
0.03837806105716549
0.015790095079350027
-0.03477722045882913
-0.057890217992544735
-0.1216614097559902
-0.3266461814567136
-0.48512672283451197
-0.416425532846447
-0.22188609906059967
-0.0883224141063542
-0.017814226519979617
0.005622377338078691
-0.03446309075334858
-0.01928961618146415
-0.009154498359866385
0.05542595424104327
0.13094200358003769
0.23457903908418073
0.29923122425076176
0.28290406114992317
0.20136404762110793
0.1391865340435969
0.12774217501464047
0.101461379184049
0.07244050036932975
0.03834392416680287
0.017578405363904457
0.017776360886849363
0.037866029687995774
0.023657079575632758
-0.041816013526459216
-0.1458248583492636
-0.3559655548928977
-0.5290473477784267
-0.46581922668863973
-0.2307587271166018
-0.06324254222316318
-0.03690708921779905
0.006780480086187386
0.006175564825437017
0.017666917513099442
-0.002903722007107851
0.12304623786858103
0.2493114737715533
0.3512623262719884
0.29280114500443627
0.240775711618943
0.21674695956676507
0.1799719516063003
0.10139074621677012
0.061659369061124944
0.12845275966187933
0.09079437839184559
0.0460783644843662
0.01180225566069815
-0.018374681786412366
-0.12749274789926307
-0.2348974819801463
-0.43081854836387473
-0.5854775181850147
-0.4540638180525845
-0.19255751493343656
-0.0572600661514525
-0.054583935987558375
-0.013424788516288052
-0.00842948554538358
-0.006767253536147149
0.005354545424399167
0.022360489231392708
0.05955851471076416
0.12101297591099851
0.2494369255277166
0.30932783332196623
0.30736244236007354
0.23050653022854994
0.20223080812608213
0.16034279232840942
0.12307041914433077
0.072878002739151
0.056807655547523275
0.028199247567406615
0.020545201087252694
0.014706322249170317
0.013442050340394722
-0.05966868783597436
-0.10230351421012422
-0.2568935859925133
-0.5159072657518624
-0.6000619305694839
-0.3451341214161386
-0.09282672789236916
-0.020990208567148005
-0.017020361450581157
0.0009934500964951041
-0.00394882339238909
0.0031303423233702927
0.002873978059260752
0.008590022265435635
0.09814956062515585
0.2621129998865886
0.3446975320716522
0.3096156898114309
0.21603297705622676
0.18419540093372302
0.1852707892508678
0.19654697467168544
0.11533730553050181
0.09578690176708417
0.08553345763898472
0.02761206834673411
-0.016782659626419828
0.007124657686130258
0.010057439578044615
-0.12528302061067084
-0.35823962994273967
-0.5795293579559705
-0.5526953418102871
-0.3302876777609868
-0.11913708619055673
-0.023145764879572393
0.008226373178339198
0.0012651446899533522
0.003041025327772828
0.01837672186479627
0.06876834221735027
0.13202993239868038
0.22339110264032597
0.29532044929901347
0.3103864040928429
0.2586018305382622
0.25197053698607136
0.1750487328533381
0.15805556432486711
0.12372263716536722
0.09579250762640591
0.008638469513019508
-0.012863328478395095
0.0141629535254032
0.04116645254620566
0.02636748612469179
-0.07572048349458263
-0.23981074158201227
-0.4369617995422332
-0.5972119790368571
-0.5057963912019404
-0.2754448020356886
-0.06509060521492789
-0.012588491488475408
0.0025815690316883413
-0.007661613886467115
0.01325614075084431
0.023941579097359025
0.08623308081760615
0.14386447800521557
0.2026073624021586
0.18991522774718445
0.20209409720565516
0.21324030340707834
0.2028511786745047
0.1467248300075973
0.08785600053702627
0.09938187958111783
0.08899098181461465
0.06219082944428714
0.018318542076551234
0.03343225759418436
0.024430376392864637
0.01982568075561828
0.013172523471512607
0.01041964580824933
-0.02875990937125554
-0.0976516007829189
-0.31733901668517905
-0.5968279759136684
-0.5770246496908695
-0.29435877425194185
-0.039476940754405394
-0.005317895320706908
0.009959365736359315
-0.014465172628772172
0.006890978625216936
0.02978582100608749
0.03885710192598942
0.05599730635978996
0.14563245711237321
0.2445194281914581
0.27668507098327755
0.2645721312654084
0.22841423628917942
0.22198774287450806
0.15209219295580895
0.09824098293866969
0.07338806407901546
0.09106741738349221
0.03380799275104217
-0.018345968486323125
0.0045285412505262305
0.019516425055297906
-0.03648946710604033
-0.2144847157605582
-0.38634184895722556
-0.5320876879273587
-0.3909473866385422
-0.19380137292008115
-0.029056352908199464
-0.04026195872710027
-0.006064590816900287
-0.016554345161767393
0.0004936164842110226
0.015487237948944452
0.025323309166769066
0.06706367289069089
0.18816845281385763
0.3137730612045089
0.3542162166309685
0.11059774519322198
0.13720169270218704
0.19752088440369117
0.27658044141461
0.06378143776333732
0.07924275342193715
0.049444404374674226
0.049787516502463915
0.0002989313282628907
-0.07772502967067181
-0.14791025669807165
-0.27721288444036335
-0.3962300639593024
-0.38856379214402736
-0.19673949158280027
-0.06529389948994771
-0.037279479193941194
-0.034384793856971206
-0.02194062517489882
-0.010734522044703106
0.0012740861264579203
0.015782090565966463
0.09185493625731263
0.2202320250984013
0.32864239155170927
0.3215491662904319
0.2509753663878395
0.1778671377894845
0.05960048532268023
0.023663942927835885
0.05843514747447085
0.09898628371217355
0.031079004118238582
-0.0041990105743357434
-0.024682689978203488
-0.07330129986350131
-0.21056996330384362
-0.36536351665248523
-0.527637799150669
-0.4293824767566627
-0.2471505840034521
-0.06030433087734912
-0.02828832837264178
-0.007277792695751611
-0.036911628176067995
-0.034249477248206976
0.003970598366944375
0.013823953960561158
0.027776800450535693
0.11917992079203708
0.2673258245537695
0.36085266532891086
0.20047854429031642
0.06655384110818939
0.06137134794392866
0.231684494811486
0.23782513801009791
0.1722442050137119
-0.0367112099135218
-0.0057228883438795895
0.06593128411608315
0.08113358936167846
-0.03204345680385075
-0.09757045864897905
-0.2581693209812999
-0.451804400095886
-0.40387187689875725
-0.21319295125349172
-0.06771201895511986
-0.05459812816347691
-0.020372727314134236
0.004880855339798066
0.017864373260634836
0.015724886995528625
0.08549520046102546
0.1983036391294063
0.2864340194415643
0.3019637409934346
0.2613090848173646
0.18967856685055323
0.15759033525190247
0.12438408710653011
0.04957878134502747
