0.35247516482221825
0.532718652737782
0.636994721519483
0.6938857494193238
0.7408329520813351
0.7869879361102233
0.8188925309023279
0.8378054671195835
0.8555032477650613
0.8739967888033421
0.8861486663812919
0.8947131882373084
0.8955997595910038
0.8978410360825196
0.9014864602463271
0.9094988775639089
0.917999009321203
0.9235349088936372
0.925724215933481
0.9281112124455995
0.9290706364513854
0.9297464659938582
0.9331468923152302
0.9376633835344909
0.9388307254391738
0.9199529943441536
0.8665440991474223
0.7544082441314542
0.5461282270848721
0.2789263468398332
0.10985821537434512
0.08372009453173873
0.10985258978738925
0.1103280020284591
0.10778711030600045
0.1039141065394738
0.0974143121066005
0.09131395548356973
0.0660114421173677
0.10445825844492515
0.23484524756840242
0.42508755935297693
0.5835616893790843
0.7103807422126264
0.793368281278918
0.8451631442728832
0.8785741725361588
0.9022578743274761
0.922093893372149
0.940682128214998
0.957326064142991
0.9666013039943373
0.9747935177329227
0.9793681615548325
0.9817731926780471
0.9837449322099651
0.9918721066125277
0.9978598631370482
1.0
0.9913135004625516
0.9547963109264023
0.8563754816029518
0.7093137010485917
0.5714623038373259
0.48137383573713477
0.3925819035331585
0.2440063404473448
0.12746995401995354
0.09778663882132224
0.1245510100217023
0.12361248756608008
0.12031294190709786
0.1191331544462375
0.11756313388063473
0.10255938154795467
0.09030876147351057
0.17681303140355853
0.3694342990313802
0.5855009019018408
0.7179461979123151
0.7939079924793255
0.8394423961366154
0.8651908055035737
0.8783905674832349
0.8834244643796634
0.8926595176162128
0.899852372889841
0.909411845891954
0.9114377148198386
0.91560857869785
0.9220672338909144
0.9244090455076132
0.9230459236586639
0.9240717013247085
0.9247203374898281
0.9212957826718041
0.9114951590748906
0.8809180644469716
0.7949900230564267
0.6083694147664822
0.3191444459309808
0.11856771002046172
0.07903475191070969
0.1322297932221534
0.13321263998534508
0.12555359145022374
0.11407529791318599
0.10900654862351809
0.10217573520211212
0.09970017344466103
0.09050026732905891
0.0586224927019079
0.08773439710992002
0.2277919379886611
0.4431014466089677
0.6208321959562321
0.7442720911105019
0.8008632020766644
0.8202006033726743
0.8261500465197011
0.836915469851295
0.8440993359886791
0.8483321965016113
0.8463653700273932
0.8445944920674294
0.8520928741094057
0.8485073789590116
0.8369526460285304
0.8275655112327709
0.8278166103934709
0.8232360624133063
0.8129498391640095
0.8034076116977739
0.7954035808895608
0.7719912368350499
0.7038469098048226
0.5352031299589194
0.2919942215668507
0.12268589507546425
0.09440050936588196
0.12731061340552438
0.13243397498094547
0.1312878074529684
0.13060447083357296
0.12927604472573856
0.12565767336083206
0.11969390588246619
0.11740115039140284
0.10728367506260207
0.0643443719802061
0.14733990302189115
0.36645147051501403
0.6125228750468076
0.744759096435891
0.8290405244228573
0.8723942730130948
0.8704804973509089
0.8645876541643309
0.8668988842298148
0.8763684236864572
0.8784340429555176
0.8785535401997798
0.8813190827760823
0.8836348831003444
0.8843604765708316
0.8787793803853771
0.8715708554613804
0.8634489588473406
0.858482818939528
0.8572723177372373
0.8519953187033208
0.7875999443834253
0.6744065814145498
0.42692921154880487
0.18443144046652352
0.054819175530710994
0.08943109892424397
0.11519997975496275
0.11677606185408435
0.11704622262001338
0.1112740302837184
0.0939894661820207
0.06709113448945857
0.05295397671093875
0.12762071633571587
0.29822794251839413
0.4964087492637214
0.6396091419368563
0.7256249212029753
0.7685204383140027
0.7937693745139748
0.8123705689618914
0.8261561053143985
0.8361615089347618
0.8496296134175624
0.8557701681873333
0.8570765930985349
0.8605514159433112
0.8593413395070395
0.8577653023820756
0.8543623567816028
0.8448118229826307
0.8315232750879118
0.819839154631142
0.7876128443103197
0.704116652065026
0.44261639429761535
0.18243503389541815
0.0504061148733004
0.08681452427891952
0.09068769580578313
0.0920717099499556
0.08774916633950249
0.08041151689597414
0.07367728123971444
0.06136766967382574
0.0524894239922895
0.09883411528671104
0.2193308779437069
0.3644414644048084
0.4863935084554496
0.5766833832329941
0.6344858536434831
0.6613781113741326
0.6659059785830418
0.6570640469418305
0.6431860596605252
0.6396048113531487
0.6402538241761019
0.6415083953866842
0.6407225717431093
0.6397606285962788
0.6374809962114267
0.6240293401856469
0.6045000860735887
0.5897899199102714
0.5713790707260282
0.5070530779213495
0.3066530749974972
0.12265304752915818
0.03872090967154482
0.06763037145416338
0.07141918800130327
0.08925717814688179
0.08183047872992198
0.06850548490442605
0.059548492624297594
0.06066408678567381
0.04911496583780289
0.035953051617411656
0.030225599498548632
0.11227869639115488
0.2891714524462478
0.49009370551969234
0.6340382419890048
0.7312390271799257
0.7825033023263922
0.8010684636240568
0.8136236220285139
0.8270935500316423
0.8412682944305918
0.8527999779020192
0.8555252410322085
0.8568731063847119
0.8607826324508817
0.8660635160497118
0.8575781878516168
0.8551760221348126
0.8464800105443022
0.8167887198645534
0.7193447962142923
0.5785215177359809
0.3183336763437172
0.11494476019627033
0.03136037154424524
0.0825010619031375
0.08936221220755201
0.09960415089131966
0.10315474072991622
0.10567083785782645
0.09885980472805429
0.09202640986510469
0.07404097346894811
0.048076729378257306
0.0651623688473152
0.17771170888696497
0.3519201266763189
0.5078032200009863
0.6108160245105037
0.6688994920557557
0.6941903001699441
0.7029298031021864
0.716666677597619
0.7305132675358371
0.7384242397987004
0.7448860958585595
0.7521997149227754
0.7588321492257871
0.7621357228050251
0.766060458245114
0.7464332984666757
0.6736135578078908
0.5386922824313313
0.2950978691889186
0.10209303590703889
0.028522503970123906
0.07074101449721201
0.0777907944328769
0.08364307945466189
0.09204399115805244
0.09271919798397435
0.09077189437827594
0.08524740876568251
0.08432070413031428
0.07179283048157875
0.055903127213573094
0.04236900373388157
0.07437298441637528
0.17646102956625834
0.330742805983923
0.4785117317434265
0.5807833974676144
0.6446035740350432
0.6841005391712038
0.7082128411964013
0.7189230876472198
0.7290674350712067
0.7363881379303003
0.7419707123537789
0.7448471466054396
0.7459773716656357
0.7413911013719333
0.735372352451192
0.7300069864297595
0.7329910649813555
0.7239595521552585
0.6753672124876574
0.5728313208166324
0.33449757700764976
0.11801104646091769
0.025455435067283226
0.06958210273002036
0.07516796825092253
0.0685702070659295
0.06475175368272856
0.0628263333864293
0.06357539491740669
0.06477296610478049
0.06453549367329169
0.055482525838711494
0.03993891730160772
0.07246248501947282
0.1984908557063287
0.3718530435667173
0.5154188920508807
0.6002716891727303
0.652269124655883
0.6769967354344143
0.6954876070679887
0.7109010719428547
0.7272941495017784
0.7405151683951717
0.7494432511168031
0.7523474925108562
0.7536730580650431
0.7550955145321757
0.7497868119605978
0.722529883669211
0.6683411803888293
0.6003129902704053
0.45361897482858915
0.23542816233830693
0.0787479661791644
0.05209801818319183
0.07470270607946825
0.07743833476233962
0.0832391914279277
0.08437151132974205
0.07974754402585828
0.0760072744660901
0.07341689225851995
0.07074985494429936
0.06647083863978258
0.0506763748338782
0.03874053222885704
0.031200275075979986
0.11021322209285501
0.26380592959698146
0.4393235166395522
0.5496291622360349
0.6147427609767929
0.650680857574976
0.671150134352736
0.6890541846775516
0.703108096963425
0.7114895628784071
0.7163509225167154
0.7191335343667528
0.7201800978470259
0.719607641014961
0.7235922871372537
0.7227287896071278
0.6802858499240906
0.5848675313070945
0.46033961524748723
0.27414504213859475
0.11487327022682528
0.052701082017463645
0.09095930516320931
0.10365762839604381
0.10149895249253002
0.1022693906119625
0.10760114110855894
0.10679430927924738
0.10247020999855921
0.1033944718130612
0.10940785494257464
0.08659170392847522
0.0649312600125914
0.13997630005013695
0.3189949667861633
0.4966451915788915
0.613777025758252
0.6926843538894737
0.7423550367835683
0.7661718966986224
0.7735550769558807
0.7753497476537458
0.772844733018096
0.7714601539553262
0.7687650679725303
0.7688587175897541
0.7706402600038574
0.7630260457806858
0.7412431106614343
0.7159011394732311
0.6753373801144692
0.578960334848155
0.334909025432116
0.12251500061245468
0.04275375194664757
0.08340249719776771
0.07957261883678479
0.07168859660458944
0.07056440912411599
0.07295732010777985
0.07480323751209011
0.06860628719552182
0.06244831984320935
0.05067351600641
0.09891363567093074
0.2254474344508834
0.393251145480766
0.5152089374243543
0.5953662900187991
0.6441954480984119
0.6741125374237397
0.6944128599584413
0.7075753337907639
0.7107146981868614
0.7147904980336932
0.7257448782145361
0.7428498236756494
0.7563386281992432
0.7698433269897021
0.7777151349859439
0.7841996266846721
0.7844528376866687
0.7932302633173973
0.8030888153078862
0.8102578886652317
0.7940356608934022
0.7310964960672034
0.6073673780779663
0.42093679695004127
0.2002785033324319
0.0663105146331867
0.05298447033164412
0.0914908637647771
0.09678122744307192
0.10226323131192971
0.10698390961283269
0.109098657591952
0.11009441737718245
0.10990076465982442
0.10212833646189126
0.07072908024946876
0.06541709497857401
0.15615169753646893
0.3277223297563472
0.4830217054813185
0.5781429619979515
0.6381651160509474
0.6769556466357486
0.7100211903287847
0.7373455504212519
0.7551074971837292
0.7610632230083506
0.7695651487980327
0.7824179903752653
0.794089770072284
0.8017100363074481
0.8037179283819607
0.804358855059786
0.8050025775731258
0.8122267483699982
0.8234761142226792
0.8340833909873588
0.8100259895766183
0.7335453475740864
0.5929028682027879
0.4256440550486295
0.22302670481375386
0.09926439792761493
0.07143754817119675
0.11608474026801872
0.1299712803237074
0.1353709711247605
0.13513493664623646
0.13294977021774027
0.12476085627195352
0.10353692152794139
0.07572188590949448
0.0450402053774143
0.10752304880352827
0.259237138701056
0.43395761070434846
0.5424881797584872
0.6096727172252826
0.6453405563527813
0.668231102489487
0.6987941340298208
0.7275080765911905
0.7453746689288567
0.7505016195011752
0.748561456452268
0.7438316107236421
0.7373487343354236
0.7298595632289275
0.7211454471753078
0.7120170466428725
0.7043941237036315
0.689720743726445
0.637102756319093
0.5175005425687352
0.3015327906365651
0.10631265546390539
0.02775377868428318
0.0562652176444704
0.07968467525421642
0.09401298178553764
0.10742765685950995
0.11427546939546229
0.10898135760627872
0.09719696946716837
0.07907287189218586
0.04456792321482092
0.04381229628625249
0.1493771986551593
0.3300334901509784
0.4897550258507556
0.5868164872071114
0.6521683164815405
0.6861887629915963
0.7030900791880964
0.7177734707898166
0.7364595963235465
0.7512783915427147
0.7576160244894596
0.7557332481396957
0.7549820346128991
0.753280083163775
0.7552146240701807
0.7475134951971779
0.7400294785198879
0.7334267473437877
0.7189116687897709
0.675559933066408
0.6185510442394233
0.5440312721835465
0.4042572551723454
0.1963354682397883
0.05737425594756193
0.0408237374533526
0.07772758158543384
0.08208467685173082
0.07879857773521863
0.07652561631558046
0.07464273070226565
0.06298791069975088
0.039831355520184575
0.06520378264546128
0.1762011490369099
0.33945277037686117
0.48294378442354513
0.5975147045140945
0.670016545778843
0.7072506237350287
0.7258936244794636
0.7414893579321011
0.7513405966638681
0.7583379561117631
0.7626316931464117
0.7644992052519713
0.7640417746580568
0.7661614396354464
0.7649901716238686
0.7656600076807767
0.7606590405774851
0.7519152414184198
0.7305098692625108
0.7052471093579509
0.680251810121389
0.641804362693651
0.5521974665573932
0.33352631090709706
0.14006328908442162
0.06233661249723198
0.10226964276295686
0.11089814126428976
0.11496742326635227
0.11213213646257045
0.11087434411524373
0.10940823670672989
0.10789185739456465
0.0985707886794291
0.07197374026172836
0.0682706110668012
0.15520481991161322
0.31423059137261505
0.4686193162915
0.5679965107092632
0.627513658682423
0.6561594108430646
0.6771441630430932
0.7020328824966499
0.7249236606577883
0.7391513036154149
0.7411615047716688
0.7435868483254181
0.7423714603282292
0.7409801717286607
0.7356451866573355
0.7240253299406826
0.7051348760658478
0.688481626033837
0.6551477043332121
0.5815244155047128
0.4061073509551992
0.2035349653653886
0.07450678901459834
0.05712030550448631
0.062295430830476714
0.06102995527465952
0.06515630750844874
0.07046570409839355
0.07312034466786711
0.07049869285986594
0.06718469809239695
0.06478475466899764
0.06143804806010582
0.0526422702107696
0.0509007144177556
0.1069772517514075
0.2304743487897067
0.3781305533605403
0.49807280553286726
0.5785914257939262
0.6346249686254694
0.6721225462443158
0.6988653294946615
0.7060670390331442
0.7127791596198545
0.719187918428514
0.7231479268639063
0.7229657086554968
0.7201309685761174
0.716401999994613
0.7116913804348021
0.7104566834217739
0.7133740400909391
0.7165860526152533
0.7046189879350091
0.6666381495977638
0.6070828260093605
0.5215272124768127
0.38051371653278354
0.20266414703096694
0.085484105643967
0.061349100606963726
0.07706693943117296
0.08076742237541361
0.08393401195435175
0.08212209490434669
0.07761580443994202
0.07629746588269269
0.07589421279154367
0.07657288353773704
0.06967321964018618
0.04260131043129778
0.03484614018921756
0.11632552123843674
0.27568658586460265
0.4424163126553678
0.5678995456138084
0.6513668454696981
0.7039486390631484
0.7443501636488128
0.7743072783673222
0.7957536202725694
0.8106803454984405
0.8204167380064329
0.8261745181680695
0.8308453749179239
0.8361769198742763
0.8435630913364489
0.8524649428803563
0.8533695524618898
0.8226108584302826
0.75028854271549
0.6446394455954363
0.5494777653781124
0.47893971371311383
0.41499757186343245
0.2810839513542938
0.14081025637739397
0.07099329349675537
0.09045110304242213
0.10791423732947648
0.1120986138270011
0.10836869528405335
0.10431296361757249
0.09855944933179255
0.07776608805534206
0.07654489310305053
0.13234199583833656
0.2426773823789657
0.36411961551315136
0.4728587550675002
0.564544953634812
0.6316248814608774
0.6751778599347698
0.6944829214757839
0.7023387940854781
0.7052723507100973
0.7080723575412905
0.7162420267730956
0.7250814387575721
0.733006031372767
0.73255209880221
0.7200660321751988
0.7007756237649619
0.6896241502060032
0.6882503070130982
0.6842185378325486
0.6499525825784351
0.5540474903814305
0.3682500650883598
0.16417316544508131
0.04706086691879769
0.033841471394232193
0.04709795012264114
0.04476372538913744
0.046685286700049754
0.050050273627751704
0.05018153737780983
0.05412234818524809
0.05669732767501904
0.04466683139340816
0.017998703449654978
0.03023751383905506
0.11630849513532801
0.25038727086696255
0.38249014198380826
0.4794555347530386
0.5491649025323306
0.5994287643621513
0.6510530703480488
0.6868725211374096
0.7055541058627698
0.7147826000151517
0.7286614573813166
0.7433993354498282
0.7515387327073919
0.7601252344095243
0.7687143445635636
0.7717072476864965
0.7473820078670846
0.6984126418257922
0.6457622441036452
0.6038196853032848
0.5286842555302418
0.35885114089216524
0.15978265183078974
0.05601261807806727
0.05986334912349731
0.08201794750514742
0.08619099976593625
0.08763152422785533
0.08784933258879209
0.09035706190550798
0.08972177515359527
0.0885885083001678
0.07417815870728783
0.04234475493410848
0.08535835654427631
0.2389341612792154
0.4332909059652442
0.5654485976731495
0.647632042197026
0.6998748407243426
0.7290150709202678
0.7539203650056786
0.7700292917616938
0.7732065176285714
0.7770338927421306
0.7832398164456723
0.79656965960934
0.7923885125863265
0.7942755045206484
0.7905755513567071
0.7953818035188319
0.7911671408330736
0.7650119331999147
0.6935199404972113
0.5697702016385627
0.3795171141492328
0.17228689455557486
0.05729249229740075
0.05090765752746903
0.07763228374246176
0.0878085616746043
0.09863805315198869
0.10068271766391151
0.09762503593053574
0.09377056810333323
0.09301222639297904
0.08524180795463042
0.0782247497940031
0.049684427154882034
0.03676231422486857
0.12227381810790579
0.29877021304865764
0.4710492733294829
0.5739625399461235
0.6359260689608283
0.6679335792084488
0.6899074277545828
0.7081078191886289
0.7295928827998944
0.7463403125559415
0.759513325785076
0.7587072674349968
0.7566664290829147
0.7557627058239951
0.7583141889523327
0.7629175731088714
0.7364802411800851
0.6538404592278048
0.5159332688062841
0.3592711004816323
0.17990500848424223
0.06895005359734653
0.05324882321157232
0.08513097837954271
0.0852202192863682
0.08221800811408274
0.0837083165081098
0.0827899056426085
0.07968528108442054
0.0783932128156859
0.07660429641666804
0.0593778115320276
0.033889443119302
0.08419017352000988
0.21572099291667685
0.3648944279985245
0.473440318309758
0.5484207586640379
0.5872967490267529
0.5997433752118367
0.6173777814541214
0.6350321292294904
0.6430118851447143
0.6397601144650075
0.6355441215374241
0.6307175165019262
0.6174603864537147
0.594739404099333
0.5687774076221588
0.538703639031349
0.47619556785664857
0.3370858210688542
0.1764838156686081
0.07713038429341273
0.06154876634981281
0.05975236812965676
0.05449590471271164
0.04806475451921488
0.04560173732448089
0.04682063519098369
0.0509193866569794
0.05127969792285965
0.044628254627405446
0.042570474536945395
0.045626217243196085
0.051213189487019556
0.08859948437907135
0.18716457741522793
0.3195901589908544
0.4463180504104156
0.5423944501448578
0.6077297683835433
0.6375188972412261
0.6543572151775257
0.6630545841497035
0.6697102654953545
0.6759556917023036
0.6782874944628514
0.6816391480093461
0.6878013166706004
0.6923735846757423
0.6872458604152746
0.6782514651733731
0.6545454571280156
0.6167515451819477
0.5858430975867971
0.5675858963537512
0.548329354093781
0.5104431884390513
0.39434451270388726
0.21626109104474797
0.07165255516945064
0.03769429022561861
0.05054051486110184
0.06905106646086755
0.08139231207174698
0.08917255504684549
0.08657011627623926
0.08377735117963925
0.0794008076953431
0.07830279940907174
0.07385046903119663
0.057595337652753695
0.038969133232981325
0.03848198622341464
0.10692879421610342
0.2304401352464304
0.3774407274340001
0.4572395859939532
0.4993826776591881
0.5252728652632996
0.5635644913434364
0.5851941954706942
0.6104678194540556
0.625928718255681
0.6271731849263161
0.6098026328208535
0.6033187349202375
0.6075849711803423
0.616748698245968
0.629652185562474
0.647984383082873
0.6670205122093444
0.6653109158061709
0.6369370135850785
0.5753747708571202
0.5040182193998328
0.44788894082486486
0.3838334817704047
0.22298332289748451
0.08019883809417305
0.029555904816620678
0.06804666144722439
0.07354715336365583
0.07578462366868446
0.06835650156614842
0.06304014146714983
0.06386991463992357
0.06455737445020261
0.04896854405469785
0.026432448657590396
0.020585433762831788
0.0589827690405399
0.15456001334313896
0.2803492524812535
0.39250802366493354
0.47216717285195026
0.5329147665202906
0.5772339554816404
0.5917374341621127
0.5914087643902808
0.5985380935684551
0.613641009341462
0.6193019870210625
0.6169479860409451
0.6216318238092362
0.6249675419113424
0.6252566393954728
0.624157179829474
0.6155249525660605
0.5784391829934196
0.49967362711400465
0.3938792743629907
0.27868483234583213
0.15663904616433805
0.0707136645672626
0.05214667403947165
0.07412136628222726
0.07706011836374446
0.07002980091461686
0.07078290046076591
0.07156852750258272
0.06995666372054891
0.06754705909947312
0.06411223798486244
0.04671174409787312
0.02785625357506662
0.06401974575302463
0.1731897513893093
0.3142013634134102
0.4346404528391093
0.5266527273817403
0.5840395966744237
0.6190503704854754
0.6460195804497428
0.6626071202906721
0.6679132137249166
0.6680577808771011
0.6712919968702341
0.6762956496519537
0.6828704867013999
0.6857147212933473
0.6813914918194236
0.6675831883726635
0.6395613533902382
0.5970961923625332
0.5478259130263056
0.5031365748574798
0.4183987774905006
0.2428889554793966
0.08329082325618843
0.025007014248966557
0.0447952578373222
0.05635341585575527
0.06691812738142412
0.07165825066445478
0.06827080618712497
0.06430141543013654
0.06367845575093281
0.061188195132641864
0.058297411126445715
0.046637480533574055
0.034238712178502516
0.04727098179126025
0.12590084787662306
0.2510019930083129
0.37776816889057135
0.4806952660467337
0.5514904708919882
0.5894009447722659
0.6047550511903232
0.617268869383702
0.6277826648232826
0.6348608807697922
0.6363669846320904
0.6364718403728251
0.6380590635081329
0.6387250949173146
0.6405216643674602
0.633359642221021
0.5896272955937473
0.507324438409365
0.4089007780074616
0.3279687075049105
0.2280118314329553
0.12294331156906682
0.04638840458651183
0.037978371631751225
0.05728561021523114
0.07818415464956263
0.07895511758406433
0.06931523562277506
0.06506599210983548
0.06689222458157981
0.06473376281856487
0.06711922565694455
0.06249622656296446
0.07463055462476574
0.13206014195770835
0.24553994055849554
0.3642741374967106
0.46659320462681525
0.5348333557516226
0.5746219707230485
0.5929358142332232
0.6023171522734417
0.6070228465083517
0.6079378033596391
0.6049309485189407
0.6005371137602152
0.6034862856817074
0.6042750193744159
0.6019280886783647
0.5989807297140516
0.5899821360639267
0.5745317050726587
0.5474890962671274
0.5129951182590107
0.41981514518825036
0.24312187645613273
0.08737072075828849
0.028838342687163607
0.03972089407859177
0.034219289038218526
0.029668741653620358
0.023919392826988527
0.016111888522426607
0.015109428791795276
0.019201590038103417
0.025350368713730566
0.026818046364226012
0.02759965036584932
0.05348216421211782
0.1153916431574241
0.20271075114424994
0.2899923148366919
0.3718657884702321
0.441527062415729
0.49518958659670653
0.532328371013633
0.5545407677156509
0.5706643076222083
0.5783292855953172
0.5829450321366257
0.5808399129964841
0.5872895284881626
0.586237753472254
0.5892370449126184
0.5864707519355993
0.5897452818635763
0.5902370063894893
0.5953552844582987
0.5920205250629018
0.5672002105587178
0.5211805961675486
0.45102372329816226
0.3004657888041214
0.1264130019241424
0.020908119333937346
0.017660586902409275
0.023307628553915754
0.01985628424563522
0.015711264973039558
0.018246293302723572
0.018275410633444542
0.016526201929416295
0.016181808413182102
0.01632810178646178
0.015405599495344391
0.052907995251310756
0.14519136024272333
0.2737993454292786
0.4105958682341514
0.5265737106319242
0.6171859546996411
0.6638363436528719
0.6931377006846071
0.702757266276355
0.7201415229403628
0.7322028470129951
0.7381603262334239
0.7351278070783069
0.7298236279840257
0.7248593958964277
0.7205806751583201
0.7070380716351852
0.6857172433557136
0.6489536317597023
0.5850244956017377
0.46366428380852703
0.29201260406940005
0.12738992880289898
0.04111782111025408
0.029924660978750482
0.04350127092241183
0.05006481347489315
0.052943557480515234
0.05264789530757384
0.05450071113331829
0.05738583887066597
0.05885349125419461
0.05764722076266549
0.05220411404593198
0.046694106178473437
0.0358583654950107
0.06932375276810426
0.16039629682232628
0.2875244100923826
0.3984623567624441
0.5001652006611956
0.5789668976869309
0.630192806709397
0.6641495455541663
0.684821355294935
0.6966878322221557
0.7022395561345841
0.7082563194996009
0.7066487629804763
0.6919962259452093
0.6582294361183917
0.6174413763026102
0.5812947362783177
0.5376077485391312
0.4565869113605357
0.2905978899433594
0.11826935113971165
0.026238544328455033
0.032198888374356895
0.045878606848005925
0.053845563011264724
0.05520441960708646
0.05611816137864921
0.053386992383114056
0.05042198598675558
0.042988299693283
0.04043029038967571
0.037616534134382464
0.07393724085105807
0.1696312299680995
0.3060460462368003
0.43268984471540634
0.5251946766741586
0.5942760166818768
0.6401771567200151
0.6642699247188489
0.6705225953197376
0.6753555341479289
0.6828469337644713
0.6784737901303545
0.6776108372766343
0.6822131951718141
0.6831167628707189
0.682471060777848
0.6844228004429659
0.6776555969805572
0.6377333603799277
0.5768322869186896
0.4831029474339408
0.34098166801131774
0.155622687956864
0.04778661711118818
0.03524029792742861
0.062437112996209444
0.06056524622511616
0.0552805467676619
0.05832782297107534
0.058543595817096894
0.0550148415374187
0.047635911340066374
0.04648183956074179
0.04369937201191965
0.03828731004342772
0.031071729596338027
0.03286065547067296
0.07673866443612187
0.18184076269152413
0.3155522183494964
0.4400090019201186
0.5293612372823467
0.5862539751080548
0.6189138703040037
0.6439667848425743
0.6693989457988928
0.6917517646509146
0.7075186511132706
0.7088056448290215
0.7096727186892465
0.7111856602633858
0.7179011470816282
0.7073859929228513
0.6657004167940679
0.5617049786112807
0.4059001981117171
0.20083389504467755
0.06543435938196392
0.027004827090973463
0.0575088884735834
0.06828630271343157
0.07207843349328759
0.07336098334975664
0.07320995686671651
0.0752033969868054
0.07074008688365135
0.06699689257271214
0.06724595631375509
0.06145851342911496
0.04587071797257581
0.03326445448122171
0.0619877264525522
0.14295803594690812
0.24937871316658278
0.35318450306961113
0.45173076689032277
0.5335295236520865
0.5777104050464326
0.6016169144317856
0.621978792244363
0.6391974098534419
0.6408537550603624
0.6367254634828463
0.6326507683206246
0.6274385002643886
0.6119255693457765
0.5849714973986018
0.5371885134043791
0.4426399537160843
0.2573193511458935
0.09385393237694893
0.017666270215471225
0.024282854739618033
0.01924852561452048
0.02156622276774331
0.023471658739907215
0.019330169442643052
0.018291602737963444
0.021084531589475704
0.02062647121102724
0.016079094001023708
0.009358695351458684
0.005310926842101719
0.021686915391552458
0.07652948964861131
0.16431077590834758
0.2686681792396023
0.3840825697813675
0.4856107876708306
0.5544194624911727
0.5851454176372209
0.6033865438997444
0.6159849385829147
0.6278151638746566
0.6396733665577008
0.6476221582448177
0.6478781726333724
0.6399500838184781
0.631914399981108
0.6059563140501799
0.5462192123595568
0.42884090439571504
0.2629642971336715
0.10265813966779543
0.020493665101327746
0.01746773189950303
0.03392272577783573
0.04015647397875457
0.04125990740943319
0.03941421803610024
0.03419215651458125
0.032495781553927
0.02924242767068307
0.022661790737353138
0.02062658576347974
0.03269993802042528
0.07798614629363704
0.17283671800644673
0.3021565304980022
0.4296158317668225
0.5355070960425459
0.6169720244905949
0.6739255601129898
0.6985088202693317
0.7001314564502322
0.6960855833542053
0.6943042416809756
0.6940053790211751
0.6913851168686888
0.6886498348911138
0.6795700356814722
0.6582453568379331
0.6083997154323206
0.5200583223273983
0.38767338094828
0.222894613170679
0.08385002179707007
0.018484948903007784
0.011776580791271024
0.014786291186793069
0.01483461774140007
0.017342756306354578
0.01867358057340014
0.015229209012746703
0.010383814711312951
0.004799267319812831
0.006039324638937428
0.024280301020731674
0.07600851974160423
0.1596822957081823
0.26696626579759547
0.37163711041553726
0.46801988310341214
0.536733955905112
0.5783871585548647
0.599515583255655
0.6170010892758604
0.6313893036438191
0.6421434939230556
0.6502859275448731
0.6507187160982036
0.6469135542090653
0.6444943497947435
0.6473515010465012
0.6479675445270282
0.6305535258988868
0.5785227873039859
0.5049835479595653
0.43005511370292143
0.34805855087318405
0.20939898616976613
0.08823917013523629
0.03189253811044124
0.042872114492481864
0.04117787533448439
0.04514384832351709
0.042858103621874755
0.04105997345675171
0.035496628962853646
0.03155202033031761
0.028017543288297805
0.031146069134058617
0.037699497722672476
0.07834883932624839
0.1588943761145857
0.2650103796280037
0.3611331567788664
0.4505829686412013
0.5193371444631434
0.5707762596596588
0.6100406314553533
0.6333309430394256
0.6395129403088298
0.6373552015665401
0.637456648212013
0.6347801851682083
0.6372157757202307
0.6426241933669077
0.6517359499845988
0.6450333199402559
0.6250427578600344
0.5941261055152174
0.5631795908662744
0.4946354591857904
0.3567892278268095
0.16863663848256685
0.055253032983271284
0.04086224383267582
0.0692023634589276
0.07116185283698084
0.06996886732780189
0.06283571042256145
0.05332443438774853
0.043876145241067754
0.03653682436137572
0.03717616258676341
0.05810981578781773
0.11343299499831735
0.20236458663078133
0.3063827595830031
0.4089634451427912
0.49089999986348576
0.5476290359544049
0.5886909055181634
0.625721138207497
0.6484847251894272
0.6569854309773913
0.6659655261454338
0.6770273755846204
0.680005669089879
0.680780605139553
0.6855706468835553
0.6924989999784229
0.6905950424468783
0.6674678487385053
0.6105264871562288
0.5000710854358129
0.33807992099312906
0.15414809551363917
0.042160094706911
0.018444719265844962
0.03200266823723165
0.030751136135553307
0.03270024443861188
0.03195084214239878
0.02691822225202091
0.020084761924630788
0.014062187962609617
0.03255616947317432
0.10256651413747356
0.20786889346137485
0.3096587459812807
0.40773358169436685
0.49498255638659394
0.5712205493754555
0.6269441265585272
0.6588618188484843
0.665482111499889
0.6666496739018932
0.6765299141935301
0.6937881077966528
0.71236544927787
0.7272653847907636
0.7302630105204931
0.7335145418241587
0.7381230818746003
0.7151171749825286
0.6447447502169948
0.5318826401277158
0.3961405514251793
0.2621806594983075
0.12562822281988714
0.04061859406840962
0.01728371465305158
0.04068103440816469
0.04617823050364247
0.04377431273768518
0.037113906997546554
0.028439192153563726
0.018966679730374685
0.03844121058503149
0.09839661634115901
0.1889546867698053
0.28238483470270986
0.3728420337525754
0.46861773156082587
0.5518881575350006
0.6113709449821738
0.6346071534735366
0.6471465989062847
0.657942483152345
0.6601021666701993
0.6568164365682324
0.6616072178700227
0.6680633999913155
0.6729096941485884
0.6743098117303846
0.6672852750898316
0.6272964094485044
0.5641013136560454
0.465826013065433
0.3330788489899823
0.15667345672309899
0.04356192601775022
0.017434572588979423
0.05099838671523227
0.060997208422716234
0.06418361209492483
0.05929570285266491
0.06008594546970617
0.05404756385767241
0.05819329400025626
0.04529756402273127
0.026171672233615162
0.035335389748146116
0.10605885136125315
0.20142462941241449
0.29343090908890895
0.40797263282485335
0.5066853338233632
0.5622091688561066
0.5884529267193271
0.6211260691466328
0.6453572297029871
0.6521282099223851
0.6530443133941662
0.6497649170892521
0.6390612109586242
0.6215105039893011
0.5949147985511518
0.5357248782428023
0.4099109743271684
0.24393727427715714
0.09730970610272487
0.03161098868640312
0.029057599620764454
0.048792027178012586
0.05201649501437345
0.05353810175058718
0.054387496573545246
0.059974397650002016
0.058100759726845044
0.057772936694679346
0.05467280514126333
0.05588806688440617
0.05471963416104869
0.05441805356275083
0.05440058677783412
0.046891491882174216
0.03264654254937135
0.05412668721178068
0.12048120637511846
0.21885781370682975
0.30975067089247765
0.40340545772427405
0.48327631074782407
0.5463307139837084
0.5836558026340869
0.6091739468096238
0.6255472161849002
0.6379550062939036
0.642220441354451
0.6355014154291967
0.612078946865159
0.5714746827459143
0.5043179996460553
0.394926670621587
0.2175092924740753
0.06596809687671903
0.0
0.009272933208052652
0.006664886195562632
0.012173134161878098
0.021065865713989447
0.022795011311166895
0.01756223103669293
0.018382813358259444
0.03371010811983206
0.04283155539031365
0.052047665313873274
0.05201804347016173
0.03381784629693846
0.02433120339778223
0.0712402779033898
0.18597823235165128
0.3178914008461143
0.4377840324878365
0.5304288247764767
0.6044187987357611
0.6663535765262302
0.7137675271480627
0.7394206501494711
0.7450441924131077
0.7414871339197484
0.738186388081226
0.7364177329451147
0.7327285042201545
0.7089613147486782
0.638489025446102
0.5145691119530994
0.37854488405741227
0.2629066429703445
0.1649643414461294
0.08435534106378191
0.04284296641480589
0.03762972600978598
0.046555285397935665
0.05103496300809536
0.053058594852170536
0.04994796284911067
0.047356947314386486
0.04332578503573811
0.03544938222033204
0.027191269660370686
0.024324787126076736
0.06816708502558189
0.15840406713264885
0.2728481341800211
0.3695144799690796
0.4573537655007923
0.5243660828675207
0.5673295426389796
0.5921713409145425
0.6164133760698608
0.6328949397336578
0.6461039570277314
0.653757439701772
0.6489717966469574
0.6373281783367205
0.6268051559968364
0.6129561679115718
0.5894003210314045
0.539455519997894
0.444840636519546
0.2893253331864552
0.12302287626888213
0.02816633970244432
0.018811580816941852
0.03647738307693883
0.041285164622026055
0.04500445130349487
0.047305111958197255
0.04903715006604278
0.049891158618409856
0.04371354214399095
0.033919988954528746
0.027468399389560128
0.032943669139098936
0.0871994792456951
0.18392246942079152
0.28884834013509364
0.3777518191698355
0.45976653011955176
0.540527740152229
0.6010430870914792
0.6396737347410345
0.6598351219456181
0.6772483853660485
0.6936528721833667
0.7104185590045318
0.7274166985988236
0.7429786998481328
0.7570653217217894
0.7502939201678477
0.716297197397869
0.6675764948128172
0.62594191857275
0.5597281624332933
0.4342797477409875
0.2420575551607553
0.10620023201696324
0.058432869955198724
0.07195218723265388
0.06967941575164859
0.07003903021791456
0.06365227192291266
0.060112050023109515
0.05651161828143352
0.05041298179078431
0.043091680650385544
0.03582343707350964
0.048048742742301156
0.10087756954302372
0.18576928898791542
0.2794617504044643
0.3737962072987303
0.4640638639694017
0.531134856864188
0.567499179743359
0.5842721230788483
0.6004660447878765
0.617391958543768
0.6284244511892586
0.635701391430932
0.6376713975799794
0.6385342584649538
0.6256807219363986
0.5826783421829232
0.495680724370851
0.4008933671226832
0.2983518662727042
0.17768176020915954
0.0699182680873734
0.020946790622414446
0.020281057725164232
0.021569577435362332
0.02185390781514368
0.022755672529099085
0.0291681125582492
0.038612058564667755
0.047669892233521416
0.047385210880617125
0.04011201422465543
0.03171197931832926
0.02817080896932922
0.04713656933682433
0.11234572674987028
0.20314601941817595
0.30494647545920395
0.4118621519572641
0.5141046677380403
0.5917929334546314
0.6445681344870975
0.6866154298628161
0.7126585587586745
0.7278453150771012
0.7369061241144519
0.7490957769905289
0.76284093142238
0.7761851774583839
0.7824287473880992
0.7586583320156964
0.6870839845769483
0.587496228616796
0.48371022515957235
0.395762637165489
0.3231734116542059
0.2432878856833643
0.14374475537771594
0.07415253697568126
0.054872897154162964
0.051522504460206696
0.042357489112992995
0.0394976672652603
0.04004465098757888
0.035444716761884265
0.03262196254707379
0.03127651253188709
0.035746127298804095
0.046456698173158825
0.06269358501144127
