0.9160179011692676
0.9119633651951646
0.903755167926495
0.9001628329674162
0.8980304494390895
0.8996134646700158
0.8996895259035097
0.9019467908416401
0.9004844433746363
0.9033666392050731
0.9036561209919168
0.9019916866118942
0.8960175762482414
0.8911035174465217
0.89198654684212
0.895470926904024
0.8958579244770495
0.8961659193203236
0.8975492817004294
0.8971217196020284
0.8969080258896902
0.900820941613021
0.9026284176490956
0.9051212363087104
0.9065153303725101
0.9094116900421141
0.9085483039803417
0.9081262262892292
0.907438271072699
0.9063853036307932
0.9075338345486772
0.9013442380894138
0.9000008390875048
0.9002693858962995
0.9070474728957078
0.9045764025915412
0.9038488054794496
0.902744202261072
0.9033463138659144
0.9024310635149051
0.9038150262265179
0.8998701415760452
0.8941176583352716
0.8787874016470847
0.8672573803883253
0.8590916022785693
0.8459250367860269
0.7954443064893002
0.7277363978546729
0.6383777746455318
0.5311920004906034
0.4059933185430896
0.2824202062395866
0.14972806439487135
0.05824333657276116
0.02441699613677313
0.026106726467836048
0.022021496190025573
0.02017777396607621
0.020752162782014166
0.016495185580839046
0.015163443291032854
0.013720461431081748
0.014054767274916077
0.013700981058279766
0.016760807734652047
0.017031201898607167
0.012466954984077728
0.018406771213558347
0.08841991797839499
0.21116070995047675
0.34007036638039473
0.43154321329110823
0.5231309845542552
0.6030349278350686
0.6751592327511311
0.7363222891508667
0.7960016790239648
0.8412951050749579
0.8638994539865633
0.8633559219671058
0.8625216635677035
0.8753751502304564
0.8920412105055784
0.8940807125421867
0.9058829434988853
0.9190050896143528
0.9240423154649752
0.9202493290943461
0.921555887846868
0.9248161324356784
0.9286795605710825
0.9336554687732834
0.9223309549234879
0.9164914512509473
0.9046287079518738
0.9101461972463187
0.9078351153982153
0.9182272225861209
0.9137333462202178
0.9117393513902268
0.91008924627225
0.9026880312436294
0.9065583242510606
0.9078271454309422
0.8677183504376573
0.8261764228972975
0.7614872862749276
0.6565115038063807
0.5028797132606855
0.3670444977719297
0.22138523300309224
0.08949941938711939
0.029015425691377914
0.020157875192692493
0.024655184500915528
0.028833128809422476
0.03760776380715857
0.04628770691020525
0.054359077100795565
0.055833260598998215
0.05231400697644555
0.05097624167997524
0.05044038409148879
0.05121712709165279
0.04982520225920688
0.047522853462732946
0.038008928667820886
0.07650833799234963
0.18588130344184836
0.33357709178642675
0.46104910814538586
0.5727096861728772
0.6796909674484772
0.7676535111223405
0.8207057499412651
0.8495805499783834
0.8718220739198499
0.8944256846179698
0.8973716169341938
0.9008967685294559
0.9057191399403042
0.915246824617301
0.9136202109717861
0.9163995564634515
0.9201744433664769
0.9213875143091235
0.9193713804316226
0.9204378386931901
0.9215334266658278
0.9180823021684582
0.9157444338247559
0.9166954921613479
0.9144663072591173
0.9165213302134305
0.9228088122004281
0.9234198151476812
0.9147334991622725
0.9134247146853229
0.904539831040604
0.906589724127811
0.9173314505807901
0.9312508587490518
0.9340460476613008
0.9302007365615075
0.9140627078373529
0.896950037154022
0.8609610331088786
0.7625897152032789
0.6113395109993842
0.4631105398529099
0.31434908160499275
0.15635693198888617
0.04971921649411633
0.021671949725156618
0.037294981760239126
0.048964395347649264
0.054472043216229116
0.056264287206815936
0.057233493030590485
0.05545996316442357
0.05331307535580289
0.04838870683128624
0.04621925901216726
0.041131565800210365
0.031730691952814805
0.04284396650618637
0.12704647076241551
0.2874003125060739
0.47146493899396125
0.619612404693808
0.7343970005021839
0.8063057645620002
0.8546265199700891
0.8759159000820455
0.8849263167532171
0.8819254262593045
0.8802786972363543
0.8838101596197574
0.8901159062569001
0.8950828168184988
0.8825283631391397
0.8726349025624921
0.8616652813270043
0.8705261383580333
0.8651636852235642
0.8683878315509934
0.8556524655825465
0.8546963522829459
0.859022866329633
0.8699279643021377
0.876393829316521
0.8847743068611398
0.8859673798994212
0.8868767161488946
0.8871621330640264
0.889244495062394
0.8622918020928959
0.7897157162865217
0.6517627080232565
0.47790638008051556
0.2821727202997428
0.11715030378621652
0.031468879560180824
0.025228593596479488
0.03268268716800394
0.03402698240235437
0.037949806480256
0.040904109932663864
0.03977242538895236
0.037594557432514025
0.0329435919052777
0.03001200447836765
0.02732170611176399
0.07256403354337392
0.1925582563540449
0.3577277448112478
0.4981212021713448
0.6164916570544345
0.706102109558324
0.7684927736523653
0.8084036199117299
0.8462192614525993
0.8687457991008883
0.8844881989289948
0.895932222035343
0.8993146147073752
0.9019425484555691
0.9039659904890072
0.9065262279958761
0.8996808220564486
0.9023802434147741
0.9083078283922486
0.9149898513500329
0.9145863851480224
0.9203493179452722
0.9270584401195124
0.9258940084096648
0.9211379336777643
0.9189479921775398
0.9132521060841667
0.9009621490661867
0.8939391766232652
0.8845028429707841
0.8694378048973911
0.8410837756414365
0.7963732991882301
0.7001032119785267
0.5574131697644961
0.39770617056463337
0.2233470800585184
0.0819563227097938
0.0067270440937074434
0.003738187798534919
0.0035312292789864237
0.003625364188730039
0.004111022281471667
0.007535340099318051
0.01165461127647034
0.009932562285023292
0.012793575711135766
0.013051944746369218
0.01345739490195011
0.007610935739473869
0.014792133344095244
0.06565773572980443
0.17597242871667707
0.3127000547811613
0.42725581293838644
0.5240268281640604
0.6174600505964609
0.7085235435937928
0.7677259245962317
0.8045740482408618
0.8286321524051902
0.8476501404573981
0.8647015129280258
0.8729165997064694
0.8741805262752583
0.869667169117313
0.8780546345949586
0.8861927098879864
0.8857543165927412
0.8722159492100469
0.8622740738606406
0.8529191054642362
0.8425987148024419
0.8266221333048639
0.8190387567559432
0.8107572404361195
0.792308244336547
0.7683746324987538
0.7412066574076397
0.7086189463253714
0.6443961639584738
0.5490267241497044
0.41855322922831784
0.26745282982365565
0.1335825973904136
0.058671382657257194
0.03419150914737038
0.026676852732899832
0.02075641454646404
0.015709695176206077
0.015290051943076149
0.014369102417673772
0.007705707410754991
0.0035418260146522734
0.00731844708892793
0.012227135148590043
0.011218593927100465
0.006752574703527799
0.01589501509512922
0.08607341567548536
0.20985293712459402
0.3491929568520468
0.46088038753711746
0.5610756459148533
0.6494010078710847
0.734689894472198
0.7927221301835037
0.8303923166792488
0.8491393049081404
0.8695415921679002
0.8873231588397156
0.9027934280139425
0.9095522907154625
0.9131683661252579
0.918082512919003
0.9199707622458978
0.9164641556409493
0.9060375652040524
0.9059459904412898
0.9061167503099249
0.9002237505596266
0.8973011487533376
0.9066292924461121
0.9083251270059604
0.8908882547823519
0.8785308559900308
0.8707227544086357
0.8670524520419692
0.8154371124877687
0.7805477158774758
0.7449466787826494
0.6812725913207701
0.5404204529232741
0.3920146485510734
0.23707963455233919
0.10038799312377183
0.027280974702585305
0.02020999208921502
0.026552957601582747
0.023181220597809294
0.02151373436535559
0.0232324223364442
0.025660745909713987
0.024482184457840617
0.020231344976307058
0.017188811043551584
0.01451305857184389
0.012348646807187603
0.008667857093202202
0.039886227949728285
0.13168180738335844
0.2768748241038536
0.4051126652627005
0.5100829120839548
0.5980113035812544
0.6932750118234611
0.7573278984468215
0.79881777532786
0.8187041113512709
0.8424336797307693
0.8624046255316112
0.8881181268152976
0.9072291514615358
0.9217519440289283
0.9259076567221813
0.9351466108186398
0.9376473688355458
0.9399498165625542
0.9338010880114146
0.9337727206124278
0.9335511101850674
0.9413650935082509
0.9382039801583102
0.9386675140507816
0.9394319233696334
0.9467350891457575
0.9428884751539282
0.9402007404023874
0.9435019624915758
0.9382836466130381
0.9187514330451904
0.8674154876933841
0.8254969920425888
0.7271616241657272
0.5862608813460898
0.417254727581077
0.2454121032942974
0.0897019729975161
0.005783600870752807
0.007765038404138596
0.01881301336192829
0.028239290298563743
0.030706604850234936
0.028695923295256203
0.026288409172729194
0.02863589101388547
0.0338760004281967
0.033183684048641575
0.03233405721546737
0.026264189357827615
0.023070741765973173
0.025670039588233325
0.07233375757302692
0.17389055359171374
0.31156459564054817
0.42892986201971084
0.5188764567695507
0.6025598209947892
0.6837501104413624
0.7508781879946234
0.7918565121244951
0.8116283900002006
0.824828201885403
0.8485161444527782
0.8659357043215091
0.8808047299634456
0.8991607678603416
0.9117868834199132
0.9237589133356775
0.9288988611508312
0.9283460605479429
0.9235321014893574
0.9315913518283404
0.9364346225109202
0.9339992647855971
0.9303368748844073
0.9233313627076203
0.9153449350981989
0.9041006022979119
0.8907847569311885
0.8753854806353293
0.8625904975408036
0.8300860632082245
0.7732727019914517
0.7227448441907763
0.6669398321633665
0.5759220769566392
0.44912278646251863
0.29122618102850023
0.1307843916915767
0.029378376149948517
0.008228326386244692
0.010584679450780343
0.011675738691937691
0.018041738334326114
0.025039906903874812
0.03331874628832176
0.034496359558881175
0.033534136302781334
0.0334511657954971
0.03778302821477166
0.03669172452375577
0.03339889315645762
0.031384140955039136
0.03136010721252716
0.03194759264631512
0.07331614212929652
0.18678316964374855
0.34340589108222547
0.49145077767808465
0.618341768205075
0.7338891263893748
0.820894067699905
0.8444567148442642
0.8836090250344656
0.9001820057285916
0.9061812382244162
0.8943394055339556
0.9309533598755282
0.9658410964939711
0.9332191770045992
0.9208961604437366
0.9400842733684608
0.9905357851004332
0.9602525269540112
0.9493576435396845
0.9594636086374021
0.9786667677876137
0.9716656768541463
0.9370476799862532
0.9242557996681021
0.9333789658598161
0.9231678919399486
0.9096554136109765
0.8755939598450638
0.8592576001874798
0.7584690755766184
0.6301689575036902
0.43887640348342666
0.24439816192918543
0.08947588046974435
0.019683273706520607
0.02950175377299413
0.03814281296849973
0.03894117038129262
0.03786108558254004
0.03818944645126696
0.03923219665275728
0.04222289476373209
0.044101398724391845
0.04161219658587586
0.033137645520764446
0.029591262957070253
0.048852353083447826
0.1428429297905178
0.29376969719624546
0.44916210797752587
0.5709964976504991
0.6786245046765772
0.7672519008779972
0.8283099388602959
0.8575249079926928
0.8750231054477248
0.8796389088666582
0.9013578293461769
0.9254893219661776
0.9530972825562591
0.9671246195966815
0.9586514907476239
0.9308351288320428
0.938055976349457
0.9650136310079516
0.9524635057245266
0.9366300793235842
0.9640013321122238
0.9525846491767177
0.9346721669259772
0.9369511282117531
0.9651743510335912
0.968243488960733
0.9440013438949261
0.9092059106156101
0.861861805742052
0.8495113829422545
0.8187299197450253
0.7339871452888838
0.5733472807711906
0.38054258239680444
0.18485804506047773
0.04419815853150034
0.002650359978146855
0.022157571795683267
0.036778696153670014
0.04650411388721489
0.053793295334963985
0.053712818424338546
0.057493825828620504
0.0564852214137926
0.0544291001342222
0.050774092469800115
0.050617027463071056
0.048042709276205034
0.04223518705409764
0.042946218156016694
0.09960858457588478
0.2229666140855008
0.36713199502665494
0.4895604994014605
0.5816047334622367
0.6678766397766517
0.7392721030948435
0.7966098442810134
0.837631825411001
0.8628390033581292
0.9011704790651099
0.9112393529083125
0.9149569070855983
0.8647994706687582
0.8572807663286931
0.8506110500773512
0.8831630813536979
0.8888393737159267
0.9159376638068827
0.9204020978342263
0.9189571293502734
0.902911899679457
0.8701282111804073
0.8773963162468223
0.8771093984796939
0.9062404020063586
0.880982644356153
0.8741166121677069
0.8071694577393156
0.6944927380986338
0.5175177931999358
0.3033931082246482
0.12183391397614649
0.01831042632186017
0.007517399367807486
0.02113356150342569
0.031931915634114814
0.041732315830693645
0.040428250869157946
0.04266660889578776
0.04191241160574885
0.04256077707589805
0.04088640923903318
0.039716385759721355
0.037350609073109546
0.037011552803277226
0.031590071846034226
0.0512950291789023
0.15156908646472536
0.30746229840378525
0.4530484717788529
0.5560523918105451
0.6405444361093635
0.7306482358528794
0.8095053486425883
0.8631343994074994
0.8513289517540072
0.8778482121444922
0.8703536440758655
0.8769796701325537
0.8869463973157683
0.9349444733039612
0.963801566484758
0.9270071870262727
0.8887602494194631
0.8622538417094647
0.9359737110338526
0.9025309866833945
0.8865723519475445
0.8417570538326039
0.8962774483952157
0.8514900938289492
0.8735953820338189
0.8662972568636998
0.9385874924749592
0.8526348659040742
0.816601863588966
0.7754215965841678
0.7317964987965444
0.5500962354985216
0.3774780086765546
0.20430239692328034
0.06573857068304755
0.013472838549097697
0.028775575675663634
0.05075990341266448
0.06485245518530267
0.07067886798054868
0.07163692232132968
0.0730113235677855
0.07178736158219787
0.06846915657134131
0.06850989657521953
0.06818996362263574
0.06499465936891141
0.05636725322812461
0.04773826671186145
0.05889592514347053
0.1417478163379941
0.29254329955006175
0.4513736229416375
0.5834911026134475
0.6993233966241164
0.779973567005354
0.8362850527056388
0.8661316231036394
0.8856602211894956
0.9129966813110207
0.9247060713843003
0.9395242108496634
0.9598714306349413
0.9081944958163427
0.8874016650711714
0.8862897798162231
0.9325351665554307
0.9130909963329915
0.9390499350241652
0.9452224518547881
0.9418372049750399
0.9153461701402085
0.9084296477413928
0.9164358446140611
0.9380681971389935
0.9062354613519961
0.8896392631591189
0.8340473283443239
0.8359517868905467
0.8196849589948192
0.7384573851697672
0.5658770736151053
0.40125052336484385
0.23466005060729034
0.08464402306743286
0.014505741047022217
0.014578703078952879
0.021001073997648962
0.024828723245793407
0.02754023798710256
0.028209255911934118
0.02728297824559334
0.026249783526310015
0.03005173221554755
0.028012555392103917
0.027756276938158908
0.027619485153405073
0.02978487428049821
0.049405780562345035
0.13269362594443385
0.27103202473636573
0.41102853881364687
0.517189519047177
0.6027958702430166
0.6850827688593234
0.7474881689939906
0.7959221052552953
0.8279335976907649
0.8542419296391999
0.864910003300034
0.894851382291697
0.9253284652532422
0.8584149540243589
0.8352677452469571
0.8527003316560657
0.9341233797139442
0.897190284250896
0.90879825817947
0.9131478814610082
0.9403654922162185
0.9384576562151653
0.8987009421093965
0.8631019934755314
0.7837291468308856
0.665795718530294
0.4851919052816075
0.28774958328915134
0.11699503959183069
0.02179387572809916
0.019648291800122692
0.03227568056444617
0.046884213326768676
0.0583879605509298
0.06135522328089461
0.06244757975034519
0.06330370032402534
0.060751330938335575
0.06003224312460261
0.059608023135963445
0.06147529513171608
0.05934211454236201
0.058347318094660296
0.09050713532865766
0.19157789444307669
0.3364041712545058
0.4716205546299854
0.5897343804508696
0.6995271659081304
0.7916746431122323
0.8497181473328718
0.8849996351403674
0.892104909626215
0.9124252922718779
0.9177307286257409
0.9202411812419535
0.9125940889075211
0.9331946638443304
0.9248187636567647
0.9118270491761552
0.9036078527015386
0.891697140967525
0.8990468801644546
0.9232546340141972
0.8986402516787118
0.8806399812882199
0.8761306684541792
0.864147768695004
0.7480014773099423
0.606591304193628
0.43708350584004374
0.25234771610261514
0.09600042405738322
0.018324253443899013
0.024429655573955645
0.038637926430730656
0.050282809270501126
0.06469648841160316
0.07824545056463156
0.08547976551964054
0.07959355049932258
0.07804020149715546
0.07411867909469819
0.07708684156607785
0.0746229218175888
0.07658654714734836
0.07343649733785368
0.06436751145352684
0.06214134286153677
0.10604258226928949
0.2208563783353824
0.36287329577064786
0.4940803108788524
0.6123292676420636
0.7202007218593086
0.7902896184311395
0.8401188440641009
0.8762040634453739
0.9122425880266707
0.9269002556471075
0.9436490382669449
0.9342499211298304
0.9380183881257407
0.9334698327581468
0.9230715791233348
0.8972867501009741
0.872972165791649
0.894769583377563
0.9050960547374128
0.9303855407680793
0.9333427971396334
0.9365022553849282
0.914056533509911
0.9106831786213262
0.9243145621086817
0.9149852270800359
0.8734665892440697
0.8010935876560881
0.6808428852558777
0.5262880462107061
0.3303838742328818
0.15138041652349415
0.041551525329427186
0.020932860667242984
0.042473914834585326
0.05406392045217397
0.06076879056450054
0.061781171875473634
0.0668567505647454
0.0656449828384315
0.06446864846496951
0.06466691758430229
0.06327118509238262
0.0628438514779919
0.06642990597136395
0.06431534792067285
0.07497870280233235
0.14092808426582856
0.26980034572571804
0.4141110683231114
0.5252417522421847
0.6199642947116679
0.6955217025832667
0.7572304652328593
0.7927625711497248
0.8309185213864153
0.865069580749361
0.8897169906020527
0.9045006853463009
0.896256295258571
0.9115708286536423
0.9233814004915432
0.9462575632792349
0.9444756649666239
0.9519298733256418
0.9516254755407182
0.9548939366573521
0.9559287346537843
0.9541452778774377
0.9527767280686956
0.9514504220027878
0.9385815953085774
0.8976596119551278
0.8357672774881628
0.7194778306185979
0.5720912982539724
0.3883534443447856
0.19772383160374946
0.05452555475320331
0.008393252053817258
0.020350925635791578
0.026074458884498452
0.03631227002006653
0.0401951439977174
0.036764222576743694
0.03925591272407966
0.0450884757637353
0.04781150484328009
0.04668083464753478
0.04532575701615737
0.04604573210138362
0.05084948476709146
0.08698077104026174
0.1798917622782296
0.3201665241511001
0.44328214969063856
0.5388274012534924
0.6237286357091567
0.706963162800921
0.7663600021858372
0.8147851150700626
0.8181993821384043
0.8263832644466342
0.8344889289911945
0.8590563158971013
0.8733398374121282
0.8942929625325782
0.905961417561085
0.9027632691350421
0.8984051096412469
0.9035106328588465
0.9152471410390091
0.8969200807735188
0.896921907549375
0.8913853908191581
0.9179735903251903
0.8930039362550227
0.8945752343783343
0.8908731268472041
0.9168793892368737
0.9033334790994206
0.8306821487713798
0.756810934055422
0.6620559481545836
0.6111629598007352
0.5362775361441299
0.445018514694025
0.261727031819163
0.1099224040376351
0.03000071483888987
0.02516036378542962
0.026948407207185558
0.029857555963278094
0.03625935142817406
0.03414797987539682
0.029659678689260845
0.024659049600549363
0.024735176756233834
0.02477169664983409
0.02809196661779837
0.031270171246475964
0.02976067652565633
0.04128564157154541
0.09276404147964787
0.188802065725927
0.3078965461844004
0.4052008577046298
0.48488624485987397
0.556351838692416
0.6320284329603456
0.6929958686530134
0.7421908840246835
0.7801628388406682
0.8074100116059972
0.8434746216074015
0.8792580559714237
0.9057192851467142
0.9138841733821972
0.9233135135569843
0.9359367944849735
0.9477824707738708
0.9557707436030108
0.9582733348730113
0.9614895696409586
0.9587329021601534
0.9555811549367567
0.9499389047800836
0.946652356659319
0.9388734154766127
0.9203286479227252
0.8630679992651927
0.7473140985190978
0.585325582404056
0.3991428236688941
0.20016854355196786
0.05986507898421634
0.010527112384877677
0.022694941568908385
0.026454073091254412
0.02844294042851189
0.03021178711496543
0.03246004254509006
0.03280782506226209
0.03268841788207739
0.032122998218130284
0.0323321098810555
0.035272517002128474
0.03672403541152054
0.03374200703000593
0.030542065825777204
0.03096374250854482
0.03055517252605777
0.025565956680651605
0.06356036928251957
0.16967045176068307
0.32007768807712345
0.4500208037015793
0.5526369432703468
0.6407121244615298
0.7179707984983202
0.7739673924108852
0.8292250897040591
0.8394984618811703
0.8594982830780918
0.8772865473651712
0.8888399713428157
0.8958220278579297
0.8749586001193861
0.9101878872136117
0.8769329868369367
0.9098142612084205
0.8723892678406135
0.9044007087043109
0.8979777406710632
0.9222651901293032
0.9068882626150229
0.9106346815191931
0.8794145396142041
0.8952310061630002
0.8925434843841714
0.8854932602607453
0.8132821528604995
0.7748713094642452
0.6793615905553761
0.5533317421469318
0.4116969138843303
0.25374496059409746
0.09953262533074675
0.011653803480226875
0.010385357372387114
0.021219923707795983
0.02903872625056413
0.029254215773706023
0.03340838949409659
0.03264125927897741
0.030042853781565727
0.02795268011556796
0.027526500126720706
0.02941467297394433
0.02654110547573128
0.034656071941348794
0.05370574498148882
0.12861448732007438
0.25474331990207205
0.38946355497024965
0.48864284765696564
0.5654858042556247
0.6363757950521158
0.7087076004988472
0.7702200640643255
0.799524165325355
0.830072394615552
0.8548353584955101
0.8665651815702975
0.8159632732835674
0.832884316658827
0.8900214362695867
0.933907937702544
0.9040111308686347
0.900650220866002
0.9321455361141595
0.9385009518297799
0.935217465039551
0.9297865219080478
0.9315388213790473
0.9177521050579136
0.9164521484988989
0.9070821226523135
0.9006979995244105
0.8790259981373223
0.8505695458826364
0.7932423282103067
0.7183583105489119
0.6100737846493095
0.4937863199402979
0.34935696257618465
0.18001696839312303
0.053755749549074465
0.012264775444443583
0.02499787069548348
0.02652767928096828
0.02927893603921778
0.02857923203674826
0.02809030285167306
0.025147798705636607
0.026164754306108876
0.028089237476486326
0.029660501088294412
0.033835988481611325
0.03666324901203284
0.04054241741857611
0.07704930180573306
0.16964090863742748
0.312308415187655
0.44482315048848015
0.5498210211770858
0.6390418813562434
0.7295763956914126
0.7915264416118533
0.8141048639142149
0.8202102495245367
0.868375662233974
0.8651141216468162
0.8645493740494399
0.877585306630367
0.9336707046746548
0.9403775250140093
0.94290514307116
0.9466925587386533
0.9245576926163673
0.9249196467486044
0.9249658792356031
0.942807420858967
0.9390926022196546
0.9366530596633286
0.9211679931396667
0.9136406393890105
0.8919930214957315
0.8571442632993733
0.8001853817629268
0.7194447340011888
0.6093481775915484
0.5014790899721191
0.3814189909138362
0.23428578836376013
0.09512656969119283
0.02170139773287469
0.010672407425223688
0.011757609941466437
0.0184282398994321
0.026227260262078948
0.03400265250097451
0.03336705309477032
0.032346521441725284
0.028329487639292272
0.02685405948908323
0.02659525857286125
0.024016106088786453
0.02145381353133412
0.032627229116356536
0.07519360062317847
0.18174041432682736
0.3261481201984648
0.459987070142787
0.5596812651689755
0.6617910347931582
0.747121404527115
0.818671474248187
0.8536953006448597
0.8810120748314139
0.9135405435271319
0.9488543874960048
0.9602971814286297
0.9634067554349733
0.9774508921681792
0.9847487351513899
0.9830407542574494
0.9897767609347468
1.0
0.9915231929842404
0.9755389552154726
0.9729676563341775
0.9757611161238131
0.9802430699929076
0.9870355139641732
0.9697545851485431
0.9587256906229203
0.9782755999058995
0.9982098811473981
0.9832746055825584
0.9726474250932894
0.9633666978288675
0.9377948416826974
0.8776839066178079
0.8000562027781307
0.6836858075795744
0.5561552112300505
0.4038632400862094
0.22846676338179
0.0756130519614873
0.002316607220473732
0.009163491582902614
0.019119214264875353
0.0318286585042955
0.03333908045939059
0.04155983998464838
0.04291180378417205
0.042433822920784604
0.039048793652549194
0.044764194020835306
0.04725879235095291
0.04718186298255712
0.07103785785656207
0.15567546314773736
0.29657121123937147
0.43183415065623415
0.5348172790263712
0.6082043359423789
0.6841492486105273
0.7477831631834131
0.7951062623202467
0.821358115042318
0.8578868708493738
0.8830322796719108
0.9055114976883323
0.9198694417764277
0.9383878475267552
0.943230212518436
0.9527658530958059
0.9552538005850033
0.9403252692899177
0.9171302532381002
0.9060738633720952
0.9058691380905647
0.9153066120014304
0.9134978628349228
0.8910639557757236
0.8876244924981684
0.875241085397043
0.8989701615542477
0.8737555822060993
0.8951498550616651
0.8334396431152986
0.8651424622137535
0.8401448505476576
0.8800005869551137
0.8394487475442802
0.8396250105070879
0.7450765674345788
0.6178256690663756
0.4454834789529566
0.25248976253145106
0.09679140607266702
0.027641050053474454
0.04445722424798586
0.05443367529642765
0.055993103006792375
0.05540380682102649
0.057141767930763095
0.05540441450495253
0.05261716184295331
0.04959443188747231
0.047765021067564396
0.05026631216076103
0.07708920638810592
0.1569337828447759
0.2867762621285955
0.42396237422817024
0.533664210428518
0.6234423427039688
0.7086702702205803
0.7771905044042643
0.8359588592650593
0.8759286445057645
0.9080798026974866
0.9172745491108689
0.9358171329568281
0.9499896359786701
0.9589471198242041
0.9483818006757051
0.9479540164331846
0.9570416074293671
0.957700147729652
0.9656573407329667
0.9792070035213676
0.9881994833562352
0.9519010915945698
0.9377635903928783
0.9537788651005925
0.9680814907260821
0.9692570970724887
0.9261895877593948
0.9149824999499763
0.8903465898442692
0.9178292188083111
0.9093172150529787
0.9294659084830388
0.8854073915104392
0.8670092967968845
0.8361988699473444
0.8373612128771897
0.7582474296754703
0.6194805360924022
0.4290267288116589
0.23272958496629784
0.08671367573887687
0.02455681745996528
0.04872438498189888
0.06429086006795695
0.06914964666670889
0.065413871089201
0.06371254602614218
0.06218032782430717
0.06610108920848651
0.06554924844016187
0.06543735285748714
0.057673931135993624
0.05969521299050832
0.12132939906636532
0.24708161574513485
0.38525574469342605
0.4988551821975869
0.607679357697746
0.710554411529403
0.7823340651809296
0.836980789695544
0.8783634023262258
0.8911113953700178
0.9082692671749992
0.9445518733302358
0.9676970044480909
0.9560183692179034
0.9419287874651301
0.8935693649649442
0.881330553857466
0.9212508662599924
0.9627157462533649
0.9352687253327556
0.8659412067919807
0.880720862367966
0.8574385775464001
0.8628611102739909
0.8422829775797341
0.8515637711844148
0.8185945494145563
0.8580722260134326
0.8857784443960777
0.9159130862499726
0.8422778522515532
0.8305968241865515
0.8215780368007379
0.8419501931407307
0.7173977571362422
0.5619224970859176
0.4035994966312044
0.21973348928957623
0.07569235003489405
0.018298592662698066
0.037558165439962425
0.04731505945729447
0.049301947577736344
0.04795954376746979
0.05092954521181693
0.04816153942531642
0.04856130226883973
0.05151214786388837
0.05335529403340754
0.045973606506583706
0.05177351538787128
0.08617491630001929
0.17902528925701505
0.30996203664053884
0.4233550061518016
0.5065783422740406
0.5846201797907083
0.677861989401484
0.7459049224705308
0.7924897845912587
0.8241856321773164
0.8440310958873954
0.8594651625630516
0.8487420825379206
0.8886960962441139
0.8880820963194646
0.8900289288518135
0.8814157784958163
0.9022759228052726
0.9006917034390175
0.9116368217759111
0.9201181896250549
0.9224134217421459
0.9371003644749926
0.9540947428082938
0.9577095229154136
0.9677835033091448
0.9773999510617516
0.9767467071097664
0.9752811932156014
0.9772211073001296
0.9682139943755584
0.9629893866225085
0.9480194093903289
0.9414662578797096
0.9316860961957789
0.9159022828689933
0.896974050323991
0.904179902678966
0.8563846916858786
0.8052124216888197
0.7112169234933859
0.5946421234812378
0.3746565933988063
0.16889241703510147
0.032942378660885965
0.0
0.0269397614730319
0.04190733546897567
0.046582989856768196
0.04554642240897819
0.04705671579634129
0.0536324744014719
0.05410349086329775
0.05000582541159548
0.044760617540143856
0.043209582606529864
0.05798498495326714
0.08453900010364909
0.16446370002269117
0.28758472502089755
0.4219010637728136
0.5190811249075371
0.6021996239160522
0.682433996751624
0.7489380046202062
0.782430966844852
0.8129400884874236
0.8486138493971
0.890768882561736
0.9058894976969513
0.9033883624666452
0.8845186285983143
0.8692759169869659
0.8710255403497217
0.8915301483182313
0.9200055575385457
0.9104350339257636
0.9205012117151675
0.9105938708184828
0.9119182644567686
0.8822019109185069
0.8852138189722689
0.9195906408507851
0.9111811828312901
0.9135705412833571
0.9022372088961039
0.9292824961927878
0.906522632595189
0.9155830924125519
0.9244720001746382
0.947972813237391
0.9246137550588545
0.9258144754054086
0.8887518465972567
0.8942501253945613
0.8568444196766257
0.8565790360996359
0.7712443675619934
0.6469621720629861
0.4814452837568096
0.2959480678713714
0.11828883328174811
0.021278334435907157
0.02564907521302033
0.045593497074819446
0.048181370993559264
0.0444749025365251
0.047025518082971944
0.0522442846652713
0.05492434988614042
0.05364888738840124
0.05500247427208473
0.05787849707832787
0.05746621690748528
0.06821367109860312
0.12789894807737978
0.23500017583670108
0.36175571941128676
0.4620221798350417
0.5596489956104175
0.6456258387939499
0.7245801384628211
0.7764423322909771
0.8149571225267755
0.835678170200066
0.8620257188928943
0.8761818004596944
0.8844445637137611
0.8572563134915194
0.8600504344336699
0.8801868580960679
0.9130515531870234
0.9062152611595515
0.9089176192434955
0.9214894980813663
0.9225559469528272
0.9222894283284137
0.9023714964944982
0.8941063143095064
0.8883157367043817
0.9089298267615055
0.8897877920172653
0.9005535935281014
0.8982707683523438
0.9174719166832945
0.9129220163807049
0.9368463387211313
0.9091417845524893
0.8969934313888215
0.9110391863126435
0.879265040291928
0.8558089110370786
0.8201886815945285
0.7874010318950263
0.6407249635180052
0.48961562824471494
0.29968547105021803
0.13489074670590548
0.036663407403672146
0.019034676626811107
0.026145735010876664
0.02867303820379694
0.03188898237422342
0.03146643051531903
0.033409846899995
0.03281463335879005
0.032495515046674264
0.03021880718896795
0.028966995730655205
0.04465422794256536
0.11306513307470106
0.22901079294968135
0.358373421155475
0.46768972939314807
0.576178263783163
0.6796280876092443
0.7730094839459887
0.8284195934102514
0.8450179449661542
0.8770790030921013
0.9245702116554453
0.934934353298138
0.9273734074133273
0.9369577796360978
0.9679903227132147
0.9682594348544634
0.9661726819818639
0.9301301739807597
0.9323256048756083
0.9518433420733117
0.9658354231484213
0.9591415184461234
0.960362988306955
0.9615981782117915
0.9420698717977325
0.9524356581444433
0.9360554260350527
0.9451795850898043
0.9608022078560648
0.9874375109787668
0.9567844292465004
0.9385686796576632
0.9495421958611322
0.9632202224094331
0.9692105510990308
0.9408646688550241
0.9046323357478799
0.7985461894257538
0.7699031835837694
0.727364995286356
0.6478754129649463
0.4722346602052895
0.3092274959035115
0.15125687035066812
0.044872944186044164
0.02608810288998445
0.039677399040876755
0.03999656306011388
0.03475438949910429
0.033791241292200375
0.033493599101465134
0.03213135994581516
0.02992830585400692
0.027870368661817496
0.03047883279890635
0.03461192746235762
0.042629976691663615
0.08908101192012965
0.2012080239902035
0.3323771576441978
0.43739304520697897
0.5288823088869388
0.6143007885221784
0.6935211245593644
0.7570661985103795
0.8099171082148467
0.8374769545135589
0.8440403376528381
0.8732116799994503
0.9076711734057648
0.9218313280202778
0.9258130500213292
0.9377607254239421
0.9407250057161373
0.9415224280009963
0.925385680868185
0.911773272643665
0.9157312411857005
0.9287793004847461
0.8773581967640603
0.8919851895441144
0.9270291950974039
0.9391131577553556
0.9058013566640443
0.920131344304169
0.9038275986552282
0.89770978655456
0.9128093592174105
0.954613288863437
0.9303380766606908
0.9030489570119691
0.8608995448460166
0.843599856347719
0.8216456115591214
0.8051056190903455
0.7119062866188072
0.5579357834598311
0.39720893925308365
0.22512393772700054
0.08542919602342647
0.023127632662961466
0.02852314552734305
0.027981987949680313
0.024535437584633602
0.027081921774668
0.024899019299940133
0.023086975733727314
0.020348771115608198
0.020971507106334032
0.02350641316791998
0.022384710270300374
0.03909415370835992
0.0874571650127164
0.18714183649221888
0.32003008306563724
0.43741020657535595
0.5212903664949957
0.5935562261185161
0.6891104131564421
0.7738220969299886
0.8217195126884123
0.8417499529701916
0.8635955988730096
0.8778870957839318
0.8999783297272523
0.8745155620906746
0.876412863760013
0.8699622313915893
0.9117364155272684
0.916669969381992
0.9431774919869799
0.946264079793824
0.9693452324845879
0.9276552986834414
0.9253739694806888
0.9226125568565945
0.9745771568465063
0.8997049719558049
0.8813108496312403
0.8874252360000124
0.9207623620573733
0.9013859443429286
0.907799083383788
0.9011870824944418
0.9070965263227145
0.8670487511959868
0.8735701040266423
0.8692761821032299
0.8821169006255213
0.8282000920142675
0.8002661839979129
0.7462552744578291
0.6347120664330514
0.4955179371993592
0.3558988492854055
0.19424346533367015
0.07386976776194891
0.02063485337380083
0.024405290659316743
0.022211339338295565
0.024525645778935005
0.02396771192257254
0.02824898925385721
0.024590616010759236
0.02348312934243046
0.021039887307204935
0.019903720000783824
0.02232917419475497
0.03794064745699979
0.10247595500938379
0.1977665828027111
0.323061238522625
0.4371319551827737
0.5502318626875151
0.6374366007825316
0.7162549556302013
0.7799080975433751
0.8291637280658467
0.8606814087524397
0.8828234701708286
0.8944717569848911
0.9095002778031339
0.9079872261707069
0.8956804056351101
0.8833282569446111
0.905061240634603
0.9297575963361784
0.9412088936441684
0.931615339420602
0.9354476151243643
0.941781135569929
0.9475306039828361
0.9355940200936655
0.9477600630668568
0.9456545180516237
0.9074978941529768
0.8967736977147193
0.9262294571026305
0.9423923971600309
0.9163389054159357
0.9284887074960824
0.9277140294303305
0.8989735062640412
0.8936862591275729
0.8969294965925209
0.870251718794579
0.8215432680079183
0.7497605273329974
0.6132521368766335
0.45133998753484755
0.2889205432521381
0.1368293393702666
0.042461886606668636
0.027356268940987787
0.03660044932600404
0.03717244927046367
0.036989544566429076
0.03958065241356532
0.042948753144532226
0.042367238314371634
0.04087802786138942
0.041664258178268146
0.041236795130125396
0.03763391798578039
0.053198901694665734
0.10484882576510834
0.18625677811508876
0.2823036105423594
0.37681624817423026
0.46097674561897645
0.5244041598128648
0.5784384779515251
0.6324053947775156
0.666173773949644
0.6897218377113696
0.7035436175532477
0.7156695968423936
0.7181977850023383
0.7344451448856103
0.7636241948362219
0.7841654144479675
0.8040136257709575
0.8329838779612638
0.8721433076359649
0.8896503042433964
0.8960818114191887
0.9098472071444701
0.9292256518483146
0.9258535877608673
0.9172602456942642
0.9247848829677435
0.9379308414590793
0.938205191637923
0.9279904013749771
0.915275213803293
0.9021027572439566
