-0.2560112664720535
-0.06508083721942659
-0.05570922779869287
0.01830593390598742
-0.179379621051034
-0.013364105020847583
0.13096411085409532
0.00013808396842023091
-0.16172106928508434
-0.3087453258615128
-0.05048916183753308
-0.05475546515466396
0.06491982651372116
0.005743852169018288
0.09858626105620005
0.2599463255205522
0.3579097475382873
0.06657729779560445
-0.4196377864391426
0.03393096422607509
-0.1419917211140561
0.20442784201788172
-0.3448116822322795
0.23907929198656916
-0.4410819691425111
0.3546219545834617
0.3954811317972249
0.026533306563646945
-0.8461288809726152
-0.6400623034288496
-0.0637324578654595
-0.06251668637071872
0.07492695839877381
0.047337735787665466
-0.043319314483428975
0.07275224975009893
-0.007506700111090827
0.2788234190498749
0.061247895650488424
-0.26306286769139897
0.2666575518219127
0.8065463757409417
0.5396790877340224
-0.16591373699566725
0.13862255261875847
-0.028836281860962477
-0.016978734605102533
0.10186001557746407
0.03310540377687072
-0.09449457540802424
0.0033696337481632973
0.05014850729298775
-0.013466127747789087
0.03611855031945822
0.0697971437918197
0.027253295337169196
-0.024513208017560243
-0.01146480927020594
-0.0010517022128202237
-0.011650986704931381
-0.00029041686659854514
-0.010725995307704883
-0.05154340550726631
-0.07511444602141827
-0.12273673217905118
-0.14989796255162546
-0.27096749594703196
-0.3271440848396141
-0.5341615053781492
-0.6484658789384665
-0.6366892192027329
-0.3207721469723285
-0.037956334235206335
0.07854216418697983
0.015943627728560967
-0.005737560837138142
-0.05128307274157547
-0.06364144664556484
-0.009409930634123414
0.045568610647151
-0.06374765164336064
-0.018555393937290807
0.04931511155502989
0.03594956715048127
-0.09004498613918563
0.0043409925521220505
0.0292028928248983
0.047245755205415324
0.11627869797329145
0.30107091370206124
0.36949583670636293
0.4050279359302973
0.3906098916564011
0.3313315728543992
0.20026436308232026
0.1511156330166055
0.1310445176952476
0.11097184515131499
0.08161995954237494
0.06956303688802479
0.05848396423429166
0.07684244991769748
0.06749580071621755
0.0469549302962164
0.04195040393049131
0.06435599541481693
0.044660975395304524
0.021698302410641718
0.017948774452704926
0.01661647023227182
0.008336961966748704
0.00943654967235538
0.009066153091139692
0.007097011837066708
0.0009965202746994727
-0.0020211427272340036
-0.004494237681975583
0.0006154421014184121
0.011670541560040479
0.011639163159635762
-0.0028863251503633562
0.00194562231453998
-0.003155079696328484
-0.0031999286472747792
-0.004235853051526769
-0.0031059284432599556
-0.018504744206717785
-0.022157419702187733
-0.024632576989158717
-0.0050714726287905305
-0.03700256248164853
-0.11452924388194541
-0.19586148304184495
-0.2554207428939626
-0.3478452822072411
-0.5768888203902526
-0.7715693002548877
-0.5972969326994355
-0.24817271904764035
-0.036491888048529285
0.008094244372764691
0.03797202942529692
-0.00666537695631059
-0.05779084626339098
-0.010579744528766671
0.06872216507102581
0.07593029508846875
0.027028298418257612
0.0279851968741435
0.17204735337218055
0.2886452512973348
0.32870621524094096
0.39981279725494734
0.38469991396181896
0.287896363408267
0.14626678603081103
0.1336309796279108
0.08735357372924493
0.08514635545636748
0.06529671123678099
0.06703246563970415
0.024752874990872104
0.04622903607247247
0.044503318951818846
0.051878346611050535
0.02964197163521354
0.04399427010270011
0.020941978573067125
0.037074403266395765
0.05779392586893712
0.0590676954700216
0.03697952860332465
0.015712495613132347
0.03960387987396495
0.008599699206705122
0.002252514395047783
0.011958038050229053
0.022533691200812455
-0.00041347036293841693
-0.006953934463104655
0.020775769993042457
0.01619821397597906
-0.0023575189918917656
0.0018315791619857406
-0.009674248663608047
-0.003808976359101648
-0.032895645707345336
-0.05046686346318374
-0.10105390325724646
-0.14618463010883892
-0.2296272955571164
-0.31578374801614606
-0.7022226768598469
-0.8807131869222573
-0.6546807962786355
-0.10223190856212785
0.023641597799753458
0.028271748875864554
-0.0023898364504839815
0.034356733719920735
0.010758920355855161
-0.024644503183829505
-0.030479809681715674
-0.0005774637382796465
-0.0018480837374877978
-0.08032333662770866
0.07189508347201648
0.2856496059620737
0.390136178094453
0.34525971375207976
0.4280781574736846
0.4137099730597724
0.31624535388528047
0.1967635028221585
0.1482986205749017
0.10393470290554983
0.10143719453803804
0.10883754253635188
0.0780532023672262
0.05927739984653261
0.06698870350034795
0.07571063528417889
0.06733434036344364
0.04553705938410076
0.029292986972370535
0.013351114877138078
0.026505108831819026
0.030678101094473276
0.02174633128203198
-0.005457015025639977
0.006762133530695732
0.010681043755537677
0.01644325658041988
-0.008502798010133324
0.0037060648820133953
-0.003981220517333565
-0.0062028766389278555
-0.021456804200148002
-0.009417348567007764
-0.0013569886375547264
-0.019302313934352493
-0.0445820819229747
-0.05636884128910636
-0.12571632676378097
-0.2245723480771229
-0.34214516661228306
-0.778907074101453
-1.0
-0.6510333862746779
-0.08530752333399172
0.03117849499161255
-0.01945867149974747
0.007759885478326762
0.0011677651449332543
0.017306873701674986
-0.012594943812248996
0.02049802863768202
-0.008138941636991982
-0.02807365077712171
-0.07392756923118352
0.10579163674629094
0.3420904349099752
0.5007497124697434
0.5319285584821014
0.4632535866166116
0.37376100279963775
0.25494115746218715
0.1838398306563562
0.10410300203262825
0.07427155058837029
0.07040391823689797
0.06719751923949667
0.058889283753256055
0.050425614742347684
0.07297543156759917
0.04209526293829388
0.028114774482611606
0.015596009056439345
0.031586153412415253
0.00831194555350362
0.006961457576356595
-0.0023386898068606713
-0.011668531683605822
-0.0027691709586893623
0.009663089508219726
-0.004274866829179688
-0.010830877114546953
-0.008875840429582251
-0.0171932217804951
-0.03057888025527222
-0.029232889634889198
-0.07039006237606867
-0.15197523405314564
-0.2318942771460211
-0.32502816962609654
-0.7008082394026965
-0.9660647918408088
-0.700766641558676
-0.12622771479936554
0.048618167280931095
-0.00855194311484346
-0.01799494698136669
0.041934806429643895
0.010483705960124946
-0.009050046107709677
-0.010035059749758008
0.01259885694666608
0.020428639857235833
-0.011586244822009444
-0.007813409149906922
-0.030463038014536703
-0.07331840979065993
0.0988943479913024
0.3831433855240641
0.60322925329537
0.5757057991423539
0.48495326270860944
0.36224834979987
0.20940089691694275
0.14696144136538275
0.09255977908864157
0.10923586739310728
0.10062499986936693
0.10770559092146521
0.07017926949918639
0.031061438987878665
0.03171397638350149
0.03331010534964651
0.01630061547969696
-0.000514335553609081
-0.0020209498240680375
0.005253920106544623
0.021334270965449733
0.0056411123639386876
-0.006306554975585049
-0.010352382929196376
0.004361809634175501
-0.008000454338731831
-0.013289365914078175
-0.010084065454236865
-0.016488725747805168
-0.025339025825970373
-0.03171523436519611
-0.0504840540597003
-0.12268071724056213
-0.18758955640203295
-0.28909513265259634
-0.42873950060096977
-0.7582929126458354
-0.8446953376688651
-0.5327527852353179
-0.0900505708330528
0.03139722123968958
0.02999827590329538
-0.00874981073817731
-0.011426522638275998
-0.017584880392536213
0.026414237833325936
0.018689290146825396
0.0017590544419102078
-0.022667003401494693
-0.030766987480127756
-0.009502982858743904
-0.028449446905809774
0.1740254152191913
0.42657057349037486
0.6185179431147938
0.5511252733091098
0.4599019406780593
0.28382555299405265
0.1958829395671774
0.1578608430445683
0.12367689464381186
0.07886838810434664
0.06597994996765888
0.06907572611742052
0.050773016400458316
0.043857085244814555
0.04150462455411069
0.04038562619824722
0.029109356798781256
0.01739660286169862
-0.000639136882948649
0.01442576620687911
0.01908885019149954
0.0019454936634048865
-0.01577105272105868
-0.00943857210557513
0.008958433148519488
0.00300484061547951
0.00387399216384804
-0.007690073759142093
-0.017528183335291204
-0.026785864031476037
-0.0234354377446073
-0.048208336632882695
-0.1431429896497167
-0.24507708914548076
-0.3890675774084018
-0.7283510341103067
-0.9575696029465334
-0.7084998308972446
-0.1912551304551726
0.0469529915308254
0.021926460342379692
0.012712115379677109
0.041113731914398356
-0.0006322928733312655
-0.03152569331166936
-0.01285829868911338
0.05156963132543102
0.0352591071701618
0.0034814877027326244
-0.014282215066680273
-0.04293203652447346
-0.04764787183765244
-0.06870471539287573
-0.0007903974451118845
0.20563492263245212
0.4285480431018727
0.6150598400369386
0.5629296889596439
0.4781101860454552
0.3010584649961698
0.227294596324708
0.14159372351089303
0.11018402159305124
0.08948626871890529
0.07819077639804296
0.06051428413738192
0.029366230725866183
0.015318517267066468
0.029292338926687648
0.028286176505018235
0.026423794760127146
0.019013494818031915
0.010100652632300922
0.008532541698380145
0.022984243030323526
0.021348548629768493
0.004864160521592945
0.0025657386387114814
0.0032228418144676653
-0.0008821800581072762
-0.007559858965098612
0.0035908519202473635
0.008425499058244221
0.004260823731391537
-0.004872442766655383
-0.005508920004315871
-0.016277176924237254
-0.03664278950195036
-0.06386442831437901
-0.14628493325775319
-0.19544978476524194
-0.32062762638449
-0.4720793710655988
-0.7523550470571629
-0.8314064813999613
-0.5768157309232551
-0.1310400152407318
0.10414972300115348
0.062000341392746516
-0.03703907895726307
-0.04856024122968074
-0.007017477390123541
0.003291872589641209
-0.022140124696202333
0.012591469830423231
0.03183509269474876
0.008522220859232085
0.08850262751697645
0.3018952016730221
0.47087921535853383
0.5387515180650322
0.4921198176134882
0.38889080097427137
0.24964118237515986
0.15221741907784558
0.10609754290755725
0.09714329997082743
0.07949963014675299
0.05163715869411335
0.04013929942749326
0.06939472195586069
0.0474584544184565
0.03810465668344871
0.011594559529923333
0.016890785437556573
0.010048952877141332
0.01693941560918
0.008253422532521353
0.0006675806845405729
0.003724868374548873
0.01750385743251956
0.012239410926255963
-0.00045042168368123077
-0.008792433951265496
-0.00485538918295618
-0.011632910378796817
-0.014336550505448594
-0.030989632289999645
-0.03765420140831803
-0.08242360285870202
-0.09816759939344748
-0.1663272147201899
-0.20258007318553883
-0.28462049579974547
-0.37624904289162564
-0.6421088320529343
-0.7271757922149098
-0.45688007737576397
-0.060995205049400945
0.039184571142877586
-0.027605358891838967
-0.009168423502034239
0.013397754421395004
-0.03731930053923642
-0.02570981460558831
0.01231972958056332
0.0041796673566473486
-0.012409602093674027
0.03763381599034451
0.042202522896002174
0.14734136738524528
0.31936654783701335
0.4505876739981984
0.449292978200343
0.42621360042097833
0.3137844484913427
0.172242317603257
0.125423689122
0.10321065203227249
0.10638483608594433
0.0828605821311971
0.06943325884918969
0.029301015832275564
0.023007133866619223
0.019237600665081494
0.027268748880388164
0.027170627592350297
0.019349980683073593
0.01650449667406107
0.03986977460393282
0.03554602213554012
0.019841050246409087
0.011484999659844246
0.013041592101268866
0.011623471366343405
-0.000767569898269688
0.007714774470898343
0.012109133781023178
0.021200482570943577
0.004927136345072625
0.00726436734626478
0.0064126135288256
0.014836342951360047
-0.006354839105522584
-0.011549035692850656
-0.041057121383310774
-0.06080508645589875
-0.15543216544196614
-0.25313497124171025
-0.40128067160025466
-0.5853188507961008
-0.8013406608440695
-0.6646788679052479
-0.29108353326706243
9.025764509979713e-05
0.02872315733980315
-0.021534259010683975
-0.02605603080379871
-0.021492746326423583
0.0037602107852340253
-0.010694774892220526
0.019384730223275935
-0.01321989755954639
-0.015934674220948762
-0.010164235531404282
0.02050855063510923
0.058597937050364424
0.2556384995701707
0.4207691606664013
0.532017318873321
0.47383087447536765
0.3786853265198596
0.2565627888915026
0.22869952117154646
0.15447735478498342
0.09777459232757162
0.05616861805023795
0.04508703635758358
0.026961893849769266
0.027100489542336195
0.04119943064734436
0.043875334824737364
0.04568146834145432
0.020524187999725236
0.00826230672430601
-0.006235144704680106
0.009331455861738279
0.012765114983784038
0.018142232505784284
0.0034024247148668526
-0.010214023653522536
-0.011956415322472711
0.0091228419042483
0.005614261322196163
0.002128226773984768
-0.008157531433049528
-0.013457550040556689
-0.04872255443493234
-0.08690542615491426
-0.13496181049840109
-0.13224270512793773
-0.19459549944481194
-0.2599592782980681
-0.3763878460058693
-0.47581642997753626
-0.49925693750424166
-0.37857103883423826
-0.23898397572931837
-0.11532111365943824
-0.021165973236653517
0.0016925624911195596
-0.007258515429166308
0.006348943440784137
0.010973734533221008
-0.011726545444171758
-0.013625720561354589
-0.022848997363543552
-0.029689963194710046
-0.07821985502678566
0.04774977934437867
0.26421020421463703
0.42647021922480866
0.43368338571518067
0.41109734895841643
0.3886988530298168
0.28445227610275703
0.22801158901730617
0.16187957023308555
0.11471978215765223
0.05570278148678016
0.05504702603545264
0.07549781868889059
0.056721319706267107
0.032653801417600485
0.006885678372276572
0.023469764267434846
0.023622474497064706
0.016217356848079092
-0.009176011175333891
0.005477161136346837
0.007548916046750768
0.011482986383081168
-0.008434695157915497
0.014780575788358903
0.002596354815044816
-0.0008457172476400077
-0.040488540237223425
-0.05667148698213679
-0.08926166270736072
-0.15527253794100215
-0.315898503037182
-0.5344074983842599
-0.6929065039374397
-0.7495786699164947
-0.4528376638529304
-0.13352469813927156
0.10706666089890049
-0.0024488324262722
-0.032613422827044374
-0.007980242147961385
0.06265223484318021
-0.023826094958410784
-0.06882940197494
0.0016774273855224996
0.07591986731280213
0.014731267599121953
0.0006317546350724461
0.061825523583054584
0.2321359352045805
0.3236928171276141
0.3913296065437624
0.4460659029608975
0.4321225428926238
0.31908803691858467
0.21082144828438684
0.15250604320712793
0.13024405500816066
0.10862932854814505
0.09889350998467394
0.06358238729894414
0.0495096491388457
0.02862969960755016
0.018052929472580047
0.011961049849648629
0.005712411940166112
0.001220561739860212
-0.0033026202293771688
0.005157254128540342
-0.0038992275383460348
0.006417428588585655
-0.0014307127608933624
0.005272332088496869
-0.008235002211784026
-0.003638395988281789
-0.029038021760723176
-0.05610637026453454
-0.16850326864762444
-0.2863464560028144
-0.5102175005394721
-0.7011684513008006
-0.7902179522209575
-0.4781988283516478
-0.18132634675712156
0.041139943056260904
0.04531630342656258
0.0519675495285563
-0.04663085819803648
-0.036726223642328346
-0.0017853554847569659
0.02265936190023298
0.03405565585273192
0.032278279343793057
-0.010191328435177728
-0.001045422133292687
0.15829420065528743
0.3245231559763232
0.4343678435492052
0.5071083327014121
0.49814858404179874
0.3496933511297309
0.216216208075379
0.16521739845932568
0.13304239832113676
0.07931507452565105
0.051555892492996636
0.04784209258812178
0.04000207374602094
0.027036180525944344
0.012048417455265229
0.016605879332778836
0.02140492178317126
0.01471923558968686
0.014201419021347214
0.01342713322652659
0.020611209740287493
0.015454373010754358
0.007439433578502447
-0.003854757094617563
-0.005990529254765462
-0.014717690658419576
-0.0039663469146401864
-0.0018368334270591783
-0.014301320723460558
-0.06414088437992331
-0.14835873146648437
-0.3292905896278979
-0.4994571667120583
-0.6701684388001204
-0.6911476724897293
-0.5499487921877719
-0.1999832944503439
-0.027446504532194962
0.005507921498023871
-0.062046311890874506
-0.02438783750183496
0.012309814029777865
0.04838549894548335
0.0026480853909943004
-0.013686320451166663
0.017720394631519535
0.044398167783856676
0.1563515237787633
0.3295530489301007
0.4528235136612804
0.4516246014266082
0.4552848486050131
0.3849805536601267
0.22899189793546249
0.1261386784983609
0.12391185050291052
0.11600585517591797
0.05950481969784806
0.002827499819463497
-0.0035250995979503766
0.018427110431269773
0.05032082119210909
0.049685740797747076
0.040490905110492935
0.02344456401115048
0.032653024718157335
0.02443215839710551
0.012156320028710034
0.019051222797082483
0.040554630489257344
0.03664412702650102
0.0037181170652553644
0.00911160031242064
0.003927796438667462
0.014522209698493382
-0.014496273879444408
-0.022322634621651887
-0.040419980431706554
-0.03531978243147991
-0.07045110721663525
-0.10471462510281628
-0.15502904181871546
-0.17771220820252012
-0.19273668259360432
-0.25903237475327695
-0.38509056888538523
-0.5682174488374887
-0.6358934933080852
-0.41782560563733806
-0.08855316095414337
0.05526205480449897
-0.022112586798952505
-0.019423379905329
0.01767359892437036
0.0004791833662281344
-0.03690222236465286
-0.034791262373792285
0.020913259997418495
0.0009959486643512057
0.007587533830886793
0.01822363013736854
0.1986923370423203
0.3337210653237658
0.43093456913314515
0.41668963201613884
0.43818400438082505
0.32370131091701426
0.18383331420975715
0.12326960578781747
0.1344462285135157
0.1275789571583054
0.05942273486785427
0.041910252140767615
0.021244760985699725
0.042768728252521385
0.029436750476444493
0.03277326141307154
0.028555396568022886
0.024208214043777904
0.015079565362890759
0.0025797964175998766
0.007830113066503388
0.005535799429575708
0.001847683037760692
0.0015109631299608977
0.006596411457353837
0.007253943659869651
-0.009701687682346735
0.0013705949073739587
-0.023003362881810995
-0.049261389045323
-0.08129681386632401
-0.1015841532499338
-0.2097630704841045
-0.3123937145760868
-0.4682525217118117
-0.6267181487155394
-0.693466027050654
-0.4378740767128477
-0.12127545735898673
0.03163923285093612
-0.02588202886496509
-0.006738319722517731
-0.013923816595022865
0.0024505126614210696
-0.012501191860110488
0.024254759098112075
-0.008354425349865184
-0.06427356835646188
0.018466599752948447
0.11465905319694958
0.299792773955382
0.35703687503505277
0.4807594929641174
0.48298424434344867
0.39608276555122807
0.24705012496203113
0.1690472579364799
0.1483999412997724
0.0895663152737543
0.07634486999142943
0.06456249766380898
0.049812468309849055
0.031009632580837
0.02303393466604634
0.019571295255107438
0.014570143394432826
-0.0014668707777587607
0.00013622587182046545
0.01798926574514841
0.013794280704711545
-0.0011623636099851965
-0.00321200998383699
-0.005253144164902253
0.0093451870103981
-0.0018410565125443
0.008467412281067017
-0.014831970843449753
-0.018954583139447277
-0.04199939027809963
-0.06313077357038079
-0.15481908910490416
-0.26711635262327343
-0.3676747655080447
-0.5394740113870742
-0.6919100399312459
-0.5792377598308005
-0.2528928900241263
-0.01799621614945105
-0.033714505890056166
-0.05198772337294681
-0.04253168197243507
-0.001624822455520154
0.0461441041801431
0.03538616664996751
-0.0072791657177916575
-0.030388319487522648
0.0292374189288242
0.0010999164796982425
0.055027864075545864
0.19301235451682852
0.33446385851333077
0.3750140326130021
0.42446010727065525
0.46109179222406815
0.37217296133076827
0.22100899666893162
0.12932837966195904
0.15218450062216218
0.14677283474688896
0.10437106805192568
0.06505804539901028
0.05193451791690585
0.05433478287771865
0.04266351234719919
0.02869134319480547
0.007376292299457129
0.013313825527869898
0.010800021200425763
0.009148138664273333
0.017285009211934814
0.01763467456165286
0.00816951406755324
-0.0011528081208868979
0.00013081562911190168
0.002772920896000381
-0.0001111282519908816
-0.008895263227465712
-0.024289077865084153
-0.030483008184106188
-0.054213256571203336
-0.09099767597578554
-0.16931998932085773
-0.28457829337289947
-0.4372888545650075
-0.5719089197670478
-0.6592553169968424
-0.5800144335149895
-0.3059644185078323
-0.07469282609351818
-0.019834402287356175
-0.0384697526691444
0.0029581072013603192
-0.01961584231327289
-0.02546104373495642
0.0018317278793385796
0.018269907393775462
-0.0045558366045984604
-0.02589400671422084
0.05391673111872738
0.11930025755562425
0.22247102102953006
0.33082631798333323
0.4761213906630045
0.4878819615505946
0.3509208694586489
0.2373179983556718
0.16171503116604904
0.13342097970685424
0.06869958009693623
0.07502839041441835
0.08591098307529181
0.07689603333239375
0.043433747849103956
0.024012514007894874
0.02316494489595717
-0.00517776446739928
-0.02177403741520221
-0.003954814642535935
0.03536585029664413
0.033318069513131904
0.008938327988642171
0.0030642411691841963
0.007373123198478903
0.010608744428216688
0.01152360512247426
0.006388180084191529
0.003730929795720768
0.008108747897342604
-0.01322249323609493
-0.03236271546519207
-0.0915884303750908
-0.11841326292408945
-0.236144839256656
-0.3820435259861794
-0.599181207224996
-0.6930107792534862
-0.5587801425787605
-0.27028938653704815
-0.03316917709156461
0.01962730985784743
0.013018170803092602
-0.021363006705299926
-0.011266311289435626
-0.022711145035171305
-0.008018655192693552
0.01997609011755506
0.012954946718079507
-0.03492068026918773
-0.012811882998412613
0.022870500590832284
0.009711823764112764
0.11312456299144921
0.27192005587966167
0.4339839475896926
0.49953533369124503
0.5078061363258184
0.3683545355398521
0.26358225064130253
0.18038202667927444
0.1545420307021528
0.12405963157240896
0.10244647248149917
0.04322647295624612
0.040972549747791964
0.031484681620191364
0.024914961314211923
0.01636119657239623
0.024228668654791178
0.003877341284695339
0.003712013093813285
0.002750672434430582
0.01279739915932013
0.014863372370583865
0.014201661714978959
0.010012966712927276
0.016894067988792526
0.027411866918637028
0.0081691547682434
0.006313723179951772
-0.00035442737294706146
0.0047150969711750625
-0.039066549583199245
-0.10875101200201626
-0.1551353102325081
-0.2201101636912023
-0.27974375327756484
-0.4250471730984811
-0.5340875416485901
-0.6580616892328126
-0.5408717320241546
-0.2793013098883226
-0.006340234927527498
0.01943619302171983
-0.005795054298813692
-0.04297328875708438
0.00138033460082123
-0.018786184293500294
-0.015140455883835302
-0.032587334449565346
0.009621664719081477
0.00872545232436866
0.02121425902133037
0.0024806240391363602
0.019087455639828166
0.022024867947260583
0.18277119596975835
0.3879460324957274
0.5976804099912308
0.593367833939801
0.44985529557842857
0.30047985637948715
0.19485417752366807
0.15304821961000803
0.12142674139734126
0.13171236108461523
0.0973873358856051
0.06145960641821535
0.050450792071123296
0.019971236498496043
0.012762716533081149
0.011911549219789644
0.04223505308368125
0.017490911713921344
-0.010917404473669064
-0.010475364270867172
0.006879451461977208
0.00899567282164087
-0.0015138292483629493
-0.004191652150982576
-0.015000529219860297
-0.03090875621079865
-0.04667684815488257
-0.1288512866980085
-0.17214225254815949
-0.20594468063762836
-0.22432835797545234
-0.2757967740083256
-0.25139540293238405
-0.41643298421812697
-0.543712608647202
-0.5008338193225536
-0.18753265776675918
0.17552834237246
0.24820064590948274
0.08213983848472241
-0.12418058995187375
-0.0774114845314078
-0.0676675434181119
-0.06751428350095848
-0.10631723101302175
-0.10542165855165313
-0.060522436876267086
-0.009917801921895727
-0.012036007048343043
0.011096740378037801
-0.014707472812787423
0.018514704505320667
0.012894629554951385
0.0044886325263513455
-0.026485118135252315
0.019712162684858404
-0.015597962211542858
-0.02014567732970729
0.02857448305955668
0.12000377101277261
0.20565493850884153
0.28791403487807427
0.33341571602955244
0.3385728981730556
0.27410558199431767
0.17146500084248464
0.10823676680239863
0.06860149643619655
0.04674832241434949
0.020752324757106297
-0.015663286159411077
-0.07567695658561069
-0.10124265439913668
-0.09749466803162539
-0.10220108452005222
-0.10586211169125363
-0.21217631211209623
-0.3202764187500353
-0.45916845865757605
-0.3831931336467534
-0.20199216878100262
-0.051495545308983724
-0.018181614566552894
-0.021317781912597526
0.0028552926480188826
-0.06235382160811376
-0.036724433343893706
-0.01317759066513056
0.03246392909234421
0.0310494341070378
-0.02760140840298774
-0.013690273558043512
-0.0025785070341753824
0.23277197286306917
0.3510920243695545
0.5597223439518008
0.5529747353595813
0.4417556704535937
0.2076923226233132
0.12170753894545659
0.13004769275113864
0.12298107803749735
0.09880504973200048
0.06185681506627657
0.037367368133467194
0.057454387553920704
0.03863379302768506
0.048024409925330386
0.03473163628084934
0.028069573731560493
0.014336667962497713
0.019395827816105566
0.019379142490778687
0.0045373452123473245
-0.0032244048057820554
-0.001584119327537163
-0.005653698502418704
-0.013708305086184359
-0.024268392766915784
-0.054683842698391244
-0.09274912563917617
-0.16664076152156634
-0.2659820595748807
-0.42661152601962427
-0.5793735441176071
-0.6651330238098352
-0.5434982910589702
-0.23582281620371554
-0.03498294985013259
-0.018103597447320516
-0.09224593058573118
-0.015873376665431132
0.028395518010448866
0.0575398773991846
0.006389321634655307
-0.053305270143356086
-0.027580304628436993
0.013660373150315581
0.004326702401903849
-0.04228945901276192
0.19722608365861619
0.4234402126848873
0.5649342778072333
0.5348204308088597
0.4513157545250298
0.23073940152653333
0.18879241714041628
0.1796067753807017
0.15740934633091272
0.06246129576316796
0.07138517698344456
0.04021851299014758
0.03346936688545486
0.04958856638424005
0.06034032764282926
0.034039717418576476
0.0233592933987522
0.022619704097808127
0.020945522342605282
0.019338958868590175
0.02429640490021936
-0.004137286845678005
-0.011925089004309249
-0.01255476100737107
0.004287983101657251
0.001710081528605662
0.006787891973235819
-0.010031520440290709
-0.007232945528573964
-0.022770306486483687
-0.05401193568902567
-0.10461101225158569
-0.13524657885419833
-0.23763590767291812
-0.3455524429607141
-0.5061335435674742
-0.6482953237210045
-0.6713173380016725
-0.43768563634198954
-0.12163399825080493
0.027238933419144486
0.011042908943216604
-0.05862498949986904
-0.023097257887341852
0.02746048609794773
-0.034200899858067346
-0.03209120605044629
-0.00481578512552481
0.02004560536194923
-0.03743121739073548
0.02915056060149577
0.171453121003386
0.3299044649749079
0.4741076450179581
0.527811111125723
0.4968735766517744
0.31753876232841677
0.2086446484202729
0.1448123956572468
0.14600514429074718
0.09168870894256033
0.10869185767055665
0.08952461293072109
0.07573004938798296
0.06322130340960826
0.045766412452561425
0.03013584032701589
0.019198801396250263
0.017552592994749268
0.003918168817513623
0.01569475679900313
0.00702766316493832
0.006853226338364204
-0.0016577870573925883
0.013609606734045772
-0.0052861071371089335
0.005503595198657107
0.00386846398137336
0.003670142285489991
-0.005647056394868774
-0.041880757709267614
-0.1302915713225947
-0.19110053536090746
-0.2514250699927979
-0.32307384228725267
-0.47085430145416124
-0.5918306185472894
-0.6598325032185086
-0.44297371023381166
-0.21596707041143026
-0.01276964282663626
-0.013651047799278164
-0.012759279015437015
-0.029401391248349736
0.01773299036851752
-0.01791607539278184
-0.035741126373397596
-0.011350909817227658
0.019058813807347433
-0.003926221642626178
0.05358391975960594
0.1214471777749764
0.24405846089427335
0.4381182846589711
0.5616756774603534
0.5009401700026037
0.29188263902518546
0.20047153365316098
0.16325601016451513
0.15985247407763006
0.10816546702138634
0.0855727503533982
0.07161253957153514
0.08637032905343255
0.07279340373804483
0.0495211074898842
0.029221076255521734
0.028996822533632467
0.01907713682258503
0.010585834505432934
0.0030182496990322893
0.00452820097660578
0.01645230833866684
0.005653706520102322
0.005888617141857524
0.0075709940147797045
0.011323314072977542
-0.005767471831113291
-0.01963127646642366
-0.033330291054734
-0.07825282209457964
-0.12826054505319673
-0.19999477451435974
-0.29321282482283445
-0.38741949422985
-0.47121612259522605
-0.5078740784971405
-0.5461621548912723
-0.34508684573854415
-0.12954092911437037
0.017292511977199783
-0.04628613620487366
-0.017382581122970163
-0.019356749818460778
-0.004702953326480764
-0.0012858242244191565
-0.008310515988587158
-0.015102117553615482
0.01789429305767189
0.020587106923537372
0.00042735633079681897
0.05078644569446407
0.25436547627161993
0.43542652165299106
0.5201050634113084
0.46780783184984154
0.32664468580209605
0.23570906266750113
0.1967818278744674
0.1653142644919525
0.12205252320992548
0.10722232913676887
0.08679141749392134
0.04051231594420166
0.038402429613118835
0.04679722398238088
0.04517847763955765
0.028891514350682913
0.00818364380066113
0.008082128059468936
0.01567557723940282
0.020383826592372853
0.012692522106016124
0.01053041424098372
0.007845845092175289
-0.0030597013267768497
-0.00786016936423951
-0.005101848446314679
-0.001960764660978896
-0.010293041556220992
-0.00882765475181492
-0.014607505980958222
-0.03759187516514308
-0.09092013341219064
-0.15451313473531558
-0.22461729032318783
-0.2807799475978836
-0.39421142475798204
-0.5073827614221867
-0.5652952721121535
-0.5247187658979745
-0.2793925767655159
-0.10056499520188363
-0.06812898877458527
-0.07449922820643602
0.001525494386323879
0.0324427659878695
-0.012304581224817429
-0.002890030945700702
-0.04703465069484663
-0.007765957057287804
0.009407173680486887
0.025976983588330404
0.015051636051963262
0.19618471128231554
0.3624440334843971
0.48808806056776716
0.4645371410733794
0.38405174032093803
0.2652705662755698
0.20144458463178205
0.1801194424337548
0.10218923105030964
0.06111002105705694
0.09325147970849365
0.12727423882088604
0.08934192103090058
0.04102999858799851
0.03491400609015963
0.03890455985045622
0.032003239569397476
0.023819438510702548
0.01276980607559666
0.007259327652158292
0.011177057865449326
0.015617548572120265
0.006198060194006378
0.005576014653676678
-0.00011915901132795859
0.002153205809657522
-0.018571401149973948
-0.01420765382470704
-0.016301027861095368
-0.038214817613612694
-0.10649841994137427
-0.11709508835175196
-0.140819525924508
-0.1861075608681678
-0.27717610340819887
-0.2863801805486135
-0.3307078356623662
-0.4043728470997914
-0.41863426875066906
-0.38735776977042113
-0.21556080437356598
-0.08101742326204676
0.05766594634940481
-0.008913307367314185
-0.024608984191134754
-0.031031566035341598
-0.00719730075897229
-0.004558462001833632
-0.005622430854038078
0.01467373775085288
0.013413535131010047
0.02249812284033439
0.010763691402117385
-0.08169334972898491
-0.0735013453056896
0.0684774218558539
0.2945176263285974
0.4129820664970773
0.4497362953324963
0.4340991172837057
0.31125507503040356
0.23104825244657912
0.13939937343936395
0.10557089494278796
0.05853699015280054
0.08086020622612067
0.09565308799132094
0.08411739404059712
0.0502862613864631
0.021706383911240357
0.039813592659350264
0.054398359579802276
0.048517612149368325
0.027364927500346338
0.025231703786784625
0.03280642970398133
0.0297481329279297
0.01960777363725574
0.0048294851748577824
-0.001129696490131557
-0.005212989494766648
-0.002546056327539954
-0.004067412672415387
-0.0032691823153267463
-0.034461248167556975
-0.0799917667950165
-0.13360146986023966
-0.2207339166662358
-0.32553295816435657
-0.43189120354844496
-0.5683535118371723
-0.664127708481276
-0.5203254507822698
-0.2255114223261185
-0.019760462095981913
-0.0085508480888158
0.000682106798182596
-0.008469478173715421
0.009355811302903347
-0.00017881989660618736
-0.006326950931147655
0.026119311976621724
0.039172717338151766
0.017831537643525235
-0.019091387408711306
0.039238883707002556
0.1401129752654311
0.29155821911192875
0.44252118190523604
0.49018924176593653
0.4139485190631891
0.28400158317682583
0.2006494439960223
0.16076104170756506
0.14536827564520322
0.12340728038572688
0.08049717352811044
0.040561669472821874
0.03879186595049548
0.052221574094619444
0.03605053518578448
0.025637237005715355
0.03846352106484489
0.0437987115913136
0.029288733244787743
0.02088782055867418
0.024595245881007005
0.03320169242166985
0.022421460384284726
0.008280501564726268
0.01231986199299042
0.006345193499015538
-0.003089178694155121
-0.014691048794606995
-0.01520994157134323
-0.02041369700342179
-0.03173336006691556
-0.05346002607207709
-0.11299479101844498
-0.1452122393939918
-0.21598851106297057
-0.28370540447548237
-0.5133174317855027
-0.6935147499282543
-0.6940532311097339
-0.3625144280784974
-0.0849367430592739
0.01998904814865347
-0.0020656543974214917
0.003309928303666025
-0.018644490956247057
-0.02862959097861321
-0.04026627706632549
-0.005658366229311618
-0.009236746563570989
-0.0024664428296573876
0.0006040440485188669
-0.006345570520973244
0.07447458527335751
0.15225880073276798
0.3316103272694979
0.45518393470759616
0.5434246288213117
0.44157751669534767
0.27713840359569275
0.21151768084296074
0.17254287614745892
0.17298192048931335
0.11152158513293033
0.0916625399049164
0.08695362752032641
0.08031739669378554
0.056898980252554195
0.0187232152822709
0.03349969986007464
0.03027892812529073
0.025911800845538405
0.01849539423439528
0.010825328770519716
0.007003547060416123
0.014259542254575373
0.011828838641005592
0.00606045741501172
-0.0006742923018841096
0.0012780329146769944
-0.004809193215314869
0.0005130366133996819
-0.004461105228816414
-0.027227992745687206
-0.06083462524183808
-0.15129852301818109
-0.19418571133512086
-0.2585324000441916
-0.3183472537036192
-0.49508298994286215
-0.5766238865461669
-0.6362682238615137
-0.44567459060321907
-0.19967954787575787
0.02286151130385773
0.028917552842092274
-0.006719111714533915
-0.03779197652229761
-0.018318247490561903
0.025610401675615273
0.0024264276944768004
-0.011774300646247909
-0.02941551234648445
-0.050001561321957495
0.0281406948553107
0.13133587441133932
0.2580129718728065
0.4008060426458455
0.5438785816213482
0.5291993140891855
0.3588148629942283
0.26752326718158065
0.17764713769007873
0.15679619947184628
0.09202600776017665
0.0870880854866943
0.05952897114681539
0.0607624929485961
0.04465661736220122
0.06540487826898633
0.055173515397311676
0.039528428608598794
0.009817350908997675
0.013923205664902865
0.012789853836224309
8.326405293666905e-05
-0.002081099234809312
0.007731315201495846
0.018955282002856205
0.006397512245428299
-0.004637810561160572
-0.007845854192561163
-0.0014705157505783546
-0.027014099936361165
-0.0750249311777553
-0.12865806860101356
-0.1372203983302404
-0.13762934133893742
-0.15393936130993202
-0.21380541495309463
-0.2563221554548718
-0.3864382704294974
-0.4594831652683775
-0.4412966658090298
-0.43510246048997747
-0.28318144494671466
-0.08904271212589446
0.028499100818609853
-0.03921708903968706
-0.012888022190954185
-0.024838210534636126
0.02143069903436275
0.047809994743479
0.013675283445418249
-0.07100575657347659
-0.0028974393554869644
-0.03376535568730068
0.03288593856779416
0.08079570568119239
0.2756306156710961
0.40206218088171086
0.5003146768247809
0.4182704111792655
0.3479397848433605
0.2417182765644297
0.1728631046714921
0.1224951233525201
0.12897653020950278
0.09676167878636943
0.08941950016252556
0.08531893242718598
0.08411056382578312
0.057591288679510674
0.04289970158568943
0.036095015504219306
0.033519007691437515
0.009318218614779175
0.02008822041379502
0.016391360710246605
0.0178049130080984
0.0040061614548854724
0.012560916581081051
0.004441900132358283
0.0158490490335105
0.0031169394763574903
0.0042806992730409004
-0.018149796352544264
-0.012975227749230985
-0.0032208390027878213
-0.016268170740077158
-0.12216684311880442
-0.20988663874071162
-0.33106208579449675
-0.4681981573174785
-0.6908415081653477
-0.7389426022331479
-0.561831904308031
-0.23412800673563552
-0.031747147365228864
0.0022926466680556483
0.011211395110268037
0.007781851867382835
0.014487796912249657
-0.008106258059894752
-0.008834349351333594
-0.022774915232133455
-0.0005860760751982513
-0.011651152758030974
0.01148546758459373
0.09096571175620516
0.20242688250833696
0.34730422208502076
0.4987924512218752
0.5217232586829044
0.42950912047054374
0.2604210286162484
0.20683422831131515
0.15483743680510983
0.16434188588663837
0.09544975821616554
0.12187128310137356
0.09558028675715771
0.09430602617612514
0.04893370995011969
0.0491347312241124
0.01231223570878246
0.021284447026037608
0.010841022249919952
0.019209020047217182
0.011273212678874754
0.0014490753790078234
-0.010644255531122953
-0.012896672041494642
0.004781778958538542
-0.006093780814448599
-0.02999893538274921
-0.03523567470591327
-0.012519311259738937
-0.0203945197783773
-0.03141382020807352
-0.04463119376510214
-0.10999148574099504
-0.13102585528641741
-0.15649515335344744
-0.20446254196233318
-0.2879704313951619
-0.3365949442726485
-0.42493302876241884
-0.47614081118248036
-0.5068075895869404
-0.3702999367800241
-0.1576606338861525
0.03984533424303164
0.018641697253471614
0.004140679300585633
-0.015013590240582077
-0.025132502053508234
-0.029717327568205932
-0.017198702024655965
0.02103666365444697
0.002429497835913835
-0.012824383342030145
-0.04078061814728921
-0.047485425680508404
0.02886756661692233
0.2745426986043932
