0.23377146844249466
0.32266082207652086
0.31435775829865986
0.2116028216114108
0.10920498225323706
0.018619001057476464
-0.0798476005138867
-0.3052306977240105
-0.48383457062464874
-0.3307723450005869
-0.07402623367323119
0.034941914418873773
0.0026989557159269335
0.0052349777288330885
0.13621037984518095
0.2743651884177286
0.43084691233923483
0.3546561625765973
0.282849772450277
0.09497444911565663
-0.05956012275520041
-0.398521841425998
-0.6570716123465651
-0.48533768115563164
-0.07737591428812651
0.10924029039175157
0.007692253931552227
0.00011126310291186743
-0.0064460286083849825
0.0034839927492273386
0.1268046858260089
0.3095784308052077
0.41057310862373186
0.43552772188366895
0.37697976722114557
0.24469926869434952
-0.0674636134423467
-0.3573794020536602
-0.7403928752815436
-0.6113307151007965
-0.27339693471897514
0.08546225467201816
0.048255777314746395
-0.008923242126415636
-0.04066456477995272
0.0055517542684526714
0.028213703001181707
0.13458021032667192
0.34448651590809076
0.6315985487595879
0.6217355267548264
0.443638451913508
0.16985782446779807
-0.030354730204128915
-0.3312091042255248
-0.6668429805642146
-0.8524226368140517
-0.5300511052227159
-0.09675127640030802
0.10429510425155979
0.022555154576387737
0.01280079263639099
0.015858205256297886
0.06931934457333117
0.29078455501715395
0.5182519811556221
0.6888143344052516
0.5786235171191775
0.40244405098352365
0.1566226793480441
-0.014901968354573273
-0.35893368254096975
-0.6476397085431099
-1.0
-0.6702127830179735
-0.1547725606428363
0.19964216012150804
0.0009774545484124997
-0.05194976567516098
0.010191430610927954
0.07723194021565698
0.3196640417020419
0.533710639681501
0.6760125917835098
0.5324681521795346
0.3375334897724116
0.08808939444680337
-0.18485020981270534
-0.5662530667231936
-0.8554688796586707
-0.7217550325390109
-0.3193593951806326
0.009160154713553364
0.047461848028838925
0.025980962866941678
-0.017369594333531278
0.015590274249084785
0.02646248858965924
0.24012965356462673
0.4811771046100884
0.67429886166387
0.5074200717123734
0.3060449452931235
0.08664056645315689
-0.19526883199263556
-0.525973805945041
-0.8742525906285311
-0.6255552267556976
-0.24180629706696025
0.11625982111623652
-0.0163401883327846
-0.01813620633235373
0.003451445448127546
0.06131194561635681
0.05311687962905225
0.20633832866745475
0.48531013680364177
0.6167872491105947
0.49023538549635826
0.2945663956114631
0.1091805415070326
-0.18003086988536693
-0.4906897979149018
-0.8363053062881113
-0.6770263127600749
-0.2631321423637492
0.09091550132742557
0.041442234443602476
-0.03242949482882203
0.0019889768928429497
0.039250151895383806
0.06935565891675889
0.20258381810970338
0.4102633867711372
0.5930106564320985
0.48677950962522937
0.28835090851495226
0.0050561863951616975
-0.20199827139409898
-0.43446308859926475
-0.6027907106154077
-0.5595208867027436
-0.32502245203111074
-0.13275640537389832
-0.03518121464702904
-0.027194565837706988
0.0022531220642381974
-0.039742483664623636
0.02978876313422685
0.08015686734448116
0.1392698990940134
0.07397444113934708
0.1828877868219138
0.3612454154289171
0.4613377300189796
0.37998485400213855
0.2307190948329032
-0.08017034495891893
-0.4624278709911184
-0.6608948623981842
-0.42951483841738763
-0.12818004943870362
0.014319559718863192
-0.03549959707675075
0.002141752344607869
0.07523037603254198
0.10778409221759555
0.19673323515823016
0.31999333973849037
0.46115162748702465
0.3869087928855429
0.1519714427848961
-0.2916875060664281
-0.68190327412605
-0.5689623760061437
-0.19025121838737935
0.02830579520733933
-0.043606412443384694
-0.02227273668877596
0.04383655768094343
0.08476376250611084
0.11916541200990496
0.1116764704263789
0.24786653466624411
0.39684304734465653
0.34056252284634164
0.02720116845702276
-0.4353651587261429
-0.5332862138858748
-0.3228976987956093
-0.06362108404293948
-0.06475839035794799
-0.04998112152996015
-0.010210618964472893
0.003078865512920714
0.029588818822269207
0.10875738693511657
0.15154802269145176
0.22833399541340874
0.31577976980154443
0.3795959909356484
0.3458941023008812
0.1514273878340632
-0.12661540340095787
-0.4963189193630658
-0.5497464172657124
-0.3265867168349715
-0.04985992850854024
-0.009958145590645404
-0.03872069448692459
0.005474288327825336
0.0240764507209843
0.08823368217432481
0.09895441998111275
0.13092050810300104
0.2544945452638421
0.38218295572313643
0.340220231947274
0.0821012521075293
-0.24977210290468335
-0.563452212014248
-0.44348712338612467
-0.15738359047611414
0.04282314999868117
-0.010455749313022782
-0.0013488804214715855
0.010692805198716862
0.06336611110509555
0.10847981288426177
0.20155686838028505
0.31856721048185843
0.3536373001095891
0.26613332046129046
0.012041625787318457
-0.35067181134693653
-0.5252673400449015
-0.3185843828713608
-0.11866846806161241
-0.061665816993514845
-0.06441896741786789
0.03670383654907872
0.01982762990012321
0.0471758773544357
0.07473990296222123
0.12334309282688967
0.18089082214102756
0.303911878917185
0.34117872853461834
0.23069792585647556
0.07069805153699892
-0.21560995921628037
-0.48112749986614284
-0.42754729692568516
-0.1616523753345447
-0.004155610488563894
-0.04223414292549411
-0.03260301998443707
-0.005996485063768571
0.05557051496183139
0.11959479817096876
0.12224143103574646
0.19751660811647712
0.280472417476053
0.3339528573381338
0.27668862598112237
0.1663728195888264
-0.03391173882784284
-0.3053042703557891
-0.5353419176159654
-0.42078992496243156
-0.14876433891015098
0.037162353199202004
0.0015293499172451912
0.031892952891658895
0.03063002637220351
0.038505470891422956
0.03678919916961327
0.1350954999694884
0.2626286753410167
0.34104047808368176
0.29881314047580204
0.22998730658106328
0.1073467440066956
-0.15336041675147755
-0.4887107253100375
-0.5400118953799725
-0.30818396155399336
-0.04745123979181615
-0.028085718695717098
-0.06500697637436038
0.005025334046283395
0.08325031954865689
0.10394466110177436
0.07758823502256339
0.22295780863815018
0.37423881007628296
0.46453744713959644
0.4221082129976221
0.28049185715746766
-0.0681273077638614
-0.4668526289620271
-0.7317049807167026
-0.5468187151086535
-0.22392753856789638
0.010083757814582685
-0.01883616468731368
0.045090143263579525
0.09629867240314886
0.1472043548811191
0.28501293718106807
0.40791042935464794
0.4030551431047063
0.2669295089553347
0.1040194923263263
-0.20704302751825213
-0.6538363998799636
-0.5966067328282761
-0.22463470133656963
0.09614019231272881
-0.04089670064537435
-0.04089998748146435
0.051658028619521366
0.1424920878976616
0.21989493191880258
0.31212948551372455
0.32380099972182613
0.23237409533550957
0.14362034764433065
-0.0053932908315477805
-0.3649427521537361
-0.5800113493637696
-0.4039720754328498
-0.0928814064415704
0.016556172522750042
-0.05521097623724258
-0.04054456918992313
-0.04116449295524124
0.01676628971955275
0.08049304238256148
0.11066494634456102
0.23897318228606884
0.3551328052890024
0.4432037340078587
0.339279901569577
0.1821904895245324
-0.1302243344267713
-0.5703842487819768
-0.636272676117311
-0.36671524295619307
-0.058951631107139496
-0.048697501005920824
-0.0028236817509289707
0.015001688743289391
0.08802506589461254
0.13231092183724627
0.3070844871714335
0.3889981734044339
0.42859647004771495
0.3298219402530488
0.2181624705080955
0.025197643847361655
-0.23827188708178995
-0.5283044336697564
-0.5740218807239219
-0.30803066782183997
-0.05520040817079511
-0.026188089602243066
-0.010039324110046934
0.04229128954182398
0.06569197034217597
0.20502677464767782
0.36544766599152195
0.40528865449818635
0.27900859244366866
0.2037178954804231
0.08088738945529385
-0.09472819871099275
-0.49014612855028455
-0.5868651483192977
-0.39335326688797545
-0.08268844189013176
-0.035228000984325734
-0.025146362836263533
-0.012694310145922372
0.026391212907334323
0.08883326056260693
0.210496028366653
0.38255344711208006
0.46365054157854163
0.4194661013016024
0.2685299357963534
-0.046584771990138066
-0.5280128962599597
-0.7201044654924748
-0.46922347698727596
-0.12689188400038956
0.002649936251211847
-0.01185902650066635
-0.003933678045266714
-0.019724299453823417
0.09181836344419426
0.2751886740051622
0.4270493978994619
0.3905833406908712
0.352463641536427
0.13556915834627217
-0.2639008899643888
-0.6833508683459467
-0.5130601781813635
-0.15131911750757004
0.028581624275460623
-0.05020176048031284
-0.041170378411391456
0.009280459765384705
0.009350462296526921
0.04077082977776452
0.10962224582199656
0.24903840277859313
0.35751822331125327
0.349736240707055
0.25376712148168673
0.11495513960107105
-0.15124033928763733
-0.5668739298618811
-0.5269436275743296
-0.20840187236569033
0.04279948539765073
-0.027504557125486863
-0.03529805147582826
-0.045433155260831734
-0.014882548458127583
0.07127615407163848
0.13117054141026277
0.17965218840898595
0.24996532616602318
0.29526194779491377
0.2700518691637032
0.1458874658863947
-0.08027127172853729
-0.490204437156364
-0.47962393857176017
-0.2423228528789165
0.004877054563597621
-0.030870426460761262
0.010737926711911367
0.010220457644833859
0.005379220649779374
0.09079047180056496
0.16821101276224307
0.2661455786417417
0.28684542834927274
0.2760240067718929
0.13985403168079977
-0.07544915777608241
-0.4773379526033553
-0.418757359181017
-0.18401043558444183
0.05246033533879987
-0.06604416845639813
-0.021821761520204725
0.00012207299274865632
0.03410772471593371
0.06891833832858589
0.1488071991832808
0.22280482506763352
0.2739106437923592
0.265120498575011
0.13013052292249563
-0.2091250332072802
-0.43412397971839717
-0.3380764552402277
-0.11850813165193179
-0.050982534926039165
-0.023945916751970876
0.006403670731010107
0.00906568286657319
-0.00750647747474108
0.11183397110425741
0.17685710477382346
0.26581279691531146
0.2718913037712652
0.2708736844449043
0.1384065701001936
-0.05306335324786269
-0.38936877292499716
-0.4259319013482335
-0.24511102136125562
-0.07566723257648225
-0.09747168057205215
-0.050482822395492004
0.01897064903154471
0.02683288505527295
0.012054104007138787
0.06510328957210249
0.15538077716029383
0.3072360191426323
0.3427511717458531
0.34433549676791464
0.20099906671917858
-0.07917232101446423
-0.490692971664061
-0.5063092952728176
-0.30063306561061365
-0.09039906290757337
-0.06602210471819515
-0.043142087426156286
-0.0018309174820542115
0.015208742661123306
0.08602669795816537
0.07578101112942782
0.14469105425348547
0.18808144744521937
0.32431145270175027
0.37880853962615296
0.3503485134231862
0.1383375673720328
-0.18434772086066606
-0.5311340320503599
-0.5118526484082552
-0.2646922877285949
-0.04791946859670897
-0.024406068286308244
0.009256050281795832
0.029561806352604542
-0.009026028644102764
0.0006261170018848445
0.06230121554412246
0.1836511849148582
0.27869533819000886
0.35289632110109803
0.2996219129375252
0.20020602404781762
0.033665424334184416
-0.25959430741913264
-0.5299416026367804
-0.44493026587292145
-0.1432150468018629
0.008531273113592835
-0.008922843322523294
-0.013535652392095775
0.03316015179207556
0.0923594196593271
0.14634949234601258
0.2551101074931023
0.32531285398065946
0.32926249045578027
0.05884692119706346
-0.310397888007539
-0.48181954792276405
-0.31215249266525774
-0.13187388843675532
-0.03972334608440956
-0.024189169903378993
-0.010725679150302078
0.0006168991887768934
0.1034099064865519
0.16042237026307654
0.16692134009332835
0.28349306033739136
0.35356825435171596
0.1467438922076009
-0.32874676750491133
-0.43936098676379526
-0.2881475855574287
-0.07701667594625307
-0.08115371964800148
-0.01052894630924929
0.002797274891111008
0.03909133580458853
0.04697084702183832
0.05351647552563119
0.09407301357185868
0.24355323510676744
0.35560390606368386
0.3403380606128217
0.17702630677691342
-0.05004124452732972
-0.43010458713417776
-0.4720242752321455
-0.2605812047662135
-0.050493180255598784
-0.041688782251897157
0.005634514621769047
0.037293880738630186
-0.013677217117589862
0.09870671877670793
0.22704660560913267
0.3826996467983535
0.4435938070755074
0.45133629917537227
0.3296734242636695
0.11270510960673033
-0.23514309635880573
-0.5709180607218372
-0.6452009200766397
-0.41681905027265087
-0.1492978867652726
-0.021781536675178112
-0.014908776469706543
0.008961813869866221
0.05941934640396504
0.10292422897571993
0.2183190131095482
0.42002884553031267
0.6084772275095375
0.6102190082061878
0.3292014390419671
-0.0427706389400124
-0.4397472107037065
-0.6828748501819852
-0.6729475160051331
-0.3746986106565467
-0.11894316265817265
-0.06627677448023252
-0.020774613909475156
0.010971598685354324
0.059592886834438266
0.09884794255093167
0.2925846397049784
0.5094346223437236
0.6235747736643333
0.5081079944559656
0.2376918652040722
-0.04267183127090671
-0.33766187446800766
-0.5376116959327892
-0.7180316534543068
-0.4629571865646379
-0.12545042227202638
0.08430982547648741
-0.010483221069460594
0.009854628391211649
0.02147454476944131
0.2179842490643004
0.4421092863010755
0.5557583919046526
0.46968505771711294
0.29192356341896447
-0.03185128963407744
-0.37821685232313745
-0.5563928919348772
-0.591223277163087
-0.35619480621370037
-0.11069428512576396
0.01079127393000531
-0.01648467487367418
0.01678679788138176
-0.002422753701973386
0.03906213548293979
0.22099301494426066
0.42220952676614754
0.4518309722330457
0.38434581755453284
0.19914605750965575
-0.11524547847041164
-0.44093870413627984
-0.6341089445108103
-0.4475519831874089
-0.14688951631139882
0.024306003121952205
-0.06676782091106055
-0.04299981273228588
-0.0073083734619980995
0.011033086614669651
0.03701281957309248
0.16168110492468366
0.34670462492328713
0.4197218914449038
0.40341684082832635
0.34215327184630934
0.23125792864424743
-0.03571513018936226
-0.35216384755958763
-0.653157281305605
-0.5318575799747126
-0.223484902883257
0.020413064914851415
-0.07019157135880308
-0.04205103459427143
-0.014763017895782615
0.021861097070212762
0.10814861415690488
0.27419113978684906
0.4171730972074937
0.39116068678017096
0.3243516875375945
0.23074962684772526
0.09948215252743461
-0.1366469244153411
-0.4187433338990155
-0.6236966283875695
-0.4771100965699191
-0.18369696452957068
0.01199338183128551
0.011526523692315696
0.013547105893021988
-0.014916006252004932
0.056378397629063874
0.16874001946166006
0.2798996082056383
0.32331849673197405
0.3635898970359391
0.3476957544428241
0.26087679795386165
0.09008275729085585
-0.17555552174032527
-0.40028400042898427
-0.6511073602689337
-0.49301022794907917
-0.1588195784255271
0.06400062292271737
-0.006818029461413509
-0.03407374963673621
-0.015657394138430446
-0.04996925216001509
0.05062681100601105
0.1288709256113858
0.20568897244404996
0.260834145559683
0.34748535783323675
0.31956328716921945
0.2197964683131081
0.0011998140316086022
-0.25935657089644193
-0.5194072698376032
-0.4045122217084644
-0.20790068748159954
-0.010008866294710303
-0.0415106409020909
-0.0058483235261974935
-0.027010883190711724
0.014498750230843517
0.1005363371241403
0.19329760626249198
0.2723835710662508
0.30336749505869626
0.2863258549905644
0.17386358371410768
-0.04495068997433986
-0.27739764663284955
-0.4393482781757579
-0.3206755267390437
-0.166250746243262
-0.017066194824575477
-0.014637362685313389
-0.0044300331407148025
-0.006453420941315726
0.030684364321216497
0.10140318682256107
0.17455138554518582
0.23901690450786162
0.23671762984363703
0.14452806890058917
-0.10382780253464924
-0.2572808286873223
-0.3052337164057738
-0.1400646292357954
-0.06037607043515236
0.023805144722662767
-0.022264427492615712
0.015703341185652205
0.07867975252830015
0.18952836549322588
0.22103903171194955
0.1533787282859144
-0.04562441092712991
-0.26651605930624706
-0.27441413518884666
-0.11642491919233784
-0.008514988067596499
-0.01611732449106962
0.00833644622604278
-0.017267011722562276
0.02564870126094606
0.13504093628869276
0.25743660222593634
0.29666101285803104
0.2863083651128008
0.211659433588191
0.060302808510831724
-0.11229552869639603
-0.29941444687983276
-0.3827448674450287
-0.28534507920488617
-0.12513392267129644
-0.04547410281290029
-0.01475664563347514
-0.016580037725003577
0.027517416258921994
0.12678802457710517
0.2939782831283261
0.3906429062586217
0.3656981974325965
0.30269515308938894
0.1498794091136688
-0.0640228060572027
-0.30380265720864424
-0.4090485891246098
-0.45724758838375507
-0.28951913208856395
-0.1042703039464834
-0.0034306920436997838
-0.019302210544562003
0.0065445454892151134
-0.007663326324660978
0.027839178924390535
0.24404415855695918
0.41578456031196037
0.3801872937019047
0.2171587195142976
0.12927113354096983
0.01739375305719556
-0.17421760771658137
-0.3588013332744767
-0.45343855211771733
-0.27327228187120667
-0.10389739644017941
0.011565394462206518
-0.04532825451138836
0.04754363793278834
0.15926270707279722
0.28749268863224864
0.3273617082571131
0.25514619451644205
0.1975059638511336
0.13372573717333866
0.011527446608892865
-0.16781038606686902
-0.264271812890272
-0.27337811110621196
-0.2689951840109754
-0.21670093311144087
-0.1389558326452752
-0.04838443516942456
-0.014092848363567414
0.012124261225092624
-0.010063391961710784
0.012820791524438522
0.04165581915509916
0.09568629893078957
0.17588279916989363
0.2622140870568975
0.2663791506955417
0.18212461295945975
0.10081651730196323
0.02459145519689916
-0.018922057702633978
-0.12811719016093565
-0.24885071007721488
-0.3920816549059156
-0.2522176708636979
-0.1108290313203101
-0.024083155674012702
-0.06206691763459504
0.01934427707519981
0.021374611470440365
0.008864287935905128
0.06656204731020339
0.128221081039471
0.16961641060271104
0.18634302256563356
0.1946082296815278
0.13591023144627815
0.06808106021623529
-0.041932343018872414
-0.19077764883370313
-0.24788294601519195
-0.23751378240151652
-0.12362681061642161
-0.052674511690296764
0.013632499144330993
-0.036567220970309934
-0.019790945545648263
-0.01750926870390891
-0.0032007261191044846
0.015943632562818895
0.09682461790298494
0.15278262022897116
0.18800042443419826
0.18514433507720682
0.14127495849021177
0.09380535214653399
0.06254182275719036
0.07690058667623977
0.02340575744834781
-0.06645105800624193
-0.2365121508406729
-0.3479839592957906
-0.24884062846059643
-0.06483819796457319
0.007608003445793654
-0.06277956020624884
-0.04647274096014935
0.004030728420491601
0.04515854395526022
0.08682525837124869
0.12469277456773294
0.14125013026390856
0.1717436749413512
0.197432980235964
0.16914867908596842
0.10087571728227221
0.07064110453261795
0.0064790637329865015
-0.18130360823787461
-0.4037648640034285
-0.34952132308651895
-0.13627614054838025
-0.011387181570872072
-0.037138100927516876
-0.024211155575405218
0.004056366517217604
0.006616020849301157
0.008111156437802358
0.07537725480271311
0.12033755735900475
0.15074417435608506
0.17912575640418524
0.21978371138579436
0.19727610025008996
0.10670212271136752
-0.03625649528368416
-0.23201141729227326
-0.33129990494530387
-0.2516680535703524
-0.12208140507932262
-0.03504786227018436
-0.0030069069352595644
0.006975368770572831
-0.021111616106733122
-0.002203039577015989
0.08152701552453535
0.17533765794056805
0.2162817679667383
0.2159474962989096
0.18162597518242285
0.10760034999450127
0.07001878475052489
0.05740238560940933
-0.01193692308142853
-0.2827932226365125
-0.4139674730405667
-0.2895613315749245
-0.0588945967116371
-0.025407026096695637
-0.019489031167191966
-0.009109052610211783
0.019043714121424832
0.06688662862066522
0.05237315952546242
0.09609131704889025
0.21680654440528657
0.33891357836144625
0.24399622792421255
0.14097247894087853
0.08661498190044647
0.07673295743665631
-0.013352707236641266
-0.16250613833752306
-0.30958590458499446
-0.4113523130122373
-0.27940053943499665
-0.11943987702467766
0.00870107956050796
-0.02742881622174993
-0.0210906187250165
-0.033342098641693456
-0.026128434010867035
0.022906722780826245
0.08314056119746134
0.1352497616258042
0.20665450563392604
0.2744483249250593
0.27804609781376827
0.18822201008685607
0.16171096052225828
0.10963346888697802
-0.05942193223062333
-0.2964506709544957
-0.5002549815785764
-0.3684302045028755
-0.13186818202072187
0.043246139205595086
-0.03764951985418575
-0.001267241135441813
0.02668484271437434
0.11977356128265337
0.1859606989619347
0.2678441892368367
0.23689915739917525
0.17189554335374804
0.09402871208892012
0.02750994957558925
-0.13426720758465846
-0.27717250444502073
-0.3452653406987886
-0.22729697099081395
-0.09468029224492364
-0.0026930925504512595
-0.03625667923196662
-0.027864275941460206
-0.02786815402214165
-0.013655258889448938
0.0470336249004895
0.1339751461114025
0.1651250326461671
0.16614973932492774
0.18325246619823393
0.17533350189721583
0.16244707818615547
0.16651861716853877
0.14419556801113076
0.030999803361252784
-0.19533192862966564
-0.3632023706735083
-0.39428802095040455
-0.25321610542645967
-0.08708450987584818
0.014087525938992906
0.01975035406300146
-0.011755613017742144
0.011227163340294633
0.10627565905145889
0.15886346659410586
0.18426229808250563
0.16093325986241502
0.13430463237639786
0.01861114880349248
-0.07913936809858828
-0.12347235574840076
-0.11270411291696171
-0.058506701825052534
-0.07004281578992486
-0.11579629526603248
-0.11605641063459653
-0.04234270140362853
0.016042933627076757
0.03951390398302646
0.06046651371144705
0.08771159006595917
0.08580186123247092
0.046669702475028205
-0.05122358838621968
-0.09364993686888017
-0.10655619511501016
-0.07471949030414378
-0.06601397647860066
-0.03940118205629715
-0.024144423733744605
0.058208111391119824
0.06719387951235097
-0.004773039945642903
-0.09606343575208318
-0.08302045233609438
-0.037182010818332896
0.023791858900265042
0.1205724169748773
0.16238210025213565
0.19654359434485955
0.2114636268124039
0.15812600775412453
-0.04342518023798498
-0.21902251448546778
-0.27607631995574317
-0.17168587419563597
-0.07092101174155711
0.025309755983726513
0.045381088979069124
0.10355349461321554
0.07900381937445493
0.12513082396915962
0.1848377460027763
0.2550560617455925
0.24431441801702675
0.2171375550387431
0.1658177722938996
0.13708165224335664
0.12156646275241369
0.17071330317635067
0.13944172292319956
0.031756405569565035
-0.16952922358696623
-0.3339537943051214
-0.46166310589598075
-0.4978632666764869
-0.3870005632527001
-0.18441934657834413
-0.05506532452437848
-0.006205574396884161
-0.006923868083198688
0.03538294087640001
0.044766282504135634
0.12898048153108255
0.2172962831949911
0.31280333940451366
0.3275386485838594
0.28332834831824255
0.26028227912724
0.21510388449220214
0.07799518572926736
-0.16661805649820324
-0.36458800815302916
-0.42263589863948253
-0.4945429042246784
-0.3291541631053598
-0.13267797998682593
0.03486797699314053
-0.016902609885593136
0.016766542106774734
0.009376126021507116
0.0354589208536295
0.17451184287903046
0.34846808214103175
0.37381744822320984
0.28802101444617956
0.16963974469000095
0.10394504880976821
0.10442102504866958
-0.0051362396575803885
-0.22141107071485655
-0.3824904405812666
-0.41370068317858766
-0.31218650550956684
-0.1588232766035458
-0.028655567179929488
-0.020600483984093813
-0.04113798302712625
-0.017557285177221632
0.008227906513528237
0.08387545880302295
0.09794192142238464
0.14120248325491128
0.14792491473047947
0.20514373055714502
0.22032939981718314
0.21326972372440753
0.11496122712262082
0.006107384273127102
-0.11777154874798683
-0.15291767104511061
-0.1724024371529834
-0.28698446328508437
-0.27832014199404603
-0.11983694261164239
2.0022193593410816e-05
-0.01882933843386772
0.025142225150720943
0.06435259943457702
0.043927711075683905
0.07040726776466079
0.15334276730331817
0.2084653270982586
0.19687486579523117
0.1180640007988168
0.05060845596082137
-0.008003754854020936
-0.04444089627621575
-0.06704425212264346
-0.09246999770589309
-0.21632148812660906
-0.2822246241452944
-0.21864847856869413
-0.06465368797257222
-0.014812077891272604
0.006235450912647171
-0.020419686041330806
-0.016945238988244002
0.0024685092179068577
0.08019112382722807
0.08620046093765796
0.09617667840845165
0.09317151500848678
0.13109546999055327
0.14761656490479286
0.1679813038149535
0.13147915097701918
0.07758382804058107
0.06974884090459033
-0.008716511446163056
-0.09841173194154658
-0.16255767475891988
-0.1902637895754712
-0.25620814320190805
-0.19476812053272444
-0.06712552697793377
-0.021512694817698578
-0.049666568756740824
-0.008543039232920996
0.014157822790901954
0.06757338935827917
0.12375233774661436
0.17004501881826486
0.135736598124269
0.1525942662705783
0.1213301235026434
0.1069836148368756
0.05695259066763094
0.04906840797318893
-0.027799302088787364
-0.09650803147022353
-0.18939400970085754
-0.24877251435772427
-0.1928886050649171
-0.09465219210933541
-0.026624111229000467
-0.04682822888451154
-0.014096958837900395
0.014988747114101334
0.016687987159724246
0.013084250697600006
0.04342950897662498
0.10178422918289523
0.11172027197502074
0.15374831475625134
0.16503399813829098
0.1413134146892776
0.06675781094300762
0.0417921453921003
0.04958275550295842
-0.010491163203888819
-0.12913538319698706
-0.27566692606612325
-0.2736012310131142
-0.18350308213430752
-0.059559272749043345
-0.017775723134233565
-0.0067887045872591254
-0.046049711602596785
-0.014929673528388318
-0.0036689261642266174
0.049292375505500266
0.07252667571162313
0.10074837092254013
0.08302451075422596
0.10235172200916841
0.16417544598457187
0.1738715871039003
0.15076940404231445
0.0905926076081561
0.07424848978543654
-0.013444996297492089
-0.13764757883146872
-0.3238219905769693
-0.28204404936810984
-0.150286927621222
-0.021849013437353543
-0.028094674131929787
-0.0172081401749332
-0.011661717146092496
-0.01894964933587992
0.01844703713643066
0.06533644672536995
0.12957931285377627
0.16055765773569525
0.1514661998847598
0.1131440246271655
0.08034178723450149
0.0636492755581459
0.04010927933317305
0.0032961951439110116
-0.04454509372928513
-0.09001982512325934
-0.238874599855094
-0.22749098985762922
-0.1170407120256557
0.012648404654101934
-0.023270965926693084
-0.03511925820883018
-0.01596684309029067
-0.012530893115050621
0.020719015714334058
0.04502406550063672
0.09915285756927744
0.11127584346633738
0.11634392240329042
0.0736067945697958
0.08019009758293488
0.06117734670585264
0.06025324266384663
-0.029896934430456695
-0.13589044495600616
-0.2094212618692206
-0.14131368981417583
-0.046330326051873455
-0.011366922581944551
-0.01878500459400875
-0.00952438410380189
-0.005285408398266345
-0.01964566221080954
0.00954293824086085
0.04588001414393001
0.09461105388024806
0.08032876938429939
0.10776554239882487
0.11733255632707366
0.1374236011785526
0.14789470082894263
0.12725348569776437
0.0923491160439318
0.04726834878797781
0.030121386704225823
-0.0687292281962121
-0.15092949751890297
-0.23996398885210649
-0.25765223369131424
-0.1988108785557097
-0.0665225956263591
-0.019298722337242856
-0.0075342507672126295
-0.02436351404291839
0.01274286791170602
0.020558806975714702
0.06484166005936262
0.07682783554275398
0.12594725570424475
0.12856763683877553
0.1383980472988164
0.13469585545621704
0.12399686463004955
0.07779347882956535
0.041422267981538474
7.38703925925129e-05
-0.05603434555696701
-0.18421907125893364
-0.3142313630691925
-0.2620796013531445
-0.1048502414451339
0.0077785409764352855
-0.012622492484780068
-0.02231629507230218
-0.02033547214968025
0.01815044677093059
0.03265961291351579
0.042785517409626314
0.06136555671115891
0.12356497405910362
0.19979330666856798
0.23017385029623766
0.1870476984162536
0.12268732734932293
0.11457909187977051
0.09009519484872415
-0.027943100778843506
-0.179285372991566
-0.3707337384818692
-0.355535719481904
-0.21819793788264852
-0.02983981280419661
-0.014457343674866377
-0.015935506011699033
-0.0024663299091139713
0.02706475533969158
0.04274301994697795
0.09838787697595125
0.14264696848281666
0.180999529502006
0.13923289532910618
0.11370917145270437
0.06602635461811593
0.02612919274145239
-0.09236926504127402
-0.19891919225090107
-0.23702691868512799
-0.15206130321481637
-0.0806826783504511
-0.022503802575093955
-0.01892074771087549
0.0031450547163923816
-0.001760224583457105
-0.025048289409400324
-0.013276267615213635
0.014327412958869317
0.04172820430285168
0.032727830215167224
0.08118498839484972
0.10878404060016941
0.12893402903430132
0.14041781420747154
0.1576843612802329
0.12374494120403179
0.05368251373365862
-0.07228313773518737
-0.21846355526295838
-0.27542845111677294
-0.17290561522757456
-0.059674740509550864
-0.01846847143408741
-0.01968258233124793
0.005304891008884322
0.07538028533456159
0.1286226223824115
0.1693024210544602
0.14941967702293898
0.12602791424897794
0.09136968694348599
0.0710148110752412
0.04512745823841301
-0.00012479831207518524
-0.09696493357585782
-0.16764755339139586
-0.18681009351551406
-0.1798364989160311
-0.13924263992961491
-0.07758163474761061
-0.04124847843053138
-0.03802284326542178
-0.015276668746377066
0.0020621745927177737
0.019070043415851928
0.04187704202378388
0.04661595685334635
0.11281538155516159
0.17431947135025694
0.2531214205278411
0.21558089567356312
0.17674922944256205
0.09096188380149411
0.06942972134433284
0.03732904193897727
0.0032123887967451283
-0.125804581735267
-0.32618164907278907
-0.43478487779276354
-0.2681213742275888
-0.06742134040480674
0.009263323687424135
-0.03396882255947837
-0.0034017566474339998
0.038388383197241686
0.07636143260995344
0.13051394283734505
0.20516807218410046
0.2549963918033942
0.25818604418977076
0.17478677486754154
0.12865136246188047
0.07951049643962933
0.039463502269910494
-0.08476934883908092
-0.21723707208008275
-0.3257837329403014
-0.3877509456006046
-0.2620253793040316
-0.08434892386251801
0.034480944302522444
0.0014464941561898508
-0.0022357709509171634
0.02531868697375542
0.09541535094107068
0.17442232645212405
0.2289982858819344
0.24526149480198253
0.20628962200829676
0.15559345045952228
0.069367516765848
0.004775689817029647
-0.08463398385090995
-0.1965153141755018
-0.29367679278819236
-0.3456696384733761
-0.2327614708674504
-0.09830673168829246
0.005490027814643933
-0.02339115926053195
-0.02378877252063905
-0.025903932800393832
-0.014513283578080308
0.016273604066785984
0.11755307815330417
0.1590294027975951
0.23062191689677886
0.2736645283178361
0.28320730824630597
0.1906577531205872
0.13948189482053366
0.08243894375108013
0.008877102705600116
-0.0956990957937583
-0.23383200880055782
-0.4032826191319563
-0.44464356313618786
-0.25859540795206337
-0.06171085150001671
0.01921299328206594
-0.003921070030329189
-0.004482404511605435
0.06547361118727514
0.1952176518095225
0.32118526650385004
0.3499452310701409
0.2894511037686552
0.20638974309079655
0.132339957316095
0.12636945098234093
0.05411646319053217
-0.026655773836604106
-0.13376932618984488
-0.184360712463076
-0.2669649209114754
-0.3089506345415593
-0.38074803126853307
-0.2582465598633979
-0.09987069991618844
0.02347519803147167
0.0004578226470308389
-0.02422258121542938
-0.024197194519292715
-0.01173402953594238
0.05143557392754708
0.0922471622490727
0.15862668582696407
0.21281314446462432
0.20010709024008622
0.14211167123687918
0.07301085560483085
0.04164653781694493
-0.014238941744417203
-0.07606414514818695
-0.12623514712249598
-0.2880637868719849
-0.29059501163950485
-0.1612891925686612
0.006685568302547954
0.0003708763957762487
-0.0064897732808541055
0.009874287657959252
0.02262542232722263
0.12383178127455022
0.18520762198615529
0.2231609639652277
0.2001025001893088
0.18224820292918206
0.11176098582916334
0.059283088172424295
-0.07548545961985617
-0.17349162422854525
-0.2722902093907313
-0.24309525082446898
-0.21013151840145608
-0.08622063245536163
-0.017842889262931916
0.0023998573620816065
-0.0036269053010617113
-0.03252868084802773
-0.030331853557205576
0.01758295233047078
0.08679649516963969
0.09420172113002266
0.10782305099017164
0.15632321211863512
0.16422504213667044
0.1370342819250908
0.10213901061265543
0.0664751830534166
0.007321609744828167
-0.08400904217689818
-0.16621412984918882
-0.3361712100279512
-0.23734329002240764
-0.10878380007997439
0.04020073340703676
-0.036304524737408146
0.021699439809185258
0.010956975323292864
0.03188949517976831
0.08916113257234472
0.12077309570642696
0.14930482908128662
0.16364020942867372
0.18420786998484084
0.11151464472451365
0.06286619544862607
0.049085299801986164
0.03485221466102295
-0.0494365605708755
-0.16288878724514738
-0.26978469961738377
-0.3103840407925598
-0.21190579291068995
-0.06615511939912279
0.04795346486525442
0.027940973493144342
0.009510766527791136
0.028290339890866382
0.11234544652787887
0.1446491999585432
0.11070716232642125
0.09042831620828794
0.11305505914043162
0.13550015556447018
0.11218679554152818
0.08665036692190652
0.07144988920018241
0.004094227359338472
-0.1545720655473657
-0.34365477046848947
-0.34909588870154984
-0.1851391099102565
-0.002927762546569749
-0.012365562666080271
-0.023374123892495456
0.01200463084659118
0.10928809532179076
0.16313050864587134
0.1697289724837149
0.14671955967924824
0.12537405042600527
0.11072425348986782
0.030948157945464932
-0.06864084230200143
-0.1913688707536661
-0.26060977161921983
-0.20860517369702783
-0.06310882948774642
0.0029716078201339506
0.020163323540185497
-0.017245549947231677
0.0309634998755016
0.06913912299527787
0.13096405140253237
0.10991626754891844
0.1049965199103088
0.09310608918443973
0.0912594692697531
0.07648387491073078
0.05303941148453622
0.0474483368740403
-0.011263761021998494
-0.08742877282187732
-0.13825956042038887
-0.1189155496406745
-0.11453384851947973
-0.1272863049919619
-0.11120956521760218
-0.05209433036523871
-0.017737672420198705
-0.003434082209545628
-0.006865820737315596
0.0498658863818308
0.07212148310987385
0.0947568035366768
0.04779797811804041
0.019113047673572515
0.00871464696502156
0.01738406010781679
0.026795887902094348
0.029470516986184775
-0.007714696240771677
-0.14887662376474947
-0.18886127707043252
-0.1235958022018797
0.0019132777867164775
0.00942215651274069
0.03147456513882847
0.05917943991067265
0.1436401807018077
0.14430458956343
0.15727708238024246
0.16945919670938014
0.1834907444429483
0.12154671828840066
-0.00786089092846354
-0.21243872664608682
-0.30403660302933
-0.2256648425503642
-0.12297699159032024
-0.07306651135443946
-0.03417453721064557
-0.01634768630441878
0.0132328083100484
0.02355548667640144
0.04814108068145999
0.08109041804240621
0.14614191235893334
0.12513432455502901
0.09943426594232824
0.07068389430600959
0.05500017427984679
0.0050934433254230665
-0.003872151397553079
-0.02780505162815658
-0.036732672822964746
-0.12649498606765075
-0.20023035011735013
-0.19907888019617045
-0.09779919850412712
0.002844039588881881
-0.0012677645315918161
-0.00048570934670210384
-0.01769139367782494
0.023369511661081987
0.019294156934524673
0.11437530956174553
0.11660068163293011
0.12898398631232902
0.08885652053854484
0.10431355487391943
0.08299821632308123
0.08944449128506558
-0.013872199586046671
-0.1686466254299327
-0.2604758915754533
-0.19029572450158178
-0.09127329968948374
-0.01819622339111229
0.013291053049298682
-0.00021387175767277256
-0.01533275826829016
-0.0023985743747578178
0.0738399503130938
0.09588561960062418
0.09761936688855363
0.114966191398786
0.17493355685120646
0.15970312595406141
0.07765419921966818
0.013539061345988982
-0.029352778295230413
-0.08588664960412014
-0.1638181153541806
-0.21608094777625042
-0.18631159355495916
-0.1002730959828889
-0.014418408908641416
-0.003831910437944999
-0.0011454009757290338
0.010404987572117582
0.020844348798890466
0.09530446968535429
0.13129686059228457
0.14244111725043862
0.12767726470950325
0.12791411404109967
0.08056140070285735
0.007598543730406933
-0.012927151631297994
-0.010344581032798077
-0.016012841516994246
-0.03551583679356166
-0.10230847361674422
-0.16130941846442948
-0.2029978748255479
-0.13715574364027094
-0.05581998464069444
0.016544637709171407
-0.009712942304497107
-0.026586829066227474
-0.0205993998137658
0.035512997810225724
0.026981938567690874
0.01656955260257493
0.007784558682664041
0.060468298934670296
0.0784979336381635
0.10588172333860461
0.10649837302051307
0.12328047231895654
0.08003453059015224
0.03178985695354742
0.026771481621013334
0.012166610975867971
-0.04451778327672197
-0.19977971336621816
-0.24518919454634053
-0.167294673261324
-0.0332153374595681
-0.003583184865862598
-0.011666612944248096
0.0009841551416869807
0.027950941289136385
0.05640623767064568
0.09851464506259425
0.0758126178413533
0.10644297085737703
0.1338711408473655
0.13009738143023075
0.027596239208327766
-0.04603717130399053
-0.07273904718520174
-0.12811021362974384
-0.1247811586133075
-0.13536119664992535
-0.06481494665702588
-0.057716211652683806
-0.0058940188164939575
-0.006903235289044632
0.0032982582887132145
-0.008436881615118831
-0.010687870987560358
0.00596273528217001
0.013016016372267087
0.02769296934841626
0.042635579657506806
0.09873793309031731
0.12820461271212732
0.11759396194703062
0.12288676994969928
0.21654774685804395
