0.0024449910345636936
-0.009296208974894882
0.025571911075884926
0.030576427266773527
0.03313588881029559
-0.008665548597230316
-0.0021466078479218265
-0.025220273152293263
-0.011365990883692025
-0.05299833264086258
-0.05877785562238506
-0.12526570032406076
-0.1590987715261602
-0.15739127785012325
-0.11286773098211522
-0.1261673361390123
-0.16759834017772873
-0.3142182884839661
-0.5601389893612989
-0.6807074032802389
-0.6299885735234295
-0.38371207520409695
-0.44043055752865146
-0.6254960894851126
-0.8069896335337022
-0.5544124694458705
-0.26461112325593
-0.018905806371636927
0.04294002644312277
0.0651630141378005
0.022639782911204463
-0.046303044019553985
-0.024829293044941848
0.10218984530168602
0.36082511280358315
0.5308661865094098
0.5053911910223562
0.4025059701887294
0.3384972339423643
0.3205860427960856
0.2609684339269767
0.1733480273809871
0.2568411136898079
0.407940272226028
0.467391502876404
0.2546946144453369
0.1305942828947416
0.09162638999536438
-0.1386469808521757
-0.4638728288970508
-0.5368308609857191
-0.2906621291104255
-0.12534488107855776
-0.12168347664813535
-0.08766347595100277
-0.0982459975578304
-0.19718686764380078
-0.26283063681291335
-0.2272725197458667
-0.16992274497052254
-0.033821044911299974
0.07488591644070236
0.10990336881775976
0.07147054053862698
0.12973387285880952
0.1667582122463068
0.20361125594102245
0.28323960244403107
0.2795609858334316
0.2460931814635217
0.13663389167680196
0.19138353114936052
0.16648067561512392
-0.010021925017772005
-0.2831359533536218
-0.32592550255887487
-0.2223964124790528
-0.11363226788453132
-0.05708667270824419
0.004969863808245467
0.013004076162633485
-0.07889956276513463
-0.412494019760095
-0.7600495828951355
-0.6866337400382525
-0.36336128247287564
-0.12899119254790165
-0.10309860644061418
-0.06583438377385038
-0.011957297748776071
-0.009263030878878408
0.09387897165705375
0.3010611980590034
0.49686118670931895
0.40529574864085577
0.3519396235011721
0.3330942793522237
0.3132926601395017
0.22525779856075517
0.29089866338762843
0.4116482055016139
0.586274844275515
0.5199294451684272
0.2992141248725703
0.060083450749137055
0.015818115314028283
-0.12590737520928588
-0.3216273677561563
-0.37638876600261895
-0.3794597816633895
-0.4226797608690897
-0.6170028697645595
-0.7875721159964328
-0.7724441516533943
-0.4984980865814507
-0.1485894821581871
0.1178972463113881
0.295218626097348
0.35893617539593303
0.29626755078330946
0.32645367184295443
0.3423241176568525
0.4145783648342262
0.3216651766611046
0.31823359265740636
0.3518301365841995
0.4179229799080218
0.32608095712368923
0.1871174280957723
0.10775129407337501
0.09088552347691575
0.12473533696645105
0.03684589565560971
-0.07511590005593674
-0.17210095671789316
-0.2605194808276825
-0.3697479702724002
-0.44272110630179945
-0.5942804632070459
-0.5747610286382998
-0.4985519464092807
-0.3875575074125812
-0.45697567074041867
-0.2942890036740334
-0.1260283264034153
0.06096846769062197
0.046490319259094436
0.008174402445016871
0.0024673437752758274
0.1279114824397492
0.2609868606161253
0.23657515107430868
0.28250369487187277
0.33754136628538045
0.4778771461323608
0.5500793725286776
0.664116377560742
0.5651465035020075
0.36293318518213175
0.21395397376289682
0.22328761731431696
0.19536783480930092
0.07135362532857101
-0.011562945178557767
-0.1470063830638037
-0.22626344231031537
-0.231377093034764
-0.17462106891876295
-0.5170874304679014
-0.8533919012957429
-1.0
-0.8900338659427868
-0.6503296954554051
-0.29792712518788306
-0.03620855498049195
0.025482332528073994
0.030681190729646986
-0.02134271616418268
-0.0719812626400931
0.1128258575939253
0.4375550022711718
0.6132522070014098
0.5513301438630067
0.605861835788336
0.5644378607427597
0.5128628868346087
0.3435859353711203
0.28108422303845165
0.13853089365400112
0.07479310012780377
0.030064127158073977
-0.02438039854447173
-0.046304670645493734
-0.1206461407621077
-0.12196978746199741
-0.10860223247803762
-0.23851910353380482
-0.46383156936012065
-0.7291398767281506
-0.9309222160752805
-0.8476388896095014
-0.39802656550678106
0.020637484105821627
0.06170119315260467
-0.013410738798380558
-0.029323807700460468
0.024542733312761168
0.04397358255948496
0.11435711883371531
0.30562646794771153
0.46200834831987453
0.3760898557817775
0.22392848987941003
0.23193194913218837
0.3440686122611681
0.4377981449700958
0.3905415466995023
0.33171314746236613
0.3170676866469482
0.2796690457206124
0.15658606954003199
0.06409502410864153
-0.015036288935018315
-0.15756123147586312
-0.32834910568474285
-0.42298530619243446
-0.48899311882319973
-0.5202349469942812
-0.5282339196696293
-0.5527218766575872
-0.5522273452371795
-0.43876444896921935
-0.20295641668284983
0.01111456002064306
0.0476808666078115
-0.008023295820242648
-0.029919305260432395
0.02753044060816907
0.038287771086159904
0.09130212531080185
0.20878405988472337
0.44560810918681687
0.47311489359942266
0.5946000968795683
0.47636565657089885
0.4736138223927024
0.2553222888387761
0.18010343742412474
0.033006155687906165
-0.017775774009698736
-0.10221015911338462
-0.2288047795284457
-0.289102931665077
-0.2961044204591952
-0.37968299450270354
-0.6354491249819677
-0.8013421889785073
-0.49982438438161775
-0.11020124127687556
0.12818455136452378
0.03749320440734564
0.010577207920947254
-0.06716658449175736
-0.05834277831385655
0.07910436090469021
0.3739265605254616
0.509723749455102
0.3706804375677576
0.2804884770331063
0.3150780891681204
0.2902169755564301
0.20489750627627773
0.174693591692808
0.19169182245707161
0.1487368304837228
0.07633734385175016
0.03750443835541399
0.020252552021086122
-0.09720089869165728
-0.25565225432480315
-0.33208245628331523
-0.49881449778836073
-0.5205077955371753
-0.3220102834106386
-0.08062947228404012
-0.11467228180727937
-0.13051296015576755
-0.10907704202880832
-0.13221585968978689
-0.1464297896880921
-0.1350139797160706
-0.07291048922379259
-0.039736096119505945
-0.004801959634895544
0.008296871217971834
0.02259603192550967
0.0430272166274557
0.07543103428759772
0.22396321335465388
0.28982977514799574
0.23693774416258162
0.11245360568951483
0.061942580283623275
0.1307746064432012
0.27469892530078727
0.25617847308031383
0.19657923095213414
0.1642248335634316
0.13039926857891174
-0.06720969563407558
-0.16259904078808649
-0.15922316223685343
-0.15339832951552845
-0.11551616714737158
-0.06293443805052143
-0.10022914582617394
-0.23167184374834543
-0.4441647106924868
-0.4718089205926725
-0.2997504220031453
0.036566483221352176
0.12375348195675431
0.06259090323689823
-0.01907556787825119
-0.005184525812175758
0.0821317650119067
0.22627782953196998
0.42032855488069804
0.46315836927496495
0.3709392546546976
0.1588667140638914
0.08397952185458314
0.09045900026620962
0.17396242622088076
0.21510920449788534
0.15756551707475622
-0.014400982556361172
-0.11571938765576958
-0.07339276144800176
-0.011432390303161618
-0.011009574906196081
-0.12162543893300216
-0.24688610512417955
-0.36205894088396895
-0.41753529674522344
-0.46314542694087885
-0.3717027104468418
-0.24641053272275512
-0.0960326624302078
-0.013744258489748392
0.02922841547868545
0.004589831931964192
0.01857924608279867
0.04909730909461499
0.05778256183839718
0.09132560508286873
0.16319136306325657
0.17551082980756758
0.1848678613916091
0.28624565952664416
0.38152979424882677
0.33036347756806705
0.20490881249676965
0.08406146442974355
0.046425345195232726
0.057185837700799796
0.15325966171620184
0.11244486966557592
-0.0629863641572147
-0.241301736148546
-0.3167210679997846
-0.4026824763645794
-0.4210630172429548
-0.3371655728825167
-0.24661595017104676
-0.20277785769848625
-0.1315927858692974
-0.09743683099779013
-0.042851506018001376
0.016072768067638986
0.05605882557880572
0.031656129187157316
0.015397386561620326
-0.006466742555030924
0.036023622123803785
0.13372167248255054
0.20468591961159216
0.20159430866027353
0.3103919560560342
0.34999026622099594
0.2813994712212445
0.1422752587645905
0.14837357014371982
0.09864095874245875
0.05341864645028492
0.0016994284552700088
-0.1133466018178459
-0.24465667762697568
-0.22249492536559123
-0.15379257046159375
-0.1596825796694709
-0.16445312538104417
-0.15199388451948467
-0.3005774321607003
-0.3314398640030976
-0.21084041007850032
-0.05501950866715082
0.02387408821954633
0.07866156828198329
0.0559775068588228
-0.003626855955995551
0.053395211224699486
0.11533744876771265
0.1209514130576168
0.10900503818898936
0.13493403581262955
0.21952402146595393
0.24992673518022884
0.2976649234848846
0.31707491473870697
0.22995428881383873
0.0945311754586006
0.04236405470917561
0.0650904766063498
0.09333463459711572
0.1200248261029079
0.10292460524153305
-0.005062392337767303
-0.08377272937971798
-0.12415067985009354
-0.09359843106761609
-0.13710108301964283
-0.22460491961160048
-0.4070791546409017
-0.39300395175898906
-0.28545123657298044
-0.1623770651792421
-0.1611148197158813
-0.11287142193244114
-0.09689109363228653
-0.09925369437333531
-0.0027990414128013443
0.19712556064292436
0.22873394137116615
0.03383189935616976
-0.14906744070033173
-0.0933720588030931
0.03282813414198744
0.12531751033209895
0.18248254275937656
0.2953364772947175
0.3646918431240188
0.2721151094681706
0.11008643880798973
-0.05894086423764282
-0.11222183716187095
-0.12453000597906357
0.03195786806642067
0.10540235773447404
0.1444034170912305
0.09505870042345083
0.09294597386802114
-0.03888510611744493
-0.22771679761312424
-0.42771306178730345
-0.5082131785686382
-0.4160682612559361
-0.1906467161877923
-0.02399921135600368
-0.0031869258811134523
-0.013676197862616658
-0.0018044673415596889
-0.002896998489499417
-0.007723686395464367
0.015633737689575954
0.12824245066613152
0.2586853098064634
0.27867454788624013
0.18274702473060625
0.15747399196716358
0.18723005754983038
0.23058257391655973
0.17709295642862583
0.16782789571240533
0.17371946041720102
0.18555870300408384
0.09325764979785889
0.004391244749714969
0.023695292040711448
0.011301674101422726
-0.017581176062495395
-0.09672339814586647
-0.11823088309266297
-0.21832750173993318
-0.24533459396301208
-0.27225931882265975
-0.25768067345989776
-0.275875682082781
-0.2565675678310526
-0.20447317961914693
-0.06467401160432668
0.021078076783713744
0.020435031399129857
0.013380279797005724
0.018629468577873922
0.03616663373654389
0.10823817745590031
0.11701348327875764
0.03810622391195579
-0.036270047586817594
-0.04104631389648013
0.03886620749815577
0.1475502123188908
0.31509632527624093
0.2956648708408237
0.19816845538346595
0.09406351043857049
0.13743636488617542
0.16364282861603702
0.15144830130865802
0.04030066979295934
-0.17472414683675033
-0.3392196424762383
-0.4249846346239298
-0.2702727082927996
-0.08842529051828334
0.08151059326259384
0.09188410409723433
0.027124348263440935
0.0720354125599813
0.07290270513240803
0.024073663835566698
-0.18093361889042536
-0.11920804035699781
-0.042056667227009126
-0.04616891984872354
-0.08109105556047179
-0.05540804818665369
-0.08001249205115538
-0.1156144338288021
-0.10386446829033592
-0.049679924550214506
-0.03249341218545628
-0.03068379633857951
-0.08839613336986292
-0.09595006701963285
-0.059304146739855575
-0.008099813068510016
-0.002495867211274735
-0.0009821626098950073
-0.021030332547551538
0.01054108598708253
0.07320195273106563
0.2339507446524348
0.28657817706636574
0.3001282529376254
0.2144317939511687
0.15219795685433407
0.10619958120388491
0.14377642020476183
0.21254241417253283
0.2821315471693562
0.18551025697325804
0.07303347184331267
0.007197341325085115
0.032082455439591616
-0.042887000199477485
0.030983669727098876
0.07466021330900194
-0.11657437236855604
-0.324697126802684
-0.32520576786300087
-0.37587286683642557
-0.48272950145133936
-0.3947563805351845
-0.1574491131152544
-0.03100343736957683
-0.02391487544873936
-0.029936334763242745
-0.05253942012161096
-0.025104552072657646
-0.029876793038739254
-0.026179902576599304
0.006917601182571824
0.12382157831917724
0.232458807126173
0.3448918425557853
0.2855883246586153
0.20605854763012163
0.1377263433376
0.16411336236944
0.13436492996862107
0.10390241224023686
0.04692352133988066
0.010741336929142363
0.07133446020475359
0.08702911639335431
0.01938890084235767
-0.04926474004212654
-0.08420088054988133
-0.21392824427764523
-0.2584470354757686
-0.3521879208061648
-0.2756897645340686
-0.21121443754934993
-0.08970911302486603
-0.0893135618541413
-0.0367171003580699
-0.024649603120333007
-0.04513008371985201
-0.03830122222263378
-0.026413864347294695
-0.031083040438720868
-0.02604863334803919
0.020296827367942798
0.032206263304691105
-0.009526761616793143
-0.010351705440957999
0.06143031404378849
0.14061554450510766
0.2081446689369972
0.27591522182269235
0.39358812362535056
0.38990344037677976
0.2736216742740856
0.10240450567989993
0.057047930859608804
-0.033084289097704694
-0.0885778540061809
-0.12797926398551274
-0.14364509300210812
-0.13874085677819076
-0.1170757897624652
-0.17616108760541857
-0.3290981271531206
-0.40271207991904967
-0.2794864466342336
-0.13334086760322064
-0.049204459583622975
-0.044957726242815806
0.03810419011150189
0.02552460772454468
0.015819237111882503
0.05708394013458746
0.2361457530858358
0.3089029227628664
0.23182959388671381
0.10009858535834544
0.07206810138476856
0.15988104026970262
0.241979392838914
0.2528394290847219
0.13212449811914526
0.035625838233995934
-0.04769594153785278
-0.16005120606128273
-0.1986067043341873
-0.25429959865823776
-0.19074789262379932
-0.2376221318783485
-0.17879284461705058
-0.16354225484173668
-0.14462878885909541
-0.13135389500808525
-0.08683140415138699
-0.007923609366614945
-0.023476870560340927
-0.015417294705662337
0.01720839481692416
0.04511229025906293
0.1014397109652427
0.09097730718428154
0.053380514106312685
0.008644868933052439
0.026527786690140918
0.1457012119644869
0.256315094290379
0.2694628846083487
0.1495384205575753
0.10235051586621725
-0.009062618176687005
-0.0999270771146078
-0.183920990200593
-0.10904895775194577
-0.07040998285302283
-0.11377155031011528
-0.19492811102313803
-0.17798968365991025
-0.13170834519451668
-0.10752417243469582
-0.06532435509505405
-0.027724339044015146
0.018292647402023663
0.11761798173742591
0.2676677468568529
0.24080654415053207
0.18059713340300176
0.11095940809540782
0.09100768923726413
0.00984367160126669
0.057716264996972536
0.18184743958933994
0.23284304141365397
0.14483917858589368
0.09497087229698978
0.05950726110817692
0.008080200530640612
-0.012801264100762875
-0.0433793550029536
-0.08628450088753066
-0.14600845778353466
-0.17952624751225044
-0.2803975796695891
-0.30113086130640426
-0.20515942646966576
-0.13535583448143654
-0.1635034336249667
-0.16572938294023895
-0.09316301336305018
-0.019750141603170266
0.02102026778182618
0.0288723116776987
0.00812417937136152
0.013963757439018004
0.07506728155313991
0.07565154947266851
0.0543142771501642
0.022416176477356997
0.026314036968655204
0.015378983921564877
0.06290848368431275
0.08218401656726944
0.0659848405879856
0.006943890186998107
-0.08920373886551528
-0.2186846525613793
-0.17631586033398886
-0.08119226708775863
0.0047630056588202655
-0.022184989167407132
-0.003232723234896052
0.04725200236875768
0.1180857845401182
0.23346220190870542
0.2909180003462909
0.2590369976288384
0.1625172808300663
0.09305067208528416
0.041125786601544936
-0.06996502556755221
-0.03884708541039501
0.018785065237455253
0.07376272889351249
0.03974233913824886
0.03138460831606401
-0.00019747054059332246
-0.027004449112440855
-0.01570628238614158
-0.050230333967210675
-0.06668177400330906
-0.072460941528093
-0.06652444154886437
-0.1261832848475737
-0.22949692384742856
-0.2691807781818601
-0.21502181584658703
-0.09825971166924992
-0.04171557687526072
-0.017837970737706564
0.02734388364479065
0.034754762484057074
0.05773285470308458
0.10248234188203957
0.17078526759799842
0.20589181874092238
0.258230555416246
0.2390843552441206
0.18781581031459274
0.17786992977318541
0.22589020165713075
0.18832971761838482
0.1564292961772194
0.14945347358291114
0.1458701313087178
0.1341512292256927
0.14639561016072417
0.03605395970349123
-0.23671292484986872
-0.4464689801422651
-0.4681611813532357
-0.2712100073277071
-0.08676904248441661
0.08194005667593299
0.06715760159317438
0.08039919309256861
0.05862936639848735
0.09311754977559795
0.08945067172047655
0.11265550305563626
0.0956038476686397
0.11787119498058725
0.10260360168058053
0.08634310523395439
0.062116999133036845
0.07740711510725128
0.05166124299321132
-0.12760351362283168
-0.2873762860333748
-0.4231392378260831
-0.413762658375279
-0.33499456733306876
-0.1472281351598957
0.022937729979348995
0.06526971392039954
0.025091946993664627
-0.027983465877256475
-0.003368031212945274
0.0499507710708284
0.10515126348671347
0.05724842080892037
0.023994037952317332
0.005956635647420544
0.027059378759125792
0.01549238926589885
-0.010041041223900886
-0.0151242559360115
0.0018166849814906206
0.10760442953021616
0.16472662893940448
0.1503131010306427
0.1122255229074979
0.14786034691569816
0.170514987278295
0.20312436049042365
0.13797699877314487
0.10259699049032955
-0.029155206035068024
-0.06248133699269691
-0.139800078373188
-0.13102709467865123
-0.1188718527763537
-0.0561035153743941
-0.0886682461578664
-0.16568162963664232
-0.3656790951560032
-0.4906614375627964
-0.43043066944182096
-0.1556468698577289
0.025985048403224808
0.03432281169427536
-0.008901172708024707
-0.020007526648549632
0.011887451273767852
0.06507899887723032
0.1984283122517468
0.2501325187895551
0.2677736434010658
0.24202751740981057
0.2274326598315482
0.2053433465902176
0.2137011480637668
0.25364769401520365
0.15605840541500612
0.026306075347362314
-0.12683680821015364
-0.17559513119865752
-0.18629736249047688
-0.13533897096383307
-0.1182512392224857
-0.24174308284817836
-0.4973856745606076
-0.47783038956076934
-0.24028801206734748
0.007724708765136694
0.03700238935610936
0.08434235235075578
0.08745923222915737
0.1095748093810768
0.10709300764679737
0.14650183771943465
0.21032720677458264
0.2863627441828246
0.2408843577102307
0.05112057551744966
-0.08412243127763414
-0.07509659158364
-0.007034952070742152
-0.04611057887684494
-0.0763995301244981
-0.08343696141726722
-0.034878245293828374
-0.0009542306185930514
0.011807662643308537
0.05454210464935915
0.034528239656005696
0.010498743387897316
-0.0292283494052326
0.027411235383426217
0.07822839157842708
0.04411632579163019
-0.13685645178201897
-0.26063891620164975
-0.29547527939763063
-0.2521326086247998
-0.1682814538904609
-0.07032675564766279
-0.042863390414517574
-0.02213291793023079
0.029759124457126824
0.02960638321579048
0.016553284366045987
0.06203673880432102
0.18681645300019467
0.2419741568771185
0.24058696949286873
0.1779453019165044
0.1462568519588067
0.08503229499242927
0.1204155588322252
0.11739155363709167
0.1634963848603829
0.20713894524961046
0.23654581929860727
0.15613582460616793
0.05221083862945403
-0.09671592394021448
-0.23737951653986275
-0.2854358174615193
-0.19205543000523273
-0.08661435172694965
-0.07851489821052769
-0.15303156299056292
-0.21150733565011565
-0.23339324919295457
-0.23478808883585187
-0.23296605125848713
-0.13626872211559085
-0.045073089561270624
0.011817465363980765
-0.017929996750352277
0.003130200117828007
-0.018265176781726414
-0.006119529418956748
-0.005877191594399453
0.05648101899621555
0.12000397382069793
0.21191863545532508
0.1911778587996961
0.15572311789133025
0.03906667014297234
0.0014106931141646877
-0.052683947402336874
-0.04662126939444383
-0.06879655486877127
-0.02049547700470019
0.023093156269752065
0.01864061028944987
-0.03758384132620578
-0.08543656406914403
-0.08810020702284568
-0.062235256905071666
-0.046245283747778275
-0.050285126756983455
-0.10519701788331119
-0.09550475523214526
-0.05214103799299149
-0.01861469577784758
-0.025902491001855352
-0.005232502314405972
-0.017417636748180403
0.01093628390714359
0.08535685619843777
0.17921282639343067
0.24914695272848766
0.21169580800036208
0.09715851215631148
0.037690538009214174
0.09675578685124785
0.12820096052262744
-0.017320152831032484
-0.22190227995731696
-0.325231754292065
-0.2043212423801758
-0.12041671326777681
-0.06159541129323694
-0.03036655496202123
0.042152553853411226
0.035091331921952136
0.020737675580552443
0.031058323033283566
0.06288483178260054
0.06330197447985876
-0.004752712090542152
-0.017971063600690104
0.03340434119307253
0.18027353484972694
0.26303510691693877
0.29480887383730453
0.27953693480312225
0.281623279473183
0.21104183917533323
0.10401899908117564
0.05475927426998675
0.044436649785232867
-0.04628461317680145
-0.1383766148010796
-0.29135104236361553
-0.25426893149061275
-0.20446300331396214
-0.1482982032344927
-0.17018738280452658
-0.0579829721883847
0.06541225092718957
0.056198971109688904
0.13694530786617282
0.13346254808050198
0.16319972329891758
0.07108514967799519
0.09061965899115144
0.0449372822852466
0.12005879612007427
0.06408144067519492
0.014621284196761102
-0.11482720588977978
-0.18336678556070166
-0.25412592385508576
-0.2040446554269623
-0.17680152572319421
-0.19037672077852327
-0.18679362231923566
-0.14997901475705863
-0.09570388977688823
-0.05579798745960922
-0.019010343347408667
0.00432160279205097
0.05006973127019552
0.07767831372855506
0.04768122076050019
0.041609600334704955
0.1294016745664717
0.32815810074547624
0.27011236417095863
0.11689160460611414
0.017771501768495537
0.11452545098089795
0.2102353775948968
0.2637257073486431
0.30592327646497236
0.1824026922209734
0.15493175415110255
0.015083629422905897
-0.12860658072596753
-0.3698681095252331
-0.4207532199470719
-0.36540072763251213
-0.2078911939552775
-0.1318084117525627
-0.09223720087017107
-0.10357686844721488
-0.07365585308343964
0.003801907092998912
0.07709042839963663
0.07154491759415077
0.055238400865585596
0.09592187293089895
0.0462162484217908
-0.024223557860702464
-0.04058434783887748
0.03058659013118901
0.017807936639277242
-0.01748561286533366
-0.0667574137884405
-0.08479947058050478
-0.07406223466855835
-0.03630048814228704
-0.00026976417073057885
-0.08855227351473903
-0.18132227822113645
-0.17522334269054585
-0.06511743680490419
-0.0009476432211288396
0.008030835529767579
-0.021378484475753513
0.03430066908774092
0.22302575410619935
0.3444934239509161
0.3208093024873028
0.22348521391345405
0.20753437437462818
0.2515443504385514
0.3304257242003575
0.28023469316540467
0.16433623385956017
0.047731455462891266
-0.02944894204833475
-0.06773510324257112
-0.04119210787828736
-0.021882536441180434
-0.06454787982101162
-0.11765923939334054
-0.14225952052348387
-0.20600608311793953
-0.3140558994210593
-0.351785022154718
-0.2938519742634933
-0.14417960682859055
0.04350766801774023
0.09472212920607812
0.008053910962481158
-0.04726496644074875
0.0034280573776821065
-0.01097881021250147
0.00036805516857244187
-0.024751222304247016
0.0013088342287007819
0.01599278531950457
0.03185825815301265
-0.05549586733901203
-0.04733555230754455
-0.017612493159473205
-0.009442165187544444
-0.0200725187330064
0.00404374301516173
0.007016772354694369
0.006697065459052089
0.0079458543582221
-0.009465183957131239
-0.03159677271840498
-0.005235890250393294
-0.005777405119521363
-0.010060589987452776
-0.042170400662195386
-0.05669197394446167
-0.046909226368151875
-0.0024954541429358192
-0.024550235054123216
-0.045390095530473074
-0.07607800401196085
-0.0628060205339358
-0.07490594291709464
0.002558539245287708
0.006794187344967977
0.05003701282716777
0.02241531757491193
0.028140627984124464
-0.017208639154908167
-0.0048828050213724095
0.00536302055494318
0.052705844119813376
0.14546828481239502
0.18327420942538578
0.21682886379100783
0.18321574950161512
0.21038052339176427
0.2723338519903603
0.2747930266055466
0.18044134638991347
0.12467011126760534
0.11095608196057567
0.061865437601353414
0.02858201181673955
0.017162173240818764
0.007163602546952582
0.026438160331848856
-0.0043270181602462435
-0.16436853337348728
-0.26247448239541843
-0.26210250415799774
-0.20594411846217184
-0.0718960294732704
-0.03926391090119081
-0.019535473852930554
-0.082895802354343
-0.060591814005699365
-0.14853060568803547
-0.15087287619805215
-0.16986733190687264
-0.16660275495140411
-0.14287269649982484
-0.06634021228241992
-0.016274657818109023
0.018432864481119072
0.03745163545369913
0.023800414825681952
-0.01134854954521137
-0.022690482463066503
0.0016263511960755068
0.025953273177891457
0.12700831813037097
0.16938704816998015
0.15062061873415264
0.056232947217377954
0.041942811914157864
-0.022319705494514848
0.0496129406468291
0.12623336734911383
0.11612555492622612
0.056040567835404974
0.0791394798008383
0.0023215690302219923
-0.09533999112893729
-0.11368008108677478
-0.16411752586158662
-0.22240428779593463
-0.15631458852870303
-0.08417152765927932
-0.13367123559201696
-0.15355228142012084
-0.09736261842795348
-0.042686197613357665
-0.03414385242724389
0.004160532367450381
0.05263220310438362
0.03413407647519503
0.023063520042997963
0.0774610009405918
0.1538760101104682
0.1540291884778662
0.14880577880660664
0.1870345692359387
0.2474495516509618
0.18574447182403303
0.1458959913323384
0.09285578373991554
0.011321593699455956
-0.14787143399508632
-0.15167729364310994
-0.08906731616790829
-0.06640656194233864
-0.025083904960314492
0.0346044193131697
0.07000066978699969
-0.042046836875298796
-0.11080118692878163
-0.06911042084125353
-0.068063594790495
-0.10504663713016368
-0.13699809938219498
-0.10018245650584473
-0.10551341743055107
-0.0537181768037022
-0.01504122231710677
0.0036949384439450587
-0.04135126364765272
-0.05985188615883525
-0.06913015254561648
-0.02734888476925563
0.052433118020071945
0.14930126577205113
0.16589839678949822
0.10670765147498856
0.04759422018218682
0.008160301668412074
-0.020199584179816987
0.002313070840601783
0.04427477148027503
0.08930973314549466
0.034205565115278495
0.07815014295643961
0.05717169869326939
-0.041370952785593836
-0.1713992745638494
-0.21938482897958464
-0.2459017868375629
-0.22454984408630477
-0.10474819597841473
0.020470102266802886
0.030970710834538926
0.016232738552418486
0.010108239860051228
0.04167341153762154
-0.006374365777519539
0.04838960810202595
0.27747845647016955
0.4078922881469375
0.2745773877180666
0.0891309517019056
0.049767342030509504
0.15744057426466235
0.26398171564081574
0.2215661631111469
0.10189959994405214
0.028874726216247384
0.0027780955130960196
-0.08430835911275676
-0.1263039412609062
-0.10459410620733345
-0.1553994994799073
-0.34532137215398884
-0.4993722800885925
-0.3482182715570385
-0.064955742529993
0.09946959093313637
0.05139110856588706
0.023948782744899068
0.049218961943011084
0.0994066998925158
0.10171587461285558
0.09749626192456812
0.10310046880545193
0.11599293446699849
0.034986342356298814
0.12192521694583096
0.2795332139613151
0.3017832332924264
0.12155622885152793
-0.007536014338138741
-0.027355496168733166
-0.0885399084754295
-0.07335629942267673
-0.09234084275095683
-0.19761858501179172
-0.2745040262584326
-0.2690644299794613
-0.17359493605843276
-0.16363967651023165
-0.14731189620045643
-0.13215455355328376
-0.13488136974498247
-0.0894064783318597
-0.04612475344915403
0.04458687920208497
0.04752320241728405
0.05111662437741757
0.06808329144955812
0.1708980780949077
0.21735672615710755
0.2007877193264315
0.18681400677202975
0.17569436269538252
0.07870708822383243
0.0028635078423498448
0.004212035900835323
0.048522059257171034
0.013772664769886301
-0.028656287409443315
0.002932276070331872
0.006529246681689019
-0.0059108132501542385
-0.04542671515358856
-0.058055081249926824
-0.13327739485022408
-0.1533182905079814
-0.17498740368642948
-0.17323158999017027
-0.24092289760968108
-0.14830859082040132
-0.10054725534394307
0.028267558488522953
0.050734235597694764
0.060363366639938014
0.001874017269342396
0.006657755816666845
0.17813483307472047
0.2558000507525392
0.25721043974648394
0.12111981197664912
-0.022492659897946955
-0.09345092081835979
-0.09512880146532084
-0.05868016735082975
-0.061216695676535815
-0.05970168816963594
-0.08716890198113549
-0.0685302576954768
-0.05304009469684975
-0.04405118543746333
-0.10900933914093287
-0.07991348940385701
-0.06151207078385871
0.020554577654595722
-0.0007027699014671931
0.032132017658954744
-0.004981228887978419
0.038477067095724335
0.018476178659450497
0.06882450191684168
0.04574233935653054
0.09076131225313404
0.09599575041416825
0.15660369008717206
0.08030879280915479
0.06914162130752433
-0.01785043629371389
-0.017562987838968955
-0.12963406744401101
-0.12422381619113648
-0.14147348072143234
-0.04769003978780724
0.004084345841978169
0.024043019817806873
0.014376532103923608
0.039296980577094354
0.0004324583320661502
-0.0037993233175551704
0.07952804855344271
0.14773013735599297
0.11373650055298226
0.07577588314885701
0.04502509087299018
0.007383812096187824
-0.015497419942772107
0.030974027622153094
-0.03515083921332268
-0.05815601843857142
-0.07168998347956997
-0.03276721643018547
-0.07094444580584534
0.028885952797263942
0.09778108054536154
0.11859367812668778
0.02650962387903023
0.03759594594167696
0.03842273289299091
0.14118096170714986
0.1822432677044708
0.2279024849804998
0.19411283022224637
0.14094915250345133
-0.010643794209273149
-0.10549130471345625
-0.0933850669511195
-0.0742103932645301
-0.10840205245641199
-0.2467511114196413
-0.34604384619660494
-0.3853368978937744
-0.26339989907832423
-0.13781689317774193
-0.008624016046356387
-0.022881845778845288
-0.026927949608151612
-0.023509711844228107
0.024379566171094276
0.04227187175575565
0.11060131987764796
0.2533676098851445
0.3568538326936814
0.3144105016563039
0.08061253141418614
-0.02814241359110079
-0.014531139845104778
0.024790809804521374
-0.03428491785173109
-0.11514605486712447
-0.11205183301105906
-0.1516371563019528
-0.20583371024748173
-0.18368521973317953
-0.013362177217388724
0.07160366213157095
0.03228469675798676
-0.02370521386559975
-0.10006717168288974
-0.10720612009123852
-0.04266299445820887
0.019314692451364582
0.04783572890673113
0.06765389763502787
0.09255043962499467
0.043004582851978106
-0.06315397837829603
-0.13154265116222574
-0.053579981958956815
0.03260293445954281
0.031183252421092558
0.00084314273264097
0.007955658553061481
0.030033481441267298
0.017948974397153067
-0.026890441290720275
-0.06270779329435425
-0.06870378488534519
-0.025252417251103696
-0.004606524957776948
0.018172021183563716
-0.018429056910022487
0.0030481346903677366
0.02000902423297221
0.01614767352389892
0.008619480195558155
-0.002737511333402246
0.015418915410687654
0.004665574680448034
0.00956368675413917
-0.0073779097547573115
-0.004527077874719731
0.02547540674480349
0.07762914983186635
0.11098217751685116
0.08091572891662496
0.03931302636485356
0.055478355041029555
0.07724833671393715
0.23659742678886947
0.28750696370461554
0.16436779677812138
-0.11648890193280112
-0.253255245382388
-0.22329588072214213
-0.16610870753770351
-0.1464933828387265
-0.1803236840853442
-0.10197128002425232
-0.04761344832275034
0.02407055107074582
0.13469860171268225
0.19751254045849412
0.149410176051191
0.058691916972364776
0.029091848058159203
-0.018820946056938372
0.004230072801817218
0.0851497613178479
0.06016783302886807
0.039126870184870696
0.029816943186807818
0.021686655233206203
-0.10514340478897215
-0.1289948957958618
-0.09740352570774174
-0.10184151260294112
-0.1060072235441948
-0.10323355304826691
0.04625389764134321
0.1852856599960526
0.16701238615634972
-0.00015390830867116544
-0.047295612537822336
-0.01612955331566774
-0.07133057497055169
-0.10671806381194608
-0.11618269710869482
-0.09369386498591824
-0.07371960862248862
-0.013701535610341747
-0.011234341816866238
-0.010658233630285157
0.018507004985985565
0.08425289973344148
0.10769175856207297
0.0454830437564386
-0.04267799745885442
-0.06415959554749207
-0.024112665708596753
0.012369023668379312
0.01894880988194636
0.01855432946472283
0.053082254763199554
0.06267662383968758
0.047918842757333
0.08263485343290157
0.10077215757763393
0.06493204560277739
0.06322737304821582
0.0943885896174536
0.03636233037388196
-0.024021472561862853
-0.03956794570481785
-0.07770588288760817
-0.1670017224300632
-0.14832659951889468
-0.10638718370642156
-0.047740678851466906
-0.035136761118821996
0.0034653434362481405
-0.03216070154679299
-0.0956470988235176
-0.0953434272213886
-0.04251902306396648
-0.001995560799165377
0.009595333684937075
0.013464122637489681
0.005174743356054056
0.028173220039349547
0.02429973340773606
0.026827699802954345
0.047710157093493175
0.08127743012521402
0.003473069451401086
-0.03800820494940686
-0.05499050657871891
-0.03552751930366296
-0.014242574262831507
0.010989927523115004
0.024748586094618295
0.03159034041346633
0.0322739290151215
7.867162946810468e-05
-0.004713991158214427
-0.009275618431429399
0.005367783614638081
0.007116953534627128
0.01574644558150606
-0.005645625538268861
-0.017325539586810434
-0.050705280341801655
-0.048629341361434125
-0.04280108121762423
0.008284654136460338
0.011867407856156404
0.02009605009684027
-0.005407948215524271
0.016792636331748035
-0.015724972033563094
-0.007210461898731619
0.019686012605932408
0.0769314806144856
0.1201344236733461
0.12112146880641744
0.06908762495924828
0.09349515779041687
0.16405734126667953
0.11563520263218316
0.07194689102810674
0.06747130954302925
0.10602289452914242
0.046780489927956546
0.016342174738083647
-0.01972759061356329
0.03371078601095462
-0.009991233154854262
-0.0738176739856857
-0.0940964420307546
-0.05698053564952638
-0.16564779202440696
-0.22554178764491967
-0.19743683679632218
-0.0744318768678619
-0.01976967427362781
0.01557880650118165
0.014440692428337306
0.015620414528054625
-0.0006381519890707145
0.03871705386678964
0.1727993659166467
0.26840392296326715
0.1532883592445292
-0.027012000785992654
-0.05298444564687619
-0.023691585938227108
0.006569833351762159
0.011135661402722407
0.0204794234679038
0.00023390323288097534
-0.0007834513521878492
-0.023435023383828184
-0.04576033332473646
-0.033075851133631776
-0.050087244686571344
-0.06599141932768338
-0.05565696971420906
-0.037461905662423606
-0.0643515876297625
-0.12877302743486693
-0.16654069917822026
-0.08784397899280937
-0.010832542859625214
0.014823922387562707
0.018405739159654665
0.024426076422828326
0.06609646338648022
0.10868649145051126
0.1297634236512502
0.10605139139559874
0.1456285459896116
0.2209032347966613
0.2666371810367132
0.14379836500061857
0.017488613269489015
-0.049196305745600674
-0.03428246963719389
-0.038725395309175695
-0.009863715336256535
0.03847469232879702
0.058199672034869476
0.05830112313735257
0.001001520638840204
-0.07992132967882669
-0.19568406358263585
-0.22630787504196323
-0.18048612157648597
-0.08895386117515573
-0.07810358943903331
-0.08818329966094485
-0.13941874926184591
-0.10516990895509866
-0.06851044728101656
-0.018126600521248582
-0.024774665693782394
0.000749433176351085
0.010690091114859723
0.004454081632195517
0.0432806308267978
0.13221773533658823
0.1905094168077458
0.18234964381357424
0.12243389358033496
0.039313595578287897
-0.011168969640170417
0.06147360999360858
0.0750365953354307
0.016742573397864672
-0.025472640985352568
-0.0283781582152775
-0.018791490364382935
-0.033511107908162856
-0.055524871197177667
0.005249254887671635
0.0013224070682762653
-0.061957742974875774
-0.1442446103700887
-0.09049983646577654
-0.12050191137016705
-0.11990341991221697
-0.10875572115269565
-0.06615706737446528
-0.02641039445268684
0.03097713363689386
0.0033738936731692783
-0.016137116152486666
-0.003823306765528517
0.020507630240573164
0.019236511665998105
0.02629940171166074
0.12224337133952864
0.27013946962493635
0.2589000868006775
0.09387816720427734
-0.01341552863236412
-0.02759699505297181
-0.04349167844914704
-0.04096345236890462
-0.00490835712316544
0.018843415470077937
-0.014367158515232029
-0.013998294577878233
-0.03431046314956166
-0.0009821493027332075
-0.053021215133294324
-0.062329860913028036
-0.23980846359003366
-0.22784408157894456
-0.17815887296327598
-0.028246950881230432
-0.007239249861399774
0.06003299099141044
0.03936548544191815
0.035371329445053966
0.03654270397740831
0.07055156570665265
0.09906076296891832
0.1033655185243298
0.054789262826556516
0.031028720109375862
0.05278166218706508
0.06301473767895001
0.04260232524720251
0.020116068991442762
0.04047772623886624
0.02916663791576568
0.029395563148808188
0.05572709770754226
0.07289008312126022
0.01117787807677692
-0.07740937605961297
-0.13510255864238238
-0.11647280139707077
-0.12135160777120783
-0.09630489917954452
-0.1188167376480669
-0.042579424360547326
-0.06224908136222897
0.023826155223168347
0.01560237941453283
0.08760464087823194
0.06555642271856549
0.05706900212987885
-0.027212315591163782
-0.02010763737706639
-0.0048222737722194665
0.13923167402021383
0.1884770253083958
0.16233818780138362
0.10643619941784911
0.23288540683649672
0.2788365583581538
0.2464393141375477
0.2379952556792058
0.21602122190497158
0.08714632192650403
-0.12713273749921752
-0.18416079905209887
-0.20701888744104477
-0.2793675974085063
-0.314385828587729
-0.2549720346212615
-0.1901139259687299
