0.011262962322347534
-0.03417950176859326
-0.022621573655972883
0.013264156948297072
0.002460646292299328
-0.00351514757580452
-0.008940031535598124
-0.010598391133694946
0.007700137872029244
-0.015715324105306423
0.13058671137920275
0.40654757647837797
0.6746498266951898
0.6450286414858617
0.3078059514770146
-0.02619199002475031
0.021615983453611237
0.18544068278789502
0.18876964405360389
0.0506948937934592
0.03343119859837807
0.0058998255934297845
0.0041670196751349515
-0.005837253190851612
-0.01580013620733751
-0.12083870776989128
-0.10588585903239392
-0.28509704895612076
-0.667780131319281
-0.888155444717675
-0.4826058521093435
-0.06561334313203669
0.04401298369404786
-0.0015907052897063466
0.002220027357622078
-0.018039241436509718
-0.000507387149068259
-0.00012829760391954464
0.0035743046449672917
-0.015855573255764352
-0.0010727195569461747
0.16478376579325912
0.4629829279589223
0.6574059965720461
0.5771678227075073
0.22192777265325153
-0.016610467286700334
0.0008208328024837041
0.11114943804733948
0.09862220137227692
0.09318667545380355
0.12062689590772979
0.06403549124414286
0.028843823724246556
-0.007215135154874188
0.014737913126618932
-0.04897867788707618
-0.16438896235122846
-0.1541161659052988
-0.5373955199495382
-0.86103029633568
-0.7285074171090598
-0.107747675558794
0.060604439761595116
-0.008125418287699197
-0.003658874262032024
0.0014826132553728269
0.008164133999616525
-0.013254987059625785
-0.003293618532821791
-0.0032153141347899834
-0.014748086649211622
0.12058202373799286
0.3987507085117349
0.6377575070541415
0.5741671658372196
0.3324893664637067
0.02254530484398217
-0.04371517034400324
0.04847692792910162
0.18365077969015722
0.12641495377089695
0.104782355407033
0.05973024030485695
0.03774058014834524
-0.01306406001091342
0.018638132486300477
0.01005042350359921
-0.13650690950758013
-0.1735077804219734
-0.4748643427455056
-0.8452887296837589
-0.785147557993121
-0.24414369646118386
0.06527060350055157
-0.008396255971645202
-0.0025565229053336907
-0.006517752910966948
0.010121789624113427
-0.0006544244822927821
0.006707751800456207
0.004487955944494388
-0.007347723650823776
-0.003681127530077739
0.18010043779425644
0.4119503884435439
0.5694445845133045
0.5594509690110278
0.37018926908486105
-0.001318360494939717
-0.08439526994262664
0.12076858336278375
0.23019883818135664
0.1316307741394506
0.06925573373476976
0.040133559227779884
-0.0013745629987335437
-0.013251146788659797
-0.014944852510882824
-0.05435622258560896
-0.1837423947689504
-0.12248453678061981
-0.5606170490619312
-0.8613768690163611
-0.747821337575233
-0.09748389242671765
0.041924405786279866
0.001603963285258784
0.007429555376006359
0.0004968594883919832
-0.008064862683759636
0.013325309868786661
0.0012262056892794694
-0.0004191701568274548
-0.017385840945471312
0.057714494895648116
0.22642145387729787
0.46429506978662866
0.6162710518463252
0.4930171232995289
0.23111003497352892
-0.07064912473031384
-0.006557792601307989
0.17991460727346584
0.24302322447450667
0.07976906733727031
0.018662256167173957
0.020151046995198235
0.009181041686419198
-0.005568017455888119
-0.002982241632620288
-0.1332123035856191
-0.25869928456373215
-0.5740122346073292
-0.7984688046417734
-0.6147911627973883
-0.1597348324579348
0.03480637007893649
-0.017582723152129963
-0.0021334344803369473
-0.003325333380660767
-0.002043868071833148
-0.0010508448359468742
0.0031959424876410692
-0.008276256654138751
0.011600960272589205
-0.00966823856094306
0.08545052732551954
0.3302021724989782
0.5039189708300494
0.557025620570196
0.33141680340793805
0.22357453811485697
-0.035676733932344315
0.0508292556421098
0.12594226192105554
0.24463586509405355
0.08460871137893591
0.009099762275323171
0.027131077150151662
0.014805561290430414
-0.017019669884605213
-0.046652437535929604
-0.1733472068521727
-0.12564407999441848
-0.2930369196332842
-0.7257090790263854
-0.8434342659422137
-0.3740369872072567
0.07622896776152904
0.015384052981444706
-0.011308879093598572
-0.03440384150764423
-0.001191760763147083
-0.011490352363960994
0.004667607901611201
0.010422160273042838
0.006855941487970554
-0.004716742692988601
0.05629651681288975
0.30961821978755
0.6654705703325705
0.6685580243634562
0.2857924183953283
0.008507716449868676
0.03491808968398159
0.06148026629529121
0.09974538781695025
0.13056804337758462
0.12304375204990399
0.02657432012559578
0.03648283274098681
0.017105758192160384
0.006547260574431717
-0.05032813373768519
-0.17387402944941782
-0.1672117164282944
-0.4045850135832023
-0.778096092585279
-0.7425693284426451
-0.22340237411012778
0.07210950469538044
-0.016009659638736677
-0.020290984764874922
-0.0074239228982736424
0.0074886177918517495
-0.006505624795246374
-0.010527823833391308
0.01586722419484989
0.010677905356317883
0.006820053579785785
0.2113731814710701
0.4338220125663472
0.6482197896362742
0.41301665229345264
0.2605185403790601
0.010078678261452907
0.1260665150323558
0.10206386047908762
0.17845845166358226
0.09815273617938831
0.06354568982367244
0.006815723407210637
-0.01378227201626358
-0.0011319417412642115
0.007777366851984165
-0.009704803064744656
-0.22095582568957253
-0.16028278119761874
-0.3342574061181169
-0.742852463917429
-0.8335402212603751
-0.29953785982626874
0.07798006278508168
-0.019586800339617332
-0.032338485767474764
-0.019736725362360766
-0.002473190018224415
-0.001945164163211643
-0.003521025133588377
0.009804377904528615
0.006496952899292192
0.042767045666226716
0.27220059877233715
0.4745520488212928
0.6218864494198897
0.3839479723638088
0.22059013592862511
0.0003270019595893059
0.05170693380893294
0.05122358050194209
0.18434572711247288
0.1591556818252868
0.0689584119167365
-0.03494431904971541
0.011202439507412176
0.029682359961778353
-0.038618022586042584
-0.08597570300931634
-0.21287038041733092
-0.8045518617780711
-0.945187605629116
-0.4824746603368784
0.05309763447768054
4.1191826903203624e-05
-0.022016109735256698
-0.0028541908097751865
-0.007495200276034179
-0.00646598870835504
0.00955298390850406
0.0007209943599147482
0.08354124367767696
0.3613908194161576
0.6529477239241863
0.6474533601430342
0.38728569203237834
0.0916347294007201
-0.03546391793413875
-0.05264387367700118
0.1056305762881084
0.1469544973650885
0.12728922521366726
0.02281199972701005
-0.01952851520582584
-0.048366612024083044
-0.07201555237171609
-0.19246950875681687
-0.7553908953888988
-0.9122998433292735
-0.5356051032095002
0.015397227078595598
0.035904316885474345
0.0033815400818791963
-0.0019137478986674316
-0.012507383775843954
-0.011205776713330574
-0.007420454863763093
-0.0035800556507581153
0.01268581339254212
0.24090536169371626
0.5809648545444768
0.7942778326349879
0.5271837014043812
0.09901768560079971
-0.12987100000639573
-0.017749519439611287
0.07343786182026074
0.09403491713946821
0.09320028968815997
0.06078992385449876
0.03895579582135447
0.007507753909370189
-0.01442794625180901
-0.07439231565137822
-0.03157131641016548
-0.24785149630708134
-0.8002336574607233
-0.8905418991937208
-0.4372565472276393
0.008128984276459828
0.007626607068487947
0.004669984535573726
0.00762620569057515
-0.014124834751577307
-0.002564201696712908
0.014126477345999021
0.009160575507059506
0.07731005613900502
0.3247449458488848
0.5266421275187616
0.6267762148523539
0.39100535680596854
0.10513141960766716
-0.05996771790426547
0.08971305178282214
0.1542184899013717
0.13206950240252777
0.07782126503037172
0.02962758412038957
-0.018351605166290648
-0.018054870360546274
-0.013914126705106382
-0.014312055728929834
-0.08780684003825535
-0.036885666342618244
-0.47621105203925934
-0.9031020212251901
-0.8061560655056684
-0.14748572160997184
0.07970855115063041
-0.00364376060785227
-0.01141842987438298
-0.0030609709097910004
-0.006145222812735247
-0.016558750474667403
-0.006649693335185866
-0.004789187750663714
-0.010009911041165921
0.02004162267152656
0.23509745495182738
0.5171669380485904
0.757391665470903
0.5028591675725101
0.15788071160514888
-0.04469309069472943
0.022271047067172783
0.04253173820671117
0.07027907705925436
0.08762970111552504
0.04304223780904717
0.0715433036965261
0.06164435161819194
0.04174739483079592
-0.030389194766916785
0.004098624484742423
-0.019673271602578934
0.0500282118797655
-0.02668728279640214
0.012468859629661782
-0.012706626947742472
-0.02661110483139676
-0.04597635443240258
-0.5864153117161277
-1.0
-0.7881455491727771
-0.08029283708346048
0.07474337046159688
-0.0044352790798025
0.012275772695422538
-0.014247093010639924
-0.02017899797230405
0.007337910624413034
-0.006842981043195145
-0.03665692612788984
-0.05306810855310425
0.02954109491680795
0.2989776657574629
0.624941719923218
0.7551703539736713
0.5157973201874915
0.15741324858986602
-0.04259576537380938
-0.0038550144677582036
0.029589743468626094
0.03853367626253972
0.05477875331512121
0.06589539544311455
0.01265475680789071
-0.01956727576472233
0.007161348451315792
0.022741370730449628
0.016082765894756115
-0.026844337909854958
-0.008377270691881752
0.02221101186434156
-0.013084155187071393
0.02049096522493916
-0.038519749738060355
-0.14208919930451006
-0.808119634042112
-0.9258317715066683
-0.5960112044407507
0.009652849548819568
0.0024774362596460186
0.008513237446449119
0.004132564382809475
0.0036096880057472323
-0.0014100078323046191
-0.006357762026546875
-0.00794976367595451
-0.04151959008547055
0.0033649170867511213
0.23394920107123615
0.6326082499771972
0.8041584310737103
0.5607495070409212
0.17638568166554716
-0.045735202037872805
-0.06225658704318474
-0.006191272462861028
0.049896598627776026
0.05960038413373446
0.011551431757565567
-0.009286230638534829
-0.00015181790782156824
0.002905084254045986
0.002412027865562006
0.014875715816995153
-0.02775990225328091
-0.08134663954061928
-0.04231302831820299
0.038955565363370075
-0.21810188498965002
-0.8078794638426818
-0.8849800032666837
-0.42986983282490704
0.03228932931594864
0.013548300144443835
-0.009443571545422292
-0.01640181829460838
0.00012975610173616024
0.010962514397518578
0.014939476049188112
0.015069914057737001
-0.023874723006844845
-0.021146637862136046
0.10883203967144196
0.4588510436852478
0.6840784004311635
0.6801423735324966
0.3123372277828749
0.05998257850777163
-0.09041115267945497
-0.0063195410220200305
0.027835757775446786
0.05594171136866358
0.05530011800547103
0.04176334363840313
0.03875676860755156
-0.004044357457372753
0.026386740408270378
0.010049469885490528
0.027751384746711343
-0.012117762232495832
-0.06794589330326735
-0.1738026320418032
-0.5372167255159043
-0.8997764447671973
-0.6552209535976018
-0.1371528065729988
0.10210188827139223
-0.030832344987338754
-0.013157913740754578
-0.01306274189983995
0.00861412692029147
0.009562411390272071
-0.0003137896517885391
-0.014115843375779032
0.004742984032800897
0.17196711811181042
0.4193784793695971
0.660946997105486
0.5851397449251132
0.2706802481985819
-0.06391004323142913
-0.07129346112273299
0.0526997342714438
0.0963269335640955
0.10844286303906552
0.0734275534775503
0.0716404050630998
0.006201019365588082
0.023619343060054275
-0.011904072296105527
-0.12732713070378837
-0.08863386649151968
-0.1855311170164187
-0.7663452317230545
-0.9014836925283036
-0.42464005946685224
0.0915410614519946
-0.01811442297744768
-0.0003579967637424816
0.014891224199525589
0.009103162833811362
0.012185282267220527
-0.011130034725340663
-0.0038864731716821
-0.029570093346715055
0.1475887494712044
0.36821931743831227
0.5583665444595389
0.4805209755192595
0.2724442881928155
0.15066915611216739
-0.04262189406564303
0.02007963665721527
0.005701645220253438
0.04162867875919844
-0.10848455023179877
0.032441203822794924
-0.06646861947686249
-0.5790594574533634
-0.8122370830005666
-0.43698573928505036
-0.011113464246836938
0.011640801861691223
-0.04734511912818109
-0.012968909624798214
0.007390830188730627
0.028011571399215153
0.01202816129506296
0.006206323759887412
0.12143700961021038
0.385266854100965
0.6089586961075556
0.602927130841176
0.24014802790261366
-0.015630091784575518
-0.08367143394717934
0.04697294145895437
0.03141487278207025
0.10631091731862444
0.12348123471168793
0.09655468215928134
-0.022261942657827404
-0.12841407576673403
-0.06518571800895172
-0.25200813402847283
-0.7219999467957986
-0.8063582531927351
-0.32307007110901936
0.060634149435470484
-0.010232692680878322
0.0034003086198015494
-0.029582659095951598
0.010167341147511026
-0.0022339289905322552
0.025710447486169862
-0.02728684738471186
0.06960435871094406
0.3292843919432914
0.5228278602225743
0.58552802798582
0.3827909025760666
0.10734842043606192
-0.027958839367783404
0.05532742998174763
0.12957316112415543
0.12269001452835195
0.11070113422704218
0.055006745520565704
0.0003855228341579356
0.03037227352334744
0.02815866691843576
0.02164036186797496
-0.013127327275815006
-0.02718444641336076
-0.22013921657246086
-0.18302613987929273
-0.27510510880214684
-0.5601034522509553
-0.7851343594506092
-0.41009033156586516
-0.022738562268501364
0.02738078215245805
-0.009559993587840506
0.0012941117664995688
-0.005480195159311655
-0.01220496645939415
0.0011171298751970046
-0.010648750714655594
-0.01508704013390105
4.7581499272872114e-05
0.04408267299671565
0.06697165337865947
0.28110808940135473
0.6823806592184809
0.6471060174339363
0.3011829548885995
0.04037824486928094
-0.0460412318031245
-0.07660793237641496
-0.03008011294432066
0.10509791945761993
0.07967951363443956
0.1288143061541654
0.08557043393776974
0.01981784233275691
-0.005665184734866557
0.008212314931822532
0.006774320515732721
-0.19249582109218022
-0.13095055549573664
-0.24759140622123682
-0.6366505128092202
-0.8000903509103787
-0.35301798248591115
0.06835547559981899
0.03751078203094206
0.014851326299576402
-0.017346644045633287
-0.021089664261088277
-0.004257387182827662
0.004470237192339427
-0.006485217043678513
-0.041657407330136634
0.07837519732662368
0.3236885693219298
0.6774604016935382
0.594885810949998
0.30507423461343586
-0.043234925449829216
-0.005409426714497305
0.05881893536353272
0.04780893849719113
0.05405984889276508
0.07006047966042922
0.09649240965406859
0.05560079252073792
0.057429469503361426
0.02414961543428974
-0.0005610903549042462
-0.018391880755236435
-0.09604952711587374
-0.16719445076458217
-0.08285563026424335
-0.4299457369602095
-0.7916901858846243
-0.6783933329034084
-0.12802853250235394
0.05338262827033606
0.007228882148351946
0.0026404132489100465
0.016560361353722422
-0.0181971192301978
-0.024852213208562977
-0.020834625171039338
0.020655926868647003
-0.007552683654559651
0.06719314296234875
0.23093617246616535
0.6017238554398834
0.540044320527095
0.3098985376043335
0.034621455512243535
0.05772184271092731
-0.017547855256358533
0.018388968004026673
0.022932366269338998
0.006855856012400107
-0.040687099760886615
0.008101301566633204
-0.2230966993402573
-0.630088637259831
-0.6909876634191278
-0.3139218985816642
0.0037449838981075062
0.00490930302263823
0.004853582952565685
-0.0058957117706862515
-0.015733607312029364
-0.0037418756646098224
0.011257351092958402
0.011540844316583495
0.0068736020510792835
0.01203226242649439
0.15995159751372184
0.5593467540287745
0.6620993198439087
0.38842389173533015
0.047028515388766796
0.0033599013321329407
0.03891498728402468
0.11758374345700359
0.161355259798677
0.12563223842304236
0.05016406359993605
0.04965602239502769
0.021531782300343916
0.036599182037101274
0.02601247595019867
0.03514112071955097
-0.014085818862398472
0.016005847331048487
-0.026228266757677032
-0.091071031878665
-0.18773419800004607
-0.03985651458137288
-0.422052939230553
-0.8514321718707326
-0.7578370924997397
-0.14347786634137716
0.06004060337199426
-0.033410206359353836
-0.00539174235703739
0.018497365965316925
0.01001594652713039
0.0001905771984706797
-0.015740313474099737
-0.015669099965370248
-0.024017910595097718
0.01288031191130483
0.17873626239104948
0.6587118277522032
0.7685371779744764
0.4743868032802409
0.06909690184056105
-0.05373530166103171
-0.0718207708561101
0.01543248543147071
0.1055752638843328
0.02689103200923633
0.009922915554321631
0.013233908839296114
0.004551800841079122
0.021993315680400548
0.03099510042166285
0.027591323276486838
-0.000450320200774928
-0.10855188377387306
-0.0601885514778973
0.048281460636434334
-0.30608234237673665
-0.9083109018108554
-0.8091549437880006
-0.20684549771435554
0.07008734055191575
0.0033333151899212895
-0.013263461744655567
0.004597881460625803
-0.004866199373633911
0.0016341242947828846
-0.013693301951409862
-0.025005920399316112
-0.009786818636471838
0.08327706362579711
0.37123246508068664
0.6142940783016004
0.6317840920099431
0.3373950752835771
0.038069980531824366
-0.07738811216514904
-0.03742897138024041
0.12490465793688295
0.1696641984012998
0.12193498853127047
0.006309220687242551
-0.001176491839583792
0.01704137441688535
0.0184491854473631
0.02257795578183893
0.0036198710667119287
-0.053660191122899034
-0.20577817627374267
-0.1384344107148933
-0.2602615458755585
-0.6724089164208632
-0.7865082549422209
-0.3278765137317307
0.05622253208722551
-0.003355809323392069
-0.030653931260078218
0.009928936459292268
0.01791860080581517
0.0020906816639303513
-0.02093331468508053
0.008979229479412931
0.026686233196587954
0.02951292733113186
-0.017025409625168617
0.01808871081824024
0.19051396036673973
0.47990661946952823
0.4779912009352315
0.404686046750169
0.1972415235630506
0.1711806996655921
-0.02099769282551002
-0.007987101277328764
0.03966158451144844
0.17582165103980718
0.10696814618088031
0.0395700515194458
0.03044341229827265
0.060908177675074296
-0.07027987556337972
-0.16342691263338494
-0.19157946328012018
-0.5984487278989279
-0.8108117220621012
-0.5387462254268681
-0.012427311961730376
0.005627656902177787
-0.014588803774757615
0.0025035244604218604
0.01862549013749476
-0.006626022081213909
0.023470185847293767
-0.00033748311233949195
0.006628955667555811
-0.01489016439218335
0.1583989530393786
0.3411051572587506
0.5463625351599373
0.48043416400512806
0.29621824456908713
0.07310295360730408
-0.00678852434265306
-0.0032630210911022773
0.074995497773968
0.08028908316038327
0.037964773682157456
0.013704039423680849
0.037781801909795736
-0.006807521166812084
-0.08244122107935356
-0.08395286009753121
-0.25329055731328387
-0.6497504600590505
-0.7333358895358589
-0.33207845727312846
0.016154593737863664
-0.004538116251047441
-0.03445328722954178
-0.022249728772379896
-0.004278986213968721
0.004097761674325955
0.014689774071149977
0.012500025075094373
0.027870313831899866
0.01755209474524261
-0.014727406585693268
0.12837596799032996
0.5613305502498657
0.7374430061348639
0.4094587228196003
0.06953819435518381
-0.004962479948030933
0.0371144863042634
0.016937278217103034
0.09239354948366127
0.06079101457774787
0.05573697635847341
0.045130490590775646
0.05885997382092427
0.05014808620498082
0.02430264848496006
0.006948564765181822
-0.013850111083803551
-0.029436908917398665
-0.05554296770768703
-0.06348700790663302
-0.09818487107584668
-0.6500555805014356
-0.8944257580477167
-0.5833722805191447
0.027672391652199015
0.04678245657094346
-0.02356767104193664
-0.01680455774171526
-0.007756322117458819
-0.0017890992370990534
-0.0035590398598029575
-0.0018786310947058805
-0.012517030462684571
0.015902183878183415
0.15615678181096365
0.40461158846330264
0.7182933931706316
0.5544465219311541
0.25044941279172445
-0.07778927140948753
0.032824931573304364
0.060642911655126544
0.09599774724989778
-0.011056916634941114
0.09252780926286405
0.07869119675243169
0.05301723840151798
0.0016581938834320173
0.04234387614289991
-0.013828305310329527
-0.011394162377649421
-0.015752384886674877
-0.062252054228689395
-0.13905304976456456
-0.08771144408084144
-0.03303458685556856
-0.5909364398749432
-0.9264478362982875
-0.6032988068872659
0.0311440695139164
0.0517671199871361
-0.014230455784627487
-0.0025022851851347633
0.0038025710288726823
0.00819411052201091
0.0003375675454791766
-0.025567084157342636
-0.022820634328078265
0.10713846767618417
0.3646392655716795
0.5930058388491842
0.5632820682304904
0.2761996916694282
0.02702616599533537
-0.0315677996753031
0.05196932707763761
0.10174802390160956
0.10912039950536573
0.126267841955274
0.06573314808944251
0.040922980694719654
-0.0007046818593551625
0.058721651599569796
0.013832563165792925
0.014634618951899114
-0.09660915367363296
-0.13203172555948173
-0.31952902625783147
-0.788793838480078
-0.8265062174354748
-0.3864869104425537
0.07335301854897643
0.017727297447451686
0.02142413770895642
0.003767471109514849
-0.015196567547368806
-0.014122279835979117
0.0015047275813638433
-0.008207369129437366
-0.01625364060202201
-0.01061021883355197
0.18793039727259686
0.4387342690134734
0.6407086900919525
0.4676746545064464
0.20433965691819894
0.008453330461175995
0.0738096909237241
0.07499253455972456
0.08997053493645282
0.08086751340062273
0.09445735128868664
0.04658210297292316
-0.081840826744671
-0.19075750808347097
-0.1471538617857356
-0.4624065298771572
-0.7875930595324065
-0.6469632218897193
-0.11046098346083749
0.04602082662913549
-0.016876414979244397
-0.019988198401019282
-0.01628004287049891
0.012787923231578041
0.011161571458612537
-0.005951489228324675
-0.01265448390572825
0.07818071787661399
0.3649801237373394
0.6621547555733449
0.6094566882722876
0.2993707563132135
-0.02874267513287795
0.008442036094464025
0.03898567387068735
0.11498897345925173
0.07637136550208665
0.11719468891404532
0.05340161876640455
0.015563647604545754
0.014934856629154546
0.030757875434859232
0.012707332161010436
0.01698540703116566
-0.04532747557280561
-0.02884392100460285
-0.15444752151056979
-0.12184555225339189
-0.39465407938034425
-0.7774503611282965
-0.7389925129282645
-0.21973849570367998
0.11450372574855847
0.002225225814636605
0.001955616825167711
-0.010947474640618507
-0.0072960111543964425
-0.007297089267036027
0.0015094963311892808
-0.035055011642379404
0.0007570744437355904
0.011645919991389711
0.555302893571092
0.8155287799677742
0.6496088528083849
0.10771356450608657
-0.07755287239160774
-0.009068580919379336
0.02463575112727726
0.08873179371209078
0.026796396714240892
0.07474399719399184
0.057531784128582605
0.02080560273876429
0.015726593172892954
0.02909036978361257
0.026220419163077414
0.001357092467677476
-0.1835984049921684
-0.1892490233729982
-0.29849167580609587
-0.7019664527549825
-0.7915577873186208
-0.32309113072440676
0.11353017515479208
0.012413485192564983
-0.03219856074066371
0.0016278604490841501
0.0032577792959598783
0.0033151322772319784
-0.0028048562284217708
-0.00840022297965011
-0.021990161230133774
-0.05843507169218794
0.07127948520296741
0.32733769675314434
0.6634681025754621
0.5876529398828186
0.2997761578797123
0.03541371638165501
-0.09244520235395175
-0.008744038610478701
0.08224190381121133
0.14657146832207896
0.029935815312427987
0.03536068809906592
0.026272758855263346
0.0038792231036161016
0.029814957509855456
0.027854233547355358
-0.006053482869497721
-0.16172447696708617
-0.04483972663936303
-0.5388612653484213
-0.820731420335955
-0.6796122706828437
0.007756166958767202
0.07370818096250446
0.0028524470979615093
0.0016980638018611223
0.0003049284920472868
-0.0023123513315908314
-0.0222132744346459
-0.031978558780517585
-0.02142789486556169
-0.015606487443276714
-0.002981218419377623
0.000136259390572006
0.02560260860511854
-0.012495489402836433
0.04395395371677192
0.16334547561141252
0.2759059719607352
0.21836080784558973
0.12861115077750848
0.10589842393363115
0.12298074401733794
0.12325807929144639
0.2901212920352324
0.3021360419213482
0.2059584000819109
-0.0002595735121815823
-0.023329906203268923
-0.05243070386193312
-0.013892583121262906
0.05341142573078825
0.06792064933048811
0.0685142609580008
-0.21052683439546907
-0.8133753738223477
-0.760701719219604
-0.27269203195355324
0.11162087248882294
-0.04168862054909661
0.007477802891878114
0.013168522179503473
0.009426117324244466
-0.030962938648637816
-0.03312692484144716
-0.03107062343335024
-0.010903144778287239
0.02592189549607312
0.20408023156428012
0.5701965037629194
0.6669504991716981
0.37334229145638853
0.07353586658127627
0.02982382094877685
0.004464853089337897
-0.0870951068489914
0.030618383998313112
0.10837723505428387
0.09687214602132597
0.01592714172788485
0.029405509198897756
-0.00554105612709543
-0.023000878618775266
-0.022536646800655438
-0.010215854747734657
-0.05211897287040617
-0.0403867558885655
-0.030510568276155555
-0.6811510418629757
-0.8749119378402725
-0.48591254792731414
0.14376653561322125
0.020124718115581648
-0.01347299435872222
-0.004170743418500899
-0.007819084479033097
-0.008401744849873624
0.004950829397098099
-0.012031822415635099
-0.028312643996302095
-0.01287317793345622
0.030270785560208652
0.15763459467264737
0.5738837020669498
0.6476442793894712
0.3899890750558989
0.07687779251622077
0.04169672234357893
-0.034799869421733756
0.014708207145261326
0.09958658600279519
0.09935909347814868
0.0481241760469355
0.05052374246904267
0.0002646003361587718
0.020240544140769243
-0.003590809975060512
0.013387565167250476
-0.0377858622704893
-0.17548416428710972
-0.14522993278929874
-0.30584700824137123
-0.6906395445363385
-0.6731121232096823
-0.15517046820776004
0.08874342339719284
-0.05129403015609824
-0.03603815233735907
0.004316288904118663
0.0007777891400262712
-0.01860964988267232
-0.017351641722237503
-0.03879958673460237
0.021118841150629574
0.16025548613162202
0.5612442528947893
0.6724963643042041
0.4354207077436124
0.09306929822242409
0.0030001760385402936
-0.05581648547984035
-0.010238681261408901
0.0691740893150178
0.15152870059783963
0.03758218080475502
0.03661255033266371
-0.00958550866484945
0.04879139444234549
0.0030903332529717362
0.021231349928003785
0.005587567526410558
-0.04576350515596016
-0.1911538388136829
-0.2987808370331954
-0.24511559320313658
-0.13698039171763812
-0.05697496231501061
-0.03878628990726121
-0.009690123405042222
-0.009363892703314551
0.028553788596844123
0.07130139118035028
0.09855907894115144
0.10050068502328659
0.11493512957212929
0.11254183904427642
0.06578279719111738
0.01631464439354006
0.016056221272849426
0.04776036779966865
0.05979417172351605
0.08195642643401081
0.06351520715483243
0.0841329755350839
0.0050344373478992885
0.046835280680452424
0.008981326802136525
0.018769189201573156
-0.046223088289573805
-0.020612641790895073
-0.12472947433961039
-0.0689067961949086
-0.5369025700750574
-0.8142415911077915
-0.6331791856584474
-0.02393409099215958
0.05926411978364376
-0.002219307005182602
0.003991081152891914
0.0029884379498151172
-0.0022169826772403503
-8.290650244802975e-05
0.006003406166899663
0.015222495157893859
0.005538483572576485
0.00582590066402761
-0.0032264726961169755
-0.03419193127977844
-0.01302798221335878
0.18801749034621135
0.4201963179828709
0.6498231666770743
0.5075207149798259
0.2534177772599129
0.01930079125702438
0.054111301059730194
-0.03918549158667316
-0.025776061367786554
0.019402093466866336
0.07738680793451405
0.05445080116333688
0.04558811679327107
0.026356239207924466
-0.01175615537061808
0.005461891985649951
-0.007040773983337884
0.007192075400848755
-0.051064170246199754
-0.12154423190026425
-0.04838995369535952
-0.43846596415657824
-0.8852301624456518
-0.7043861813704871
-0.04892080618216052
0.12455232769873506
-0.05030461028260391
-0.009707440081639868
0.02059924442989688
0.03260393706818008
-0.009963114637735209
-0.008885327680281824
-0.015463252169521385
-0.04699406815390209
-0.022083676772939886
0.14021479299152828
0.3765012827716569
0.4712090054830648
0.5287037386578924
0.39389663205595427
0.19510806071206324
-0.05005117273356592
0.01333058161577731
0.08265784883023661
0.14323164305652047
0.056585900334350674
0.00918820027640861
-0.018883492640936934
0.006803776948760468
0.0072297744061727695
0.014188995021777444
0.010366467144949489
0.009864593168020765
-0.09770867139605623
-0.11412323874561718
-0.054779038437878166
-0.4471609933055568
-0.8638116642199274
-0.7112177636014655
-0.1013671882338771
0.0715247784295708
0.00600394953585217
-0.028678464078589518
-0.030349894204146594
-0.003935302430223135
0.004151616012135965
0.008085510259992955
0.00039848457441894454
0.007076474273074236
-0.02774021587190628
-0.008461848563245188
0.1685667767793248
0.5284260254028051
0.741092785853144
0.4897673257987308
0.14488603345117843
-0.032108753546438225
-0.03482617506064721
-0.01852084722521615
0.05959363400224572
0.09728164274877756
0.06732454330420413
0.017236983301146435
-0.011934533311038598
0.0014224184556248434
0.018088092857868637
-0.011779503951960807
-0.05012506535178196
-0.0741230389778007
0.024450201366096234
-0.5876267005641558
-0.880578042856686
-0.6493856664051842
0.0455760114406079
0.017072579724515445
-0.017696397689556855
0.008969143090813314
-0.0075225702082046715
-0.0045087240413261565
0.0035855697581841663
0.001631578531394807
-0.027005335833658488
-0.0355978638347401
0.053722794995465784
0.24582537230725277
0.5944074092635717
0.7019844840614733
0.40614647411372856
0.09812052011128607
-0.046482719107952666
-0.026157395277044443
-0.04166333843794902
0.0726112763793663
0.06531976298410692
0.06113320609092212
0.044230365086264864
0.0080761769272863
-0.06353490431135538
-0.1238854244385627
-0.04152059351602603
-0.4396019566085342
-0.8031769557750164
-0.6561045411386921
-0.08324050689118366
0.07443909853769895
-0.01311220425190719
-0.006905660112104656
-0.008972455483655382
-0.0059036725481129496
0.0009456517315052418
-0.0053168160453990415
-0.006885066060249168
-0.004684029832093645
-0.00149115696802727
0.04608098502179624
0.18351865813805399
0.3772235282050746
0.5668372785302263
0.4918827911314647
0.26658974602933344
-0.0231795637827604
-0.08562172784501909
0.012243599674339356
0.13023345573076814
0.1105659094180138
0.06413900832345427
0.03140961987749011
0.0168556733890803
-0.02987487722774886
-0.1169641395258615
-0.08030951642275143
-0.4011263513682688
-0.7428015111035915
-0.6855578087584548
-0.14681075810004082
0.06583787706995395
0.001593704457182196
-0.007061445951894666
-0.026904098526434196
-0.01207285771623605
-4.844687170970577e-05
-0.003021256249392217
0.00284157458775441
-0.0016195088235619111
-0.0060511987947461255
0.010401383395785366
0.0964451244212946
0.2566586533236529
0.3688488624865216
0.4571903606130309
0.4025743011366816
0.2833176882416997
0.06761128030487674
-0.03383354827286168
-0.07643846055909821
-0.028679591196474646
0.012461149305995334
0.010727942717427762
0.025442180528528154
0.030479374294995632
-0.32496921490414293
-0.7691973375195221
-0.6583457751184155
-0.15503909516522837
0.07045404987818098
-0.00836452343820159
-0.023096317573024765
-0.009236916801879786
-0.0020259046790965874
0.004867526492612484
-0.005900089278804503
-0.006422185758899945
0.0010990624637246588
0.0007374028279795645
-0.013748616838692163
0.01027582122480311
0.014048279845580306
0.06120963213508047
0.14789880764655125
0.5297479069051043
0.6867511841935097
0.5026918489079852
0.13418316391772797
-0.04694095094621882
-0.07879422546115707
-0.06356713352678679
0.04363001228633871
0.06698487546167513
-0.030102285317460654
-0.03787768732062262
-0.03175621814045009
-0.641129315876957
-0.8674690424854581
-0.47907420361439723
0.13998250175047838
-0.0011534461787687297
-0.024059549782314456
-0.0045446800181847494
-0.0026941088685303767
-0.013062649695784653
-0.00705886930529662
0.014086445199809552
-0.002571445396563194
-0.0006815734119104796
0.07278492560033557
0.2861125622321762
0.45964944008096853
0.5850975105869939
0.45285680056707356
0.19873896622478673
-0.11838269150539983
-0.093014038199382
0.03466492073657557
0.15282320260388288
0.08194214135714074
0.06006640018830101
0.030215039680875657
0.02918220658407721
0.023102992391914566
0.020411833890426053
0.01758532420902339
-0.07150342788000574
-0.07746378725816197
-0.058872744923333234
-0.5367798704862846
-0.871528961124185
-0.6220662823442707
-0.04575743664507613
0.03542112603352301
-0.005913357431231448
0.000210093937709955
-0.030074970980203782
-0.00579429731082949
-0.0014558844384119337
-0.02442067852804823
-0.024972410876905403
-0.011611661360664913
0.08428116870235244
0.25267019903248045
0.48519723009385135
0.6927541010293617
0.5408413494782279
0.2662367878054796
-0.012408533537353559
-0.0010185747057504123
0.01221037203992915
0.06188843696696435
0.005402266493157899
0.01195376887522925
0.03428783752535101
0.057264110028810385
0.01926924606428084
0.014506966593093086
0.010839659315253531
-0.02465339954040202
-0.03804107921283111
-0.2239616839076924
-0.7083793512164597
-0.8869799783358893
-0.5526881621073694
-0.08048628308202256
-0.018439962785101623
0.0004784368818272126
-0.0027855670668934292
0.01257978499243788
0.012626972303013052
0.008664472876105106
-0.0010088707559277
-0.007266407580692784
-0.024804216586237313
0.04372051560496724
0.21957920615560095
0.4032701372884028
0.5300346922287841
0.5711535841493997
0.41697589513278194
0.19859405475743344
0.01845152659884433
0.0008071352141872706
-0.0330298845156583
-0.01378878858944695
0.034192233555408194
0.08548687228629905
0.06483141413088964
0.027704925910322288
0.02706348647365609
0.006363355316995421
0.003514136388811229
-0.028000261013689364
-0.03709903579739637
-0.0023919118459523625
-0.27981562947032673
-0.7512710922546018
-0.8791876119240178
-0.47875405868613974
-0.12730206069399153
-0.014265653487415625
-0.0038128060079459466
-0.0012755878626723566
-0.006484082806815835
-0.0015272849618203268
-0.0073772304580811635
-0.004395347445738734
-0.006691451444491209
-0.000553912220617417
0.0058783180754554175
0.09938291689960267
0.35766880726990974
0.5675582189449829
0.6379556309409131
0.4609237409593787
0.23930956324009683
0.10953229224929495
0.0294764329587545
-0.032725971502383565
-0.07528463440111793
0.010305992184898355
0.021839821914365815
0.02127735713585466
0.03088806357003843
0.048979661839655714
0.046115718397142944
0.006600069288041829
-0.008185731514976573
-0.08339141028842219
-0.09397099103866825
-0.12284940573478217
-0.46347618955947123
-0.8886754556982918
-0.7309922386916222
-0.19368273128736346
0.06344160195920547
0.00591833612476441
-0.0023309001913073097
-0.0047912503047090275
-0.004867409869515384
-0.002016992303911883
-0.000983719674171764
-0.016530505994469938
-0.0015506296166945108
-0.0033161484169221046
-0.004124288376058936
0.1299007979288835
0.34556302946400275
0.6985438505475073
0.6949749217094818
0.3890794349374022
0.09743323533783467
0.032195834687198
-0.0138719834801288
-0.025391353635662056
0.10635318432777383
0.10719759220918038
0.03775806558928155
0.02547724466383313
0.028171582903422265
0.0166688443899102
-0.00011220403770597209
0.002272852583564648
0.017920944764994524
0.0036274341087708913
-0.00557179394730801
-0.08493366986968147
-0.08453741031913169
-0.5774437417619632
-0.9634411415271243
-0.8187004223923263
-0.1581102868919792
0.07288116944566783
0.010708566345489794
-0.008434438785516826
-0.000149694161570449
-0.007284768038073824
-0.024961970556908145
-0.01776527828359778
0.0029104147036882093
-0.013783033114765338
-0.030458104565475763
0.05151054203944552
0.28639389717030395
0.5634782963956657
0.5994580045703665
0.48296739454853743
0.26663037452893384
0.164817419490818
0.014800516816581623
-0.02625250277237529
-0.05977280439723246
0.02389676228444858
0.043556516733699466
0.043236741854428884
0.009801027308763206
0.03140149540443047
0.017498491802465512
0.027279149748570156
0.008491335396950241
-0.020045799944901275
-0.11074277363640467
-0.34063881546855035
-0.8215948941263289
-0.8128722987896996
-0.3907024469676909
0.044051764155570106
0.012763557936636033
0.010241941755058317
-0.013476826458381106
-0.00867025280370656
-0.0059061194189163144
-0.010259908202612847
-0.028198705928500038
-0.011490720755711732
-0.015469115848243321
0.024714195355208145
0.21387344172042075
0.4775786203271361
0.5839854305075861
0.537698086142215
0.30642109606090584
0.11393123975665084
-0.003934029264871889
-0.00957220716921005
0.0010378248923281048
0.10359143161646005
0.09692800274596217
0.046336221360777315
0.016790240547904494
0.06550339990923192
0.014285776996044679
0.010231619160874174
-0.016059546637242048
-0.012489572122335703
-0.07247365898903771
-0.1281124299724136
-0.3842133844990249
-0.8058682748142645
-0.7947593010947944
-0.354352984800975
0.029410983519900853
0.023024535333640284
0.006445618612711155
-0.007030128215498135
-0.01204125394228642
-0.010200940258835643
-0.013827441456691788
-0.015776602722168274
-0.005255044092888502
0.009563117824777648
0.002606934378334772
0.0008898416274099622
0.1425717389825257
0.32020772604359815
0.6588547541589317
0.6380169228301856
0.3574350210696506
0.02639304845978359
0.01854070570185111
-0.02248749501427715
-0.0074718632119665125
0.086569194889788
0.10476541435027895
0.011182063699427819
5.246074685020295e-05
0.03246983293810429
0.03938398750687295
0.008511192212351037
-0.0220565348870969
-0.06807216342457485
-0.09315401081427366
-0.2771814905555025
-0.6784383980442831
-0.8020834997036668
-0.42279395442432427
-0.009186268552980527
0.03993622062010161
0.006958778514099913
0.01636865428886051
0.0010723398801989307
-0.0055319897786151795
-0.011623232439184807
-0.0071939844489333745
-0.02505170530748393
-0.017473110752736044
-0.02045355591180223
-0.010940028228763256
0.05971026731380905
0.19386958588776151
0.518351540643457
0.7019511388743921
0.4963608669081113
0.12319967839007198
0.05154804143452751
