0.689655172413792
0.958788898233808
0.6355645706558474
0.4558737580362353
0.8122605363984661
0.0
1.0
0.2758620689655158
0.5619412515964226
0.07836990595611343
0.7483492296404948
0.517241379310346
0.36637931034482546
0.4960677555958864
0.5619412515964226
0.18808777429467174
0.6620689655172365
0.6620689655172423
0.2898550724637688
0.47562425683709575
0.7483492296405013
0.5172413793103438
0.47562425683709575
0.4558737580362343
0.9195402298850576
0.319094184251157
0.7483492296405013
0.4960677555958864
0.47562425683709575
