1.0
0.1538135349994565
-0.07948130170815598
0.022332741226858792
0.0073877081675282836
0.016788342636398272
0.019220211432928718
0.0010496344832897403
0.00484504928430092
0.003170845855827122
0.006594235749679446
0.005905269801187381
0.013154098295405122
-0.002670147196510512
-0.007047129484265301
0.006580520230612148
-3.4106295470131253e-05
0.0035039365777927577
-0.0011847976851394567
0.003272712717207671
-0.003896630693728767
-0.0023327300673380335
-0.010163745153020893
0.00031565879572229694
0.01263255018709464
0.006112095424102353
0.01246810405764461
-0.005091801445779172
-0.0044861732891413614
-0.005966967175290332
0.024229463359817103
0.012343408183421996
-0.007658635020596188
-0.02231011120748601
-0.006714830066281785
-0.0005199347223724928
0.006128373759482407
0.008204928596228438
0.021069919744769114
-0.014815414682580878
-0.006354595459917914
0.01001944072231761
0.023855526832802523
-0.0620321136878076
-0.22700869054597872
-0.3912091974908607
-0.4831021117427197
-0.5304468958805917
-0.4400637347489706
-0.24177413431014266
-0.05466823532021249
-0.012103928240185339
-0.008192479193350142
-0.030629224753886162
0.060516686351681406
0.24470604892708195
0.306906548584097
0.28748022044650834
0.2799006066631744
0.30058441788092755
0.19017107563428096
0.092127141004419
0.03327519486009807
0.03933075937696425
0.048687351580978214
0.022669081537302686
-8.689076700659207e-05
0.0016877452907855682
-0.08582415232754911
-0.22136694449404337
-0.3841945215605697
-0.5510540075425375
-0.4706197988383787
-0.1808432423659613
0.0006698565965474674
-0.03918127710354756
-0.03294147830212539
0.09967469134212259
0.2658666740321139
0.30420709562612536
0.32215582286311545
0.29486180875867657
0.28614271931183505
0.15135081094962133
0.11338768321831201
0.08334389908878802
0.08661947357219656
0.09172178005114225
0.07173013004835743
0.04872653030544194
0.02664067554642368
0.013167692377814885
0.007715333432470875
0.011382498278915748
-0.04451186782235834
-0.15537688685282733
-0.3018031714794325
-0.3986671418926957
-0.44218752300094766
-0.4021905939450074
-0.2831067819424207
-0.1236351074781406
0.005368998282781254
0.11386237186297365
0.196308816594361
0.23205783379686853
0.20845296348158202
0.223765795889455
0.21539188860661276
0.17748829631911062
0.1138585058957171
0.06727360472055291
0.04186844473423983
0.038953187663442884
0.060847046161745584
0.056673495335814617
0.031040627372925126
0.007913304345386703
0.0012309994727144856
-0.006602544396521224
0.005989969074385009
-0.01392171067396811
-0.14135730177356684
-0.2855986310529412
-0.35695484037064296
-0.47889153991253813
-0.379077205270925
-0.1713391339260199
0.016050253040716958
-0.051455351310753655
-0.027077821923122438
0.05994519402366565
0.23362827111875864
0.28643120426410057
0.2824291093858245
0.2637137449162602
0.25646115346142356
0.18818950971149037
0.13601429733177453
0.1009841749180171
0.060260542885955636
0.06997660645863364
0.04469082314273812
-0.006301042810701759
-0.0294266573525102
-0.023020038170092478
0.003886605805370721
-0.020817581896773626
-0.056053794638452024
-0.09886549534930675
-0.1559002704158481
-0.2721038092386592
-0.33790818041871884
-0.3757606768290912
-0.3198168726263549
-0.15518515481769773
0.00438149670920746
0.024872695794320183
0.08178504330309597
0.19408605595148237
0.25155311179819484
0.24993591152172226
0.23416081784067386
0.18178421076407544
0.11552227375068957
0.08078805446885057
0.06308141174363958
0.05154787323437488
0.05727934669975221
0.03691140483576038
0.017022627482503345
0.016328029101323856
0.03780221536399078
0.02560643815920235
0.009320916417617044
0.028401286163060153
0.024091676868370184
0.025857539343455773
-0.0036747668204713296
0.01249077984525331
-0.0023007324308156867
-0.06724853569920719
-0.2722859527217782
-0.432777265270132
-0.5545021421981124
-0.4195135889611628
-0.19012673610846503
0.0046663630118566135
-0.007604781367632211
-0.004479140385654877
-0.001011008728498483
0.03600601852513623
0.1734739960900306
0.2672599335057433
0.238024360928279
0.20837405480288612
0.26894210010679587
0.26108226319587857
0.15368799807805442
0.07746676673163233
0.07490860931901203
0.07331833989854551
0.05097898438586006
0.04150123702393692
0.021528633454024188
0.012617864044252733
0.00046782964279837227
0.009207934481920265
-0.0037191679928783253
0.005792222733464342
-0.018722185865200688
-0.10010270497604526
-0.3139610786111679
-0.4288153998720478
-0.5351829405172421
-0.3621097164917099
-0.15939191214969256
0.04465384732310074
0.01568353741067904
-0.010841259152270272
0.03653247884299324
0.13101702849805344
0.23518344582373124
0.22485057655319465
0.2196664483303731
0.20563422596603476
0.18902363670432532
0.1539796034147259
0.11516722640131499
0.10700508283710505
0.08031866228187538
0.04641374812908024
0.010824333152708794
0.019249059082337455
0.029044985264836176
0.00029983169064898063
0.001115319341949632
-0.003062855047444136
0.019240010044404933
0.012066496341827267
0.032363483897328876
-0.03964339768076416
-0.20576615226088585
-0.41280760524602444
-0.42741049727275615
-0.40234676895924404
-0.2789737563371959
-0.14728674570600617
0.004689614998196994
-0.004803113974905649
-0.009900099750621099
0.06973585354697802
0.18879104782745912
0.2294225080828009
0.19873292978545554
0.21760315611027936
0.24267536217982769
0.20611084289110357
0.1343078165635316
0.09354241413518515
0.08793251779059809
0.07955151923105003
0.05914709451981749
0.02161305646977644
0.01609671847620755
0.016558719578391373
-0.07147379379622433
-0.18983971666481492
-0.35823994653537766
-0.39229110873017664
-0.43165298882244807
-0.2822550033197746
-0.13096470029190743
0.02300960786764814
0.01371946753986066
0.0031192833019602216
0.03682683809451511
0.15598400285728212
0.24078517824040888
0.23711862321679775
0.20878448050306833
0.2196464328730715
0.19076327064679163
0.13488139465591725
0.09031404845798664
0.06333579207499881
0.04959706152116053
0.039707473835915816
0.03335144318463654
0.03323654675071855
0.042555413496676166
0.03248006633554042
0.0007079190938834695
-0.09791259865256023
-0.2606227388342054
-0.3949511718046654
-0.4516841812224859
-0.36116546255830945
-0.18162893088432217
-0.03782017514494806
0.002039824674774727
-0.015585270339530909
0.022661342306659372
0.11553844173501532
0.24018248448504895
0.25699727541944933
0.21644525451292015
0.19185272033322648
0.18357925796824195
0.1590179864316273
0.08930289014643701
0.057617172332062705
0.05994059966608049
0.08367260193232547
0.06280626703465486
0.036469448695626905
0.02417653171768666
0.020520096826533184
0.040623595077081937
0.028225861605053373
-0.09154414271061673
-0.2517716612731809
-0.37023354165506933
-0.38028137844562815
-0.4033934337382391
-0.263599122224737
-0.15568055719279658
-0.03141971625851632
-0.031207675141358363
0.028656968268264284
-0.003149680382757126
0.06693507784321928
0.20128771767560275
0.2728725321039564
0.23026902580317535
0.19384899908772837
0.18907775827897114
0.16056975451911862
0.13320591572229176
0.11102355954587748
0.07804694706358539
0.05791187926977818
0.04134997516283986
0.0158840276685114
0.008878994521914698
0.0125182902833297
0.009858191167504804
-0.02552918036683465
-0.10894441100033964
-0.2141867216864681
-0.30242936558347
-0.33091473048760894
-0.32642496186008535
-0.22339971838917067
-0.10782462045608654
-0.002594056757003581
0.0008737919948473986
0.04920644367034161
0.1364267976451127
0.2200749438992708
0.2011189701286916
0.10715673386244924
0.08922304358387151
0.08549413290578674
0.11207960356707382
0.0681921189161735
0.066971017037694
0.0547990945678037
0.07158377545206966
0.052723736041877134
0.04316141190618254
0.04100775795083926
0.06687792402573424
0.06104364757915524
0.01018695067574134
-0.07583426873241837
-0.4616225350646815
-0.48027051812486965
-0.40492777354884096
-0.12073738118190114
-0.14624235287990622
-0.0004288757956818753
-0.02373065943013677
-0.00403132720869778
0.010566738833176447
0.12845853779469468
0.22529874509903894
0.2539271866283973
0.19431342402371504
0.22082640276831875
0.222501935590468
0.19363173633622005
0.13353880224171774
0.09023106430425445
0.07640261061989485
0.06844756222113667
0.05611312862918711
0.027920320296000053
0.033280556341652744
-0.0017385163334369463
-0.12336246022665989
-0.27205906187141365
-0.35430013031948654
-0.378093027898268
-0.3952164449720562
-0.29755473666433124
-0.12228948355913391
0.0013640037131508224
0.015615915336347201
0.002608175702708763
0.011284516184403652
0.07925372227673941
0.18557810942346054
0.22804143643401747
0.19023645642662745
0.1881773404688343
0.2161310386795744
0.22048479708421695
0.14984393023401044
0.09019022898034859
0.07072885525263359
0.08560205684901795
0.06710557086500253
0.030463522468585046
0.012702503071148626
0.01607727200523544
0.004390603554675156
0.007995974057738511
0.02038841823735413
-0.008510426176330686
-0.3375686115486705
-0.39666146148192144
-0.38384425342035516
-0.27876039414404574
-0.33058338759272343
-0.11196812819572777
-0.004396642286255481
0.015986400565262057
0.003633078758024564
-0.0011888412024929663
-0.0031272230158414923
0.06506307177925684
0.1838951522761511
0.256986364882299
0.21128679447194046
0.17560090865107172
0.19542477628707142
0.22396281962526374
0.19077134735854195
0.13310201859210122
0.0550408501117684
-0.002296903639486524
-0.00938914446186023
0.0036616665085815606
0.01855204558466049
0.03227932397708254
0.0371851329256926
0.034790327987817254
0.03860899588679842
-0.0003140878762046714
-0.10158728684365972
-0.2943130722051416
-0.38533968054924356
-0.38503470152130836
-0.3172692231196151
-0.21532914458005142
-0.06294356515121174
0.03974524914487811
0.019916184117461766
0.08674190830166362
0.1666335934633789
0.21279037152915878
0.11849080943527723
0.11892469270947359
0.13749889565652992
0.15849318960450767
0.0947894522057242
0.09270124188308752
0.10217372874536367
0.109024487586321
0.0643500908337259
0.0491567767280361
0.03472322551108608
0.036157343694581186
0.014576902133763312
0.040586980171719536
0.021715011393615986
-0.09123976129471892
-0.2679957674743314
-0.39696825701861077
-0.4604196534955135
-0.3589214605881916
-0.17874266818198933
-0.042851389842152164
-0.013784329414851273
0.005552395588427335
0.022330038559157137
0.10064912104585895
0.2044872478411103
0.20747926039412506
0.13536594951010633
0.14790818357190938
0.2127692034118698
0.21359756201373675
0.14540918889486565
0.09142103172894508
0.06805328412273585
0.04224786881505974
0.03290753909735354
0.02327231306725868
0.01678104625599295
0.006212948060415884
0.0021903501911336985
-0.008044279566306043
-0.0026515991356262517
0.017943858981538857
0.04451513475942773
0.042796794487279945
0.005647711920067512
-0.14151380818174772
-0.46463395916935124
-0.44958372445004763
-0.3439114921675014
-0.1576295608319014
-0.15036202991128747
0.00511750818196391
0.006217649812953514
-0.0056236615220548
0.04712502923991101
0.14224827521021582
0.2167293883442145
0.14457671754465437
0.13632209328481298
0.1694670456731748
0.20670449800650142
0.1451801257800915
0.1311914234753324
0.09504586620369211
0.06887967140747316
0.04789940738464668
0.05022346406135786
0.031116976994374258
0.02185866866575547
0.012304896030512437
0.014318270186322231
-0.015679264924299535
-0.13345691107538715
-0.2942102783370687
-0.41134975936449414
-0.4621095831868788
-0.3274189598757335
-0.14013511778929305
0.022195917001472106
0.007561952870582558
0.011762978015722634
0.0014145610288738403
0.05558970012384624
0.15181998637910726
0.21191803517457353
0.20010680628040006
0.1538055202718914
0.16297364722505403
0.1466442833130226
0.13305564293044198
0.11384344841442019
0.11272517809027147
0.08085753505531354
0.05202799423429987
0.024694330168919688
0.006781294595543794
0.01186400917116602
0.007044801468238271
-0.023029403659559095
-0.11494696006421948
-0.20632436788692068
-0.28859982421179964
-0.27889443091887467
-0.28253260414178544
-0.22352072187727867
-0.12342190271346322
-0.007194050454460356
0.013469122299328477
0.048566985217638345
0.14340220388196304
0.20069610473372865
0.1724902422986865
0.12825715901686033
0.12778954002338513
0.1414193425637391
0.11892465478205753
0.08709788520879794
0.07589742828888024
0.0761230715924306
0.06149932791363637
0.04328531343267484
0.03697152506639381
0.024713476844427793
0.014938117654232539
0.01457480142789904
-0.031856872717636105
-0.1394149164928579
-0.3142906383283477
-0.4386686869801756
-0.3974659774640734
-0.22126518888984914
-0.06366873853358741
-0.02557014640493247
-0.012600524095447941
-0.0050369826095718415
0.029676782608192075
0.04344188244221269
0.1295041054135027
0.18862785648371905
0.16706797207309823
0.0250497344197353
0.1212074481896129
0.23674474636962423
0.26108154422433005
0.09967221160498861
0.06845171302203056
0.05829636120788119
0.05077042296694009
0.01631553342046628
0.020987157574011574
0.04227815098823141
0.03161982393971601
0.0011588846401934649
0.02076381992936292
0.04026680477624463
0.008091630749162896
-0.2300893697870016
-0.3404857236752415
-0.41035587144433183
-0.33335989992298976
-0.2510449730942977
-0.07188893295356957
-0.0036189310675255916
-0.00199715375210485
0.0038530548801428413
0.010953604153470584
0.04044889676920069
0.1267832101484649
0.19249662700362344
0.15538660137881188
0.10732828166700328
0.13388247802899575
0.1886923530323595
0.18422845253838346
0.14868895884353436
0.11719333355273649
0.07361746998631499
0.043179787782233935
0.011644619432753836
0.01193835135691933
0.017805107731831218
0.02093092501654018
0.019450797439202118
0.04951120413855607
0.06216399915625265
0.05691322279389176
0.02844988225261031
-0.0727485552591809
-0.25111289550236976
-0.37221943920996164
-0.46198043445941767
-0.39220016550578735
-0.2331706350338593
-0.04573700450012848
-0.011499911691565024
-0.006248849677487555
0.004269179215238485
0.0038693256774860684
0.04718308258964603
0.10327800651185944
0.16936536643213929
0.18231216077975154
-0.012071161142226939
0.11979310400511503
0.2508739620375016
0.3244214824888302
0.08340952771855985
0.0805469829628226
0.045445285043745294
0.04954239028094411
0.022130241896097698
0.0060843437387942
-0.019097564033824305
-0.01161334260015485
0.0031554260716754106
0.012301117100003879
-0.05702741905798822
-0.1874190799176839
-0.27507081195651756
-0.31683851213417297
-0.2857822129016174
-0.1749809191895413
-0.062332818329202164
-0.01755823426394009
-0.015124171669400279
0.006825927173769388
0.018251906401857875
0.08242794914483847
0.18228206598435162
0.22558298991161918
0.18211012658147652
0.14987755178192216
0.15887238071900686
0.1480528210199465
0.1026043063366482
0.07641424843524817
0.0652012312177586
0.053334917837760405
0.030346099975423448
0.017999461918331173
0.030328164621290826
0.026960986977002405
-0.00032129263512978117
-0.11499820132250166
-0.20327727173615
-0.28527634506834865
-0.41401927355430873
-0.3612270483408745
-0.16139099463817952
0.016288327295807523
-0.03221810410939715
-0.02305934932853979
-0.006825032116575218
0.015331860672558182
0.07302399700763021
0.17480197389062174
0.21187299948391197
0.1672671387395648
0.13328530222643048
0.1499081192878678
0.18434917566901096
0.17957692812675607
0.1414232681205377
0.08708015912395364
0.05556344879793283
0.031044285676115776
0.02348342525409854
0.03333086494994947
0.03817762294764746
-0.005254288708726597
-0.09289703292663536
-0.1786407645963384
-0.2526125929141759
-0.3094662356284294
-0.30942685998963027
-0.27416866057951506
-0.18180537527401233
-0.08146963988182657
0.014031063626071113
0.021533659700033528
0.024626904779418753
0.07478850095539788
0.15850414812287728
0.194271334412235
0.16512411088289664
0.1366047067177292
0.13963400709192533
0.15210017713932858
0.13104219461629493
0.08497275315379606
0.059737162494359605
0.0592220999419702
0.05257870651113488
0.043923598582872835
0.04932928476102259
0.05452759360891154
-0.0052164003979978755
-0.10588198587963216
-0.321155315699415
-0.3003285291859661
-0.2778493096848417
-0.24417856552881315
-0.24477921302471076
-0.07830356455403734
0.002489638404559683
0.004854405367979191
0.011178409316313493
0.08214436249822371
0.1692957663314913
0.1901424324104911
0.1408418129590656
0.07682762713657369
0.13954400073586018
0.16648220324752808
0.16331046136093338
0.07770374797812578
0.05720939108552426
0.06322071487170965
0.06296933184012111
0.053339929511368976
0.020314105495360214
0.020723569301648127
0.04203109452029959
0.025054497447431674
-0.06744933076524612
-0.2644715009329765
-0.3210997416891406
-0.3307741387735731
-0.29525873173610534
-0.25571719236973145
-0.06709821589452175
0.022691404535860032
0.008252930537464738
-0.023519188887828148
0.014760104493076326
0.04055274141215083
0.14007375700847827
0.2087864292485407
0.2015125357886929
0.08993708092046261
0.09316122063119454
0.14636917101547067
0.15990212456660327
0.11267814081339911
0.061382744635220185
0.04915906133987108
0.03385568332723864
0.05033531819701227
-0.0036517099520162162
-0.16664581954465657
-0.2915668370349163
-0.355610502258906
-0.32456547484763304
-0.22700838962645956
-0.0770993078778681
0.004998622776626708
-0.0034968585468811344
0.004240630436783098
0.009334243220850563
0.07597572786102401
0.15710682734656617
0.18641420724236493
0.1635724421475876
0.06639141210570654
0.12686297051641418
0.15273479283246988
0.17752233970580236
0.08006930526025163
0.08427338188799838
0.06484512046436815
0.06300150758584849
0.055772121260830476
0.047897008156726484
0.06822679565715654
0.024176564103063
-0.09879549878724707
-0.23528272137111347
-0.2882554495437379
-0.3324379151646202
-0.3437213739728038
-0.20943419266540814
-0.051149115760923944
0.01774308132572311
-0.006781239741794562
-0.007841670409555622
0.001236731431152468
0.024678815558268865
0.12502700261599528
0.2206918065519534
0.1819396438388927
0.08143806274647207
0.1164599594910737
0.1937437459700565
0.18997443356625676
0.10962645898483993
0.08346079812810163
0.05292937487362224
0.05977439567293025
0.024386757896949957
0.03994039781672982
0.0312246873824568
-0.07956853039291274
-0.19362800339587766
-0.22025137042723977
-0.221904643467922
-0.33666374953537037
-0.31766782724878034
-0.15984048331812695
-0.011881902392080621
-0.009415728678933732
-0.0178364904171547
0.00018995919812360277
0.010809427368251308
0.029584204266421277
0.10801775248337228
0.22428619021924698
0.1872776029846084
0.10109335255777147
0.13124591618442202
0.22179498905872355
0.20482718410118464
0.12367951659660725
0.07156856653800814
0.062042548489271404
0.06053813452519189
0.06028467981255694
0.03626005771202864
0.043244767542613624
0.000304434632136724
-0.10796767546259085
-0.2746085236677018
-0.3424106265524656
-0.372608878603458
-0.3247893303364321
-0.20710614585858447
-0.03454742501116375
0.0034910790218751152
-0.014959396408502409
-0.01554244457232649
0.020473923050354986
0.11959856760276745
0.19595187868773953
0.22062788909085274
0.1221113540729003
0.11923242201556586
0.14671682648158907
0.200491412513859
0.1323854326769939
0.06909838083998315
0.05194401734529741
0.05491350490891643
0.04383352373289834
0.008548392203761187
0.006404995944298537
0.006747241345109354
0.012788681159341607
0.03784038036363624
0.06286547489866717
0.01811788849125872
-0.06718990378896744
-0.19556896673608742
-0.306230660511975
-0.34631115525391165
-0.3312838859019906
-0.22964473462950205
-0.11775587994776844
-0.01902749901053803
-0.025501570242947365
-0.002202634025857692
0.011442887613939178
0.03053989031180748
0.07449525402783949
0.15384697838397868
0.18149064404047952
0.19498401093860132
0.19574089314505788
0.19556810681244882
0.15547578698279224
0.10779318837803573
0.0712428373922016
0.05447545314075646
0.055169412146407054
0.03649497346288502
0.02467586799859052
-0.04668307645537214
-0.11232148040613792
-0.20437109973274523
-0.2653692252912635
-0.3213684492136897
-0.28331837696646234
-0.16801922675588285
-0.04986047652598958
0.004773156158580935
0.015809406807901365
0.09189354897885059
0.18331078229256345
0.17626365996933824
0.1364312259952125
0.1337215008268256
0.13944840080714577
0.13773758200990996
0.11407119051832135
0.08166498425526357
0.04082026888029146
0.05282502939116426
0.04492380505570786
0.019058922269380392
0.010474399381477517
0.034185252144746166
0.03281832374310194
-0.016431286560967106
-0.3291230598202592
-0.4148200819561418
-0.4213485412102229
-0.21752265372712037
-0.16037695551832262
-0.0017054061223736718
0.0006532084740328112
-0.010522105204022893
-0.001091283702653249
0.00021640939068899877
-0.007328942396906783
0.030691872492844795
0.08672910606338703
0.14267143004652882
0.17152797623868102
0.11175001798233603
0.0802058021433783
0.1598431004485323
0.27620403498732815
0.21985419558598993
0.1243858901782308
0.07661297408227725
0.06926963991216079
0.07300894655863825
0.000663602922398888
-0.11265906104993052
-0.2923218612419011
-0.290660315178574
-0.29745478724797025
-0.25895963868877386
-0.24003327577014455
-0.09197260668332514
-0.002220228439512118
0.014190741260175842
0.004751753224511806
-0.016926899772902813
0.057856854158090686
0.1246372602610511
0.18655510828465163
0.1367087486871808
0.09468834107883829
0.10770086686114075
0.19614360512010717
0.20001606868334532
0.12032252220954967
0.08857537238049513
0.0861843301373517
0.05315216595050698
0.02867412235010768
0.03939663643584491
0.04507571639095603
0.0349417741777318
0.05012140368787484
0.06663269467851439
0.04251162246326903
-0.02378251814651626
-0.11923830886506552
-0.19835360815365055
-0.28732889703200426
-0.2891219121447762
-0.287064308555217
-0.24599070274372706
-0.1709244723541135
-0.06241963492925707
-5.9578554745717276e-05
0.00025562860577000657
0.016861829905961228
0.028982083190947798
0.06504944069331664
0.13168038770642723
0.15547282701364998
0.13315741504236014
0.0783103334562407
0.11396721725538164
0.15309655571440398
0.17293183665472486
0.10935804121069308
0.06349258638405172
0.04642949957404637
0.05738517885265384
0.062425396209188105
0.07245575672813537
0.0797014610278887
0.07152779217234007
0.05464519602765485
-0.023540482499441212
-0.179163620061596
-0.3515586860500823
-0.4299567399556013
-0.4286510811783161
-0.28650532832974174
-0.12463096856979285
-0.003919349620975882
0.0024172560708480765
0.01817903647952879
0.0072277098955950934
0.005104335085769593
0.0054820228830911415
0.09450182239333219
0.18228497860354415
0.21620006735668984
0.15224620332802052
0.11475684445616993
0.1224848636553031
0.16175267125393908
0.16302927855557459
0.10829420706908108
0.06597804092507256
0.04393679037206788
0.039598830534726515
-0.023312724695399592
-0.12356684131413206
-0.19979114755702707
-0.20096821302275328
-0.20110524496711937
-0.22682116886766246
-0.18848809646038814
-0.09485855867280037
-0.02496621818244405
0.04115803688890522
0.13172799137320082
0.16918999550797004
0.15720404566963905
0.13599192204154864
0.13823534926033595
0.1303757422201378
0.11140820515197487
0.0887576712754808
0.05566041448960312
0.0522923763168914
0.03887964519927802
0.03448084672221386
0.006683640876260284
0.016312062556794127
0.007502557082744375
0.018028479537638482
0.0061527243879983115
0.027615059196899834
0.021266225731857564
-0.004839433403446889
-0.05317149476552175
-0.15200901811181994
-0.23285040906760676
-0.3365407856195842
-0.34086959627371954
-0.25434381736967115
-0.10534697165314826
-0.02593639822684617
-0.004193647468928985
-0.0012699632734654099
0.006262514358635267
0.0266271824847076
0.06592474682610476
0.12236836392544174
0.1637154153568341
0.17332307192591095
0.11869240248024522
0.12438624030693374
0.1705453068806254
0.19106568745861607
0.1531486698041786
0.062011185806181375
0.05276447225376591
0.030251241335277464
0.04053529164390983
0.010948536233148577
0.054211047281180216
0.050706052760292414
0.038854214138906544
0.017004020942733497
0.024046212757589912
0.01556200701435631
-0.0075212096592183145
-0.00917922251594185
-0.009653084339842613
0.020024791113136358
-0.0011281887051430397
0.006740765185180758
0.0016043106120563503
0.02325834052056217
0.013572314997542788
0.015399545568822153
0.006199031201950113
-0.022746618533518576
-0.03133412613980392
-0.02373078509669372
0.011695970860227124
-0.05462816823555296
-0.1401108979253304
-0.23689846875000622
-0.2500250829607701
-0.2592075087104876
-0.29553277672644523
-0.26068495728549607
-0.1537586004204511
-0.02612744700144885
-0.014946095230892398
-0.010204683775788074
7.944699074642966e-05
0.03727403579902012
0.09784595416699546
0.16730196652767867
0.20197247378890704
0.13951459191583465
0.1188562959607041
0.12049286882536434
0.1452494751568045
0.12781838834695658
0.13412210173703037
0.11633479036025947
0.07337451528588333
0.04214890305122925
0.02556568075728232
0.02067800942296614
0.026017119347259542
0.03850091626337013
0.0785265234614231
0.08339532382827766
0.08528199867600103
0.06602747417790696
0.059425090493750415
0.0215606370880215
0.03935158611581776
0.061990402183103
0.07619246591143881
0.054290793734707
0.0482855931971579
0.03758489195455042
0.03071576111573144
0.015851004538457652
0.00688462303164383
0.015933569874620326
0.002077318355038699
-0.023233948752604226
-0.03782273848105106
-0.019725138892838397
-0.02768323965692422
-0.07228766487062784
-0.13887738550548775
-0.22031769613905605
-0.31617696522435923
-0.3781896010034795
-0.3099959663824733
-0.23622958723135798
-0.24109546814017735
-0.22530135665254003
-0.13013645151584066
-0.05375708977618055
0.0009239167305979366
0.05378490276027644
0.13304921176695605
0.17757185148477175
0.16655427970274864
0.11662525105275597
0.06687745377596489
0.1552650483732602
0.17115552990805405
0.15735693334505305
0.07528530568550236
0.08468182735806977
0.06402913614039957
0.03427873968115374
0.008999513000776475
-0.009163575977446286
0.004781041697922766
0.02665292590900506
0.05432611452177075
0.03511572639106004
0.023765740861121237
0.02020972344910193
0.056452039147475666
0.042725655993771275
-0.012247223803891242
0.010330404746021059
0.05531206933358315
0.09574553624922712
0.03834498655133186
-0.008659904735457108
-0.09958627006362276
-0.21137924499049018
-0.3363044173303713
-0.3413346060373691
-0.30235621264191226
-0.25879659729497195
-0.19827876019514595
-0.08603953194150678
-0.02117817020009661
-0.009779350505038947
0.018593187192859673
0.1134562715817771
0.17008444110574933
0.18861050063780724
0.06024673511624049
0.06240272659286841
0.11175575555121453
0.1974533224138371
0.16046138607224036
0.13239263833732498
0.11089700516750023
0.0581690760235546
0.016709073411924336
0.026468791413453024
0.04402250195036237
0.04214667810992169
0.04213649086997084
0.05961027841724251
0.052357234770432075
0.025289598521844463
0.03614976860506505
0.02859902429479148
-0.034745913193005205
-0.14615861724724646
-0.3060242058355152
-0.34006854385262736
-0.34981862900643
-0.28769035217951994
-0.2285007324841735
-0.08643489071334724
-0.007937034795224094
0.010544181803010562
0.005838008784454524
0.020965713315252436
0.0836844370280857
0.14483331331488866
0.14886628590752293
0.0793425341443731
0.07547730787849462
0.1206040613959544
0.1792301754947142
0.1876557529923695
0.17526765141583486
0.10423690367810631
0.03483837022120962
0.02038688848510806
0.007545209254891091
0.004216271096808284
0.0014924519431611539
0.03188007019347552
0.03676705499483767
0.04074363977186065
-0.0021583837700633085
-0.004805080026049203
0.01362743495700736
0.06955686213015425
-0.11226607444500844
-0.016606845809941116
0.09748298052168346
0.22581888273885425
0.024267021605205913
0.012079172443021894
-0.02757776795406206
-0.06206366188392989
-0.15258678138081394
-0.23611309885859663
-0.29721534446466474
-0.2536390810087105
-0.18017189148799
-0.08416794569449862
-0.04299931508787806
0.017254784078091348
0.04332307935775513
0.07455644598660578
0.06771404273853376
0.05367318707322387
0.053838549218077826
0.04925664900001125
-0.0589728513670303
-0.18236055751791444
-0.21566671977276392
-0.149815869029404
-0.09142955201215619
-0.044081540773738395
-0.004558492348771991
0.01243710892771405
0.009109978959323195
0.012712590950806188
0.08374517870215745
0.15440276720759338
0.1724495440870298
0.1546296155372809
0.0691495358897062
-0.047564077386527966
-0.1348225783604364
-0.14026242026313016
-0.14991261827382124
-0.11144050796324981
-0.026183246715799833
0.06660420248478671
0.10434058102253205
0.1090687135529749
0.12841074657134735
0.17106939743305338
0.18968197243472257
0.15358550713107813
0.11843014991638778
0.09845255400159833
0.07470225040056323
0.05865188855636274
0.06211956954716147
0.06322288932453426
0.03960366681136871
0.03254597557607057
0.04801288654986097
0.05373479369316302
0.05814556507899545
0.05410506515295859
0.06568474285062725
0.09520755382685449
0.08330192296080678
0.053412429994801766
0.03303709533698118
0.048711385627508444
0.046376343136826134
0.02313268226914377
0.022696607112429608
-0.011078782083667272
-0.15459988080085282
-0.31440203163063113
-0.4010083275522073
-0.3922595808582385
-0.3838511458618469
-0.3247916233872243
-0.1868020956483618
-0.07776927929152579
-0.009727835344041319
-0.015361055000568474
0.02185933238975879
0.08582517844844034
0.1616077601765182
0.15267783594448436
0.11724594738262212
0.12095594749233166
0.15875390212775475
0.16381315854932096
0.15448933444996565
0.1269250031998317
0.10237654039275974
0.060298191795963046
-0.07679662922400739
-0.23129408036557894
-0.26074399345065913
-0.24253361213062546
-0.24646924649488647
-0.21807823307637805
-0.11294649632410413
-0.033714606593449305
0.003949079276203847
0.07084535212917019
0.13310827398331826
0.16434636623788224
0.1568529048998308
0.12092928789400859
0.12816003025679892
0.16090282621923932
0.19963626046304286
0.17997783503248094
0.13481982030013562
0.07816865859626548
0.05142277891483358
0.055888515638526766
0.05497092421998595
0.021801767883687113
0.015516853977488332
0.014134366515758563
0.01845167164640884
0.002849883409447344
-0.0010061771087750053
-0.060413750465229565
-0.1522485372793814
-0.2815059066728291
-0.31702731259437705
-0.27951103521416215
-0.2439276906871278
-0.23397188356697182
-0.13974626610578428
-0.019138284639199542
0.017463254046599364
-0.030778092685910034
-0.025885838301091858
0.012679613703888346
0.11093119411033277
0.14323985858609842
0.12905767296048
0.08423447894596257
0.05684792640966722
0.08627304859171851
0.1564144565900625
0.20699369073871068
0.1638400423315998
0.0785502259951089
0.03370511063979609
0.038367166503825524
0.080232548601111
0.08994055941681987
0.033766699730005664
-0.09441821638232363
-0.23768479762137282
-0.26643162863785497
-0.20898032721655013
-0.15233098336203546
-0.12433538436691369
-0.08734938952007458
-0.04988757118493348
-0.007514195965373534
0.048614651361222096
0.10378856637128407
0.11057297653677142
0.04542846291572622
0.037770834516356766
0.12014475535377254
0.16992856018776825
0.14810691638461923
0.11755561829168823
0.08859738069547024
0.044719480263412846
0.02510763143992073
0.027696421814499404
0.030606156938316337
0.07297448744133632
0.08320807701288246
0.07728866428998522
0.03851543935355712
-0.004309453471577592
-0.10946566259099397
-0.255257246901468
-0.35383641076201394
-0.3445533078410492
-0.2790130378426203
-0.19752423628253993
-0.09436696228296565
-0.017470386395546638
0.022476994074889532
0.0343199309759544
0.10453011978608563
0.12825692740620614
0.12923251380402948
0.0758800544629742
-0.021327822806318678
-0.1548238664178312
-0.2002401711365598
-0.11326886413544505
-0.03034873664451345
0.0004201810230580407
-0.0034507697918790834
-1.3245898823404061e-05
0.03753863704683368
0.11204259018362461
0.1704856099788811
0.18275768654113472
0.14243074771400324
0.09188274801206575
0.1265440590685749
0.15306599988575184
0.17174860957600968
0.12343845643554355
0.10559724982881374
0.05301194865354662
0.03138820400928606
0.024291630451550424
0.053308590160221755
0.0743392020305587
0.019463346233792245
-0.06547781931887023
-0.16507596079613593
-0.2890260144845215
-0.2778346337146083
-0.19297189221109845
-0.14424348585730398
-0.17610768757119463
-0.11772044448836606
-0.03531455601799943
0.040998627851486016
0.09792344024363632
0.1436181981667467
0.12123438714407786
0.09356345185784087
0.09037503139608132
0.13817853694715082
0.16339724904118105
0.1838504006877872
0.15399952170181896
0.08938312645034878
0.04076866260213934
0.04769742295316417
0.04826378497995751
0.046611606590698164
0.04049155016966466
0.025520111540848583
-0.004029291795130587
-0.03792820789422426
-0.10572118289117337
-0.19836633672962642
-0.29886769028546867
-0.2741837369504743
-0.2602428513523482
-0.22619627197287936
-0.20369401763309303
-0.08787956670585363
-0.037116171987872836
-0.027497672446173054
-0.0042617759688400435
0.07150430047325743
0.15274288498382999
0.17119522554522745
0.15113512163484025
0.0867783229711128
0.07513195409677789
0.14153596123157686
0.19456495221675907
0.15958377905635948
0.08685278635986858
0.0854568875324208
0.0921986834302329
0.08430368760727522
0.05756509578064143
0.04866564534930104
0.04382359897209445
0.03082680444443521
0.029494970917992268
0.04424054263470831
0.041800601296937245
0.017624292675839082
-0.0546575246918194
-0.19050605756317493
-0.3334824128188584
-0.3727584240997003
-0.36646170754564067
-0.323385841473298
-0.20440328363829696
-0.05613923734746789
-0.010378413585500755
-0.016198251614538018
-0.007569571133185
0.001594183298257371
0.016420323224568635
0.005548516210971971
0.10549545296537921
0.18831710158267154
0.2275795199195933
0.16429506253808424
0.15380700154641694
0.15157657530827134
0.15818076904399483
0.1597177977972915
0.13073355892538763
0.08946633677442248
0.05995654206569263
0.056074074661863274
0.05034370946820253
-0.005169990081861161
-0.09890494053895614
-0.22760231885319734
-0.3000173993636598
-0.2684557802298088
-0.1944372124668276
-0.2176776963807168
-0.2083148556620063
-0.09469769159796977
0.011362441510485115
0.03035900001179334
0.0393615379539479
0.10531218542157948
0.1148015110853872
0.0963033710518597
0.055963665236334434
0.07748604593178822
0.12912564924250108
0.2032258392925713
0.2049291378336234
0.15447474216141804
0.10121080536423162
0.05741243352491079
0.023250507365922046
0.04773607558106744
0.045378965042646116
0.03413955143941762
0.013042484624784155
-0.0012887207100249452
-0.08864374839403831
-0.18938751981433952
-0.2509491639916723
-0.24419685163787713
-0.23319293092594093
-0.2122166935275078
-0.1572363301162649
-0.06387622292416864
-0.017069176700263155
-0.0028938350226173763
0.03486963112084563
0.09004565928694189
0.12875128645381698
0.1398866625733783
0.07582926740865395
0.020965529379880932
0.067510746593049
0.16949530526576378
0.2007697313200614
0.16403246224408205
0.1532414169426858
0.10001387732219656
0.06604128942118474
0.049003614615149294
0.057009068496632335
0.057412748043800026
0.0506823404066859
0.0006903758335025378
-0.10495621383286494
-0.2269773597310212
-0.3547859781280754
-0.35965434041862215
-0.3415257278994046
-0.22791828536243147
-0.14087831978269644
-0.0313689145269733
-0.01654304837523444
-0.021245106783430865
-0.012564527047724003
0.00808125205484106
0.0505836441708891
0.09616894897487896
0.15287062179955804
0.17827245639940445
0.12834860243792479
0.06671565252320273
0.11263481188846396
0.18593143485638813
0.19354723194031992
0.13236069624156166
0.10342748399767848
0.08814925520510833
0.06834803328927207
0.06388021357337598
0.03441833637193472
0.03406462278686703
0.03846069454237753
0.0617410013531281
0.05863916309348039
0.0510732591498232
0.028111523495976842
0.029345869199774253
7.193500590496926e-05
-0.016876837835294204
-0.07243428435891498
-0.12377325971813338
-0.23034942801251782
-0.31015214574637784
-0.30430698362427316
-0.308726730721618
-0.2784447671524255
-0.19609535612599277
-0.05701633641211685
-0.011296640775834784
-0.0077411421124709305
-0.001996662393800619
0.04523288306718951
0.11179959300608734
0.14085621694809022
0.12147817616296533
0.11175292284545886
0.09901136707806678
0.11653987940676724
0.17402521329131704
0.20399394732131923
0.16930511431933956
0.11114553790999944
0.07809149806398843
0.048527954616827525
0.014634128416311596
-0.06866649918707052
-0.20877563100746444
-0.32161676098168346
-0.23586095354304754
-0.15916275505364966
-0.18288745080685784
-0.22138613660034842
-0.10161756017863603
-0.020372883081168986
0.02937539324602282
0.06582581373512177
0.12002527754177529
0.15713442555885246
0.13712403551933117
0.09237775725439529
0.059654059938080095
0.11479999870505868
0.14829812703171782
0.1829043658882514
0.16611863474457486
0.1275086023550523
0.06180845063192214
0.032813291514186015
0.023609235059034832
0.03982710495641082
0.01699147661942165
-0.05997611067375674
-0.2779173642770317
-0.32591656730252533
-0.29249588732897175
-0.24276636221357598
-0.2357683595027582
-0.10575638350751974
-0.011966715273554076
-0.0003204918788251393
-0.00358415328040344
0.01775925135842019
0.029228479872428513
0.1007689892518827
0.1570878907955281
0.1707635346145189
0.12534482484121687
0.11539249782019718
0.1417219881451259
0.15238117746501098
0.1458442841981057
