0.8169934640522879
0.9027777777777775
0.6111111111111109
0.8169934640522882
0.7777777777777773
0.8585858585858591
0.9027777777777781
0.15151515151515127
0.6111111111111122
0.949820788530466
0.7407407407407396
0.9027777777777781
0.9027777777777781
0.8169934640522882
1.0
0.7777777777777765
0.8585858585858611
0.8585858585858567
0.9498207885304636
0.9498207885304688
0.8585858585858567
0.19713261648745542
0.0
0.7777777777777803
0.26315789473684287
0.30864197530864
1.0
0.7407407407407453
0.6410256410256371
0.902777777777783
0.6725146198830418
0.8585858585858567
0.19713261648745412
0.902777777777783
0.41666666666666585
0.41666666666666585
0.18518518518518481
0.6111111111111153
0.14096185737976763
1.0
0.4373522458628822
