-0.5933001663737204
-1.0
-0.7537946485453298
-0.26805599227507054
0.042450120912276144
0.0020733462389181576
-0.04213310473587771
-0.013236625263977111
-0.005439993362004946
0.0006414634017632383
-0.01253942871657257
0.012525339555183947
0.03993068621858411
0.17806410488698826
0.2860326753550752
0.26526186650942
0.02885137501042562
-0.21518060084583113
-0.3036856659556559
-0.19276174809253552
-0.06691776445154099
-0.022254285069368
-0.023991018187292226
-0.028080917457830763
-0.013653075118592687
-0.0018217411108437586
0.05954071527696029
0.18883273469793166
0.3848574816042432
0.49468944095367706
0.5177046154790369
0.4605142797565328
0.3865522690933359
0.26794729939479706
0.16127292359411557
0.08593387321641924
0.0638356624146437
0.009687625729381213
0.028448769836538046
0.03122026740932354
0.044024169641958696
-0.05617629334241237
-0.0067066464773174825
0.04115539877123377
0.07098154673268971
-0.224815624213308
-0.16141804803192328
0.09638242415798066
0.25275281699331487
0.04946565529969232
-0.023679830036972247
-0.056420066148854156
-0.06582979691564313
-0.08398269784059242
-0.2989964861807124
-0.6708556096910575
-0.9530177550498855
-0.7372388225843653
-0.3328199930299357
0.006180253947038922
-0.000962058579008643
0.011516496832347005
-0.007344828737889645
0.0042204818954763015
-0.0198625172353414
0.01820739722965562
-0.0040753203287490734
0.009430732114029838
-0.004844814933865618
0.015186933200713982
0.1141882128650371
0.4003021864785525
0.7105450866346399
0.7936685187097129
0.5739266139530499
0.3103742359389089
0.16401443394609247
0.09821032195801757
0.04757909257406039
0.014396551133668688
0.0017792108452166712
-0.009194066327251902
0.0030190537389207326
0.01860415829494371
-0.01855882357778017
-0.030236082074553177
-0.04272109723692361
0.0017239658865960239
-0.1429100818972516
-0.4106848727457168
-0.7855899627579304
-0.9603563195111111
-0.677982326304579
-0.2154791833623234
0.05242803235882293
0.022847791769135074
-0.023490999773446927
-0.02116661591185637
-0.001076840406080855
0.01820581662623981
-0.011475315283109211
-0.006388993566750033
0.0023757914585367133
0.00018609444791819015
0.0443823957355814
0.2691115093436439
0.6039214929735616
0.7810949759654606
0.6828211912143186
0.4529630621077403
0.2527624329540683
0.10352982324594438
0.028013043869926358
0.04327590095797262
0.054512400749487995
0.05001006534604539
-0.004504848074439127
-0.004670841715097458
-0.03625861763897517
-0.01157510804431844
0.0034950081148477957
0.011748983564373126
0.014603287420573877
-0.011009530515551777
-0.05117719772799987
-0.08757000195059045
-0.10798116872109995
-0.3143335069088345
-0.5490112195210048
-0.8830549285722192
-0.8630567488042457
-0.4754852013111866
-0.01709534798599415
0.05284599244655061
-0.003498849246245267
-0.013927087679766987
-0.01395886344949385
-0.009354578317502414
0.014786241528367381
0.012757715576248593
0.010009548715558567
-0.021994848076524007
0.07290246544666588
0.34027832345718917
0.6660568186110832
0.7907422503500747
0.6555885837686641
0.3630695060915822
0.18411646869031179
0.1032616670261565
0.1014215690667844
0.03607021991510458
0.029600848190850043
-0.00021126310029812945
0.03174937666598523
0.0022264538164012025
-0.009003333823997052
-0.01949333981876336
-0.051389615154481635
-0.14055163140856355
-0.35394081505143143
-0.5888574748775534
-0.8541181702348523
-0.7991460105841555
-0.459304231695773
-0.08258510148414487
0.012874437743620857
-0.00021545841163610408
-0.0010130473052759282
-0.016276326651770187
-0.015141186147423994
0.013488252922243864
0.010628135162580531
-0.014379083252595367
-0.025497126720214845
-0.02074397531590593
0.19015206953817046
0.4807450551222553
0.741703549597318
0.6774932809931743
0.49233659351050374
0.24990066687601026
0.17239098116738683
0.1365245749248256
0.10246274490266846
0.04765900511781875
0.03342165109174587
0.03777996802168105
0.02908364927534407
0.001081730260345322
-0.02687142607223339
-0.02332642355640217
-0.02902424896297706
-0.12461768815774198
-0.2891477381747036
-0.5609131505690643
-0.8339278015954049
-0.8906926546673287
-0.5229903903399816
-0.09773461238064066
0.06017416766687025
0.015384238403033268
-0.020676144459324072
-0.006133239556300428
-0.004268481311074728
0.0018145106643111687
0.008144200792154662
-0.006640885507466076
0.1831978144871599
0.46273019820722255
0.7174718064727424
0.6674369767761973
0.486629291183306
0.27514210693963437
0.16837215300607244
0.1286398181545711
0.07177068303582142
0.02726077084553748
0.028168865930054705
0.032942502842206595
0.03654010759794443
0.000644306804866503
0.022945315432863427
0.018741961900245695
0.014397753680861903
-0.10548530681825316
-0.11816623218047136
-0.06871402636724731
-0.04608140816343115
-0.27021168599075734
-0.5481194022016972
-0.8421543498771619
-0.8299880379280994
-0.4898394295389255
-0.07566986129388506
0.04408286863873856
0.020687482779252638
-0.004760681607373754
0.006142416020161695
-0.010457381996784634
0.007400347653877018
0.013432769408640332
0.012022011702672048
-0.04203285376686842
0.09437709521802214
0.3981786098062977
0.6869513076457249
0.6422364886251064
0.5160948727148518
0.3460674157440642
0.26012943144946493
0.15829956687951863
0.08368730001512377
0.04299417461399106
0.0286999548096823
0.044555204552653424
0.010018244937163308
0.014370227094809722
-0.02401390422129367
-0.09667382888419575
-0.17739480641414665
-0.2530916766174299
-0.43820274597194286
-0.7104711269727959
-0.862189815968727
-0.5788652368584536
-0.14701218132904834
0.06270097118564816
0.004458207301143653
-0.02860797258593912
0.0007644459470505386
0.00603058324034651
0.00016112077351798618
0.002982061074776669
0.0012271066126998244
-0.033852558962599255
0.09180781882256892
0.4122580724085935
0.7095289104948104
0.679783095457
0.49045170844245484
0.29061289448157773
0.2047187056406932
0.15327728049289327
0.0979978499557565
0.04322380191908079
0.021202843847776185
0.03416489692767553
0.021261086789298517
0.005835196444023379
-0.012455023588032726
-0.02013935512891074
-0.027058594697400948
-0.03189474143560969
-0.05584740152831716
-0.12894875612023682
-0.3931139970237977
-0.7167438366485686
-0.9416621105196672
-0.6704634421933932
-0.2630947877236694
0.04079472438372442
0.013249931700332796
0.006471837998879483
-0.0050461023429890246
-0.0014691964111499247
-0.005565049097808624
-0.006099617983907156
-0.01974900741796996
0.0029462932282350307
0.20032118020462986
0.4868385515743227
0.649358909273239
0.5963096332073622
0.48303822555371495
0.32299734207118336
0.1852464389745328
0.11490104490399587
0.05173275639620247
-0.0480349772342676
-0.04909186523321887
-0.013448036291514294
0.023770373520330793
0.013027327489240108
0.06378439667680712
0.04137051275310035
0.034408729775657926
-0.014968873879318927
-0.08241443640866751
-0.21942138526333954
-0.48191022859102123
-0.7722898449609829
-0.8646756376692284
-0.5695013322745505
-0.18665739957996225
0.002482142436631028
0.010743534289960645
0.006286003275961752
0.00731387938567879
-0.0065963114975378274
-0.006241541017031496
-0.016253829694396284
0.006553075924222883
0.1420478421017045
0.39493721798881953
0.6112236576309589
0.6232115661629786
0.49890898457994987
0.3678369808276935
0.2672154723984102
0.1566220614991327
0.06428521871738879
-0.004149886773337461
0.018595465928898682
0.02995186160245535
0.0452972827011328
-0.022549520448502586
-0.010209884241374352
-0.16686496873286188
-0.09769845171215916
0.019574745964950128
0.08215273815801298
-0.19510933419342946
-0.4579861186940215
-0.7429463968198509
-0.8951850359397409
-0.5969692799776893
-0.18518156625183185
0.032893933514881735
-0.014691157190562396
-0.002377576150190525
-0.018309544206219962
-0.004907392557351591
0.00212121134163459
0.0038015886065428605
0.0024267289392137753
0.016716984245299746
-0.025757725169757578
-0.004122449030113883
0.10012613512395035
0.37266982754106837
0.5208126703533347
0.5607255894824792
0.47154359084647085
0.43774717457850576
0.3348566318286888
0.233430630133429
0.1187563893131575
0.0863783685000958
0.027176545980188913
0.004250987841329367
-0.009746688532968633
0.02626940059991925
0.008538863119641872
-0.0028191708359560697
0.008657261183319876
-0.013412500363330245
-0.10688197917945251
-0.27025174609622254
-0.47690521973401123
-0.8034765229350141
-0.9289113126291912
-0.5849077954686068
-0.13030634614657638
0.052777392775344156
-0.005885341035676014
-0.0059643453313323975
-0.019108166944722015
-0.016231945227745136
-0.0017480588849017188
0.005103542054834023
0.014262701105348118
-0.003950302777852555
-0.03148042539876493
0.047021175046099255
0.26301810804945996
0.47116119778543286
0.5833209759667235
0.5541188720163766
0.46501983127883223
0.3388241981573614
0.24469913334891658
0.15441913967162052
0.07574088080044925
0.05496696033607517
0.019420129608962822
0.01773928562914135
-0.0720080603391187
-0.06579691105714398
-0.012076596674478857
-0.015213793894292135
-0.16093136535383232
-0.35839054534574916
-0.5502152808616333
-0.7718201154699815
-0.7666514128244851
-0.4213979310531387
-0.038961004657062995
0.07016293921931131
-0.004378793950333368
-0.010773605239257068
-0.007904907024592192
0.0007659146580622423
0.014591944264874644
-0.018749851770060166
-0.017200847195249606
0.16805090981298693
0.40574517507756647
0.5980764738208226
0.5920869432763256
0.45577877835711333
0.27195769040393164
0.20720128660362697
0.13984961729627668
0.09275085789083154
0.06611595303585016
0.04571197529750372
0.014546000769370402
0.0305282480695739
0.011293614862319902
-0.0046862638575703355
0.00513289704160508
0.022079486064007503
-0.014532127012033573
-0.07589806388350427
-0.1302927153505951
-0.306956203846368
-0.5845539940904998
-0.8500077738107226
-0.7483600358508782
-0.3763846091140716
-0.03496200066909852
0.012107442922026984
0.00035390086224348525
-0.0015808792568954956
0.024079966108335602
-0.019953374815374184
-0.00875319974253919
-0.026358973947477306
0.00968858873714796
-0.0003854899802080849
-0.02537854226019691
0.035365170504141785
0.23500349136509874
0.43227161882980136
0.5374326814027635
0.517973764111747
0.40614244555985907
0.2872535190505387
0.22906425795614463
0.19033317084763346
0.11727940536995593
0.08731481843551006
0.055133291195151764
0.03632404045087035
-0.008338151440539726
-0.03703825386509928
-0.1035579848522667
-0.17534008492477257
-0.34289743257439903
-0.5609616930690288
-0.791186058144985
-0.7461582767224948
-0.4038795554642773
-0.05811409192802127
0.05972628811214983
0.011004753317580102
0.0012865616395926222
-0.02057311841389533
-0.011131145597770781
0.013795524832885223
0.009844670334978992
-0.03202670851871336
-0.04656230182225569
0.09292254132772666
0.29023026408521096
0.4085030445750051
0.46503622691833135
0.45450147656349227
0.4008779040498671
0.3094873387303834
0.25885276805226726
0.20665156496990822
0.1447642285175956
0.12420094915278411
0.052962848628246684
0.018631720149729303
-0.008913839857447198
-0.025064816879272946
-0.08913265119783718
-0.16162162846949557
-0.33293649645695067
-0.584376911971659
-0.7666104329489725
-0.6763271818625842
-0.3958676272940564
-0.10427644714938508
0.02161250672428098
0.024202763886091085
-0.012833234651606304
-0.015904878939208052
0.0027275242535494105
0.01396699038109991
0.009618670224820259
-0.02533336533734518
-0.06148709063338853
0.02382614587804088
0.24057631772371588
0.38777120815282357
0.4624119175706663
0.4852150775762058
0.451253268676901
0.3495284289306545
0.2619051398731058
0.1912978492758884
0.13378399513952902
0.11556188882974762
0.08903608136477821
0.05597817913134012
0.03379932569251331
0.002708112358022599
-0.008637035628195507
-0.06812202531632254
-0.16510200928255922
-0.28057377461479327
-0.42230113060300506
-0.6028812197472556
-0.7677647984390827
-0.6402091897961989
-0.31765920132128356
0.010662373225169356
0.04961427550987316
0.026225192467806503
0.0026742521717881707
0.0026289212408783257
-0.022792779577609442
-0.03125391996700197
-0.025864048282754255
-0.03807471328868771
0.08182002197822891
0.2797571491107091
0.44203771244329193
0.49038629502837644
0.4469781179906029
0.35643112337764293
0.2900593908144313
0.25053828837585224
0.1962007455611384
0.11687506027296547
0.07060079172623322
0.01455996810005752
-0.03174153503088788
-0.046334828365661065
-0.033954481118782354
-0.036965207595157534
-0.059483700919608876
-0.16268146110488038
-0.3654577503302121
-0.6712113999731739
-0.8637773332419829
-0.5924229092738243
-0.17160851511659128
0.08488390242051352
-0.009585692382484284
-0.021372980454932487
-0.018569104063576213
0.01572267853382921
0.010341541365258982
0.0025063859435704695
-0.0053609243028415006
-0.006926692930754588
0.008318119598745235
0.09924475872890727
0.2728875924880805
0.4137754469068505
0.4774067433544808
0.46838425166665787
0.40760028176403873
0.3105905811952847
0.22776510220188745
0.16655334114032216
0.12098652618074646
0.11314361999085762
0.0805352626746628
0.043199524225097034
0.015422886000312318
-0.014200868572893051
-0.07179189676824893
-0.13059317214366586
-0.16908495005246588
-0.2297397344973313
-0.4147507469336585
-0.6538474813377698
-0.8004446602816092
-0.5873045162552482
-0.19084955681497995
0.05599599100660775
0.020406918852315277
-0.038822229970399046
-0.010119235798077301
0.014700803522600996
0.002375536966491855
-0.024756894516687788
-0.0173709385851507
0.012515069142169037
0.17667887368489427
0.33845334223386947
0.4425898430563497
0.4265697251609158
0.39435174343745844
0.30246606066693127
0.24221736554813408
0.21013167099244653
0.1747863906145747
0.12547428101217953
0.10258461234439858
0.054086007906034045
0.04288595043324744
0.01989567007128712
-0.028818325995489016
-0.10003603042997565
-0.1332684430984195
-0.15684721362401885
-0.27745354568168634
-0.44033785077139687
-0.5864635843604522
-0.670949241424902
-0.4753724030411083
-0.17699478791594458
0.035881607340152465
-0.0032819696203945288
-0.006025635740029208
-0.0072336231180342775
-0.004595853966471207
-0.011251970893403459
-0.01006663932016378
0.008515086026989903
0.012294720638877573
0.01364889731775287
0.2546808981805815
0.4585135738661438
0.5568585825366397
0.42149560418941884
0.35689531387044876
0.2561106271063037
0.2250108521539744
0.175943877732156
0.12183262256651245
0.05688036350152894
0.05745110204759573
0.051466910401703043
0.01936072083236787
-0.061306860829955775
-0.10359559529878395
-0.16247949963061578
-0.29895039412078195
-0.45501271563823953
-0.5065688844049389
-0.5050195358139641
-0.46649912806302046
-0.319120771694571
-0.11615164699087413
-0.019010547187346245
-0.010539962172533716
0.0017418902479597546
0.0043003636009636475
0.006752377544486976
-0.004849222118209313
0.016824114941176336
0.10189815201709433
0.29237378692413
0.4034648243869151
0.45194906051489
0.39014860722365263
0.3482200298102435
0.302792031397402
0.2784149265451442
0.19965748666804395
0.1479196662063546
0.09232894103324266
0.07078989825113637
0.04633158161078558
0.03860751060887659
-0.0023977339277979483
-0.04400737513600648
-0.11085240425022515
-0.19086695056333228
-0.3521619738927658
-0.551282334478155
-0.7328127184745479
-0.6975047301149349
-0.43328204521405655
-0.13118086855153716
0.015295138449024004
0.010356818609684907
0.007781305527899831
0.0015725224960670028
0.0006162224977573366
0.015256289005685403
0.020438432270039112
0.13086846806185173
0.32210090978128353
0.49531595927685057
0.5023162194218495
0.42531844837538685
0.33952010005534855
0.26115058526263857
0.18813164358645149
0.13711842323354953
0.10691591257843694
0.08342758088971299
0.06641121431562605
0.062379718742658366
0.03802932146426242
-0.023483687428944737
-0.09131321592279337
-0.1388560025993414
-0.200855068920464
-0.37057102070473863
-0.5440219152259004
-0.6970935293686167
-0.6556103645374177
-0.40669733824623416
-0.1185909346078837
0.015963975104603935
0.013819438284538799
0.02451544726367626
-0.0026365654046225043
-0.0034248635359128434
-0.006758288343548731
0.024799413877758913
0.09937669704959687
0.26355005060878384
0.4395291642028761
0.5156362273702957
0.4222345517858106
0.28501982176549484
0.187849119505166
0.15041385924659995
0.12766635405466673
0.11446783267758352
0.09425105095409389
0.07809144377397592
0.08504750982050926
0.07650904352778368
0.05428222429836164
0.0025232256312375926
-0.10206990737026612
-0.32349776961571014
-0.5821636845092202
-0.8351097960403205
-0.7435039830576944
-0.3870932522173128
-0.03429843114989838
0.01539881100698372
0.0028105682180336413
0.020182890548751796
0.013206781225701054
-0.014969722195946862
-0.04934953936519615
0.08898920491180987
0.26360861967354804
0.3731841674419428
0.3624372970594103
0.36255087144141024
0.3514613288314465
0.2721418871354834
0.21725544963871848
0.1855204931201082
0.16901386012335487
0.11320944915016742
0.07003210908441353
0.04644774529805757
0.03800346051596687
0.005678962223822749
-0.011081502500678771
-0.05125934737231193
-0.08384460124240806
-0.3054710846477404
-0.547909910244911
-0.8348093370588654
-0.6843786769175834
-0.33636900909845135
0.0027628970169295084
0.012956128819939263
-0.002689444099642975
-0.0016486276775176994
-0.0014886401862437661
-0.005254614195582229
0.023605876468935538
0.017773456886317044
0.010470942323066917
0.11850122211178271
0.293000204916997
0.40959709128076066
0.4046880227774544
0.3520396379245867
0.26218801558742527
0.17711434256457745
0.157005363113169
0.1553903560568753
0.15278799531545362
0.09004648458982209
0.05570338735372455
0.04504404907640048
0.057591984307550165
0.06450317191637076
0.07148530991296717
0.03961383000416129
-0.04068803990700733
-0.11807938602971028
-0.1927019682783417
-0.2504639273937503
-0.41424149382294834
-0.5647424877001517
-0.6626183440664539
-0.5015638660365471
-0.22926381422390665
-0.028505967972731982
-0.0015283424712934908
-0.023239638823484045
0.011216485020287756
0.010751562471815086
0.0011118365828476074
0.02146250307292624
0.10228490420660767
0.2515377121856901
0.3325245020681852
0.3850794272920804
0.35767317159573475
0.34785837778435574
0.27423193147367364
0.2006494477716337
0.15257953647120387
0.11943182918702365
0.10237708430232612
0.05478198460229013
-0.03289352872551183
-0.19028835940353261
-0.3086808858138005
-0.33224150146231285
-0.3166354106217786
-0.37028443865399846
-0.5069906655290541
-0.45002024745090724
-0.2149240314371536
0.013707325457812973
0.018492126757080136
-0.005640095933775782
-0.015309874670077913
0.02083403387465794
0.010184682449841196
0.003526398303833219
-0.023621820080305517
-0.008711513231022865
0.054045959591215366
0.17953184224177465
0.2697720099681179
0.307647612126959
0.3087398326011597
0.3064267792155164
0.27275956228444787
0.21610722739410496
0.16692370838237128
0.1764311350573895
0.1552718439631518
0.027774307207095807
-0.17211979167610258
-0.352847258190153
-0.4471488816226541
-0.5362924902288753
-0.5382310755660189
-0.3502618027715206
-0.08628708801029022
0.010913491225633457
-0.023955262373174916
-0.009156797672599911
0.008709975675677483
0.0021223764565779
0.010528091529846167
0.022602857142401116
0.0400845338430203
0.16862941424343444
0.30590910858603754
0.40485114335203015
0.3984396137872143
0.34929429268517476
0.2548607453472302
0.188088569720065
0.15666294645292747
0.12466361554844652
0.11310587810825513
0.0879297967314747
-0.014086927412751223
-0.12539957833576368
-0.1907510301858385
-0.1469463418376355
-0.07706297819967219
-0.1010043499257909
-0.26584588952934257
-0.5923949084167649
-0.6498189129768065
-0.3687943408001027
-0.0711073567452884
-0.0225043785242854
-0.04077952981812807
0.01060485932552661
0.013174999510574048
0.009803995450134311
0.025085715639071422
0.019439800031950488
0.020485295278397427
-0.011505468851468609
0.028371303775521616
0.09916430917945253
0.1854263100875514
0.25044566251724776
0.3218312824462613
0.3592830213283613
0.3257490268058028
0.27766958938257175
0.2175331850436181
0.20236013597544872
0.20315933787896004
0.18049892420063599
0.11283483636488205
0.06746308589432246
0.008873712331224162
-0.14553688951479882
-0.35867702769253157
-0.5663621649572014
-0.6955973771670187
-0.6296542388165057
-0.35759638683024014
-0.08731403710717643
0.017767327143999208
0.014783503148609276
0.01718857311117877
-0.012143793917730752
-0.014603534817629453
-0.005388191373687987
0.053858598389620815
0.1640776013588175
0.282362504750858
0.381145994355477
0.40259697925251137
0.3852944470162397
0.30352273630674037
0.24706659991827762
0.20244612175039525
0.14147281320182567
0.0927922357371555
0.0027628896156245745
-0.16718169491529858
-0.38659089992794365
-0.5391019286704043
-0.6301189804255294
-0.5477829555252252
-0.3054656974004976
-0.06910256867856665
-0.00043388899491300707
-0.002218770633021295
0.0009553928985276419
0.010561670808324453
0.00047004242681479574
-0.009106692769602397
-0.00010140451167673431
0.005031824329254658
0.023406523688646288
0.13707190183254173
0.32807748900054406
0.24688722660220555
0.2153637889542427
0.25969814435129984
0.36822907631433877
0.25011733760742594
0.19623583668082556
0.17811680374602554
0.14427642888242598
0.11775143640230278
0.09444720092423925
0.09390909421713212
0.07481348271065548
0.05101632320393266
0.014881024331646795
-0.08226186447532947
-0.25425402659787577
-0.4796901384016309
-0.58476578229782
-0.6050741348723758
-0.48597612438820353
-0.28910411604637615
-0.07967750080383865
-0.0011694238790255008
-0.0053773806107499985
0.011079091906191404
0.012764511082150045
0.010282417691017072
-0.0003470038646455586
0.009369654525326182
0.05496168995848407
0.21552207857872227
0.34014686962883717
0.3954986553833565
0.3582993965397795
0.30320716021917327
0.18644934177803713
0.14509742051339983
0.12403858755984529
0.10823045980749652
0.08620883091640372
0.0727209310805515
-0.025532226908883595
-0.21657227873429327
-0.42347766364878414
-0.6104815252752704
-0.6538100289860238
-0.40511730455142236
-0.08440098320149911
0.04136761744280008
-0.012651892536673091
-0.0023331229541631924
0.02677204577922865
0.015035826656566765
0.009595252680478866
0.07507342752886818
0.23346942386965375
0.35103232959749997
0.3708338415729375
0.34444635419271324
0.2948507441800938
0.2474609181351833
0.1958310084771205
0.19482653193793986
0.18833766362344354
0.17643876366841235
0.1173036192681544
0.06713648045751962
0.019799004750426858
-0.06276730726974228
-0.17030975231915152
-0.30018460852223866
-0.3426242089628337
-0.37432512886230107
-0.4181074220309582
-0.5634909294972835
-0.4701740572088443
-0.22545915537746725
-0.012593049864811166
-0.01835726312807559
0.0012442244744815343
0.015232852964005571
0.00828368200359228
-0.003137881493997136
0.0252677770018925
0.09716759535689315
0.25939052822108577
0.3900196285532722
0.43159816215672586
0.3468810839438509
0.29027892537103955
0.21665699952469422
0.18974238072696026
0.18738795652590975
0.18126269664201983
0.1485070036462225
0.1177298566674424
0.11881173933197171
0.05222171605578203
-0.04681032377689065
-0.1514633134595037
-0.2410520877551387
-0.34234811691155037
-0.3997876875583553
-0.41012746055931076
-0.4423913302958678
-0.47581026349382477
-0.3562356127012495
-0.14901263679304969
0.0035429739901547265
0.02463402989132549
0.021642012525474777
-0.017198300168177003
-0.018762482897008215
-0.010763660658777884
-0.010080420249769916
0.025993029115327915
0.18769143282747214
0.37777559203543076
0.47503842071647956
0.4857325293296095
0.40572480749358125
0.30063937583512745
0.21063047686938344
0.18651067704562913
0.14339836454685642
0.12603244031595504
0.10767234740922785
0.09404990909783045
0.05115062051261882
0.04246401182318951
0.010317193249966492
0.02569999338655112
0.004386634000283105
0.009626370700252558
-0.011075053610455675
-0.009481585958999604
-0.034326882054434474
-0.04343990570914869
-0.06016196056585424
-0.1134973941750729
-0.1825568177187934
-0.30421343552602914
-0.43864690901568687
-0.5219129976827449
-0.5413257739054682
-0.5721216632242678
-0.37770440308866565
-0.09863347872662122
0.06734476712993138
0.016821383389098422
0.030043267920376832
0.02491227131934496
-0.015538591440292933
-0.022407753228425125
-0.024376965348768386
-0.014319150160446327
-0.03843935777066034
0.007738691362990524
0.1794220453441624
0.3843743387700714
0.4821186364531374
0.4260663126866426
0.34835803145111954
0.2676939420214759
0.20966366486230187
0.18890542771400368
0.17046625686849284
0.1662987719060458
0.14442018176901253
0.11207579426229354
0.07260940541009932
0.04326024313085133
0.020417112415179718
-0.04914578483085893
-0.13073622622035802
-0.19348404023212973
-0.227742380605126
-0.3178914933922105
-0.3612842473407393
-0.38935567637670737
-0.3994484921476374
-0.522465406499774
-0.43372786878959874
-0.20025557871479682
0.01980170263693686
0.008195760061418107
-0.014682576190059308
-0.029819597318683017
-0.009471673538185241
0.009492702780402446
0.06150722751789778
0.24260207739700013
0.4638489444524592
0.62233039438802
0.5269517819895936
0.34014450435895
0.19738509248282946
0.21887012510736018
0.235347981254485
0.16655216360341418
0.1005008927343516
0.04290923720512187
0.026505267055902778
0.03722474517724884
0.0161770511610926
-0.004578055437553656
-0.015676731521801306
0.012678882448778598
-0.02681426714368119
-0.04843716230484765
-0.11028037305885222
-0.16964009397750873
-0.2257387829682386
-0.324059181263708
-0.4981602132769593
-0.6892000233832066
-0.6841768793783748
-0.4158195612105516
-0.09549420976656532
0.02588996942990429
-0.020338625423982945
-0.028685230490821074
0.015628768458466072
0.013148503835755094
0.005222910588632511
-0.004675680994582658
0.009791697310953583
0.09400660387998938
0.2516122358685616
0.40820264066342127
0.403980082420237
0.3292259929841353
0.2396252350346117
0.19781399238271913
0.19891484551551117
0.20374278153814646
0.25299566958811615
0.2147648236410419
0.15820219594716942
0.07935212869251801
0.07262829423586696
0.03740497467256964
0.012443683804106393
-0.01825939552057703
-0.03973897928618429
-0.09293906219569964
-0.12059426028056332
-0.12059019676660918
-0.11441265501174001
-0.18767425681957403
-0.32869161117680146
-0.5215214678303028
-0.6666867056893373
-0.6208630150544753
-0.31629954106391284
-0.06290090571557168
0.03756454543688001
-0.002360920159815754
0.01115578473460224
0.008470126636624942
0.00993905527891186
-0.009797118197150366
0.06567722797825039
0.24736330844342655
0.47891727526930067
0.5283883099984937
0.3964037694437118
0.21912332794267703
0.15473057087408326
0.16324147716416992
0.15403525886856545
0.16542620176301823
0.14766215840607247
0.1404946165847382
0.08687102769632231
0.04506496241668086
-0.0384513304654001
-0.1252171493173095
-0.20648270319833506
-0.260898006510095
-0.3405588945877947
-0.4036694279990679
-0.4704038844707429
-0.5733381428144046
-0.46103125106381687
-0.19351464123165477
0.026821177014702345
0.0192610804581053
0.005158641928176317
-0.0013369122505943075
-0.0018487576995696118
-0.004099809943485607
0.0011338193844398273
0.0003936994872297833
0.11331761485778273
0.2783471316755459
0.4337421743923438
0.4299341702568345
0.35916776938091743
0.276415770164792
0.23728070684899252
0.1882898984377688
0.14010881578546627
0.1092095707282696
0.07786215656772416
0.047068519332972424
0.028372241578686307
0.025871939023098495
0.02359212619358301
0.0031978865934020636
-0.1601647188981446
-0.4821215788931715
-0.7427771220868641
-0.7343883816348038
-0.46069457275404146
-0.1537707565236937
0.004670926122529634
0.0063311316074298315
-0.020845102639476698
0.007228097182310984
0.01913524177463717
0.012927170416670332
0.002538816552843265
0.0431501704240803
0.13934755328194548
0.2529084278758213
0.3392614678104808
0.36812068111811747
0.3365018036503366
0.27959462467755664
0.24177683943851788
0.23906795690768773
0.20566672554148413
0.15770834400838651
0.10865687782681452
0.07277099021278115
0.05387232898108582
0.006088925140842683
-0.014615075030429274
-0.06520062072976306
-0.061832272405151385
-0.1512978078753458
-0.2835710940226546
-0.5154850113259561
-0.730723411941313
-0.6435825791899266
-0.33748635116879866
-0.03654219659416108
0.00807624376664342
0.02265553105176424
0.00175223113552406
-0.00956822315109701
0.0016417121349797442
-0.0023583161462742536
0.006265479006374049
0.0998855299275279
0.25397740083020065
0.31924091796892806
0.30867011964848173
0.3053058989679969
0.29029141590337826
0.2711198866632721
0.2554101665959154
0.27362458224756947
0.22205561009013428
0.1556885870853795
0.07957043581097852
0.06286085466283882
0.04204874853845299
0.015489317600368544
-0.017529906260871222
-0.06151032536057625
-0.09026229090210128
-0.08469849890207426
-0.13328472042990722
-0.3107679202604482
-0.48216410956992467
-0.48005723351645235
-0.42406945193787876
-0.40847278276632965
-0.33199290490087907
-0.17250586690046574
-0.042831799566426035
-0.021284493022428404
0.008613863520365464
0.011653169471461666
0.025781651420183006
0.01101710864230061
0.03569280864377956
0.1080305265909628
0.23612065106159896
0.2811688821336106
0.2667663211193911
0.22551162310934544
0.2526311695660803
0.2245031582739518
0.19678099149044326
0.1269555821788969
-0.010412902642303903
-0.24359643384609378
-0.40494979232252587
-0.5100584841558286
-0.48040805261999314
-0.2672869792223511
-0.017076973936091932
0.04021078000958856
0.004087311994026652
0.01392419204261856
0.02283530622794842
0.06345825316121637
0.25950134341895664
0.449687197910378
0.5326866436453097
0.40651272214160056
0.2764571450730688
0.1576900805776135
0.12953969740741503
0.0738262727820447
-0.06292707483873068
-0.2454837515968286
-0.3975309151664586
-0.45233646139250955
-0.5013239750469751
-0.4273087883416777
-0.27968758229644564
-0.07224852590629567
0.005332632144791943
0.03667817338263725
0.01160546730876819
0.03529698208850934
0.028896531462620716
0.13407541699193928
0.25217148563808267
0.35288614749470476
0.3210101000052014
0.276483075360442
0.20012196683244207
0.10346231325042385
-0.06685784666107154
-0.2983135328980091
-0.4750162539355186
-0.4755536054803361
-0.3015914352320346
-0.09641150200709157
-0.010753084802953276
-0.017125663640002255
-0.019124873287874742
0.016341491586795556
0.05661829533079093
0.17161235355967605
0.26516659517086094
0.31228661675006847
0.3001420822972992
0.2900059689449502
0.24237027826392935
0.12337573463293385
0.016649637242084635
-0.017558825943961315
0.02997303275234737
0.09550150123060765
0.159668553120719
0.2274647619831708
0.23322225670765506
0.20631714548872812
0.12050122571002117
0.009718781103210849
-0.14042132270837898
-0.2775341871556206
-0.3721153222466155
-0.3532708850444683
-0.32650145773083716
-0.35734722433919114
-0.4393041761276502
-0.37454305661086806
-0.17668071259714122
-0.02646214076657293
0.005432182773727415
-0.006188224705609447
0.0012942618813537223
-0.006194257337492928
-0.0024954330349013063
0.018437588786930824
0.02733855180998963
0.07543610856668562
0.24440639362202216
0.35560836508844107
0.418702773408885
0.3651387519250248
0.31406436186105474
0.08616743911939323
-0.09989593720145265
-0.23382359925949986
-0.24015025654796612
-0.2269913913513606
-0.1787485126506954
-0.09312324878424678
0.07754429969750784
0.2144290630967028
0.3181288247368621
0.344195229775778
0.23853132744276395
-0.013188415926540886
-0.24792371515437908
-0.34619898247635256
-0.3996680976915835
-0.346576701417424
-0.2866289221172265
-0.20791846772198933
-0.13587288908042283
-0.04668629167770818
0.000775983096905913
-0.009946351295102743
-0.0037136191743048943
-0.006534388735381163
0.0037493368211283
0.018246330740629046
0.057967076772442096
0.20596855606003134
0.33162799528687115
0.40203605622513133
0.3512517682269518
0.3196004233468029
0.2557091400371066
0.19085655399394857
0.1496732006194179
0.14007176231296065
0.1410131208374589
0.12917065097944358
0.08936368857200101
-0.05141855046131031
-0.22460118032697773
-0.3648158398221305
-0.4117562266026584
-0.43130891524391246
-0.38098027334017875
-0.3317915297822601
-0.24744486307628782
-0.1458753541218445
-0.0695574980528555
-0.038381595471435964
-0.018429327580027688
0.030738256063314196
0.057431431582480624
0.1583406018765817
0.27102347054349996
0.3910757336157715
0.405080082044391
0.3248024077573744
0.0854222679928078
-0.21033076782247154
-0.4440031260510197
-0.5011223349372292
-0.37414449674458505
-0.17768318398786975
-0.03307275395526741
0.0014094289840349676
-0.008978794610931498
-0.01299823344796053
0.0008955839854387279
0.02036872653881093
0.07024144769702682
0.21310793258612368
0.28209016877532783
0.28796966737166857
0.24201749939097617
0.24983619578202262
0.22742227732766807
0.202297016537752
0.12485106615013096
-0.06911455362413271
-0.31389267450558056
-0.5845804797889143
-0.5845715129206226
-0.33143854443171844
-0.058675094137258285
-0.001917999925326408
-0.014345243597423712
0.010202408065600318
0.004847468771830575
-0.015812112600975477
-0.00973299799089086
0.012799364339644905
0.031447013999467796
0.07843973186565494
0.20078213604386383
0.28972668034051025
0.2801105091354423
0.22962731317696525
0.14128173127911045
0.008341301699341502
-0.25081374334356443
-0.43243452431485724
-0.36897157420980675
-0.1566107789449853
-0.04708565526185181
-0.033450659458308864
0.006759765129504748
0.019317194809708185
-0.002277076679259691
-0.0028849705954645376
0.008522334149934653
0.05251977559320895
0.13214618054459093
0.24034139057211307
0.2971234633475931
0.2956951717093546
0.2884367612508106
0.28648650929437075
0.2887050397364781
0.22849663444315801
0.08925298287991963
-0.12740192629076688
-0.309159855934449
-0.43459031235300144
-0.4849938124263321
-0.4281989293309031
-0.2590557449290823
-0.10906919591598156
-0.044932764006797195
-0.015315645361666146
-0.006084432741032891
0.0018858274853639295
0.007229429808231381
0.01581458010532531
0.04807984791363539
0.19989307824723482
0.3651828035412545
0.4380551478106285
0.3982012450077852
0.31481186469575634
0.19894105717605132
0.1409200303180463
0.14269741219470589
0.13873880167217922
0.09731758975876634
0.05874416266288709
-0.001702541345454839
-0.13092918625934083
-0.29634534636771376
-0.3973041727956313
-0.43289538901949026
-0.4632983481578123
-0.42236323493251277
-0.27814821311144794
-0.10655719831925653
-0.005577163960488089
0.0034884781596975483
0.01134414057366524
-0.007224977675114352
-0.012120469708472836
-0.03431586087256139
0.008300411134734483
0.016306454702947934
0.01744415536766497
0.008473745726365911
0.08404460469178911
0.1707764100679398
0.24389557425545716
0.24753387443843472
0.2896490118337878
0.29552688826714635
0.24949306000289495
0.20456895778692133
0.1721588438969061
0.1271343728180942
0.028724285531687592
-0.09880459068278886
-0.24789205669433736
-0.36091990762739456
-0.465599018331114
-0.4601737630059206
-0.3140748593525812
-0.11094958834037273
-0.05414768772007616
-0.030086623911106676
-0.025067076144347424
0.004617449253885618
0.0073278105080456565
0.023372861591401277
0.009965835981381099
0.004842853998032654
-0.00426788767748874
0.08950779993402627
0.2252796392437351
0.3351422272212515
0.35715566165407553
0.3261721278632785
0.26037777411080926
0.20406141417155094
0.1826347908405264
0.12566684232083486
-0.012052157546949287
-0.2021525005902688
-0.40084489849775035
-0.5228396771327417
-0.5151508282109395
-0.3211717251617543
-0.1397055414751958
-0.022502645331905706
-0.004298505410673173
-0.0010338730025214466
-0.02618280271758353
-0.0008193762289858911
0.031659141093453406
0.035403144014100704
0.09083207047113193
0.25600567040457783
0.33481454229387086
0.3193086803325136
0.23782193151176853
0.2300383016282919
0.15771877156755726
0.023402297998065917
-0.17031566416717045
-0.34958108205262317
-0.40414702432076866
-0.35345443053230674
-0.2217333413394708
-0.11632105102953658
-0.04311376766098594
-0.01609714924488499
0.006304976476222128
0.025582848955469237
0.046274682706696595
0.0842460060989236
0.15698513020472277
0.22733735187507964
0.2454014299501667
0.2381835925670022
0.22161070517038023
0.18365854711886162
0.07775247590541715
-0.09282795789037869
-0.279559109591928
-0.4339737584100118
-0.38853903246597665
-0.2144024579235469
-0.08296519400084612
-0.016565813799735728
0.0021553234869904764
0.03733925295546269
0.023811557140871218
0.04265310005269014
0.07229741543309527
0.18849839908696112
0.2971441898806291
0.20033206469158596
-0.06651034132616745
-0.2964639307862182
-0.28109005463980774
-0.1389369388818998
-0.026314108073962665
-0.019678740104147618
-0.011152724267779178
-0.01371606265572524
0.005886468655456646
0.019363916618195837
0.07762639401600287
0.14310724112970705
0.22773828577157698
0.23786381709595011
0.20989300340734085
0.13759091515698998
0.08687463675934462
0.035005273202231305
-0.14571790470473658
-0.32013074324460933
-0.3487374531305555
-0.21013163879428878
-0.09704143031169549
-0.019397658620077883
-0.0047615650257263565
-0.034507607872482055
-0.046859733853164505
-0.009703253483504714
0.026205363189104894
0.08146787436585573
0.14094536047738182
0.18531569964252617
0.18935841711656043
0.17816243454179
0.17528844087916112
0.1584380863484366
0.10198726702552635
0.0002965227092469163
-0.07170236990642175
-0.061617129165185434
0.023286843717138288
