0.5215392379605565
0.5224716105190191
0.5317487904428626
0.5451128822615466
0.5622482553312188
0.5651692946879177
0.5608044830644967
0.5351024899295276
0.4783234404346945
0.375838381575586
0.24579201581947874
0.1507873761681475
0.11841154552356073
0.13489866676684875
0.1375550686381384
0.10173891503479578
0.055179963912791695
0.03619380020249882
0.04481033310678355
0.04183913087643539
0.04481461182046464
0.03800811009277515
0.04364751751160742
0.049910468929282116
0.050609387721818236
0.043759352203176706
0.055251480749598715
0.09081832228379343
0.14162306491098184
0.22450315509145466
0.33169403113045215
0.42573571200428684
0.4949984119947833
0.5491574777025724
0.5975310585559869
0.6348407462045711
0.6676859932111646
0.7028377182986169
0.734077953788219
0.76261900076824
0.7741294338814882
0.7862281164134396
0.7895324360913059
0.793078141105297
0.7927642365987022
0.8016113212834793
0.8061058742219597
0.8048067275362621
0.8034342703231125
0.8100252287221483
0.8146713240951148
0.8132707477206875
0.8074050794238015
0.80442608263839
0.797821038252608
0.7784863479624532
0.7462524737897693
0.7069488152336324
0.6646538598449654
0.609864951058893
0.5417974081116415
0.46714772743394617
0.39063469102854076
0.3185541872387044
0.2591357618914579
0.17815947471025423
0.08932420600592146
0.02773581000308377
0.01967186346427359
0.02031912963860829
0.015410868474589296
0.010872271713374244
0.010862156564576677
0.0188184289365406
0.02844272251472173
0.029075219828085308
0.02716380100030188
0.023473873773137133
0.024849562678721505
0.04363144466953195
0.09276894581145975
0.20874342173139154
0.3405780097272732
0.43558704839258855
0.45338627299143053
0.47746541888635224
0.5321066649010548
0.6025739014817475
0.6560450660086117
0.6920452655766485
0.7217905178569739
0.753179444659385
0.7792478313722948
0.799554476887008
0.8179354767141321
0.8298473248344991
0.8328021521593529
0.8353323886578156
0.8451249984966622
0.851113355273904
0.8499147518049853
0.8465784284117057
0.8453079148603557
0.8443358503355989
0.8365418977415504
0.8212062349417153
0.783396130310245
0.7156506218824285
0.6087027599729564
0.5000405597723839
0.4352674224735233
0.45029679734862205
0.49050391965821843
0.5042164773550124
0.46595576368760844
0.3734375082985495
0.23051243359617812
0.10000612074998325
0.04047782103106846
0.037336142970932004
0.04071499539191696
0.04295631360225486
0.049150161142884966
0.0516965605266858
0.04547093684987605
0.0408398312563805
0.03941085859854544
0.03221145039777898
0.005905222798112361
0.08813698781481386
0.23953970008907607
0.3875392895832477
0.4395139302437207
0.4873935203767649
0.5307409954635635
0.5787362588681685
0.6254898887197788
0.6627744947250637
0.6899176404602374
0.7081634451514494
0.7227901625713581
0.741599841325448
0.7638768812510278
0.7882474701630143
0.806899335729873
0.8124431172719493
0.8126025675781865
0.8181074843459849
0.8311211790327313
0.8376796110911297
0.8333517730512077
0.8241184827372592
0.8226273411559117
0.8225822888402785
0.8234522394274826
0.8055424581306512
0.7714337592278385
0.7279289011312859
0.7078973792736493
0.7050931404236146
0.7029603457072792
0.6968770539022796
0.6889138928458194
0.6709411887229404
0.5997370721960261
0.4643292442756248
0.2802454743832439
0.12397418244349576
0.049551072494023775
0.04746200798429338
0.06195101840646576
0.06354430550422423
0.06427790871406003
0.05655632453657986
0.051555166663843945
0.04804923574998992
0.04738879741235097
0.05205026035371519
0.05236824799262572
0.05348904741821766
0.04622303319491599
0.050672394462102754
0.05411572215354428
0.05954691541280073
0.05806200822705066
0.04673022848614586
0.051982395999224135
0.10972437607192911
0.22214729038198996
0.3313465102125848
0.402872164308967
0.46583137371821903
0.5323934411040595
0.5936885292161916
0.6428226942247588
0.7006790139581272
0.7519191749263634
0.7887582073873576
0.8182182059927122
0.8407148746506207
0.8515296361568921
0.8537414589981115
0.8571448027735338
0.861233230112796
0.866636490345875
0.8724355118943546
0.8705173516462409
0.8684470346571662
0.8615164305296142
0.8612594955760112
0.8658560823380694
0.8763572356460669
0.8796536100453637
0.8814528846038678
0.8784396049588532
0.8740184927256472
0.864616182319812
0.863325043742296
0.8572138246811656
0.8630122378721866
0.8683146120320467
0.8682861502962547
0.8653702280896121
0.8330274850769314
0.8275668386339781
0.8299107691911661
0.8610685594285162
0.8650172721910789
0.8591051094679679
0.8523599593608528
0.856494245615318
0.8611569036292989
0.8361225585856339
0.8137904528636338
0.8030767101344132
0.7965400531764468
0.7727385156324791
0.740275282495854
0.6925168536766849
0.6167348270699099
0.5111755199980252
0.3752829164467321
0.22279285048414868
0.09663728485205363
0.05121888118015196
0.051740924590178615
0.055795298370458705
0.04792402403120262
0.04208188367268494
0.042273835606769686
0.04513454649391552
0.037647708179856396
0.03199347442877528
0.031649269643629296
0.051964232813513304
0.07160603290622107
0.06268920957658904
0.03888814974981964
0.03094785243690925
0.029533211748245473
0.0036565249253577114
0.021212069983836155
0.03969440854444195
0.15339222032401387
0.3007708411757003
0.45643748800883294
0.5175789293306313
0.5856987909613374
0.6425821836393572
0.6891617574938267
0.7305539722705549
0.7647008418314702
0.787149714425576
0.8038726655702687
0.8149300296726992
0.8217979007412781
0.8287342379629444
0.8324490797742815
0.8343157123599955
0.8425831172955701
0.8584324269902961
0.8603666177903345
0.8639076146677661
0.865785380526119
0.8703890974082695
0.8626019076222934
0.8607909706552765
0.8621387075467418
0.8654307192019518
0.8594578221410604
0.8589068551177642
0.8594836623138378
0.8547212975715889
0.8258123921639672
0.7714142582095728
0.6749317165514711
0.5574489140725581
0.4105828337694411
0.2820531036516902
0.2075417382267415
0.2310334268257994
0.27094802346544905
0.2811900077395021
0.24350988373893157
0.19312462761361163
0.13343480607847452
0.07475132161484732
0.04977214712761725
0.06398516928026632
0.13118388639990947
0.19080529235386232
0.24293848043712232
0.2331194166350706
0.16621812030104502
0.06937059127812005
0.02102662643668737
0.03563369738044456
0.05163661117968555
0.05593033705524612
0.04763184061570433
0.04844423300228045
0.047887851561868776
0.04675398295540955
0.05463882548507401
0.08778457065863507
0.17094650031396966
0.2671627297870037
0.3391958318033435
0.38816070190209523
0.44098059099713294
0.49295725456203143
0.5347809635910519
0.5685211375309585
0.5952161040913698
0.6233138929924148
0.6484814785328663
0.6728010558589101
0.6924739110104555
0.7098181775105172
0.7176777097642126
0.7231729581331499
0.7206361178583044
0.7200611302621086
0.720625874695942
0.7244280049457293
0.7248537149209324
0.7250792517384832
0.7195408760003443
0.7073596081246863
0.6944446392568264
0.6920745514992367
0.6909033089474619
0.6900515334141122
0.6817026965172991
0.6704884566936928
0.6565305871977506
0.6451413856256774
0.6356008215901251
0.6322511971494746
0.6344948118624415
0.6386821410783019
0.638297737699255
0.6375308847922414
0.6287961822273056
0.6189318028957501
0.611449682149563
0.61284040942187
0.6082837623062234
0.6010267262829054
0.5975003019299363
0.6033674024810376
0.6107787990241319
0.6176190280046983
0.6097243294075777
0.5873911666946893
0.5592437552452543
0.5421741202186914
0.5377315179731459
0.5454968761295471
0.5430016052961197
0.5311072551809012
0.5039941766292927
0.4514815357769828
0.3671884257514
0.26539558979878364
0.1816290829289172
0.13521327139324393
0.10917564387434403
0.07679210701228759
0.0508367984450256
0.04439361354030396
0.04580900835219567
0.046609517056355666
0.048983948221489555
0.040673359176685464
0.05230167587552618
0.05970572984610342
0.060402466587509515
0.04379791094190826
0.0471619060555604
0.05979836822622771
0.11374376336487814
0.20705246654361328
0.29598618740252064
0.3498760289902812
0.38542770203166843
0.4364516911101684
0.49925766120919046
0.5594259302148173
0.5982163213478612
0.6257935414528177
0.6598662567757644
0.6987821522627078
0.7389893206530789
0.7705498061178053
0.8001509448524916
0.8178645720049426
0.8305675551976203
0.8308405574419631
0.8291769190327984
0.8174046055492377
0.8062378609783791
0.7997059208272256
0.8068550340693529
0.8168237074602438
0.8187990677267027
0.8076550071146682
0.7806848981850093
0.7316697128278691
0.6469018635027858
0.5625061901445093
0.523281351005279
0.541472913811248
0.5564501526479388
0.5478527837122255
0.5054129178495718
0.44798582411555843
0.3609580045426364
0.26158912431261444
0.15290504807161923
0.0772696608932088
0.04372630580374752
0.04799857857498062
0.046705879970258955
0.04203260320367061
0.03964779138063734
0.04601605094349339
0.04650341647098506
0.04927827737515216
0.05397131969799374
0.05186212709506212
0.02961141983189499
0.05232646344547142
0.07557842746088742
0.2070302137198339
0.36513581608264556
0.5183114512107745
0.5620495500519543
0.6176905432146748
0.6689721871734606
0.7111697860326577
0.7418134710663422
0.7648319937662459
0.7823224244788304
0.8045695470899563
0.8273359332782695
0.8442577658467855
0.8513943295498871
0.8546399554793151
0.8538873784070218
0.8547783681069283
0.8536319726163464
0.8405922093359953
0.8222174396015879
0.8162051362522832
0.8220750604729253
0.8291095993247966
0.8220358535242709
0.7950050896902515
0.7296399702994748
0.6211497564093984
0.478795697804944
0.3195241349661019
0.20565836010501928
0.17159916277399254
0.20221688834040172
0.20678948310526
0.13908695803844617
0.07422051866862718
0.044956901928114044
0.04990380704380608
0.04138189950311523
0.03841418512202401
0.0348608430148555
0.027714502540166257
0.05219195284949059
0.09405034707114802
0.1894029444726719
0.2998472758485479
0.4108730306047455
0.47808150022151086
0.5271805557102628
0.5811202026297029
0.6402478856380276
0.7061105362287093
0.7599804457702799
0.8049260281242222
0.8275303718661321
0.8430211759188716
0.8565190389942543
0.8701593203933746
0.8736304165066828
0.8732939190333994
0.8779801032995168
0.8856828523298983
0.8918950414576511
0.8876388748193026
0.8698352755461126
0.8289184436282871
0.7562069913042421
0.6509683844810957
0.5539326746228256
0.5266579007186528
0.563107526187227
0.5880122083837455
0.5365505852519629
0.427728262630293
0.2801165099829106
0.13920257480010725
0.0596092261082709
0.05325190704885359
0.054909627036848915
0.0394590598926466
0.027796859643149995
0.052423366649088546
0.06645273836921052
0.06854336872516269
0.050811423071158664
0.05260255009678976
0.05213397436352342
0.07020302660554605
0.10212915526252812
0.12702531559577776
0.144043234948328
0.1507474298064114
0.16823104219335172
0.2130139052525823
0.2887179657233699
0.3707916686909653
0.42766363580332023
0.4783990449152016
0.5300387235258343
0.5900765656519161
0.6405869910117141
0.6753363487637297
0.6945141979231327
0.7130742072720596
0.7413877129475327
0.7679062812218506
0.7859868274290384
0.7996740359058341
0.8140042842064155
0.8237407460996253
0.831042255960832
0.8365518452335831
0.8364708040730845
0.8336054530406193
0.8356606328192681
0.8395125870007631
0.8317120510920808
0.8203250597430293
0.810237251318065
0.789223943187946
0.7503333146320206
0.7082277534637543
0.6712961157984891
0.647651519322447
0.6412466497967312
0.6357786621624105
0.6050920001243827
0.5341216857088512
0.42963952979458503
0.31181492234063407
0.22392098240658498
0.18966552185408822
0.19696216153504104
0.19395417131126846
0.1555239795520901
0.09482270335717066
0.05380616011492147
0.04339595356834462
0.046143360048769295
0.046873053578299746
0.04896535198914709
0.045691773994887865
0.044013431913398716
0.043416252743982205
0.050605927132440554
0.05310793139508006
0.050548012981284494
0.045901532452265824
0.04211016924386056
0.06841265567477282
0.10415640774154969
0.14519725534604366
0.16748348375817576
0.2125300653376952
0.2820318744593728
0.37453439604784244
0.46419700524314744
0.5510074006636565
0.6295941327876093
0.6991696526016359
0.7545668942987914
0.8054020896305247
0.8391224564756079
0.8637958887812651
0.8753267023888379
0.8913723001588235
0.9026589843222338
0.9125643455327482
0.9178152978412726
0.923421113185397
0.9264411024638259
0.9235902110122454
0.9146142348247435
0.9108767444913356
0.912714896730882
0.9156802076302896
0.9058513022343049
0.8839855843267234
0.8292244848971647
0.7358004992226139
0.631200443671353
0.5565019846239712
0.5261941521982331
0.5221375242273518
0.5098319126432292
0.4695844051285334
0.38077829630076737
0.24896698977924495
0.12176899071940023
0.05972289819524175
0.0496671361566832
0.05588978148223512
0.06272829669951341
0.0647797825136089
0.057798854005454293
0.058415105608335814
0.06048899122418656
0.06093109029359907
0.05273603277078723
0.05710994797610906
0.059825924698123624
0.05192068552158733
0.05788900112693582
0.11421636468968277
0.20911012896424935
0.2450111551731711
0.34028289065570944
0.4614283871184446
0.5807761887189002
0.6193507886483115
0.6781431284926672
0.7228330613483631
0.7495949624022074
0.7725594774922312
0.7961977017509937
0.8247369302947047
0.8493041141470296
0.8654390049210141
0.8784225337657364
0.8936538731687684
0.8992639081990819
0.8966485997966117
0.9013393272285806
0.9160600627849497
0.9293241433626643
0.932607664260327
0.9358491260993225
0.9326630936095642
0.9066968459444522
0.8419636731689255
0.7389791968129461
0.6098987617372317
0.43111985136755643
0.2288552300259276
0.07922475993100837
0.05064921365159822
0.08143679453991086
0.09578711184949523
0.07239608242981467
0.049557606260776606
0.0341596963983842
0.03419241298250671
0.041216842272578456
0.044728990945585544
0.033279842131221524
0.03565277228636031
0.04544515685651313
0.04393907294020632
0.03416524612544736
0.03169871955421704
0.031527705880127294
0.03204680651336854
0.03644971360173326
0.04388214853634991
0.06338646802938623
0.12295899974028264
0.22732949859143795
0.34353071612292424
0.4443653838244962
0.5253418542242014
0.6012117548246868
0.6674526696566366
0.7323786668606733
0.7751222207700741
0.802787115613628
0.8251154334428356
0.8552714191925639
0.8772506240847701
0.8972351488818884
0.9133924615353706
0.928843034554604
0.9403632527262734
0.9483794359693354
0.9529797836833479
0.950511404607946
0.9546201611508334
0.9556036317180326
0.9516967541183216
0.9425671606361303
0.9193619985959932
0.8616588679875077
0.7528712554035287
0.6113378861386322
0.4395137584704164
0.28157763267166086
0.19330423674948655
0.1801386051867404
0.17336517645039956
0.11168732937930957
0.05359707232101343
0.03227066705488603
0.03564688013089112
0.022004422680292818
0.0238819815540147
0.03789703076074415
0.0458624663463527
0.038363827184031904
0.04603307721966378
0.05946077890767961
0.06290416959774217
0.08531911897010265
0.18568854600752405
0.305978447511441
0.3725714731841146
0.3962063194530938
0.4493781058343279
0.5158352042096085
0.5788535791338372
0.6341851308894594
0.6913665306544378
0.7418855163185982
0.7800995846853481
0.8021487007197142
0.8177496084197038
0.835843647947539
0.8601311006144977
0.8727532015537437
0.8815722866670753
0.888220290220513
0.9000889157153042
0.905855118813762
0.9192776154426887
0.9296689335470191
0.9313900003753903
0.9301520924677383
0.932230143834761
0.9114353433614122
0.8558785623059895
0.7555912011790095
0.6327811624092434
0.5240619558021381
0.4606914120136503
0.4116802515108499
0.33342792213999334
0.2257308769659993
0.11577858355238682
0.053466476465104204
0.03635282131379361
0.04636559377986062
0.045460670838359085
0.047581799929131405
0.037175421713926494
0.03322908221133332
0.043396181096247356
0.05375773080198487
0.04995527984851612
0.04039986179238926
0.04452936649813138
0.045976640230271086
0.042310934469098255
0.049450639514154716
0.060523686514120496
0.07801962865156438
0.11334838528444621
0.1928596124588356
0.2898353256596964
0.38563175432759966
0.468777542424225
0.5451645556303957
0.6148935614293012
0.6800015066111564
0.7308642066153496
0.7723714209133168
0.8019243604629442
0.8247814445435971
0.843225535690052
0.8680064855151735
0.8840744074914082
0.888101133242729
0.8864092642561372
0.8882372489885217
0.884421499209013
0.8561669289215459
0.8068428616841516
0.7587093344532062
0.7450777810839102
0.7604404126040013
0.7698505358719937
0.7592346345030242
0.7064247438552856
0.5988944668755908
0.4459000159768672
0.26873136239392925
0.11697354269286037
0.04266339846797256
0.040412131617840394
0.04807922924371813
0.04967716697723028
0.04903487292455571
0.04276406301271282
0.026669606301688544
0.016556854114664985
0.020418015732410963
0.047645871915458965
0.04668524009214201
0.04180377408433471
0.04481715297403429
0.060334323646831556
0.053190154049603124
0.04265669209782537
0.04129478684496674
0.04478506526995457
0.07232578479272954
0.1842960846558382
0.3286159466276781
0.44869081052790744
0.5170719476832306
0.5943468501568044
0.653718574915115
0.6924904332048357
0.7214771928937792
0.7506666833564883
0.7813727454645303
0.8038500235676102
0.8229412921444085
0.8427846529721158
0.8607594981144966
0.8725188607584011
0.8833817382448373
0.8938714755097145
0.893623074582264
0.8797728778957379
0.8478387177548165
0.813293795049857
0.7785036395930208
0.7528122205629304
0.7359877250645587
0.729952228912608
0.7122606998155259
0.6591631256696681
0.5635387941654966
0.40786001741704025
0.22203171114914086
0.08143280200794932
0.031078941870292108
0.03867168760929164
0.05150865881455754
0.05432303174231399
0.043838433522661854
0.033852490303482884
0.03660841087179966
0.03336367918190891
0.026518046176032505
0.050938466107940235
0.10590770838161039
0.17915550848136771
0.2511592486509325
0.31704269960276843
0.36337531184836525
0.4146080434292469
0.4693097888454513
0.5216551529868797
0.575840116068826
0.6334014634396505
0.6710675094238318
0.6999755766083902
0.7221318353770284
0.7435722125289711
0.760107578675809
0.7800230479220164
0.7942343603199373
0.8047087354518163
0.8101418024745521
0.8114077919917516
0.8040892587631865
0.7929055067030802
0.7842836267121143
0.7814510064620531
0.7783204281949941
0.7637787542758082
0.7215945843213879
0.631175178971364
0.504291709064356
0.3519111790594747
0.19948191199137627
0.1072056591494962
0.10593121795692119
0.13353205323305004
0.10061475307893752
0.05968616200427001
0.04151995762196893
0.05510646516965261
0.06185262140441047
0.05026319930277298
0.044333597185941105
0.0404785925278495
0.04946817844643509
0.03511553357056823
0.033684283879109905
0.013781701244508582
0.026705928368824957
0.037881270052328365
0.04976884503865965
0.05940584120101633
0.12665062775937544
0.23517976132768595
0.35402090524842705
0.4590558986190739
0.5347622121047941
0.5911865043398582
0.6372512583061107
0.6733569380217386
0.7089605718116443
0.7460824197001614
0.783664101594408
0.8085727054911337
0.8262786897085274
0.8499951447129678
0.8684668456443605
0.8822145301127227
0.8902754469651241
0.9007139772276166
0.9025628143006897
0.9055545911534552
0.9107991404833189
0.9178609016745158
0.914486732894595
0.9025612834931327
0.8784582656469172
0.8374171500559364
0.747816273420949
0.6794826512209632
0.6086081720549963
0.5320876150862582
0.4348873929570792
0.36905353960254494
0.28814130014318895
0.17627556335166455
0.07985744908085632
0.03437721028775232
0.03373941331327681
0.03874467087621316
0.030368708414521283
0.011115268159680586
0.019690712598253383
0.033770936473436555
0.04516666485096214
0.033282757829282326
0.03368991355247626
0.02617228621920747
0.01577344072103332
0.026093619363302057
0.030364778895425118
0.06102309528454945
0.1284487595510136
0.24524465995808092
0.34584924565132025
0.42593898786691786
0.4930235551678035
0.5546753880411407
0.6148496274685097
0.6698574959018593
0.7209394398393444
0.7703070318504512
0.8177882067148387
0.8586024763038593
0.8912210501747153
0.9139686828180414
0.9257121032738722
0.9311829964882891
0.9340849426794249
0.9344753459015784
0.9351861358308918
0.9362976309726122
0.9383577372591857
0.9420061785011951
0.947310864751224
0.9459865350973833
0.9300260267636511
0.8919630726948596
0.818650993024398
0.700441768336158
0.5527282144208722
0.41180016429198235
0.31781833880381705
0.30067586268783375
0.3155028978246223
0.3085501389321043
0.23116785049604555
0.132929567851939
0.06250743809336527
0.04846099310517907
0.05886569368431903
0.048285956289232046
0.035411019086056934
0.039884973456348165
0.05377334971256789
0.04683473834936341
0.05239708650775374
0.08673503080280892
0.1471736223261509
0.223883887296833
0.2987980700828588
0.3524373376594822
0.38693064217111767
0.4296575763236431
0.47722916031235557
0.5424925236961714
0.6104304380313212
0.6757026925934781
0.7316816720278242
0.7821321086798086
0.8188874897097077
0.8492070750760624
0.874098583334021
0.8923449398925895
0.8995877613335854
0.9111282075602606
0.9224096099686653
0.9329401782233081
0.9381756311648256
0.9458130428007453
0.949916259672919
0.9310436576223656
0.8683512419941496
0.7690750617488914
0.6453934497470809
0.5352370411606936
0.47280781179027126
0.46764452399857903
0.4717862033081484
0.44767147923757805
0.36636336678423176
0.2295366915763439
0.10303562272634073
0.04579153814538796
0.048965418759069186
0.046449297855145025
0.056887431272876314
0.05667864972657111
0.04632784439806826
0.015538753142706366
0.05921703116469244
0.06837037045350733
0.11118353454912813
0.16360928367030883
0.2583048696143547
0.30518053371591713
0.35983526652149256
0.407671253899859
0.44781565989071476
0.5412242553275929
0.618079475506516
0.6714260487706929
0.6843281311359077
0.7155795446809009
0.7316371568741821
0.7556257850688207
0.7767729988392799
0.7994364363466253
0.8161239747056647
0.8310817120770254
0.839930295496856
0.8529032043410059
0.8566180987933623
0.852093214870971
0.8345781437338247
0.807528695069032
0.765631687094418
0.6981932772314797
0.603636074791019
0.4668717426370002
0.2996631617464809
0.1473120883351081
0.06786968646049574
0.04483188658996024
0.041768706062861
0.036889295962354914
0.038350917717043305
0.037967186109458505
0.04467241017898541
0.046622264978226434
0.04512203448926666
0.0355343345152888
0.05422081155488417
0.06222744098357382
0.09175674400977367
0.15113905179418127
0.2623590397378927
0.34373332783235
0.3893397549033194
0.42193588792353653
0.4809592383347034
0.5390972674518344
0.595221287710974
0.6388305656106595
0.6821936316106345
0.7066187052601595
0.7337423855557001
0.7596715340217607
0.7803709620460461
0.7989915583613904
0.8122218199991044
0.8242171195004994
0.8239558530325913
0.8118127561372382
0.7866653888996642
0.7455283837637208
0.6854081090426932
0.5952822184892494
0.4860309320413097
0.3681184929650754
0.25660863098935105
0.16139926037641306
0.08527409260475641
0.04180610098406023
0.02821683477578957
0.03668442782889088
0.036845906344980514
0.03194382928183364
0.022607815607156134
0.05325481346165866
0.11281206115063581
0.21582653416019146
0.3455265880423115
0.47686376614869097
0.5701762047699054
0.6355229283775975
0.6908065200439892
0.7336116076669272
0.7772209596456178
0.8194385778067166
0.8524111095113212
0.8825942505697454
0.9099421670201518
0.9307483528238976
0.9430945606196267
0.9540662298964414
0.9652528560568128
0.9768916927533527
0.987073469774843
0.9930923695493412
0.9975024831906515
1.0
0.9999663740236686
0.999908261219854
0.9942423613412086
0.9838004145353715
0.9442770656786676
0.8673132214770722
0.7523878046252377
0.6405493499230012
0.5705500952399547
0.5658409521703947
0.5872019937828452
0.5914444504626711
0.5538838606208037
0.48548313956720307
0.3740017339441517
0.226992077646474
0.0950374334454141
0.039554196497009114
0.04352110619948926
0.06153651609672172
0.05790882045952586
0.04529159899675629
0.022235356984834028
0.02322955000282968
0.022638629443337246
0.04886506926849245
0.04899643313574073
0.045078361825122
0.027151747667299764
0.02996891591006348
0.0401465853678749
0.10740510819859467
0.14570814070207527
0.31689758553861536
0.5147944222648637
0.6869168518829791
0.6916718395609044
0.7244873895306287
0.7561112099856385
0.7938939317394732
0.8248795630020763
0.8439846579464642
0.8553575770232802
0.8614122026217294
0.8601121655913877
0.8571437867582831
0.8594720493307814
0.8634420538883987
0.8675380039990838
0.8687419964466754
0.8663037016198465
0.8368412623981315
0.7752374540987258
0.672081723619829
0.559400501542833
0.4501840931447013
0.3572881996539861
0.2667507753461345
0.19125835937959146
0.11723741279257716
0.061343272976638205
0.03645265157899656
0.03509466292356849
0.03949742651187979
0.0363910033437097
0.023452457932464716
0.020341150258901677
0.006981446979474889
0.07776391163102699
0.131604820045068
0.18112732982389965
0.18233587365985057
0.2534880414044808
0.3269870996768894
0.39300406432830465
0.4440285814348884
0.4852162001478638
0.5314144730350528
0.5665819631728432
0.594729321262606
0.6245768165528761
0.6610827054669455
0.6942760499888394
0.722517251996673
0.7521997146289854
0.780143573565368
0.7986048943286926
0.8103006704104677
0.8210792548214706
0.8338922739779534
0.8455786073052226
0.8499054445094836
0.8482635083687108
0.8497565763589587
0.848642359334834
0.8344030880465171
0.7955433388960097
0.7207446659273806
0.6060352102690496
0.46303224992411196
0.32031687542189885
0.20337072972190098
0.11845557582731213
0.05927677460272977
0.028360310339138453
0.026999248670756468
0.036357904898711546
0.037660792101527014
0.03278666601621109
0.031310531177550206
0.03608566303781708
0.033831749995968254
0.024516242752616307
0.02144601354386491
0.021740702696116054
0.015765207910649774
0.013091984881063591
0.019629106149468355
0.04440351869073895
0.06486607724100904
0.1283826328276615
0.15179997627766278
0.3533387306686465
0.5786575084592713
0.7595973139437234
0.7504929686862866
0.7814159151140653
0.81225605961978
0.8418286326708089
0.8596269637708793
0.8726023169719629
0.8901186387668792
0.9040484969010265
0.908516803588475
0.9116814985073499
0.913589942317792
0.9182310700824602
0.910237532612129
0.8866704206737207
0.837908013654294
0.7643284973405942
0.6489500357293105
0.49610957207386835
0.3359398661798156
0.2239587797116233
0.18481041749940877
0.1571610615350939
0.09467719304780982
0.03891262783715481
0.03988203030138823
0.04030963860177461
0.038015270636985045
0.03506228953874104
0.032741749641525354
0.012955146738540242
0.01687554667385718
0.08411143054358475
0.14927008721207302
0.1507519867674643
0.1534196777647308
0.1637687773494961
0.16704511537820332
0.169487143317686
0.2436359186660817
0.31870178285826795
0.36020953794781985
0.39851708608212644
0.4402441758348003
0.4907696566360252
0.5441708497293161
0.6000224536165084
0.6487803644074702
0.6806050316367623
0.7056539346107253
0.72603840810611
0.7500531823132878
0.7770742211047924
0.8062141745074538
0.8240806485670491
0.841752020102713
0.8555136938364419
0.8644601431436235
0.8665565824543576
0.8742745463588107
0.8775557105811472
0.8802686380328798
0.8775791929290876
0.8693179233535139
0.8392151600596294
0.7740021688374679
0.6619188127845811
0.5221558469242535
0.35856682025764697
0.18182450144111162
0.05933147208830296
0.02522972830502957
0.037362030490034295
0.038148721693448656
0.03543996122796235
0.016834580624727015
0.06003176408564371
0.1342725178811878
0.2363990961610485
0.30640591365298914
0.39040384581617993
0.4477994014594545
0.4986589378395916
0.5482130445295318
0.6025758208524002
0.6585387407799518
0.7041266653007505
0.7380596090126118
0.7694743734984648
0.7992879040419731
0.836837183639685
0.8605399417319982
0.8720524164076161
0.8789993532170454
0.8950683768088754
0.9010233296861736
0.8993414542203971
0.9081583770690969
0.9175898028612253
0.91814769100657
0.8942592988882203
0.8474235746015724
0.7579256675346088
0.6157269720279352
0.43441836494646147
0.2345898217259732
0.0894371733077652
0.032052231981302366
0.0394270913835119
0.0467072483920235
0.050579778486397706
0.048365167875953824
0.046265560137708245
0.04649238491567292
0.04184655806542529
0.03814923018707833
0.023189398761616332
0.021417115304090836
0.019227163338002732
0.02232830923846197
0.00992948828211552
0.0
0.03445441496829746
0.09039028072052073
0.1646582251386255
0.18905901847212433
0.24859896387773403
0.31253384264566986
0.38814021691088396
0.4269146673763818
0.4828248729223074
0.5461808678015111
0.6104828594574042
0.663697528521528
0.6990735138850348
0.7320329648910388
0.75806051553583
0.7787414720252311
0.7868218892338965
0.8007176320326471
0.8145906004947555
0.830303361909111
0.83854455601147
0.8400942501143949
0.8322987844657457
0.8155390864178053
0.7651718617449839
0.6687189520731353
0.5216558414226663
0.34634677879573716
0.1720734720160532
0.06649958338086204
0.04129529866413482
0.049383607737129534
0.048258844315233695
0.04236162092890502
0.04372834488035484
0.04269478083387906
0.031143264467286498
0.016586673926301358
0.022568913971113106
0.03781578441686936
0.04458990192056777
0.03500917489086433
0.04123443115395262
0.04648225786666222
0.03942715179627999
0.03770257399894225
0.026500430806855626
0.07132990745415003
0.19512802125495596
0.3505315351499622
0.4926185295163657
0.5887066518702695
0.6557401067954414
0.6749006681499083
0.7134631555167106
0.7445025647841258
0.7758651850120591
0.8143249491642395
0.8440302492316666
0.8624669406867018
0.8720337390769379
0.8774049255219802
0.8733182498180572
0.8585971663035374
0.8384073431631055
0.8074514964460333
0.7546561834345175
0.6739768222346596
0.5747603213827521
0.44788591279915246
0.29422600959509815
0.13649784992860736
0.0426690572226065
0.013851599494433027
0.025215975768190155
0.03161565715742532
0.026764068981501455
0.027966177562944217
0.02210909731611665
0.01744746713356253
0.045732697593962805
0.11017896429464816
0.1912062767392744
0.25541850741322625
0.31563783467248197
0.3383751625660985
0.3667719440884783
0.412505274843331
0.4693528155503375
0.5195514570523432
0.5735922107183361
0.6271338026885633
0.6707878488049118
0.6928425248141873
0.7087530457201171
0.7092090560577929
0.6974448025629723
0.6630973135832241
0.6128525497451066
0.560074964926618
0.5324398439656555
0.5251621539384347
0.49678951158999146
0.4329850917994687
0.3261411203892313
0.18712328322522934
0.07533991161521199
0.03827183244281345
0.046409718530796215
0.05111065590843447
0.05280597645190308
0.052015649670710415
0.05240320787038459
0.05521131026736772
0.06123163382454281
0.05829555202422588
0.0431971625570905
0.03547628684776234
0.03968143598832389
0.05399486226147094
0.07648220438560151
0.13544969943170945
0.22196576292594603
0.30087830004180866
0.3367436893644238
0.3690055714906229
0.40975106347295326
0.45968404980748057
0.4957776742300579
0.5558636835332779
0.6199372385543678
0.6751829256091767
0.7013376421970856
0.7187246090402577
0.7223708791711997
0.714079140788212
0.6821493824430517
0.648349191687689
0.6210343727846489
0.6065752717373283
0.5672466396580104
0.48827329191157026
0.35729698619014555
0.19622134247863265
0.07574768888717208
0.03579532354281403
0.04450873310080582
0.04530881529768781
0.04765576892995316
0.05380281418711525
0.061389762516342775
0.08079232885891031
0.11593631655282031
0.15209262670374468
0.2024877909059563
0.2672834611766694
0.34128444458123947
0.4061474796412516
0.46471403679772166
0.5114829299265632
0.5551160921935411
0.5992784628085651
0.6468115641646431
0.6925662416876782
0.7313451947778559
0.7526443556453086
0.7704929319241991
0.7800339014796415
0.7920827847579398
0.7951877505221373
0.8000761384199918
0.7904664365337783
0.7816148542171777
0.7711396085139696
0.756760038353932
0.7219114670036116
0.6504309327555422
0.5443690199604998
0.3916205465137495
0.22409250775401351
0.09304845453251934
0.04104392129570807
0.033318796835424415
0.030777418554576084
0.03222393658753876
0.03696234405942815
0.03661508594593803
0.028370001885152533
0.026944523888246807
0.019094413938484288
0.007840369399122025
0.017900536338554936
0.08450582609873111
0.16701427216258452
0.24458412772129431
0.2982805933213669
0.30070664274652936
0.29408987036518514
0.32993559672758
0.4115580367400311
0.4680048314330097
0.5137533725481638
0.5597812416010087
0.617622412020604
0.6701984550034037
0.6996249629526267
0.706973901314686
0.7126072593118441
0.716186746659186
0.7190999085058439
0.7168723153891894
0.7092429697772211
0.6850680913599275
0.6465904643768133
0.5830306371836445
0.4977086611968274
0.3682388694907141
0.20605132263047088
0.08247475418374166
0.037205706121597584
0.03917303002091929
0.0367131037006911
0.03961124625189131
0.041072288853575584
0.04201749819994383
0.041014880652064496
0.041929903336219286
0.03955453973638402
0.031009927943482354
0.01791380022074104
0.049787075034262177
0.10299239231332052
0.1693924855998364
0.2097778544856387
0.2610894624158934
0.3043258334648125
0.3660440847775658
0.42689019943810574
0.48728981001969185
0.5420353457656543
0.5983980004163623
0.6512931595276303
0.6961752521006697
0.733412507389075
0.7599571888943917
0.779862111235411
0.7959821756186133
0.8129900483854579
0.8311346357544797
0.850105020297916
0.8673111540051214
0.8674016960747024
0.8617241123546512
0.8518863908108119
0.8368175278852492
0.7827448585550744
0.6780331133054182
0.5381186877738398
0.36407789936850493
0.18458307938861923
0.06403891340404864
0.031619603148306814
0.03597882711703519
0.033227786451445945
0.03656151085101693
0.04116638913524229
0.05063997882552494
0.0498911368916421
0.04171255608397278
0.036037870159076626
0.05172733409666943
0.05946647061229433
0.13200200751820867
0.22112029633465588
0.31218647245961656
0.34401126116482644
0.39436122370289606
0.4410474459942248
0.5013801066252549
0.5641783824478799
0.6115186091077736
0.6517298523436305
0.6852317011126203
0.7280395049440963
