0.47655819084390716
0.3184275184275201
0.11975051975052015
0.013513513513513542
0.1544401544401554
0.0
0.3671596124426325
0.47655819084390766
0.3423423423423435
0.27311522048364384
0.27311522048364384
0.419713831478537
0.4475675675675717
0.5382403680276049
0.44756756756756855
0.3671596124426338
0.34234234234234084
0.3671596124426338
0.47655819084390766
0.6788183532369648
0.8482328482328463
0.5382403680276083
0.3671596124426338
0.6788183532369566
0.4475675675675717
0.4475675675675717
0.5710928319623946
0.64127764127765
0.6788183532369566
0.7593935398813477
0.8027027027027127
1.0
0.8027027027027033
0.6788183532369648
