-0.3666482426560656
-0.3052481086952117
-0.42713356813521225
-0.4400271795761118
-0.2701839724402287
-0.044341608790275606
-0.016872052589614897
-0.020432181552337995
-0.025096820681783247
-0.005165761643613051
0.02804748960370393
0.018993378231153935
-0.020471708599643958
-0.016816177119276535
0.012665723698535688
0.0002348600137869213
-0.011350609173890056
-0.010900062316302084
-0.006803461071531678
0.0020263609074486597
0.000866449697863113
0.008312858607100829
-0.014307395602827974
0.005646126067925498
0.007235018580886634
0.05220634785847014
0.05381978647787914
0.1196053257459334
0.2113965627913794
0.33581086560884743
0.39736572697334815
0.33533950785869837
0.25735368948696824
0.20676499288936911
0.18602642950580361
0.13481684382266465
0.10455954034473434
0.09202367953530442
0.08235920762708449
0.09078202561885605
0.0582135675882288
-0.0047873091341764885
-0.05158059587639304
-0.045834085712439146
-0.04474249692903603
-0.05506781190684372
-0.04409245775540251
-0.050262310824656264
-0.10711864489068806
-0.23270824485893998
-0.46463819490477704
-0.74967224278885
-0.6392873320791992
-0.2845917744345276
0.03504500398092434
0.02538969008747521
0.016382747088235953
-0.023397208445997415
-0.0024055848792005926
0.017676390130816476
0.0038414055486908814
-0.0021387062279825965
-0.0017349132123228338
0.0021678122204917835
-0.0007755854272723305
0.014174992265818065
0.02991298784454345
0.00791026897463973
0.025631328479108345
0.05384370082921357
0.09586410022656555
0.12430412884562547
0.2257035976199446
0.4073509880631382
0.4921995241782532
0.3684830193529339
0.16611818914324558
0.09356907342696327
0.10311895179551922
0.10570308651037215
0.08450485220163338
0.05897419660988684
0.029541064977715796
0.0353469028597818
0.054337547818994324
0.06252836516249789
0.03661327225545023
0.01200689010321747
0.00991008110652014
0.023512141816076585
0.023741330121573607
0.006133855983633247
-0.1006422905344147
-0.37303994065161433
-0.6352523808337452
-0.7538855864981533
-0.5226271700800005
-0.24015305947978707
-0.045709645199145686
-0.05751676540196841
-0.037594214108771035
0.014226675459173761
0.02927934235124702
0.012030298274879298
-0.029259625940256665
-0.013365125035514227
0.004093884183040871
0.017161041315303126
-0.0012132651786418184
-0.012538887721179663
0.0010338563089002213
0.040222559763465913
0.06443615240095825
0.14226335802638618
0.2899105097374906
0.40057763423546155
0.37343760255698216
0.33105793515967274
0.27679830728615196
0.20369107069595824
0.12448044553626432
0.08666735471557101
0.041337852798580876
0.010781381315931765
0.02041072231787727
0.04247620492409013
0.03260687612416549
0.022889550894353974
0.03174347070556373
0.04733342739508157
0.03327861428559209
0.01391128006608899
0.02284806945227559
0.030454918794377728
0.018260904667158406
-0.12254238659693771
-0.30337437679353185
-0.3771896699739153
-0.22117210048069097
-0.14098581157778323
-0.337429422659609
-0.6740521162227311
-0.5474585315087016
-0.1390761563113837
0.10468012086678224
0.035377920529077164
0.01582516169574824
0.012874821675430104
-0.0046724776964047685
-0.0014414002723987195
0.010159905576151948
-0.020790017638668886
-0.018508642244135527
-0.01704807657687322
-0.0032598019098116844
0.00645756024718089
0.10846429814296676
0.17535731694319082
0.28133146312559393
0.4159677752022787
0.5029519086590543
0.3501681869490096
0.18123983546003805
0.12739713703064331
0.13574842475994284
0.11129256486369428
0.026668543631360078
-0.06033049766480321
-0.08037026498481782
-0.034540153580435703
0.05079830781521068
0.03864683436374867
0.02239364332938793
-0.06655143325525315
-0.03128744405949687
-0.055370390687206665
-0.023451020935181272
0.005369757615580723
0.049832506808073135
-0.0021942843229357406
-0.005601610145102087
0.005755285032148895
-0.028186907518482344
-0.2440403805371272
-0.437136961575466
-0.3832931807115683
-0.1753410297649528
-0.02167321213314643
-0.01171518920745077
-0.21556989805419768
-0.36808582092012976
-0.2934169393167799
-0.027228908760036506
0.04273580553951064
0.019153465252316898
-0.02439487541875772
-0.005615664840972241
0.0216703947886874
-0.002521463512800682
-0.01897949511257958
-0.02659420281662193
-0.02034450708856132
0.023471364753136405
0.12419654307323136
0.1983285139229147
0.2836082188701795
0.38458926129247095
0.4674481777519189
0.3790626739912797
0.17790963005015747
0.04860747939403203
0.05884231037270094
0.08343462756716094
0.011008773858415397
-0.00290969646215095
0.013380183582818818
0.03382650955092409
0.012308878865077963
0.00920691528941868
-0.0012279617710661197
0.004426425301973675
-0.0034731876500754266
-0.012016909456307585
-0.051329764775279854
-0.03889914648922008
-0.04020842594884888
-0.010334448985658929
-0.03803801810851615
-0.10171644499236199
-0.34924827892441473
-0.7332450408341554
-0.6940942372102891
-0.2736629259852227
0.08475796860811251
0.039544149089545365
0.0027799386092042582
-0.014385024852250032
-0.019830220360101628
-0.022148882693478027
-0.0068246278370850885
0.006339519837152121
0.009473674586677035
-0.002515670857376285
0.01184060584834428
-0.003908115724562964
0.004496716029501269
0.050399287235209464
0.2328420107521259
0.3885091013995585
0.5031747805267285
0.44765428188780565
0.3312844192960246
0.1909962665202726
0.10905116482153412
0.05452127182547517
0.062117161684172625
0.07759878913839603
0.06755365053818911
0.03631715967701339
0.033933297942746535
0.011591252811339584
0.018075410159785237
-0.01405930723184923
-0.036058281623206775
-0.05178089839466034
-0.019733161663393
-0.01175587321608683
0.011723632293015637
-0.03409333030863206
-0.40510712108331587
-1.0
-0.7901489387961508
-0.17388366013247586
0.16027793207056878
-0.024084830321054733
0.02106080582273839
0.07097676211840952
0.042987431614622144
-0.016359367840357002
0.001205067024625459
0.01837509911079198
0.04255774463960183
-0.005298146032422857
0.0049525629760340684
-0.01125154511178448
-0.0027367377796116833
-0.019051738544829368
0.025669911704027208
-0.026841915414012648
-0.039388108789045966
-0.06685399225099402
-0.02266320514108084
-0.06032170801615239
0.005192973280648054
0.230940284832207
0.5408452110988418
0.5936523234800541
0.33016269964658634
0.11106854928337735
0.09405211151214396
0.10767471007183874
0.04214159614998486
-0.00839468975541697
-0.0024422235884046482
0.008867875284448355
0.050124774164752514
0.06582764143101653
0.041146330807462404
-0.026799088608712034
-0.1139087048604368
-0.4000272098792888
-0.8557514238551288
-0.7573905308216907
-0.2979287324525105
0.06763144916560665
-0.004156912343441873
-0.0055317507475799175
-0.007766382884251352
0.002471380647684675
-0.00806901729730607
-0.02262116162004316
-0.009989840494553492
0.003732554455744473
0.0065058044746378555
-0.00586052601658672
0.005524737652699265
-0.002236407565451917
-0.007115981098956324
-0.009772492483796158
0.003188860099063037
0.017623447936420917
0.023191822720836443
0.025528836632323332
0.13251760048595745
0.39941878888270704
0.6323145380885142
0.5482698655334642
0.2645616201771158
0.09260050586579568
0.07313907444790771
0.08548516438446226
0.07130271439033399
0.08235536164946732
0.03754815145698357
0.0009976112083457016
-0.03516847378151248
-0.06190039635337273
-0.048842249514659056
-0.015214594620826685
-0.00023146669834660038
-0.05876355011926646
-0.18543810163877553
-0.501138841244796
-0.7763416154607214
-0.6016524247920112
-0.19243222259369505
0.06802075302650179
0.03908189398890098
0.013493140890407783
0.003822944561598213
0.004478175024213111
0.00967216795273724
-0.02703058417745559
0.010843128389719308
0.01122851633849923
-8.688979974163972e-05
-0.029883707284613665
0.013434081257676847
-0.0026702273428372654
-0.0018068222398039038
-0.02970043244675519
0.017762911600943544
0.01532215210614659
0.05287950730730266
0.1576142974054789
0.3675377285241409
0.5054854001890622
0.43858483887584093
0.28645203532255464
0.15079059833148284
0.1320189119090711
0.12569395381006215
0.10444494562412937
0.04111159952945786
0.01523345188117764
-0.029727816733020985
-0.05592501985793718
-0.04738544738089628
-0.0074206023389702695
0.0035400525234990953
0.008859730986660229
-0.025979255566350803
-0.3119382293872824
-0.8834315052500634
-0.9100113815464778
-0.3842908502454526
0.11369400471195389
0.08873540868777763
0.026033822799481424
0.013261340879186857
-0.004284834696513608
0.0014942243171080125
-0.01395164654930097
-0.03605809882573738
-0.02131561290394295
-0.023963839595032264
0.0212006576251417
-0.016132891636550524
-0.01400460246526776
-0.01154881611947082
0.08403850368015317
0.19510148284467335
0.3995915982726597
0.5653279273753248
0.49183438124467377
0.25686509492473086
0.12219278743151889
0.12926016598405868
0.12308607789540747
0.1008843855121619
0.07735780917267371
0.04245070430166531
-0.0014452590855242096
0.0021285851802953205
0.028206968546885564
0.024756099452917114
0.03189252047491738
0.02956331253098975
0.010885786102841107
-0.054163318134966235
-0.3070271209935906
-0.9700212203925632
-0.994995602106403
-0.4842958836586014
0.08555768801116803
-0.0014440449865850363
0.012020031977855403
0.00044010169215224956
0.01657066190625921
0.004099619998957743
0.008290603211603898
-0.01920466690810381
-0.014006663234190338
0.008148235778467712
0.02122725952662519
0.001453924008516629
-0.01739872344495242
0.01164894962966429
0.012532581209882805
0.022642716734454497
0.03347677385512426
0.221597371409134
0.457642969467883
0.6123247161547254
0.4487305561221461
0.23786750995627326
0.10553468362765607
0.07105109983419164
0.0723856433534207
0.05120860993084727
0.03988753597158713
0.00713155400797216
0.026425382760201867
0.004946386351217656
-0.030145093048983
-0.19495914444769483
-0.5689821823907264
-0.8675598251280656
-0.6153283655768048
-0.16487621524827836
0.05535550516457832
-0.01126920486613525
-0.010101916390110441
-0.006361147482520687
-0.0010866391482985808
-0.0005189577013923814
-0.005761083357902097
-0.003367933291904545
0.0016420118634581544
0.0030795459916109578
0.0001525677289618487
-0.0013456690911761897
0.0062513346678940455
0.0008240925065700631
-0.004951709063646428
-0.003748284679132087
0.019083165361074832
0.02455088078966008
0.007584486436246573
0.08687996837992801
0.2990954797432791
0.49154643072084336
0.518898504715197
0.38255109522414626
0.178523968980328
0.0794626053926009
0.060890004926110686
0.11248054241656391
0.09819105704548843
0.11014474001154431
0.04583296929174519
-0.033460968597247016
-0.2052553033887414
-0.7779506438088823
-0.9526238169390616
-0.6137658056878476
-0.027848055453201813
0.03724781712727458
-0.00038510557637459476
0.005362985275542015
0.01002180111398514
-0.007610944113735289
-0.023474686868191798
0.0029718969220469712
0.010043496237724185
-0.01023145010827914
0.007807340676975219
0.015589601047369273
0.00994352334427944
0.007925371308852952
0.017504603819086802
0.009818752897086634
0.027000722094040093
0.03394248580076453
0.025145396908614226
0.010999328786784338
0.043825294651529435
0.21714837275644555
0.3821285248930598
0.5229405985956985
0.42560481885360557
0.26007479348944434
0.05654013154875023
0.07759932087047999
0.045262657062203934
0.015571692992432069
-0.10266729988624221
-0.090096228129933
-0.08302921592594292
0.015145604495365513
-0.061091531009441674
-0.41441081403413893
-0.7040698993358409
-0.524038256086296
-0.08115279342973826
0.2644052481661512
0.23543619943507324
0.12179766244034759
-0.09332679997255088
0.021371278493169554
-0.025139566401843613
-0.023618418649428003
-0.0226479779881233
-0.03343429392829003
0.02812237033812007
-0.055707486809894805
0.04259807417402263
-0.038237560835137865
0.04896684453849892
0.002047888878073137
-0.10984463027088823
-0.12231749971411322
-0.0010988642968528552
0.24379631845963765
0.2669411777949387
0.2696390785363455
0.22979282585850402
0.17826542272617651
0.13858822078332544
0.13122885836803694
0.10240251522872876
0.05451144177315915
-0.011341934795430848
-0.054912410394587975
-0.1656435184997955
-0.6946676794613084
-0.7534204753113546
-0.3887649528591432
0.09519777783461154
-0.009401474949858055
0.0027641878965554817
0.003257977661686168
0.0037700767411503436
-0.0076833291651051926
-0.002369762093021634
-0.0011068095057680664
0.002670413511943222
-0.004277993484383844
0.0026570949088150827
-0.0018910836762990068
0.015149290249776416
0.0019740689807464674
0.014112384802131986
-0.003988540007357948
-0.009225347753766782
0.01878152669196477
0.06497827648040277
0.22080140328263806
0.3798292859507338
0.45861756906609324
0.33840850420441576
0.21260676592245323
0.12093569412374294
0.03918210287291611
0.03188625791618542
0.009709889702306795
0.0007414434830432949
-0.025611563481441862
0.0016765187192529633
-0.04023857547524383
-0.16919248877941037
-0.5125574140654605
-0.6478881773766453
-0.4055780627974443
-0.04333675249789783
0.004019252071512669
-0.028350775798632183
-0.015495334510219595
0.0049632788809068455
-0.003713996187336181
0.0012104124891394788
-0.0006346596522005187
0.000527581411117063
-0.006795033804249424
-0.014272919455937928
-0.003192470613084623
0.021706391995408376
0.01925400449386607
-0.003744776815791196
0.002175140639960753
0.01496959224142186
0.014764873472014104
0.0016702635714744244
0.010028372545401731
0.029205273820531168
0.021334860655354455
0.09866399589884661
0.29061161828256526
0.44230566483851746
0.3870093964498313
0.20102346864889892
0.08008213827383288
-0.1130856583224812
-0.40267420480083216
-0.5964678264619553
-0.39890750039442
-0.10988115795231436
0.022585473869104124
0.005512618024471441
-0.002314631156528744
-0.019525414634588085
-0.008965581814839826
0.004065539041242503
-0.0059784643899414135
0.009820503748356448
0.008187281523499691
-0.0025059855547989907
-0.01867479500215848
-0.005575622287167694
0.001803311090681476
0.0070506854285617504
0.004213300394092959
-0.0125976278423387
-0.002832730072612717
0.007646445866295129
0.0019114834537827692
-0.0047494635408914364
-0.0069695088643492815
0.0005784359380457046
0.009526190213035097
0.04811691975186002
0.06492102128001602
0.051908149152116646
0.006560801068316673
0.0011671802484340462
-0.01015599533229806
0.027395850028578198
0.07757405834532324
0.15337639726203137
0.15290379698379591
0.17195089445529096
0.13787332946385933
-0.050233192403018115
-0.3264348788857517
-0.34611243841556455
-0.17120471613109478
-0.020392351785035914
-0.013258575039628013
0.009420872527019642
0.013413089754689475
0.010667929794479945
-0.016444766767053344
-0.03416751639449257
-0.02200462294651716
-0.006449542682651467
0.004615601375711006
0.010516779104060488
0.005284119878209517
0.0013703952389169398
0.0054547149308457705
0.006718282401987206
0.005631931271964853
0.020526408810016772
0.07630304189487494
0.1004333601623673
0.08310362338666127
0.1461992524137978
0.2541099181579257
0.323770517669823
0.26145231902126326
0.2098648355106653
0.1593451344300043
0.09877632987455147
-0.0353827509860497
-0.28355389775477974
-0.48390528461309273
-0.47762187428944686
-0.22947969504690446
-0.024076202106754152
0.018212903961903653
-0.017764979809577166
-0.029897106816498497
-0.016012600734531483
-0.011455158155173844
0.00500685013771437
-0.006728599843033946
-0.006836934565313867
-0.024259257755502875
0.0013289162179922827
0.02589705615656105
0.07461579011372284
0.06403663173023542
0.15525656685276445
0.2444137729384739
0.3165205562146922
0.21077185588838157
0.12525364277645493
0.09521949838230935
0.12079229886652007
0.07784554428620635
0.03144634324275375
0.007608575169938377
0.005596964573715694
-0.10935007433014855
-0.3563897589040632
-0.5788275757823338
-0.37778718023236757
-0.061023036735033946
0.07916454965620352
-0.031362968876281816
-0.04288954715464999
-0.019304966151527485
0.002941803753403804
0.0063404367119215795
0.012827787843174355
0.02269829864409641
0.0035828594023134624
0.004147808364811849
-0.007904455101229751
0.0005697069788099621
-0.016800719657944448
-0.012314266131447765
-0.019356585706274836
0.0016217254774473476
0.025756640271772883
0.04053811044219473
0.0515523301266534
0.040614814598540494
0.09403799032365158
0.24118477043049272
0.40586868776053947
0.3941202955004091
0.23668275729231386
0.1297403742399398
0.06297414604498669
-0.12045684222008339
-0.4186073678967195
-0.5935550852151811
-0.4096005602025518
-0.12921868845168136
0.028037497233977023
-0.012481452961547861
-0.016587228346517956
-0.03300356051576359
-0.025198331150592466
-0.021763861206184867
-0.009485722105229662
-0.012460148850872788
0.006472456973819798
0.002168313930663664
0.0030989160017322903
-0.011559324641908059
-0.00025891094969761753
0.025286446232284855
0.03775774784398927
0.0786529463571293
0.12663971297977825
0.25070268167721166
0.3571028043522666
0.3402781827138459
0.16740347876943862
0.045335843200059595
0.03488860713592189
0.031336338081822485
0.010463104209980865
0.0038909810290757344
0.009948561051802834
-0.01593080787008674
-0.009018436909069158
-0.051531845649021774
-0.06529181643728962
-0.14775737702534106
-0.43242586663995497
-0.4717475616290202
-0.22634154257736058
0.044963287269341616
-0.021645909663041158
-0.028231701802440633
-0.001007879011714078
0.021983280670909707
0.01122836362727702
-0.02375063187619834
-0.03759402018433045
-0.01706426332572051
0.006304389883455795
-0.004575193784322157
0.010176808433249628
-0.018857969892064872
0.016196547530118177
0.02421327247050517
0.04151496776089314
-0.0005284717412839334
-0.0023312622817676263
0.017349450430957782
0.06809406696660852
0.09831327895219436
0.10491952589835277
0.16743231796700933
0.2338756538224957
0.22912523843720717
0.14439459680595826
0.07982611882558716
0.053618005143408594
0.032113115434579016
0.017606251160925228
0.0024919496480337424
-0.008966482868873398
-0.010729345250780092
-0.17877060479348555
-0.47203707412726
-0.47894140936276414
-0.21706642356708378
-3.973583431374388e-05
-0.008712930662009927
0.007141206860976503
0.0010717834142824243
0.0002745448047248231
-0.007493832056235595
-0.014025909016381342
-0.0018154573151090265
0.006799145975358046
0.01339019349902035
0.0020773546117575634
0.0021435059301557592
-0.003208558877655095
-0.004389384590431134
0.0010979554529324707
0.004955044851108574
0.001553641644821887
0.032074617471507846
0.14719360285124833
0.31833919245442105
0.3955254089181705
0.29633849057299694
0.13223438157106557
0.0430607460324901
0.06091002405779355
0.036429529197767554
0.03275967489535728
0.031175630270770097
0.0423262173964979
0.008616507337126154
-0.1852071213320814
-0.5733495373674252
-0.6034422790880911
-0.24593784180997585
0.03813643951753841
-0.016274000066311113
-0.04304042188757743
0.022679278347295467
-0.001744573305113717
-0.0012299887301754611
-0.007222735765950165
0.0007018314679596064
-0.018112884589390976
-0.024326767004793172
0.006432689915192977
0.04052013940999191
0.042599003982564485
0.0019662037194707245
-0.03249692911322148
-0.004813390224070531
0.033317516814591296
0.05434591683592122
0.05520759462203492
0.10111390646697162
0.2323942857704138
0.3384960120430279
0.3831293439182251
0.2880291458597134
0.21119598226832106
0.11695007464170376
0.1177598795806132
0.09082760212528079
0.08251644260587317
-0.006621723490582388
-0.11282270731588569
-0.25915072420141566
-0.44163213652122385
-0.6019662613305902
-0.4510857528532977
-0.1894430561238733
-0.008632731915239576
-0.057559806306995205
-0.024165125748027625
0.00040454922208881883
0.005382918006325961
-0.015050316107618308
-0.008532440632025406
0.011603175777614971
0.0026870858628954115
0.00019966379914218408
-0.013707681727801277
0.012747252762980414
0.02316016237147625
0.007664142576686574
-0.002617252116213777
0.018188628587808463
0.08740394371742996
0.22782331183108823
0.32953363214128245
0.2705820980583128
0.18698395841669294
0.18615574263134546
0.168658418767207
0.09875534618594234
0.09282180721113922
0.053836442223234034
0.025759279118604504
-0.03569268603700782
-0.13565230768480352
-0.47043605131603367
-0.6260732103680243
-0.44404027283228914
-0.09795443713980208
0.012242409947787017
0.0003324282962466519
-0.009381580336555577
0.0023136035540110645
-0.0064935888106805815
0.010025470810470687
-0.01061670513772559
-0.00670179401653348
-0.013285750714009045
0.005627389992037362
0.007915927528032711
0.010426691771225923
0.014037523969395675
0.02473853792210655
0.015014828199250293
0.01364956848134445
0.05520360255098513
0.07354954237186878
0.08465782138723876
0.1321263729994324
0.2223150208227367
0.25381821690827283
0.264717378998722
0.23469365517863536
0.18696040868641872
0.11723370966205002
0.0722527720680572
0.0801160482933896
0.07811886579787468
0.05369903731994586
0.022846020211945622
0.03688628669355829
0.024408446475469508
0.0228863908091339
-0.030748646401971953
-0.2424294430663018
-0.796824413593033
-0.7552817199684007
-0.3382370371255997
0.07889395556166
-0.034830098118579816
0.004068621465197922
-0.00901495320912514
0.004252498131702796
0.002879033365298774
0.021864950823964172
-0.0007553075094053228
-0.0026104632187163267
0.00283156212302952
0.027491662751821935
0.03316364256541149
0.02106212117006101
0.008579821016148837
0.03085266533766054
0.020975553958101956
0.0008112527217025474
-0.03559127800506431
-0.020211821787144552
0.08950730434373316
0.22413830668575302
0.36793991043762736
0.3563691308407543
0.27841272323984184
0.1458227658589977
0.08365126816719443
0.04120683153525073
-0.01465803900361109
-0.1332221198372497
-0.3005852133282483
-0.5021920673309531
-0.41394376766266167
-0.17767656693802727
0.042238146410582725
0.023420865639885373
-0.03283693156982125
-0.03799698164323473
-0.024272895733092485
0.00924608166136899
-0.009800288879380722
0.013115649811571045
0.008893849066982693
0.002991127947111277
0.002102063443216211
-0.0023217979113446642
-0.0142044419235691
0.005258301737931114
0.009270033429975759
0.0012293412818675286
0.012670167514409069
0.031805897896107965
0.059808087356227474
0.23296596464490413
0.4726351449595048
0.4374801783372109
0.18217792795662965
-0.01454652198242267
0.03597894979418933
0.04896018219785801
0.02627611160714172
-0.030933061627776374
-0.019190459328007087
-0.007230131521568385
0.017769912642111647
-0.023170235252621896
-0.13568186240775482
-0.3068573979297798
-0.44218603658209615
-0.3686465646637556
-0.1582711942930534
-0.022618111169534386
-0.02734290424774315
-0.027573948754479986
-0.009245142002098933
0.012082812507296552
0.02238595092432652
0.0012808149029955506
-0.01099943805428613
-0.002733400531024035
0.00297496266272115
0.009927912541265165
0.00411750580381474
-0.009608493638537703
-0.0012833689925514829
0.02331786278150797
0.03592349191533332
0.06524509472073173
0.11481088926496333
0.21149011025944742
0.26225950388354025
0.265923168795181
0.17774825428307547
0.13702242939315917
0.08613344829732203
0.04651213056062235
0.01598294743120408
0.0019206891802087565
-0.0011845915745525941
-0.04781424176433449
-0.038300103235473795
-0.07339529551506241
-0.2231181789609652
-0.47418812100060054
-0.39115411056654986
-0.19264607513910015
-0.01127319332688934
-0.03862785219980321
0.029786407939263605
0.0013414079871645179
-0.004710589929003589
-0.022371925477500703
-0.00241317916169331
0.000983457252391106
-0.007454620137965035
0.011518062655756719
0.0032460374751992634
0.017111721674705236
0.0025824364571525676
-0.007580223921084547
0.05711080811897347
0.16306735404820177
0.2752577264632982
0.29877852960461165
0.26328448262317083
0.12744687616235664
0.0667301623772402
0.03471196630557805
0.0028863091409030445
-0.04752082716534809
-0.0216515243609
-0.04900017001603556
-0.1527716758618767
-0.3346726318048252
-0.35996476374008135
-0.21713200410082556
-0.05155621444025753
-0.01473713898245375
-0.03162973763908491
-0.03093434602066395
-0.00870556439782066
0.0031780168289006917
0.002158882799228612
-0.003931423215073765
-0.0010180774375648462
0.0010373313530283178
-0.014335690317011186
-0.0010074120456756745
0.0035671061253126617
0.0076339121300419725
0.026305105174501436
0.05409934194530963
0.07939347191400224
0.1818692169538056
0.33606105074805254
0.3366281134817149
0.1811168375708072
0.0901973635956002
0.0739741546559799
0.06271651893288775
0.0019972154040922125
0.016404615767540084
-0.007809604743926327
-0.08322759805914663
-0.19246716397491648
-0.1591227142444589
-0.13987632258887553
-0.24584830111141984
-0.2673634762878163
-0.13637695560374138
-0.04216367342517029
-0.07207754014503141
-0.035683785672615036
0.0021710262578304583
-0.0006864723585707947
-0.004054899045129567
-0.00029590318198155724
-0.004224006223561898
0.0038140862037701327
0.008146933521505511
0.008111932108022238
0.055575114266066775
0.11450998657173415
0.27307543183784666
0.4039234157515662
0.4516906935991983
0.3144139019110434
0.20156975182277345
0.1149682110292961
0.0787731804836797
0.05434899010342979
0.04387470238966894
0.007919047020763391
-0.07660443466274472
-0.22905641469527635
-0.534585565369807
-0.721747366097089
-0.5101246445418451
-0.1409780259611661
0.014207936283319749
-0.00503672385814492
-0.0044570042570412855
0.007834740250514036
0.0019479341414331667
0.0017299553249823603
-0.005681651605450012
0.0003439545636689357
-0.0068635936061957155
-0.009293898114948669
0.0015408723200719336
-0.006124361664359415
-0.0018145902031632601
-0.01001936702186549
-0.00025428816075233655
0.00558560908587301
0.02594948228870274
0.01749996378004798
0.012300781263881172
0.05678902527292793
0.2569859444776192
0.4925162378997991
0.5124917140466281
0.330824915223744
0.16068080631248355
0.11012681390247664
0.05601511372207238
0.01954209089390589
0.008507704806661943
0.03900469471985682
0.005246917086108836
-0.3044222270782201
-0.8024114742472174
-0.7729884355267657
-0.3175838710568072
0.07058942826407887
0.0319239089763206
0.01134794296089849
0.0008528057681071753
-0.008673781105066008
-0.0216290003383528
-0.023767834214158554
0.006830292272724644
0.01135567876165884
0.01858537115647943
-0.011159894110050495
0.009332703188907313
0.04350280991160455
0.10202092960775469
0.15883425820164565
0.30760809916491855
0.43958517028135335
0.38690718259316814
0.21687923834756262
0.1260489874754241
0.10004924911036521
0.04237442323455676
-0.0668629284976932
-0.20084033633908271
-0.47114668762199885
-0.6213273169792873
-0.4024034434289469
-0.06300646509863508
0.04559153636764513
-0.03706070652838565
-0.039368590603557664
-0.02401771680932238
-0.006776299102870962
-0.010328401808244585
0.003147511499497758
0.01376300013622797
0.007746197797463179
0.0042011480150292695
0.009168555987827518
0.04147041370948973
0.04636301123854797
0.08478327410590833
0.21558225162077074
0.40644651437404966
0.4503689034646051
0.3026987680514848
0.16593225887514995
0.0859040256587108
0.007527782033309383
-0.06037192233202715
-0.038490960327882594
0.029524805435700564
0.060807022075830976
0.021224986604474486
-0.00017454243745857088
-0.0196042450083937
-0.019730454607056434
-0.02434029908329598
-0.03351006236633014
-0.2121563271877161
-0.4801878729040062
-0.5412007960589322
-0.31021976866071527
-0.06101400834952945
-0.006827852830553342
-0.04176504099361197
-0.04092587287407946
-0.043813986196135996
-0.004508092113636041
0.022016425810403008
0.04431940779271995
-0.020492536264964775
-0.02386567694967053
-0.01814547035460699
0.03229626675936485
0.029832606495274822
0.034189461496143304
0.0009074734685639951
0.009468702463050038
0.030070720635219685
0.04845427892276074
0.0612989417747596
0.1066519662242947
0.15673253447195618
0.14549760953571686
0.11421788408999772
0.0667497690116115
0.07340677754508561
0.052627706616934056
0.05791825034646135
0.013402408903210481
0.00828030508127719
0.005777006593562698
-0.054983507090989404
-0.3555444260953765
-0.44069026215945856
-0.23356327954923858
0.009704483704356184
0.008644211206074722
-0.004763949970184897
0.010892385232599583
-0.006665621970350427
-0.009323627095122484
-0.004824560675196666
0.01085915524826419
-0.005177891156770109
-0.00477377686556905
-0.003565855097112575
0.007281497827396719
-0.015163563938963457
0.009482447347725534
0.02193019153006958
0.021890216733752983
0.013044461435397305
0.033187349362719734
0.07379401375471807
0.23924846818138856
0.4227006586790114
0.40991424373122765
0.2734664195622254
0.19348950618328775
0.15887414077620743
0.06561587666683233
0.01328754248843036
0.008864972683936063
0.029667866793603784
0.0466674351511828
-0.05941481439224594
-0.5352055662207996
-0.776175799385996
-0.5719996284739606
-0.09729132077701678
0.009603291155402753
0.00795914303205894
-0.004439486520738957
0.008045213303356969
0.00672080033828267
-0.008065721689186267
-0.005395446946076112
-0.015113222158532471
-0.0122619346743986
-0.006093305850815263
0.015201477002888018
0.030964743052768008
0.023926495570117137
-0.006234996097667661
0.03192415387592176
0.07220352786111982
0.11665450613182463
0.22782836384938587
0.4127791599199267
0.4781581082235674
0.29496159932549765
0.17387425834936981
0.08966499657190607
0.08004714079744332
-0.04874042200048824
-0.16601095767383858
-0.4144566853378309
-0.533597627271837
-0.4767747694618644
-0.1916485044553014
-0.047380733598844586
-0.012621783342316962
-0.0770617783133924
-0.030434272366011594
-0.02599305022992853
-0.010984392832829027
0.0019486363541189428
0.02783814948242687
0.022373131920950792
0.0058177049215621295
0.004416693729501727
0.004747276739143723
0.03116933215682279
0.0669864035917774
0.13615520794260197
0.24451310444651433
0.2894979663543502
0.24298197378720854
0.16493330597595318
0.14283082897385485
0.10606627877356543
0.02803858793845164
-0.022802035835397236
-0.07501186732605267
-0.04056519794062486
0.00812851795799838
0.03848996055286857
-0.00942622392843347
-0.06430607864475361
-0.1426491931601108
-0.3000547242479336
-0.4082418543295611
-0.30069626843373576
-0.11571743026977943
-0.02166554134142683
-0.029303771704764805
0.00407901017016826
0.0006070031380620035
0.005412651240646956
0.004547030085200773
0.012770003737111313
-0.007720834899372974
-0.003612969589309294
-0.015296915475499665
-0.004668690238594808
0.005517399054194059
0.027366659815366266
0.007701621977010469
-0.003049731328269908
0.001980131286387795
0.020723166076299333
0.03367903635424722
0.07087109241918006
0.15484356940181954
0.2716438237726235
0.3381552590432065
0.30618156316111705
0.17503101839442528
0.08514140765064067
0.03457027516893746
0.007156721380176241
-0.005224697609494316
-0.0669503851787136
-0.18476547805453225
-0.4824276648052624
-0.4663040560019248
-0.25178272606195284
0.009277682680618226
-0.003433998066073074
-0.011808145369413464
-0.025901667640081564
-0.039361567679039464
-0.023633966718229475
0.019474804316697146
0.024914950806294967
-0.0045714006885807
-0.003910105130909885
0.0008482721207974966
0.010840599479322442
-0.008997284033255096
0.008219200035940594
-0.005498323731664049
0.03336329737647409
0.03506100396685336
0.03006666021032875
0.038656687271604026
0.07985574575972608
0.09738380532168438
0.1034262658265343
0.1648920586118598
0.1805444154173578
0.17139690798002746
0.14963497325222153
0.14330401271540014
0.07953398840001574
-0.05172173396221927
-0.27128082538544773
-0.46860061345195864
-0.3786659957797283
-0.1292934133087757
-0.0011760422045223656
-0.023575588814495067
-0.023104483792954177
-0.007697829659537439
-0.011808689122218505
-0.002193919039737064
0.002672556215600047
0.0019900892015852437
0.003640437403445321
0.0096954008320528
0.005180715963127469
-0.009528776175295893
-0.005486082578458514
-0.001992417147433713
0.041335267567431444
0.06243396266117183
0.10885925411035949
0.22478604836715066
0.41075347177740723
0.45271153581049595
0.32715748034750475
0.1894701396819482
0.15692355027582788
0.1242390767910894
0.10634798335550098
0.043706430861373075
-0.05138181292470903
-0.34995094688027856
-0.818250846455877
-0.7466627977643886
-0.32417237979075414
0.10164071065601507
0.03593971967967183
0.006278699852257974
-0.0054619844892117445
0.002668295246608303
0.008254914399996502
-0.05193476085738738
-0.013576861093438478
-0.008727157425097111
0.016818301730665702
-0.0072821216608197166
-0.009079900009078405
0.004849248231582022
0.029336776892092117
0.033150289757771664
0.03327067589774414
0.022895623446256664
0.027952215584136318
0.09016899848586231
0.18664426921373622
0.3061535643554562
0.38535177676373894
0.3532485051131686
0.18402062073205677
0.03324120147086679
-0.19636614707834468
-0.4368504072436856
-0.5556299452502513
-0.3205114056321034
-0.08596137289503988
0.029041820198106416
-0.0003526625141032617
0.0008408389839532921
-0.023435667471787238
-0.02718406032324561
-0.009554057748194972
0.011363459338967409
-0.002824002569179425
-0.01486731813122692
-0.026382616149721094
-0.010259147506487104
0.007560840703323359
0.006105713064934212
0.013511051267047783
0.014380439134595613
0.02082608946432387
0.015488109802812036
0.028007534600815218
0.05718799333023212
0.2360883830721653
0.38515731673843523
0.39735099798158857
0.2353602368091046
0.12808374179918008
0.03520339889131045
-0.10245212452350634
-0.3219182836160705
-0.5384998466420713
-0.411608787745086
-0.18759112838440972
-0.019030868419544256
-0.033416612732881476
0.01759348959678927
0.007257689896417847
-0.014216947338679868
-0.0063642721975342535
0.005742928880152715
0.006707752523255368
0.0018060210669264003
0.0161659797976404
0.018454095866190946
0.020882252582796697
0.041226639810532956
0.05832061400713177
0.11341481967421159
0.25509830496896335
0.3621139849602975
0.3226581483152145
0.18972406035479739
0.10468114261464914
0.07675285986474317
0.0702903754023788
0.04365431983020487
0.014563412043157913
0.0016151848740234673
0.0050829143936171415
-0.0059325250153879705
-0.0833812552766115
-0.25352235928020406
-0.4978118978099469
-0.48997559206753133
-0.2783550732898651
-0.030752474305295843
-0.006402688203839752
-0.01335168030980597
-0.012680763959261716
-0.00217504194049761
0.002183806900687782
-0.009044702043159096
0.002639825336371796
0.0005149582338097986
-0.001977534370838207
-0.005729484090961575
0.016094029328171153
0.02793767398020951
0.043465360498809814
0.08887990824106437
0.21991396059867027
0.28373678720584766
0.2685744949892887
0.1720364673593361
0.09642983805701204
0.018051724294764298
-0.03268675818706085
-0.0691595305434545
-0.14607467920013742
-0.30253065138694746
-0.3152338119231506
-0.18803312960279925
-0.03269199924740686
-0.026585022525844073
-0.007008817199338844
-0.010094743491871967
-0.028404606836217657
-0.027925869314226113
-0.0048419510392938596
-0.009269743887485174
-0.01845848169216323
-0.011453353921752212
0.003673732090191802
0.00707004429582658
0.01740930050071503
0.015256447323986127
0.02563833465650612
0.03739154482070361
0.06146913699574746
0.04595868222243047
0.05450899551307673
0.12269997066873144
0.238363147497979
0.29701966851564426
0.2858661050310978
0.22992422855222583
0.1339270991609842
0.027556638977970848
-0.019419382501162007
-0.0023234714507985683
0.0018119888075363755
-0.1601308796683859
-0.5591391388719829
-0.5829522893566661
-0.32180735164368435
0.025702010048932623
0.002347502702707795
0.007059627528640996
-0.01830991575212636
0.019860331026578117
0.004374759270317502
-0.006701139639479589
0.010996080676891963
0.0010449412405764997
-0.034901081861066406
-0.04305024777683471
0.005820609097545166
0.022914346418251626
0.013933478340945374
0.02183977994629736
0.03212813179252488
0.031649845853033515
0.016959125142114995
0.0627739636272291
0.286772728331419
0.473082313982387
0.42415809151549244
0.21626770171285592
0.1632646771089253
0.14832326515506522
0.0788852303059219
0.003071710545139717
-0.07361931633841878
-0.2368311758536083
-0.5881477989675951
-0.6302178955197144
-0.34711802462824515
-0.0048198981110287465
0.01810273382506846
-0.007079745326668045
-0.01022646831937922
-0.02182859877247898
-0.0006876015705154142
-0.009648196291982393
-0.006295817338197233
-0.007592012847293561
0.015312530976326757
-0.0036007506164143334
-0.0023141617140540025
-0.00033047048306015825
0.030205499157339777
0.03360950789853555
0.04909235051924253
0.11031628202947437
0.23947086265613307
0.265133933978666
0.2017489923257319
0.11963979453650597
0.09072568591833981
0.06452246674848004
0.070593456646196
0.10358766422998983
0.13894978956319368
0.12572093478382637
0.07128161456377373
0.05483303176158345
0.05035133621910363
-0.06556744155938178
-0.35906522416388115
-0.6849419779847913
-0.5735883462789555
-0.22592764060482048
0.03858402477119906
0.012511622661466834
0.03697677087708221
-0.005661724607444574
-0.020460368611090154
-0.0297888736245043
-0.005244268080395153
-0.007969202673146302
0.009502449920316819
0.017754519478233706
0.0034303846738018653
0.003919952818297968
0.0023129458355215303
0.008141432855116832
0.00023781776787312926
0.013970263167111583
0.0609075647421839
0.12512675324176353
0.23872075805395668
0.28269933671838826
0.28257232567408985
0.18836824805056182
0.14146286317221182
0.11978391737007692
0.12392469021916928
0.09523865235891411
0.08606930187128559
0.07676007945473341
-0.07307487776644928
-0.4371688244980975
-0.6894234057187886
-0.4958661318688424
-0.12044664054448989
0.03288848883853688
-0.01747515846298927
-0.022905759089565783
-0.0064214805673749745
0.009013549917841502
0.009348488211962571
0.005410029663198342
-0.010446274266707103
-0.002086774895731358
-0.0076061040463680715
-0.001143399327415263
0.009560964357746088
0.023529127530172302
0.011084618631975782
-0.0024877391674773485
0.04241722275518668
0.08109290408695596
0.11608515777797881
0.24654707678534346
0.38274601156526655
0.3073875920780976
0.11219174222144951
0.03357377382478465
0.08333739203168002
0.09807736581413203
0.06953248247122165
