0.883983270099619
0.8835795102627529
0.874928347215917
0.8691048647479029
0.8723097803472254
0.8709041438799453
0.8662625512889949
0.8565513323829549
0.8499140405753285
0.8450068409689272
0.8443473829454
0.8441470005152276
0.8419705768260898
0.8382983951429983
0.833788204947358
0.8297608688028845
0.8272974282420783
0.8269584463822951
0.8245882695941101
0.823491369357488
0.8221861395058441
0.8232986371070227
0.8222424825456647
0.8199188622012448
0.813900955799677
0.8127523531283997
0.812957139898353
0.8120953096437591
0.80795616008586
0.805702995854617
0.804885607902688
0.8112097090522744
0.810337214225686
0.8134194182223917
0.8134046554149109
0.8151055206203636
0.8089859881522761
0.8095255005912292
0.811840200283442
0.8145391869573411
0.8154304136831175
0.8183056101341627
0.8175272568183016
0.8157561004741515
0.8140291947098286
0.8167109593274684
0.8175270256897282
0.8145209784395915
0.8146029616693814
0.8089834543908354
0.8077444110550892
0.8069128478007568
0.8094389809538509
0.8082737646166802
0.8039705212442735
0.7998539601787062
0.7989646866572192
0.8052701153712697
0.8036318639674567
0.8017377473241035
0.8028957110016429
0.8068417339190317
0.8056408751050563
0.8048674374425291
0.8033667735437877
0.8033098913939641
0.802700964971561
0.8043406407304826
0.8078003435150213
0.8134010151504724
0.8143001677872087
0.8156355099472582
0.8192139607623283
0.823059155087684
0.825788774669553
0.8306396174503796
0.8358665981777625
0.8359115854835284
0.8371597394046403
0.8409524980804775
0.8477486110133514
0.8494249233549697
0.8513807878890463
0.8509928397188804
0.8591120230367602
0.8652478201897611
0.8667273174293915
0.863051588607587
0.8675517231420956
0.8680363886023018
0.8675256227627514
0.8642269825703658
0.8597892334962852
0.8511438995546268
0.8366461909548761
0.8180444289905009
0.7941017595024322
0.7768723285366542
0.7514850896771507
0.7185215198758493
0.6741314947394061
0.6268659658501123
0.5758730018464197
0.5218781082488461
0.4641719899665494
0.3883895734455863
0.312905595978758
0.23745072608962323
0.174584611043925
0.1257670674934998
0.1023942396639313
0.09195695944425991
0.08053965300156855
0.07021070827410854
0.0566332898303051
0.048450720713119344
0.046362463999378455
0.0452744742842772
0.048004705962776006
0.0495656205921298
0.0475484909787409
0.04097583938989966
0.038446324985613754
0.03820806670370443
0.03721314868441907
0.03769790064126218
0.03803764612227065
0.03577686123812349
0.031797693295628995
0.028832433121738357
0.026556856757640634
0.02704127635670404
0.02911178697741019
0.030670057341515622
0.031526280916986525
0.03311515966737752
0.03183865075332834
0.027460995598138922
0.02643469629164854
0.02949241755861878
0.030182254473084064
0.029697534907205708
0.03086722603559526
0.03330058065698411
0.032915712393055636
0.031748547825279215
0.036377565266698074
0.03434364642355326
0.03039084345169708
0.025668883420548922
0.031104269033496713
0.03290159946357169
0.045188778873011724
0.061460118502870205
0.08769595156432103
0.1250537513570618
0.18578930556882675
0.2598724098140331
0.33185067576374755
0.3850294560064544
0.4101751106972669
0.42899671912777576
0.46150496403734326
0.5122145380409546
0.5556921066754472
0.5954556014413097
0.6287543388164332
0.662656301301302
0.6919724686678006
0.7184613414714529
0.7359474404432899
0.7465841912682551
0.7537660390003577
0.7610523649441647
0.7676500495077127
0.7728391813263596
0.7746074191613515
0.7809371948640794
0.7844203518646706
0.7889929944335278
0.7951907434920802
0.8115008286208286
0.8309571607086328
0.8463255686822505
0.859033668138436
0.8695506666610369
0.8839069592471176
0.8937656215683327
0.9108584563467794
0.9190155947512245
0.9288636829327915
0.9312640172187913
0.9406383030479178
0.9485131096863127
0.9553769607935051
0.9576159563379606
0.9567674355751462
0.9587036288047841
0.9616594179118143
0.9681389774060158
0.9679881214838815
0.9656904715667233
0.9692869431003316
0.975486626579092
0.9761685386718341
0.9741461124728737
0.9732310154786126
0.9742256589725499
0.972824298953282
0.970884757496297
0.9709271557865821
0.9722469199896849
0.9755035487456418
0.9777735824793774
0.9808799285094505
0.9847621666154273
0.9878041380235701
0.992159301100351
0.9963866959358302
1.0
0.9956324471452594
0.9922432933686488
0.988488763051728
0.9864271040191371
0.985268292566831
0.9890602857325916
0.9925061234435059
0.9934392383556434
0.9924236147004235
0.9929849362090736
0.9956266597079758
0.994057954506326
0.9900777474657698
0.9891420651291201
0.9914673045431053
0.9914541691750689
0.9911985012297349
0.9895047826369768
0.9717337038248356
0.9327375562917329
0.8768225560866892
0.8172300445333585
0.7429976753158367
0.6550089837584265
0.5516517614348156
0.46103234629576517
0.3865252914837312
0.33665213291519763
0.29942070978499963
0.2705408307242432
0.24641402651348635
0.2335285894843098
0.22542171347676626
0.21729213930841518
0.211290990280945
0.2103361271590883
0.21059068770420675
0.20973163293051986
0.20634916795226824
0.20463915619097042
0.20257283230928821
0.20117493173541048
0.19796798962966342
0.19715019389646007
0.19285409863706096
0.1911026377481067
0.19114174818670956
0.19231986098769785
0.19134457229801588
0.18874132208298278
0.18597937404658588
0.1858078572972856
0.18698325380684885
0.1884599531869015
0.1884152544126695
0.18881219912348923
0.18826812068808652
0.18881335542433808
0.18857246997248608
0.19113301961126852
0.19021280751290587
0.214207297235566
0.27491709071071685
0.3712211810913875
0.46160781480254476
0.5390067593126283
0.5974940795993603
0.6467595590591236
0.681915875541895
0.7105365399086488
0.7295316541997771
0.7471004681013462
0.7630880898581256
0.779466643033471
0.7888505350419335
0.7999255524962041
0.8155139529904274
0.8313256716360206
0.8423021077735163
0.8487635030245747
0.8531375439270257
0.8606968623887356
0.8758055659268462
0.8898941649245143
0.8949748868262497
0.8981148607201623
0.9002429546976056
0.9034766015201988
0.9017914253213449
0.9002904706227718
0.8981920370632185
0.8991669769595797
0.9010411732312923
0.8998804738921293
0.8945841858638198
0.8902294166191798
0.8930963020818005
0.8994319591728205
0.9025960865045951
0.9014467750229821
0.8974063974524384
0.8922816180466077
0.8909952867732136
0.8879025392254485
0.8842102769165022
0.880874385303246
0.8814496161212021
0.8811406073729677
0.8749592868272772
0.859031693094537
0.8381981288616343
0.8126056632629972
0.7732523745890588
0.7264282333068305
0.6718815961862561
0.5953193764334361
0.4923662118503607
0.3839268107784982
0.2668404207106495
0.16036078715742177
0.08350555552978395
0.05262317870257348
0.03993434995726541
0.04350850659553761
0.046714268845082854
0.04641262742311127
0.041644553055454836
0.03961596396358888
0.04461706495899678
0.046730577012354155
0.049089872167693026
0.052348887120745924
0.060386167134341626
0.06501551781859674
0.06569662659987689
0.06694391600767652
0.07083595607539675
0.07625999437234944
0.07600270866108387
0.07239127316954586
0.07256311586822647
0.0713670143077039
0.0684449928201491
0.06891900016318706
0.07290074243810078
0.07192472002097733
0.06817781754855899
0.06381866346405482
0.06073514004636806
0.061057466542239966
0.06290223500886312
0.06225709523847196
0.060957613084732146
0.059036473571596096
0.05662808586795617
0.053130250365066724
0.05487650487595675
0.0556305356166072
0.0565601394151836
0.055908422699056534
0.056304101950798886
0.056261426854776794
0.052046984088678284
0.053966494032934645
0.12067653838303127
0.2586200107961319
0.4070166810913954
0.5023145861147285
0.5609079501473432
0.6032393838632584
0.6406417509120348
0.6682656451824618
0.6901053598442473
0.7041524083634079
0.7170233923789606
0.728768453590911
0.7396939615564755
0.7490890787441048
0.757130835777879
0.7681470072278104
0.7775011486822877
0.7919194501427235
0.8038921614496576
0.816986359078917
0.8234672210519945
0.8281572651713054
0.8329615232580101
0.837700546881493
0.8380503468787666
0.8386687552223049
0.8448110518744563
0.8504714820480788
0.8564014395275507
0.8611169164367038
0.8598895696147761
0.8557443295092976
0.8588734895429555
0.8607018391425331
0.8547355656437541
0.845072237366597
0.8481628418116
0.8561856481567601
0.8603646401438058
0.8605256221535659
0.8581166488371004
0.8559559523793523
0.8545219651120565
0.8579483711350491
0.860042292362821
0.8601112071659432
0.851938219901163
0.8365551351617951
0.8210582100332189
0.7936605290365667
0.7695604763399101
0.7480714593279738
0.7317337338193306
0.6965512500599064
0.6454863825922044
0.5726140210938117
0.48229353002590547
0.39314304935723204
0.30864520168329496
0.251874170879197
0.21720158519484845
0.19691217439590766
0.16395585645010213
0.12940097675149737
0.10210119936537113
0.08978792838831558
0.08779435040446536
0.09225312284414038
0.09846561725318417
0.10606655833370562
0.10655478724942123
0.10873392026186122
0.10968738829486195
0.11579472697317332
0.11920630883769684
0.12196479590777437
0.12160291386672636
0.12031458168001884
0.12380372124477057
0.12281670420579359
0.12129472719425645
0.12256263818036148
0.12658962055451242
0.12583051789512678
0.12569451595429526
0.1296766295352639
0.12885997661370763
0.12778017950228507
0.12595777492010102
0.12468081810025562
0.12359724278400372
0.12455937397290472
0.12541317508676061
0.12296756519970882
0.12114487916192496
0.11997044603362664
0.11872442182941464
0.11830615908324399
0.10876502434082568
0.10474606101395996
0.13587581876167665
0.2236673810499014
0.33417907775643174
0.4367795212948964
0.5160563667005948
0.5718026461963467
0.6052519291233819
0.6310638307315004
0.6526916556468854
0.6707652603219248
0.6918558716421553
0.7155768797987653
0.736147225730966
0.749052837322179
0.7577960922042606
0.769540459069741
0.7826296149189784
0.7963992365248047
0.8045353524318218
0.8118687804129806
0.8159641793642097
0.8184492663128118
0.8231683072288366
0.8217107494575704
0.8213584897477373
0.8215844572290185
0.8258791470034791
0.829620424164312
0.8325685772130881
0.8299616175118344
0.8236205067128437
0.8260482745661577
0.8291210194488048
0.8277330836122505
0.82401043096306
0.8223641557802359
0.8240122904063251
0.8229840402081925
0.8209623556218357
0.8210288021344345
0.8245072606205369
0.8230706512695302
0.8217060770506448
0.8233732627511253
0.8288396497498277
0.8287655780975458
0.8343974645041519
0.8335941113017067
0.8371779767380171
0.8307662593705804
0.8342723337894806
0.8288659868879741
0.8239332214684024
0.8100011909424157
0.7962926537208485
0.7670090188122566
0.7323596944489503
0.6998913133087198
0.6597418627666423
0.5940649840159153
0.510269462983784
0.42857586877020687
0.35484201601370147
0.2886072563841767
0.2221204146817021
0.15500863266443765
0.10493379200160347
0.08276028172039643
0.07708011362060356
0.0679511490267215
0.056802333844337374
0.048302991295552974
0.041425231601434596
0.038027441969185054
0.04007498376969069
0.042540223212910226
0.04261385356028439
0.04009500439718726
0.03795854930238453
0.036400123606860235
0.036069754838675666
0.03480618610716341
0.035871113786982954
0.03609786604821
0.03670506580355539
0.03845779572119783
0.04093890269944233
0.03849002967776184
0.03686052265858298
0.03867319496340352
0.03943856301720669
0.037553686650867835
0.042168600629956685
0.04990721482970964
0.054772756443694684
0.048921940760945894
0.037212969936666396
0.02805158515019577
0.026593323486473763
0.036784441902946274
0.04820227040399155
0.049836852752426754
0.044877395405108926
0.08072948064762532
0.1869699732116191
0.32599431612017005
0.4428295980238575
0.5220294841785571
0.5747416576755369
0.6218221047824197
0.6655774481124517
0.703326914439154
0.7236601609686141
0.7383230133992865
0.7475408850370916
0.7549834104125959
0.7607396598571267
0.7669950678630414
0.777501735099484
0.7874072527586714
0.8034440128372698
0.8086397346793838
0.8176857062751961
0.8155705472286235
0.8222981527677495
0.8175616741149352
0.8214730449423935
0.8190585024809949
0.8226210220549065
0.8178513872665472
0.8198847635595469
0.8143564135653588
0.8169304846831668
0.8080433288672427
0.8132899435305253
0.8067594168339408
0.8097079145617583
0.8084476268377854
0.8194922425392409
0.8142692084103293
0.8141717496349578
0.8094755288400521
0.8130787323727219
0.8122564670491387
0.815188782904598
0.8115958936322085
0.8095093522059704
0.8092398774305157
0.8062781453634872
0.8034768312335732
0.8015660736388801
0.7984888786028432
0.7981178257004504
0.7935431830942143
0.7902998909330008
0.7835757809392544
0.7726718668873589
0.7520664767843656
0.7339186207877554
0.71870633362196
0.6971413973565181
0.6629271917455825
0.6079216538768059
0.5397960547374581
0.4718544915956043
0.4141894400032129
0.34488724923257075
0.26253206012172214
0.19427321999046995
0.15395620434478532
0.12828380741189638
0.1035661504071673
0.09254317823226291
0.0878292459700403
0.09230424623633685
0.10170402838512525
0.11237138721494479
0.1159859572181533
0.11113791421987827
0.10485377856459265
0.0991692516979301
0.10116856034273064
0.1054248537621319
0.10702161335286878
0.10924881832021202
0.10968827473401033
0.11402950771366564
0.11326800182783008
0.12005969026906389
0.1254593114240065
0.13007166278707188
0.1250174355771662
0.12154293909747546
0.1251119738075257
0.13162720946741668
0.13579216426061552
0.13506378929848534
0.13816721382785177
0.14098874684352117
0.14180819215496296
0.1392254539185539
0.14126472336046966
0.14516945974244908
0.14409887658185105
0.1144277481685411
0.10480299363682266
0.16827032839398748
0.3077373700684873
0.4439772560815375
0.5388727329097681
0.5947884521011965
0.6315734307075781
0.6653501767677402
0.6919970893821779
0.7130801809274249
0.7316407266780401
0.7494067709673083
0.7624323127556617
0.7746106095852578
0.7838884109163055
0.7855319794416338
0.7795801849207127
0.7819895458404257
0.7848741087367129
0.782951001927359
0.7779289384051228
0.7806322293633974
0.7813466677726594
0.7800697355486842
0.7794480229021757
0.7820113263078001
0.7803997158876227
0.7807425504977957
0.7730843858876048
0.7731950197551967
0.7728923059836105
0.7735362792361968
0.7711983435825701
0.7721261325150608
0.7723524736786312
0.7685272696139982
0.7684136649869273
0.7703603476762583
0.7712900858041655
0.7703098014939325
0.7679404814422629
0.7679527679952672
0.7662942263531299
0.7754954800743817
0.783830090569125
0.7820157679303869
0.7760558031793081
0.7767344932014238
0.776755734967936
0.7618599514113846
0.7469221221898935
0.7241659756346568
0.7011302592134903
0.676388355648436
0.6526822024664642
0.6107554464923957
0.5600725920455668
0.5088087643590717
0.4679814608952898
0.42723402527371784
0.3799556800042672
0.32925051851860193
0.28837548657718975
0.2675234650922376
0.25288043397686244
0.2512133025060219
0.25036429335466026
0.2500288663476937
0.2452726293631171
0.24166214108478676
0.2404086832097023
0.23227054104887668
0.23308174575366955
0.2283965950368331
0.22504596835067156
0.21642112576518152
0.22311294805781526
0.22562438715725633
0.2270386647640016
0.2182795431275162
0.21710137074467634
0.21243945166915867
0.21488279795715243
0.2110476248180336
0.21345213685960107
0.21257508501403172
0.21375693619812605
0.21236930983298327
0.20943216133395268
0.2036533267545821
0.20199098881998184
0.2036557266799983
0.2056238555047342
0.2050456157392074
0.20511992965217796
0.20587372647684332
0.21006022050736173
0.21321685971099788
0.21351303627555876
0.21843317995892686
0.2252456308353974
0.23483090042243424
0.25842326409789895
0.31001326349844627
0.37048523844227266
0.4244039250783506
0.47037779100532257
0.5227070084278838
0.5733867044468833
0.6104846178838496
0.6329157160261524
0.6520602961762781
0.6776857301251704
0.7008086801363043
0.7119842825264632
0.7261026009139755
0.740152978435066
0.7489878930958587
0.7425669151702246
0.7470028918796097
0.7597561202182164
0.7730574507281789
0.7808534954032812
0.7855591542678212
0.7932192738296409
0.7984556648090136
0.8062897756984136
0.8120932856548024
0.8155716040759048
0.8223783071739413
0.8306023097026309
0.8327940694791242
0.8250772534462353
0.8229704489024351
0.8195740046866754
0.8240956921613969
0.8238806828820874
0.8294839970780369
0.8268153885817675
0.8291684187915028
0.8254932361823067
0.8273181465564569
0.824749784951179
0.828958585699438
0.8324242266520677
0.8339294633844629
0.831304177708835
0.8323832783208885
0.831066616896929
0.8291451390749524
0.8211844675022922
0.8120494282344224
0.7954972428128557
0.7605822372113472
0.7099950545969999
0.6652113356430923
0.6290254786527832
0.5742265791371107
0.5128730944487128
0.4410277760387339
0.36361437384046613
0.27918879538235447
0.18990818297781162
0.10130266331074474
0.038069075390857375
0.016460939666910118
0.011453697392050467
0.009228707330439859
0.008031070077710195
0.012885390389215063
0.012672580469403203
0.008181534874668312
0.00291618203874385
0.0060023351027682
0.006677606144543971
0.005839472649241399
0.0045349432757187
0.003815556805269234
0.0034358833885139908
0.001394686131330396
0.004516065410353919
0.006258815968096818
0.0075227321282218575
0.0081241779087502
0.009589270879339098
0.005814974824828648
0.0
0.002417565547462667
0.005043735116465584
0.006474975480117913
0.0029800470711767264
0.0035051872600739835
0.005058641967280903
0.011256065879568162
0.015261909832758061
0.014988348882660619
0.014333938461233589
0.014491281722669065
0.0151856938814631
0.015407713533738732
0.015478984473530933
0.016560186896856555
0.01706408501184192
0.019077111435239776
0.01888844595438478
0.015474427546050966
0.03652865295704302
0.11112523808484544
0.24892777344618652
0.3858521958576428
0.4872840131030683
0.54248012101445
0.5918111389679115
0.6283357243502697
0.6513297864903416
0.6605263629386202
0.6798068419928011
0.6976586122297895
0.7129551284734046
0.7216921312465627
0.7243580498525422
0.7189415942086783
0.7245994955007296
0.7368551420474674
0.744181953086475
0.7462568160202898
0.7494696471217341
0.7499947868723262
0.7481713486268059
0.7508155856508477
0.7429342196881386
0.7408276231153141
0.7397464461168792
0.7462108286280247
0.74155680297269
0.7446780944365666
0.7477410394566519
0.7443885119518105
0.7399544650528466
0.7400538635983174
0.7448055101396696
0.7426734872144581
0.7395252856758021
0.7381474351026621
0.7391678513913875
0.7379827352793443
0.7341483207273232
0.7317412655912613
0.7314657727126257
0.7291203103493112
0.7247833306656346
0.7119780595638309
0.6915956994186281
0.6700190235672799
0.6613564057395213
0.6521395871701376
0.6381302351570795
0.6122239777952092
0.5788692404096358
0.53776502771122
0.5007148482877481
0.45912594378841115
0.4104320514769832
0.3520028218274144
0.2890464331166646
0.22115802418152403
0.1690688341204814
0.12650878969945933
0.09976607247896403
0.08370289920999366
0.08528624144482945
0.08989066944759018
0.0933583484049769
0.09218395830927638
0.09377455722796908
0.09617267987826217
0.09290348190232361
0.07969796860008244
0.07929203486775364
0.08336331578643036
0.08639836267651876
0.08164659487742666
0.07403993355727827
0.07132631432513885
0.0699747544074022
0.0660451637408196
0.061169061566682344
0.05868163546717384
0.06255470410407203
0.05735216496006043
0.06334533074942378
0.06294720080514785
0.06484930754432944
0.06192314867531345
0.0670442710397588
0.07216738226950066
0.07568692762018413
0.07206443378136211
0.06803718864588292
0.0697057874137316
0.06912610499894026
0.05326080922670189
0.07569565661510004
0.15857149751963795
0.2927161901635043
0.41233372031967974
0.4963899326471564
0.5500624600801883
0.5939451793985564
0.6299501717745878
0.6583198516320394
0.6826190872861704
0.7041398489392721
0.718303274231049
0.7286852570196725
0.7316063907779494
0.7368472856256167
0.7416705793949036
0.7464356852635547
0.7471054796699157
0.7466255311755836
0.7452685822060212
0.7499159468419092
0.7574641582870171
0.7605533317125697
0.7601866521089231
0.7550570988563614
0.7552244965451687
0.7542507755420075
0.7529243420289545
0.7490686610314371
0.7485855380129901
0.7440201818360145
0.7367415850918287
0.7340963672929572
0.7375092909840906
0.7360967586347198
0.727760005897236
0.7150555074418835
0.7069373030062789
0.7026651803453241
0.7025356120951053
0.6976463403064275
0.6875117458457219
0.6755618864637625
0.6612598392086048
0.6465009584081157
0.6327611684389952
0.620690111857152
0.5972719288983463
0.5643011452445698
0.5328223011821345
0.5059876317453043
0.46909499736315347
0.411768936215329
0.34940890043578143
0.2896899832375536
0.23907292326491128
0.1950354360112024
0.1675737570041175
0.14601515024942338
0.137754785699719
0.13662897590976836
0.14414436354956234
0.14741971688441802
0.15537203908731376
0.1580106589173237
0.1588107483500481
0.15632463874315458
0.15655314816969074
0.1550189080156437
0.15103663819563184
0.14486292541455334
0.13307864445394368
0.1200394049440914
0.10772553374952613
0.1030569899421906
0.10175576596984473
0.09960401815524865
0.09648935859105656
0.09479007416674393
0.09665846623437575
0.09372045096303021
0.09198762398100463
0.08946498344222277
0.09444531120741172
0.0958148179091103
0.09712433481928702
0.09751212822862493
0.09971392657210933
0.1029554669148772
0.10258758939045329
0.10392365262244876
0.10312429723467137
0.10472199817521713
0.10432023133399573
0.1048891948257482
0.10421436086113962
0.10145875629775887
0.10043957675470112
0.09753126582368458
0.09561162167331362
0.09613522668291305
0.095076152619219
0.08857118241125136
0.0828959742854512
0.08154486596484181
0.07977963597424968
0.07886519731603955
0.08083849463914915
0.08775830854537855
0.08757140400339415
0.0868800266635079
0.09109673572569754
0.09647131909083302
0.10373342965098004
0.10668318349594433
0.08853111523207143
0.08560102650261436
0.15810282244809695
0.28539573840806826
0.39815703160568283
0.47525908494415015
0.5309214635199062
0.5757227904768022
0.6197980950360181
0.6642629166055759
0.6930639833218254
0.7121105817122166
0.7217246178589076
0.7314821968782459
0.7364859531126281
0.7433586420848842
0.7510543187203249
0.7565227727566058
0.7585397607521027
0.7593470399589756
0.7611977822082722
0.7608596846684287
0.7597188254245757
0.7595189935712101
0.763452636338187
0.7641341550854454
0.7603362745323724
0.7546102246243719
0.754946908296944
0.7572059380591635
0.7592658166549944
0.760625258801562
0.7580683115993645
0.7524999951490242
0.7496629854149253
0.7500315251668632
0.7496525921235155
0.7454882933403998
0.7426615289035202
0.7391593129701509
0.738172413727252
0.7335262040658489
0.7294690878925336
0.7289647218926166
0.7288068698554153
0.7216114278992286
0.7070016187544322
0.690311569953635
0.672852185183238
0.6608794066245385
0.649584635666568
0.6368186590900321
0.6160872939943758
0.5857292687981502
0.5362147354623749
0.4850716570204205
0.44544184842494056
0.4123789562687679
0.3707459657941081
0.3125920653935051
0.24378319290057324
0.16556566813976026
0.11271914809252229
0.08723913322903502
0.09006530678997189
0.09487144506946628
0.10367343532556121
0.09807775794705081
0.09386771352420369
0.08542296831345166
0.0812404191681719
0.07421471485033644
0.07694941578540171
0.07643515676128688
0.07342091568815307
0.0715363330598551
0.07378470607114748
0.07326306241821362
0.06774188603642427
0.06550195317686136
0.06630379273578539
0.07061770996948978
0.07098794620394908
0.06868133489898029
0.06590025920867948
0.06396110293469716
0.0633673247037991
0.06297677667219904
0.06783140289177397
0.06907802234844497
0.07063135939640433
0.06925628173711552
0.06964769245655883
0.07032325488352047
0.0739484075636067
0.07362266109210729
0.07195381823362156
0.06693208693954543
0.06688852836306654
0.06687574138778449
0.06749842365065989
0.06585204481204583
0.06386123247484742
0.06597229046797015
0.07031672440858036
0.0737758226789873
0.07283970023908196
0.07280455944651446
0.0698737410542471
0.09832138664401285
0.1707458755023905
0.269822586774015
0.34973433544012456
0.4208780415182334
0.4793174794556605
0.5267733439680863
0.5578610448440618
0.5837826020626469
0.6096242443662938
0.6311404333865318
0.6496423848886693
0.6670570353643746
0.6850530190796161
0.6939434927905607
0.6997301428425424
0.7008170540127192
0.7016340818971833
0.7018085371417221
0.703866793223329
0.7036558435917406
0.7028817698127706
0.703817317779381
0.706236291678268
0.708585003261146
0.7078453164352384
0.705700849032279
0.705119278157574
0.7040471092405484
0.7014018304178136
0.6957605271061583
0.6926312899172293
0.693294989533828
0.6943187559475408
0.6918689343190034
0.688791306220598
0.686462146590032
0.6849940762738213
0.6820639785022931
0.6782072593039563
0.6774067730249419
0.6754094505700461
0.67464095713064
0.6726928622819517
0.6727972567977193
0.6741112935261324
0.6710646612693432
0.6676818309833754
0.663784651251702
0.6641477107424862
0.6534804335039162
0.6415039642288772
0.6289161133787183
0.6117251622052441
0.5927489129529585
0.5730398245354031
0.5503139505457448
0.5195503201607552
0.49564731747211993
0.4725447358572207
0.44646650332863375
0.4133794634367343
0.38420941919511475
0.3503320575406355
0.3142567394113728
0.28603838377075547
0.2735496774281116
0.26452003278344727
0.2551236133411922
0.24710762732060057
0.24043217469772504
0.2325995607395171
0.22481089164631704
0.22127888853089403
0.22132256724566346
0.21944952353928573
0.21773458479525643
0.217854687857516
0.22023139330817804
0.21850405543304108
0.2193740723744007
0.22153682542132647
0.2236496958466197
0.22431882166412317
0.22254034411511084
0.22672240919189898
0.22544870252157925
0.2237923500143468
0.21901480862408465
0.22341882111027395
0.22788753052302577
0.2301279652327037
0.23082618772464042
0.23016487903652777
0.23005805246729788
0.22409148448894795
0.22072308994303136
0.2215177514527466
0.22323508835253378
0.2226372702519129
0.2197787259221778
0.22312810406329714
0.22618794355840072
0.22813073524888788
0.22568573805688016
0.2241936316720675
0.2228933320734292
0.21888044818580432
0.22007676072660737
0.23350515013341164
0.25973039793942115
0.2994992389741307
0.3553917269226966
0.4250490515707528
0.4861458768607864
0.5287824722791794
0.5611044725146491
0.5908000467513476
0.6174531469344476
0.6373047203860926
0.653529201485348
0.6602488128836832
0.670497344601057
0.6850986420246185
0.6960000507713119
0.7051499520648982
0.7154690966288639
0.7217965185197698
0.7245556652563887
0.7267305804779607
0.7290486587121872
0.7305722092209195
0.7377028275310912
0.7373548862874195
0.7404731337598839
0.7421333410156812
0.7443660560017558
0.7401785348951614
0.7389325429941442
0.7391309589399756
0.7399439676403985
0.7383895886093895
0.7309501846309503
0.7277448132926466
0.7290284437299567
0.7300404504216621
0.7261469584878515
0.7171043588559545
0.7122225452309114
0.7064588960830637
0.7070911842218566
0.7021272974405789
0.7021660173339249
0.6976955220958472
0.6947116573297616
0.6890435764854734
0.689077315765182
0.6893602945127242
0.6858595349027551
0.6796610565817808
0.6721164115695856
0.6626426264592798
0.6503126742471749
0.6238505364138799
0.5722856107378241
0.504436334282983
0.44376070242901106
0.4011123982356718
0.365019299902035
0.3267667125958184
0.28340995087222215
0.22880810345055072
0.1744875959037151
0.12485996842923151
0.09857908552100328
0.09032953745054888
0.09075500007322435
0.08463428638318089
0.07184043804362973
0.06406913050316831
0.05661435160234488
0.05229969078341048
0.04606649031508779
0.041422827206812056
0.03895294156555668
0.039455207942554645
0.038671106580840844
0.033671116033745986
0.02979067501484911
0.029848150106438785
0.028787091990323272
0.024336536111847315
0.02127917533716318
0.0227965863661429
0.024553171041367082
0.024036026963257705
0.022387840725649238
0.022127812900994973
0.021066914301638293
0.01927370584740247
0.01930410593460026
0.0176261413076308
0.01808461327795231
0.01757795609216121
0.018747724421695817
0.01637910427118061
0.017422011726783
0.01612232676986918
0.01650795450946365
0.01690183431087524
0.019061989002941118
0.016347697190961113
0.014156242485044969
0.016496501823783684
0.019043590376674677
0.019580888053998394
0.019263933277747777
0.027183020309335146
0.030563755006811452
0.04035703226623278
0.04715902797362655
0.0937832257328503
0.17563387398212257
0.2830461316264108
0.3716691833401076
0.4437515784547237
0.4861123557233597
0.5110206658422908
0.5323939514183184
0.5605046818840138
0.5799037392624625
0.5933251055800334
0.5987918847004943
0.6031717087990102
0.603699177955265
0.6074167233583652
0.614948543461657
0.6225447738170391
0.6240162824328068
0.6235864401176097
0.6240879584878416
0.6268568154488211
0.6278396332868307
0.6298845793595258
0.630098861861508
0.6314409758293146
0.6342136723573301
0.6363434736283162
0.6348079744111883
0.6331181158048846
0.6335260050755649
0.6341325970485966
0.6328247618470928
0.6303573462233673
0.6287485983026507
0.6270944547955618
0.6248645733562896
0.6225190472248437
0.6206114470372938
0.6182267175457644
0.6142879089084059
0.6122590557351403
0.6111211171875663
0.6094017074707657
0.6062874823552665
0.6047701593020801
0.6030790085485568
0.6001499934063332
0.596233794832138
0.5919309476113591
0.5854050482226187
0.5763612696990049
0.5660638830176459
0.5545296607841108
0.5430928024528775
0.5354075350272949
0.523954747731392
0.5125793759204668
0.4963407391734484
0.47679392717118885
0.43359296496916006
0.3732695533511722
0.3054617304832526
0.24651722743427426
0.18599213415991084
0.1279830857479524
0.07921791501694465
0.05869492689972057
0.05519936526175651
0.060149027529933494
0.06091162884430588
0.05805790226990322
0.06002764247677964
0.05839669080684664
0.06508877245941692
0.07028263212710094
0.07989992262598757
0.081402077390579
0.07456002330445163
0.06935957489916048
0.06667886901749241
0.06507857282121508
0.05894494710723829
0.05364948843689374
0.04950375759967609
0.04610485503160452
0.048066240069985104
0.05041295736538831
0.05135309701562278
0.049009619712686664
0.04267417200139152
0.044915941408360055
0.05431320110912885
0.062492315523338844
0.06184599527421085
0.05872851724441159
0.05519459727159514
0.051524485849405915
0.05548923832727693
0.06019691761504317
0.05914807935530975
0.05190183739664645
0.046620555022501085
0.044417930208800645
0.04259230892867051
0.04347793928417335
0.04516288255689103
0.04918370653467376
0.04812556036305545
0.05034193512599708
0.048401189591719046
0.04586547646357133
0.04386545064021344
0.04701536692794887
0.04469580414710929
0.04484676125660614
0.04989750833038039
0.049153655072045666
0.048970288509276705
0.07036328344863227
0.09246504953322475
0.09178653003844586
0.09382011689870418
0.1466855725094966
0.23866571550814258
0.3260158442843042
0.39184129477001345
0.44674297298642657
0.49014226150728607
0.5182101664683518
0.5369008647633833
0.5590047327617522
0.5800156506503852
0.5898274754109583
0.5951552776916496
0.6020865286322957
0.6116843428007035
0.6148833169883776
0.6180350308736761
0.6187234825830076
0.6172458690974211
0.6094565303567674
0.6025970447123097
0.5991885113040679
0.6000291364482977
0.5944603995580297
0.5889304575714356
0.5858584504101775
0.5870435995405673
0.5856989286915184
0.5842687266433002
0.5832621300181071
0.5817649791853168
0.5804882776036908
0.5762367301872625
0.5774152034424427
0.5784941988080115
0.5771416220565003
0.5697819990002336
0.569718116210737
0.5709871476465486
0.5698451199977628
0.564927157871743
0.5634023805895165
0.5611858739305993
0.5579821062335905
0.5537045223067291
0.5513549866462247
0.5487091561173268
0.548670630385478
0.5483791941805285
0.5463796216498384
0.5435688151213416
0.5396250597297674
0.5388595361258381
0.5373522707485731
0.5364412030192389
0.5307945246436937
0.5267966853153789
0.5216725631543178
0.5141455556030116
0.501919933454722
0.48839353117741485
0.4704122842935627
0.4607027749039872
0.4515238127476518
0.4430345191643276
0.42445263039227893
0.4099767360461883
0.39389725034513356
0.38021632663467253
0.36276181067929486
0.3458384283821157
0.3235986328524889
0.2999193742786501
0.2706763679214488
0.23520245927104602
0.19035857555561983
0.15448631509164845
0.1299527565981798
0.11226600561625773
0.0981288408198676
0.10257418966223196
0.10970479994851387
0.11820912619068026
0.11233013574758141
0.11819364875847269
0.11244613958221437
0.11927094700384967
0.11872033552415148
0.12537473935949112
0.1250009207722401
0.12796356729277245
0.13179862407479964
0.13477623104488967
0.13584903408590554
0.13449720362578446
0.13063459084994405
0.1334422220791282
0.13278102348298593
0.13843288916802365
0.1334807004866658
0.1379185026759984
0.13550102648422785
0.13777395096189687
0.13130190031889072
0.13336464692555708
0.13364352872786395
0.13248633193218523
0.12811057964385325
0.13104105162589466
0.1340619013453881
0.1313532465898323
0.12881138814321388
0.12668880806984947
0.12615999308258968
0.12408840805722726
0.1276488796696653
0.12931405315387326
0.13050213655890627
0.129482905469873
0.13253538717838467
0.1315669729059025
0.1302018994335626
0.11789363459861972
0.1169384316134527
0.12213108254595102
0.13362664817955236
0.13100659711688165
0.1092453492529917
0.11127282674368841
0.1443390503711885
0.22592372082888676
0.30672096803882876
0.39049837676888005
0.45301677520204636
0.5056818395835458
0.5409013023359016
0.5663028092520196
0.5868089639458469
0.6082979486286223
0.6228248683068489
0.631693761734397
0.632341607852314
0.6332262761749643
0.632875488484749
0.6348404556620965
0.6380742829486762
0.6411955246203683
0.641203145739653
0.6406691500638536
0.6380142971054324
0.6312738949018732
0.6267904110430462
0.6277628092534254
0.627596161619477
0.6279687394562083
0.6291401499571285
0.6293398203921384
0.626844298826877
0.6311081681270747
0.6304281090350968
0.6304165817023129
0.6294119724513636
0.6334925495958184
0.63340163324164
0.633496897520328
0.6326202737591133
0.6314257521415862
0.6283872181681206
0.626077725498273
0.6252415375730042
0.625579266313014
0.6214943743864563
0.6201868264680097
0.6204306327753923
0.6200870278870912
0.6154058291914315
0.6093438848093164
0.6029812935987559
0.5989502986920433
0.5971634390710084
0.5930422915648972
0.5882105267419522
0.5787675842975321
0.5729169808350908
0.5701623806741104
0.5709483165873135
0.5665803049065504
0.561155609489736
0.5551417525105917
0.5432515807038822
0.5268693211343072
0.5096952169528713
0.4953891359586486
0.481743298249952
0.4602585736380221
0.4323325785722187
0.40728596845784054
0.3846043825347128
0.35504024340436036
0.31708617819265034
0.2837186900783203
0.24453827246790216
0.20834890562177052
0.17318825794908563
0.15556880344752327
0.14375416505562166
0.14619679109092654
0.1414288548840001
0.13667384836904833
0.13116145544745808
0.13127711674799872
0.13162006869450835
0.13013950605148805
0.12993828858266004
0.13213629403958027
0.1296966320186937
0.12345689044806386
0.11777957233805092
0.1223522420900696
0.1254187784025876
0.12656277243173547
0.1262856433400677
0.12898663018601222
0.13022084780182608
0.12853944772483286
0.13240677803147805
0.1408311697238234
0.14531427824345305
0.1409036822563789
0.13979390943890133
0.14484610954831809
0.14954660261218428
0.14572025884430787
0.13804392244294886
0.13415423190286133
0.13479032530261262
0.13378643529613835
0.12562557655538317
0.1257531879186415
0.12973035581287926
0.13333102461835253
0.12432804196095756
