0.0
0.5481727574750834
0.6209059233449488
1.0
0.16256157635467983
0.701098901098903
0.7010989010989009
0.20204081632653056
0.6209059233449498
0.9999999999999986
0.4212765957446816
0.5142857142857163
0.8889795918367338
0.4212765957446816
0.48190476190476234
0.5836734693877572
0.6599999999999978
0.6600000000000021
0.5836734693877533
0.4212765957446816
0.6600000000000064
0.48190476190476234
0.514285714285713
0.6209059233449479
0.2668463611859848
0.514285714285713
0.48190476190476234
0.29010989010988986
0.6599999999999978
0.548172757475087
0.48190476190476234
0.6209059233449479
0.12571428571428586
0.6599999999999978
0.48190476190476234
0.4509316770186357
0.8380952380952452
0.4509316770186293
