0.27108851483887897
0.4450481894273849
0.5715828213220456
0.5594070020331187
0.4079491598817179
0.23806183792742203
0.13648314014871765
0.07376176739454163
0.03291772609283637
-0.02272826283074029
-0.004036892584333889
0.03292022948178793
0.062135831387519776
0.014999147135920005
0.005457240522811071
-0.015723987540228558
-0.0014634959115752812
-0.01596443332306723
-0.14130158888493388
-0.32091421009988624
-0.8633259595127979
-0.9336364113735575
-0.59243515329166
-0.01880789829563585
0.010322577887033961
0.028854643505881686
-0.0023222257643972176
-0.005266166748748616
0.034252591375922896
0.188703196689557
0.4091846017715675
0.5777680004642892
0.5845244884783912
0.4615364940766416
0.2990348467022037
0.15960366647364674
0.08290408368121695
0.04400860420189876
0.033162952285450104
0.02382179485134477
0.022734516293229503
0.01332905955941069
0.010063225144519222
-0.022278184511311167
-0.031073981700477808
-0.0057589363666923875
-0.004922352536242629
-0.022133401325241785
-0.02170430339755409
-0.09738937718513731
-0.26638712345032106
-0.8804407131446639
-1.0
-0.6489309394761025
-0.014890733721104004
0.014086023834033958
0.010646462849383262
0.0068500458293013515
0.02039004980704294
-0.00021162305458592747
-0.016289237020173836
-0.005193325071031826
0.03665632245124438
0.15288744461043344
0.3996416402210567
0.5948297393578416
0.6214810018693827
0.4656725544394054
0.2511030743687953
0.07214348992978242
-0.015625944917167046
0.0003357312127288197
0.008848147224543837
0.016427932968359045
-0.009870101882525186
-0.015503315928674252
-0.009540743277400633
0.0038388280543767933
0.011987427553246801
-0.004599377290755512
0.00833900007491024
0.03183486091394998
0.01529080568487177
-0.14831016331135286
-0.4749929710539662
-0.9352020094425973
-0.7674495380468066
-0.30375081971742207
0.0872416381602084
0.008996968422004713
0.049193356082043005
0.10128311024255764
0.24630961171853963
0.3905852535570175
0.40696526119114534
0.3341829854099466
0.2419281083472745
0.15442285275996814
0.11450649475963422
0.09336169624707628
0.07234416837124134
0.021111519975053377
-0.004497883837974866
-0.01142617048604594
0.002238039777092389
0.011549693310444599
0.0089306378215122
0.01224968978228379
0.012497112504395088
0.010184722177799723
0.013272220945004963
0.034857432232745685
0.07569994049961354
0.0361104005717486
-0.16799696752638782
-0.549999940174409
-0.8942294908302977
-0.7247295459542912
-0.2962409575450851
0.02065456550533717
-0.005983239626577011
-0.023756365102427675
0.025284569607626782
0.25772829474924897
0.49284594060891723
0.5712658235748866
0.4379531720396143
0.2602362492000267
0.12288253993854291
0.09778896374071167
0.08637060609152686
0.05709397785932543
0.04660358752669954
0.061187443919711086
0.08727225117261452
0.04381486675979439
0.01566342557712529
0.029254379295051595
0.029996074617280356
-0.007991328748249815
-0.01777116165719484
0.020992577391251717
-0.0212227484168595
-0.1539260124747003
-0.32168089321371196
-0.921804698000612
-0.8634266914117649
-0.4371353725115367
0.1403434361568897
-0.0029493822997507615
0.009920608147429302
-0.0160377089914992
0.018653082299824677
0.06731510590677543
0.17580902110154803
0.30213696137424506
0.35748072026183664
0.3408361267514517
0.3265126166596607
0.29658237682245253
0.20889897953680067
0.1129546216361389
0.07229182130724839
0.04463807891798742
0.05360084687161223
0.05465432283293225
0.006887957578391411
-0.15448566705174505
-0.3688864756713121
-0.6094107724229496
-0.6648823079271139
-0.3780360909703225
0.05160979153043815
0.2719157890934732
0.36768476876867406
0.38845177491947985
0.3750725533121765
0.2410669439351004
0.10146811906193905
-0.07484868584841266
-0.24319758722569873
-0.41679141486315435
-0.5750229663607574
-0.415076263751198
-0.06834391809978327
0.29077703414665235
0.4173898099913559
0.5159931237545434
0.45771075902671143
0.2730550247091695
0.038654564968858406
-0.035182292808334605
-0.06369280603726322
-0.14686747048462637
-0.3512289049516693
-0.5295689366811088
-0.566734996690176
-0.29025949344301555
0.15299681138064788
0.4281963526142782
0.5344303850676152
0.5167742701387887
0.37261679965691513
0.06571195749554098
-0.06682713907887129
-0.07381294968500184
-0.1442871563621384
-0.3674824617023805
-0.6787013416546713
-0.6253845201607076
-0.34393320152890666
-0.005238139809556148
0.15292633731644525
0.39341891269365337
0.5332617847494555
0.5140037256223253
0.3236628159272436
0.11375105235227931
0.01614425065428067
0.022980957886023293
0.04417257781973805
0.0438240210119407
-0.004782991351729892
-0.17508583145242765
-0.4354920290546875
-0.6675544195209913
-0.5357665647193152
-0.2271596538214733
0.09649918667162347
0.23292151538861508
0.3552794201530019
0.4352790069226312
0.47393470077858735
0.33482354983534934
0.09095948095940304
-0.12574804066493386
-0.34172489098046926
-0.6957338408048639
-0.6611296589186371
-0.29037392745541135
0.0524574052270086
0.20402022055355967
0.34175088287729044
0.5535547453321421
0.5159058135170206
0.3362702546173168
0.056794033408069176
-0.006138336166696589
-0.00945051811229239
-0.12940745498809078
-0.4336441723817509
-0.7398288659361046
-0.5866217272668472
-0.23154601373042047
0.0409096848707937
0.06819190123772066
0.30195535778795946
0.4837581634616434
0.5721099039757668
0.4176462284472289
0.21155226443046624
0.059740844377927635
0.04332794835050224
0.06273791645630035
0.03590974098404692
-0.0765477862352422
-0.33239002259146627
-0.647051972713894
-0.6396041358599126
-0.3488404669925843
-0.02933217494421036
0.17682441043001024
0.3440798251146154
0.4590011679680073
0.47774674467932443
0.376329888045568
0.09380485826444217
-0.2407810861975882
-0.5444650219273734
-0.6930180310599682
-0.4794684079846081
-0.12323809242595019
0.04222495167725728
0.10680066536764457
0.3326729414788549
0.5429494146537336
0.5618898535191528
0.355659788819144
0.1315762604468612
0.018987192915007296
-0.012135116855847705
-0.1392967879681051
-0.4163901583541911
-0.6564280578798752
-0.5484509100363837
-0.19447239830433233
0.18219767406644563
0.3232499934787695
0.40764193419153955
0.37799795954772925
0.2899349650233669
0.13834478194884006
-0.012400312508337327
-0.2001125104205015
-0.44151119638755243
-0.5548032723349856
-0.36675031902863053
-0.07707159977354518
0.19803356579631556
0.34120624264186394
0.4822879720086684
0.461985452029662
0.2990295522555545
0.06597523357371407
-0.09084761368042926
-0.23586685651411157
-0.44941206091362484
-0.6127686512962572
-0.44544454545209894
-0.07684771020051226
0.3204903972946327
0.45506015401142197
0.518899872373656
0.41063239374631266
0.23381492262417813
-0.03062119019662967
-0.18946963224039712
-0.33868932415458325
-0.44603644367373774
-0.45062132200503624
-0.23145438703113055
0.09808816174202509
0.3155158326943585
0.3896442691712573
0.3463216342835637
0.20928925765167258
-0.086253758545375
-0.37921167383845633
-0.5452565411781707
-0.3767831381087863
-0.1089793481453168
0.12170462250394001
0.21402462876484607
0.33628552133390904
0.40186774600195047
0.3465643567718242
0.1811584789084876
0.019935341812805533
-0.10677753252355988
-0.2202292354240016
-0.38183464351325275
-0.4206275185290887
-0.18937293058501128
0.13936984896593174
0.3048465311368068
0.3316800631184043
0.3451930378319545
0.20651568847805982
-0.06621624678232912
-0.3654229397084564
-0.6406242041493657
-0.5275622664678218
-0.20519922118106373
0.030975792579470147
-0.00581131126923443
0.05309874370523388
0.21925029761866965
0.3936386890765811
0.49092305688998195
0.3711321438334443
0.17376721541009077
0.02593741358174088
-0.02626041305268859
-0.14903500388734772
-0.45810083570077265
-0.6046584991047992
-0.4121929588155175
-0.08211641883510833
0.08756039102474124
0.2248161840296754
0.35049354837442587
0.39538740362686653
0.3570505495454356
0.22329553704223273
0.06787569137566275
0.01250358178299581
0.0038308966438079877
-0.13858324022198837
-0.3774878149942149
-0.590406572791869
-0.4643638584697396
-0.18745090970244166
0.031594115937281585
0.1658116267967988
0.3349976749889035
0.43060923913968685
0.3523526578116154
0.2241630236076282
0.06656717621683675
0.02387011051410761
-0.03452678989840773
-0.19108150276377517
-0.571714501957426
-0.5800433533224509
-0.30132352348847985
0.027719273251405094
0.01152909786659409
0.07521698267137698
0.211048821994521
0.39945168459158226
0.5165747646709598
0.450475490811622
0.23545248880665587
0.03850902442596656
0.0036643736171154784
-0.011933450760656522
-0.10828970415391047
-0.3062424613410189
-0.5199753920791889
-0.5708306886355098
-0.325602273685918
0.14972017764906628
0.4441505679556296
0.4980486585837614
0.3278930369621973
0.0591570882756996
-0.27769655559997164
-0.5271931096835695
-0.45813455666545877
-0.23515426009859067
-0.031138130825826338
0.042666271915468346
0.18074853448535919
0.3376877754540705
0.4747588680836636
0.4310296191320449
0.2254584442870593
0.010543970582378564
-0.10918093894384365
-0.32705356442163985
-0.5899483389818161
-0.5130167064624388
-0.21306047352971377
0.06375325232343158
0.18520821559091966
0.34255211234112326
0.4655469895313151
0.4234881607084511
0.17248830822968533
-0.1884341313197463
-0.4777499130388344
-0.5145762827355573
-0.34788873875400034
-0.09570014072178186
0.03611206659740833
0.1521655454681027
0.29066295389016167
0.406998818967008
0.34395774132179485
0.08264086538113678
-0.22658234544406633
-0.4325347239120928
-0.36215184496983016
-0.15282410505733157
0.02710706993716641
0.1608282245057199
0.34916474953632226
0.5147426390044842
0.4056898372889958
0.18718001358338737
-0.010413875302045529
-0.1153189762944275
-0.26559389332334593
-0.4465632883013061
-0.4754335929579461
-0.2923591099629161
0.01935266977330461
0.23555317628483327
0.3466475609635752
0.39588519880178596
0.3169346733122636
0.14598542305854595
-0.05757190846973953
-0.255627199058374
-0.5300812296285137
-0.4961849067162177
-0.22848529622236918
-0.016577394925789322
0.029716529846212966
0.2035619553957028
0.38583091471687314
0.4731778679610986
0.38567652105154615
0.2256143228146687
0.06070072021826174
0.0043511396170004026
-0.12112948187552926
-0.263803504586314
-0.40006044893622056
-0.36481434709723765
-0.2186172435109259
0.08174797170674597
0.30723201459337196
0.4264872344681108
0.3421829486912798
0.18736760890078547
0.021656995574408137
-0.158407039100884
-0.34971075198170537
-0.5861401960801339
-0.4779729681092116
-0.23505416957361563
0.002367101131477899
-0.0038100899156263608
0.1769991539767377
0.39519575544894325
0.536636557595322
0.4263625034445926
0.21878160386686207
0.06253673275609911
0.038302242929863145
0.047577549161574646
0.051873304255436
0.05401199749625954
0.060320245716349474
0.003250570985713716
-0.09368912369681856
-0.29986559813686875
-0.5201112041715327
-0.6209383726850478
-0.3464906744073117
0.024086885809335944
0.3158133162386191
0.36176571894563625
0.39982623140812107
0.28929712309322975
0.03740697389167385
-0.3153083139359393
-0.5633223555255139
-0.46824612906050916
-0.23045150765881103
0.03136700178576462
0.1956557121862045
0.39507141222344
0.5146087618030377
0.43699554440672034
0.2076732451009996
-0.009836345394091625
-0.0374865401876439
-0.021099419754961126
-0.039352173373881486
-0.0024572944041125794
0.09803980177436447
0.14168569902727832
0.09660644104370497
0.03969204582738971
-0.02317492891289205
-0.18901882109333953
-0.44098917191297976
-0.6578951280759443
-0.5031255317020489
-0.19781773508372327
0.0699903607328857
0.18193576409855117
0.346607090151458
0.3393952622218357
0.1308927219608718
-0.24434009505635973
-0.3860004104080744
-0.28643345545785776
-0.03259371087637506
0.09873881377946642
0.2636870845638254
0.39232767889252546
0.47200018230596635
0.31689457221173534
0.12354651620076891
-0.09569722676045336
-0.23865628932585997
-0.4041741048541303
-0.4350459404681865
-0.2875123772165049
0.06065365228352473
0.30889624781072933
0.39327243911977605
0.3574860218733473
0.24164911179646903
0.06439814584166205
-0.06128764515244052
-0.14319585653298386
-0.23551773417832506
-0.2330789676567811
-0.1911612537986382
-0.10877131777000466
-0.011352702991490772
0.14601077592404033
0.24294271052741193
0.23091527936625594
-0.005240901925604883
-0.30350963522712154
-0.5190614951336152
-0.35984334875680335
-0.11232931841557062
0.053763671155300105
0.03893548132559765
0.11254469759167433
0.20362180303488703
0.2132384417519527
0.13659468025210172
0.07312218004227258
0.10545405925755975
0.19329059393526843
0.2370578735246975
0.18443043510434698
0.058567401759390174
-0.007625931185858075
0.018187386857442832
0.059628799716831195
0.05642477949692645
-0.060498330121026865
-0.2193321440920325
-0.43034439505407523
-0.4251558054355692
-0.26786466822420757
0.021437183411839433
0.1766245936611072
0.24574108987304372
0.22609258329154203
0.1349783233695047
0.01673953727360132
-0.20344886597154047
-0.38324886006067593
-0.33767593323384854
-0.1327334792579411
0.02249270985434332
0.12849676744987662
0.3059162694567826
0.380292895571363
0.2475273067152318
-0.03946529518249537
-0.28477430849632573
-0.37013479953061534
-0.2076034935894118
0.05112375966390642
0.2596289266635741
0.3051369484444701
0.3377784265373774
0.2503560815079453
0.07165168200333877
-0.04708728776719611
-0.01094591929322505
-0.0010135236607842352
-0.07197834874326413
-0.10871297447657646
-0.04581274741807365
0.13492340172186007
0.2091216129850661
0.14419178303833083
0.04577668615293807
0.006372751429732775
-0.029985043466507936
-0.1359034962211239
-0.27330966780976224
-0.41365667528117583
-0.4576926886007879
-0.2853946502226537
0.02245968344978467
0.23196886661711227
0.25604983502536477
0.18422587118426684
0.073529702504555
-0.07941010106632296
-0.2031261072503125
-0.22197444200005556
-0.15503664018875588
0.028854272958798832
0.14929207888375312
0.1784334254801311
-0.026629994343266468
-0.24180220320243867
-0.2982984408377254
-0.13670028156935035
-0.01710718073528319
0.01018801892539647
0.03628181513814926
0.09657023075619174
0.23004483999837896
0.3474073702538005
0.3620214671967349
0.2362428305403983
0.13415016335619281
0.07885985682824936
0.07834347261615074
0.046322670389434065
0.026139503943072538
0.004974507292815877
0.013168248161618854
-0.11846420884159671
-0.2204289962805001
-0.22903581851756458
-0.10867705282759417
-0.0035119070025253774
0.1366976100364912
0.23343066329544945
0.20392802203382454
0.02788477200264542
-0.18073550473433073
-0.378155478927416
-0.5297251526722644
-0.3959412842498637
-0.12814403282493217
0.06306493077153104
0.16117592133449776
0.2983680178067632
0.2806702788042266
0.04423303322888107
-0.23814864808899275
-0.3117131041153144
-0.19569821817035984
-0.003974840242537367
0.09166126595374169
0.21252110081947348
0.35895624351902233
0.41920313852762064
0.24953695126657013
0.010541224152966024
-0.06048230940055519
-0.008987035339141174
0.04842431262636084
0.06112041743494899
0.09306350940892566
0.07555938250360837
0.08688830596945449
0.05303212498099749
0.026073120491553668
-0.023789342406168142
-0.12512037772099915
-0.29523081635318865
-0.474082501534787
-0.4955115201065804
-0.36214105455800616
-0.11013891257727135
0.05160438486200503
0.139389603924342
0.0726628577596393
-0.011813907199205555
-0.07146685376241227
-0.03022449419416811
-0.0026274990965084928
0.11811808413439757
0.2654230223283051
0.3841656441222688
0.3853515876384301
0.24764711041978218
0.07854859785913662
0.017267964440096074
0.059422769656735236
0.05989402306577927
0.07028186496673146
0.056192687406215955
0.027123855306209387
0.005146671122678212
-0.03270053410767109
-0.21498502691814622
-0.39248422083468293
-0.4256618151100107
-0.34223660101112624
-0.20392080993290596
-0.043292682357521456
0.13482360375862645
0.19838891041688625
0.23258567130218138
0.20708409852969958
0.1367124755078685
-0.0506298427735636
-0.4035600653766465
-0.4636242131636495
-0.26407152338441864
0.005482158304489194
-0.01840750031148781
0.016985307624923375
0.15221237500513538
0.35671546316941005
0.43997968492844647
0.35187108034471315
0.19195017742372653
0.1015778720986262
0.07108283333153705
0.07510924481834222
0.07107752791838291
0.04694413934772162
0.03268067049422928
-0.03879917071722611
-0.18030203947635132
-0.31455116878463774
-0.3156851467147975
-0.289112484903702
-0.18748868740413643
-0.003036911101395209
0.11076931288464868
0.12241878244403788
0.08896569501066638
0.06700967337550025
0.03364241381328935
0.014947508526963388
-0.008869814744025054
-0.15225861696558307
-0.29659762927598166
-0.321413855146418
-0.16708954891229438
-0.04556912374620898
-0.00464920911248066
-0.005012126306022032
0.04123978234005541
0.20495308543017296
0.37675658326053313
0.4054175246548933
0.2779886898855076
0.14710119655826992
0.07490905522043587
0.07060891546523702
0.07032198996909264
0.056821490921703514
0.029161244166570767
0.0369650726223827
0.023019103848027595
0.00619158422229927
-0.02885677735041124
-0.04163111566250857
-0.048654062873299334
-0.08273760658059147
-0.1580451792154769
-0.33934383178844696
-0.5049813818398933
-0.4255706368038329
-0.16222736681857228
0.004454817405827075
-0.01333427435635368
0.0670596597597936
0.22998965352107528
0.26371740640722513
0.1349459715104246
-0.0057491311891185014
-0.024957087293426522
0.035556311746057695
0.18999299451452628
0.3120098893534725
0.2976092039325731
0.15853445084720336
0.03608029733414873
-0.0028447834071430897
0.022967801035144307
0.05826185413415301
0.06027598943793145
0.03400683850120634
0.018868522919089827
0.014045769397372334
-0.07393829987900226
-0.27281275625598234
-0.5188527204553375
-0.5714752344446974
-0.35606216914418104
-0.08845540284743536
0.016511679319943913
0.032074227951907355
0.040003372522251904
0.13411442982862815
0.20139801730418655
0.22569296049841414
0.12267390686119718
0.08695836090021468
0.09394511277195536
0.17704412508071443
0.1968976357439816
0.16186252937349674
0.07738582729814115
0.036751755670383066
0.01395279352935459
0.00769242497604036
0.02738130375964913
0.06452408691205001
0.0797945047749089
0.0175996774310094
-0.20298266863682266
-0.489115451206855
-0.5971412679542121
-0.4073286515634093
-0.15312595339100302
0.002238946802628175
0.01687859079616939
0.1111772828676494
0.21747166472249352
0.28840799761412284
0.1827147051123647
0.10573455248089898
0.06566726424566804
0.15124088971000024
0.2191296589130944
0.23469741326397828
0.1341676777137385
0.06287827881447373
0.02163374249308822
0.023918076230228413
0.01662840563034518
0.024616993335718537
0.0035534536447943644
-0.12910288144729412
-0.47934187714557763
-0.6510435815039317
-0.47467802599309233
-0.15022746198460493
-0.025829469301058502
-0.014706942878715492
0.04853948368538098
0.10326448725790618
0.20249175693652624
0.22929835767508383
0.2067537653824763
0.11718310027940386
0.06574476871153848
0.06767287184650027
0.08944854016683786
0.11350198139853404
0.07778894106363186
0.05880604910675652
0.03302728279168115
0.03750949066614456
0.018008419344549272
0.028895076762045564
0.010959628474763236
-0.05457235036607182
-0.24877906632812002
-0.5045831995353103
-0.4977124385349067
-0.257647635259195
-0.0072616635851252284
0.03474622917080175
0.14903139218562944
0.28642055436929714
0.3769891282017356
0.30594999707126436
0.1789910677935618
0.021485024869364516
-0.08748518158335163
-0.1313789293932966
-0.08981975741785708
0.0198193191211996
0.10161106541069019
0.05863710200029372
-0.1416656189855336
-0.3220929018923334
-0.28413085669491256
-0.15777945064732948
-0.06448249186437727
-0.003890738889252727
0.1288844090766851
0.25392095183031915
0.3209153102490232
0.26319030437720575
0.007376402544122574
-0.2324061404124807
-0.3617336138498138
-0.27746704449651444
-0.0716148543110359
0.13308299061304404
0.22220650875606826
0.2302228448979527
0.23415979127519976
0.14413732068571875
-0.029412041235441916
-0.23129895035812312
-0.33241632725584
-0.2577932448970874
-0.08092641651763131
0.14116817933529063
0.26320874178373627
0.3312873187108001
0.27630132191804374
0.10038362214185223
-0.11604301968744053
-0.2678752368468021
-0.3068329127064083
-0.2808502392892678
-0.12142710838339058
0.052808920399854596
0.20720615434591588
0.29044758135108967
0.3300658413139346
0.17035259849788756
-0.1276634295939351
-0.42691685054008527
-0.40278138557020304
-0.2175754554228899
-0.013253357655544652
0.06492448885756065
0.2242030538195276
0.3707142853609274
0.43400430441624266
0.2661846493745031
0.06649384732911405
-0.0708847163249571
-0.08635450042546876
-0.07745401096200505
-0.007816699899162338
0.1123608640797029
0.15740537345700972
0.04303291696332347
-0.17777249573726076
-0.3283803028341957
-0.4037835859797789
-0.3189646704194771
-0.14110433969601427
0.11933841937326975
0.2404909201508512
0.2658149039126787
0.2347315238179937
0.15263535150507485
-0.07602189509899719
-0.3567129097156473
-0.43143319854816425
-0.25186685118867674
-0.041112386010100685
0.08623970702246046
0.19917624562670763
0.3472181955325659
0.3892338213720681
0.23659092990142155
0.05660427829084865
-0.06143883482403679
-0.07264490391209595
-0.07781009280477988
-0.06652065564858253
-0.0247910429536558
0.03934459237421481
0.08989748109511855
0.053260152728195585
0.015661175970553044
-0.01398501833413304
-0.016616999629603793
-0.0018142517644728605
0.02300787193567845
0.03790309301942354
0.02458198927533637
-0.021738105329673935
-0.07298593300882009
-0.0954630292841311
-0.04903823686617881
0.06173292831327041
0.17023127988655173
0.09750120979321636
-0.09529117518966809
-0.2709142846900931
-0.3605510293077885
-0.3546748955886743
-0.17595560547864045
0.02660778638116477
0.07252353961754261
0.08303201153207633
0.1572971341534032
0.17310697193529775
0.033279248032454606
-0.12046149166849489
-0.1802206610662141
-0.08849308287348254
0.06873558721063652
0.17703239538198492
0.20306787412204333
0.20046048276829792
0.15213308879225293
0.06436277574376689
0.003351373987722398
-0.030934072670054363
-0.01276478205203604
-0.019414175008318234
-0.08037234058212274
-0.16585366047236472
-0.1378517698226525
-0.020842745811256336
0.06210540076301593
0.08118562703863248
0.09149665135097239
0.10899511999461019
0.06553914415866186
-0.10055680636620529
-0.31051101968960604
-0.3377656679205241
-0.1733448841794333
0.0706270611977646
0.19950371842618303
0.26629552627418923
0.17838456958261414
-0.008505146220340463
-0.2054995326722814
-0.25247486383741713
-0.14168200116301205
0.0030716256166419538
0.1833048181385958
0.29960016072058326
0.33381378356981456
0.2003352695811654
0.06721773938405984
-0.015920511079810948
-0.03789276576591289
-0.10870217493057714
-0.24239378819387203
-0.3536287746467982
-0.30249970622801414
-0.08009929939297568
0.16651992722103923
0.2582980046566729
0.2700795587544987
0.2212738428358683
0.11930648487565365
-0.004879955283475325
-0.06188156415424046
-0.05629132659248328
-0.07495974033361633
-0.05691060253229872
0.02566438363560343
0.12263327519968782
0.10625632141027189
0.055439086697693096
0.00214847057717915
0.01989344444541405
0.04634437539469995
0.02694640304870772
-0.1030125452571508
-0.298315986031089
-0.45757663888799843
-0.4139653919736736
-0.14493407158405197
0.09478710032406766
0.2137991066360328
0.2776017848105867
0.3284860307914534
0.2520655379151923
0.14912877674653516
-0.016765379234417746
-0.22967768112314524
-0.4149684027517303
-0.4303443969813383
-0.26141989289265766
-0.060915705845399314
0.16820150329680983
0.3495133699285949
0.4448565723605602
0.3539974142933721
0.1312103699444225
-0.004012774365656749
-0.04221810526976532
-0.008433851577213986
-0.020662016653347878
-0.007429732526566572
0.01330373197667183
0.014231822250345801
-0.026386567415522366
-0.18922834256211002
-0.4403566811331452
-0.41920132861152326
-0.19134661764919458
0.048532675365086195
0.10563444413703942
0.24660698248758783
0.3227602362484164
0.29161367859334975
0.1876237184522588
0.07217958341072886
0.030614151293807235
0.03677384128196445
0.06869459103770492
0.0718550228472625
0.05930605476379917
-0.006013202062708531
-0.1271244057228962
-0.18448745682844633
-0.22015836452751625
-0.185624156795684
-0.08189812494121129
0.160730184106767
0.3252592265034166
0.303982020299448
0.15693841729881497
-0.010205191399148278
-0.17552141745971395
-0.3278258756541188
-0.39474061136145994
-0.3538916149740829
-0.18501710446289701
0.08577121294283
0.26284454962660936
0.33136486031624257
0.30966407629567966
0.21762888552702653
0.023785165637040914
-0.18691989068911635
-0.3629746642945612
-0.40243451639080563
-0.27452820034420317
-0.09067737038102294
0.027395923226738103
0.1550632917513149
0.28092272058075424
0.3249694032284719
0.2677098825763768
0.087523765845086
0.014443624836604097
0.016340997311238
0.10412623788417599
0.07023778513752758
0.06686173331927056
0.044713409987831576
-0.025777745629836254
-0.1713157010771902
-0.4131358271153303
-0.499265598160835
-0.32414259461393585
-0.04012340342337553
0.06480346105662176
0.15870950523844235
0.2879015287978267
0.36834317807579775
0.28129302240867843
0.15187319511616046
0.006288216950990979
-0.007008381666048479
0.019463071430754604
0.030908356510627958
-0.04998430148702818
-0.12502876214731012
-0.2336062319745719
-0.30486389003079045
-0.28255982201941093
-0.02283225034901454
0.22519099052634828
0.3314225383168158
0.277027225283241
0.20326855965672075
0.08995144820840231
0.025687346721264076
-0.11277713505063765
-0.2952387152062495
-0.4311695781213698
-0.4326310925371036
-0.2989671521086834
-0.12056246955915635
-0.02662848760435952
-0.03449912039950648
-0.015811821665314394
0.06096861921609334
0.19468431468340752
0.353602932997321
0.3813581454146326
0.29382546699724565
0.15123216433468764
-0.0005629308276613454
-0.0754476004644905
-0.0310649019277727
0.002069246232570549
-0.05107877420863412
-0.2637071935112667
-0.41053589439918126
-0.3329032773743496
-0.04565234272818466
0.11565111391700911
0.23824542094452456
0.31718629469564735
0.34825883568781557
0.24380928591980222
0.09373036393585271
-0.054356491487439006
-0.10896590269817706
-0.09650720026348877
-0.10268146556251304
-0.1277626918364939
-0.15967684799035295
-0.18460845085789032
-0.17307462077148172
-0.12975601838283346
-0.07399482921633863
0.09960964677183798
0.24620324798548743
0.32391710256115835
0.2648175272270081
0.1805719158414467
-0.008380282433294776
-0.20382322461911054
-0.39420092070293017
-0.46037395081432425
-0.2959964018146968
-0.09845926964120348
0.00890760940919138
0.027828648886389813
0.08804133246804456
0.17599108212390854
0.27111443773499594
0.23677846493809337
0.10576476446561296
0.014953253265210891
-0.004808750294460562
-0.027960059438482846
-0.019931435423074254
0.01447966926893146
0.08681894861931003
0.1458161525980699
0.14618550635501965
0.07849601806797636
0.04830667480749179
0.05078303721493876
0.06360905541534173
0.017750031624574638
0.006757712749928492
-0.04055814468467234
-0.10975293856725953
-0.2547638438455356
-0.35981941060021333
-0.37153481269988314
-0.1700746871433049
0.036695869802996946
0.16122588222634252
0.19596096417420517
0.24763861887680458
0.24806470173487172
0.1697796848455952
0.04998074519105296
-0.02002344763157304
-0.008030874877043069
-0.012007390624203302
-0.14981591141588002
-0.45561886754015757
-0.48838005426643977
-0.25350812570961745
-0.008720927705784429
0.021671623282197783
0.06852371834109673
0.14419609084348042
0.2369268725021297
0.33286420599692634
0.3304520961880475
0.21587509922171258
0.10100003141670652
0.0236146344007491
0.044671538951690314
0.099371672783919
0.12658033149205764
0.07040350714432088
0.03251427039325921
0.04003479579934101
0.06543414600934805
0.01779930940419191
-0.12854158015671774
-0.30511568162619274
-0.44930376916541526
-0.48853180275719105
-0.28767507557928323
-0.03804923816547181
0.12891073746945006
0.17825652049024424
0.2564526711837051
0.2539484831060307
0.1985332654323424
0.1220271024250554
0.06657713539283447
0.050165814676269876
0.0710252302291131
0.06778976764712989
-0.024719139181311064
-0.17958346978788703
-0.3259428698205049
-0.4298041871939242
-0.3546221132166193
-0.1610655172177035
0.04758389773125229
0.11268750705959009
0.19687201967969026
0.2792082116755826
0.33593231078241687
0.2816413640408233
0.15248119240810581
0.028046961515707163
0.016577320124297776
0.05224535986643157
0.08845933136202745
0.043991720958211224
0.0374228276816782
0.044179046841062136
0.060873256444336776
-0.07074275772507006
-0.2990092231199533
-0.5794977403515525
-0.5228569829439621
-0.258947200304263
-0.012282459585080164
0.03206688949874041
0.1334238251771435
0.23770146216687582
0.3033387443969211
0.30524361447396015
0.21530003420656676
0.08607642017030787
0.0025466527552708814
0.0378584438093763
0.06681618539023407
0.08635215838561956
0.06264889973046056
0.06811582494656367
0.007641255609883885
-0.11894056334425414
-0.306733496638561
-0.5131321136264125
-0.4884583397223326
-0.26588518619196416
0.0016814936785496748
0.07225447380960956
0.15311470237326108
0.20800795025729643
0.2514742776330353
0.20037348793060622
0.16252509076394736
0.11653971516157392
0.11962317045374452
0.12220993308811959
0.12658441630697342
0.08917927671475083
0.0393390312866789
0.018549245112365977
-0.01698725183329557
-0.12163109518647854
-0.33890332948717333
-0.5033508187219282
-0.4505334380299734
-0.18735182359722052
0.03548634778412714
0.130356103123524
0.18347506168497243
0.23903018871979687
0.23799878711605793
0.2039835352511207
0.1396687634834615
0.08364587102157937
0.017714052897752637
0.03450565665267196
0.05139103475953455
0.06676832798755127
0.04446245689573943
0.01739465097473552
-0.09656641507837259
-0.3263396350988038
-0.5987863255143149
-0.47166022582535927
-0.17244670163536988
0.03732946912931514
0.005511891862965636
0.04779629568198794
0.15497924075022934
0.2405448247237714
0.30236824140351914
0.27602798296376374
0.24136688544985144
0.16318310832710523
0.11672258731779349
0.07135553182314051
0.050229076396223454
0.040890445613612915
-0.03709700653298849
-0.21923735660906613
-0.40463582658053904
-0.49117216971262373
-0.3507123389991762
-0.13540174679070033
0.044442822295458345
0.17344213961640434
0.3131815855061651
0.36639344997214973
0.3036665329147863
0.17602374443105842
0.05366365886272565
0.0158333999213533
0.026079269704666487
0.011998084635155776
0.04578688933096211
0.07509954729614036
0.07064301530421149
0.03867523979165139
-0.001636092070109473
-0.11821693165003352
-0.3333109612984913
-0.6002714920762502
-0.5068015926835971
-0.20502605365383722
0.02781965096447969
0.01933147442380375
0.07086420672541129
0.1421785301227456
0.20643301197280542
0.2805766773137437
0.29009001353121383
0.23481415862973617
0.1021146774708456
0.034761954439408375
0.01298375061245838
0.07225137564540066
0.05468525652850652
0.01364687263941988
-0.11122902126297803
-0.24386598709831445
-0.4154623635406317
-0.43613673636213107
-0.26891659529701456
-0.07610996004873814
0.02318104487507036
0.11121355897246749
0.23222318753737745
0.27340384135472606
0.2607547865072332
0.2155192102510777
0.06850648736149811
-0.2152605488472606
-0.40600098348672103
-0.3387958920997198
-0.11117917034163195
0.01633653341462999
0.13971260422777249
0.2450809915121645
0.3262658849699798
0.23860000908768916
0.027820814320390644
-0.3159885755481937
-0.46707251721750837
-0.29510871286526175
-0.048228670940455416
0.035241930580657645
0.010461924412516756
0.064437959716675
0.1865575515273425
0.2548187338278416
0.21953630541263014
0.13580087237124092
0.0757913791389907
0.004718500486381311
-0.018997513894307885
0.037307821097229216
0.06719815090935138
-0.057478915776929575
-0.24106926481420646
-0.3003175060758235
-0.21771556776342113
-0.09113768475375063
0.010890618913407264
0.11838019762476504
0.19212946346672363
0.24324591817695884
0.2126634709617733
0.10113436654634808
-0.09718727332026514
-0.3126493187551238
-0.3504090255788952
-0.16806698980142976
0.005042585429691494
0.06652084972032278
0.17160888287640874
0.2869778461796999
0.31107327324043077
0.22406728209272334
0.15086271687002686
0.025123029650454202
-0.12797852394826645
-0.29555666189692587
-0.41484909915225276
-0.31361615908138957
-0.045975827121166116
0.2041608787228588
0.27200567209889187
0.27449938377371214
0.26039984018600876
0.14697956733405654
0.06574761057820014
0.02382231290088289
-0.07041625821229888
-0.28268106116397745
-0.4455286345488722
-0.4068901180307102
-0.19138207795792686
0.0009202485305554572
0.10417529192382322
0.2198284350804503
0.35992336815521914
0.3246025485344253
0.15967774907278148
0.02572422497064903
-0.04061363738201225
-0.05715874079172168
-0.020924608368596862
0.017262198894524437
-0.02418067885298861
-0.1647579963611966
-0.24739264064341737
-0.22973542224974072
-0.037850430671573954
0.11474455673418772
0.1886435337381896
0.1791279299706533
0.21116724756325475
0.10205034041671628
-0.14292923553208398
-0.34374090134271473
-0.3542892901520565
-0.171085080880243
-0.022799469719293062
0.050955200330347124
0.09794680512511199
0.22371873277216467
0.2597944801376017
0.1748504495687097
0.0376154890632712
-0.05568633864896353
-0.08025907074122891
-0.061771955175471446
-0.03369888522242525
-0.0004969182868429674
0.016688226137329332
-0.04440076223930206
-0.198838091960665
-0.25736108644621036
-0.1745548901498781
-0.004605376996851659
0.07404545756160964
0.13389435469939365
0.18302434730234368
0.1767509906028139
0.06008507071839258
-0.1241790607767781
-0.22925647042080247
-0.16524627709086678
-0.010000010991567297
0.06435456158878193
0.12601085769376869
0.17966990227855562
0.20244613600196426
0.09716479076439978
-0.020352306009276136
-0.1480343444901427
-0.23284914478532298
-0.1821590416435857
-0.04579563097575138
0.10540994763122942
0.1688825859793863
0.18385163508831043
0.1365288111531187
0.047056655137567543
-0.025202774792788853
-0.09273423367987947
-0.1110263134706765
-0.08145637960393698
0.015333434108174114
0.07396953426889803
0.08366223297786335
0.06886324209980191
0.011167467091059645
-0.06272520790614398
-0.1221128472989064
-0.08411856774235604
-0.00849246034242414
0.06602819559089497
0.08700603911206331
0.08986904742122645
0.06707013450037896
0.024577001283789333
-0.00899103555814518
-0.014669769571826254
-0.0037656877940314385
0.0019237068557606438
0.005663183975928459
0.002772261502412959
-0.0005489224366976498
-0.02118296371509997
-0.08552026168591588
-0.13305668060229178
-0.16507579700624
-0.10793341133101307
-0.025920001936524707
0.08880858638179732
0.13940146902380862
0.1439741593226245
0.021632148902480768
-0.13160289664295097
-0.26167875018106485
-0.21015479420057365
-0.09669111274493268
0.021524852753717336
0.03583909627051754
0.13378436424084364
0.2326801049275401
0.24963496288498507
0.136358264609041
-0.06715311016276991
-0.33641124355912766
-0.37213446511805554
-0.19202509309583188
0.005919208362026953
-0.005046831135615163
0.04447033716446475
0.09816521741050432
0.2256424989776893
0.26211515449496875
0.21658397188967435
0.0909037722264154
0.02732601530161127
-0.001088199478612309
-0.019866859248230923
-0.009205058940650051
0.015538099013689497
0.017214892864219806
-0.04503293886316905
-0.13191550847412256
-0.2014826920580814
-0.14206442330446198
-0.024339526792103897
0.1246577978716176
0.18884989841448815
0.2043425162006171
0.15194799869894032
0.06750782672252052
0.004197610234247614
-0.06704485489043768
-0.09989994133984134
-0.14758541766930422
-0.09714269333425485
0.0013785194994633389
0.14311577561234654
0.19038954482109727
0.14581658340760978
0.05179041892123786
-0.011560039356187001
-0.04644533175801753
-0.05978011021156637
-0.08302731265663144
-0.07362192833009482
-0.05214974199109921
0.00659514344209606
0.047362936958335815
0.06328466444824803
0.02512015421114608
-0.006818267700838261
-0.027858810745403237
-0.05278467611618967
-0.09155849694422186
-0.10401294371778454
-0.04764901171298393
0.014790724576868104
0.04734684885392765
0.04249436443866883
0.046188957098722415
0.010292517267694229
-0.01651769501454873
-0.04266670895028913
-0.04542478931384442
-0.03249045081790555
0.011867641516722574
0.04600225211122992
0.05242792969584705
0.03753489548819792
0.004275525956915437
-0.02828915094693288
-0.03843973587586094
-0.015185043943967615
0.012689492404014095
0.033989048411313276
0.044508859459416815
0.03930503025085121
0.01809280284005585
-0.01758629737549961
-0.04686612112453942
-0.041338475789178854
-0.009302570211796809
0.022689554126111698
0.049151327049610616
0.04934153103579912
0.0360098741792849
0.012629792022402045
-0.00508724144414546
-0.036134493388791135
-0.029753677011419757
-0.006829683896636872
0.026810281332615166
0.01893043282736782
0.029051332454672094
0.014493972995499564
0.0022571624208870414
-0.03647749372285825
-0.022230005824467103
-0.010039276412435408
0.017883490654804168
0.035606440133226246
0.025472615148321918
0.005194149575095103
-0.013753810594460384
-0.015570208570083444
-0.03843750549677044
