0.463018436049947
0.0865526850037402
-0.02416953693490011
-0.015210941025518196
-0.025179862522156857
-0.01585224795005101
0.01431346176070092
0.007396554567479634
-0.02309945174987957
0.004902951075309015
0.028519121982445463
0.021297900642768836
-0.02450137393414899
0.008950003874324765
0.01182970157696228
0.00896389716592148
-0.015159999858721507
0.009973805332165875
0.0059895255826077215
-0.009664345375746926
-0.01999259542347919
-0.013268218940857335
0.0035866574472967587
0.003218541563863011
-0.01358269083788175
0.009785984262355609
0.005083747527063032
-0.002492146395958267
-0.01854487316445981
0.006417284331431487
-0.017565158200044423
-0.006832417358546001
0.009907805439505753
0.023695499651280337
0.005324060451713894
0.0022087524859378707
-0.04635962433200312
-0.0348024330237908
0.03321750840442468
0.06432029018913951
0.011065228247948113
-0.012900201616294758
0.009755602319001095
-0.0019857883644670677
-0.012235981416908293
0.005715542433899419
-0.019293204980023588
-0.04587482552414378
-0.015658160048353128
0.022803162624359077
0.028447120862866552
-0.005851991343432234
-0.009412950950287971
-0.03320220430713618
0.017551637864643182
-0.013733512123995385
-0.00019855621521190333
0.010011692027594173
0.015107340780977975
-0.004430240297873721
-0.013440679926067137
0.025187255031221135
0.008627472488437031
0.0017917783711870136
-0.022771512015169987
-0.0066358539037719355
0.003312695037176139
0.0071100999133341825
-0.01936001967316637
-0.014263471003445544
-0.011655259486287367
0.05856466227894936
0.017642921093832028
0.016211150345487042
-0.05179557187223363
-0.014161810011376699
-0.016750254022751727
0.020606923288436923
-0.008253228254164998
0.00391151524785087
-0.0038657759035441684
-0.003961382839148743
0.012152847932690322
0.012240831173208297
0.01745562068955295
-0.0036466388802578803
-0.0092836816209829
0.006398706086414242
-0.003157154195978478
0.004870208437904312
-0.055613417979239896
-0.013557108335421727
0.0013479818883699573
0.04335796419650265
-0.013739536628363054
-0.021541061896414422
0.0052549746586773045
0.019158968245810995
0.02293318689782379
0.024030948982432132
0.007101524556357812
-0.038233676406457445
-0.014694345523512484
-0.010104309500847126
0.0013857661409945054
-0.05110250788859739
-0.07823205567322151
-0.19455866824656376
-0.3270499577538499
-0.542969380192864
-0.7039899662578045
-0.6009371495977344
-0.40339919799869867
-0.2815738098356505
-0.26948712453550416
-0.12924482305676535
-0.027409691284399153
-0.018014933244213358
-0.019532022539664667
0.0034780772103435204
-0.009817952789366789
-0.01423507921042375
0.024950385557588238
0.02212998637802815
-0.011879494025870175
-0.010748180055333179
0.015894424901298356
-0.0009721592917561832
-0.012935074412353996
-0.007225625306124681
0.002263992464745271
-0.01627816579316134
0.019853883407927975
0.015479563794508173
-0.01882279445884766
0.009549168284270446
0.021354425259272333
0.13819296008073462
0.4478616809027317
0.8188767547753169
0.8423277846734442
0.6042456676400806
0.33784916398174325
0.22759848227278087
0.15673121039350643
0.09456124647126739
0.04816130882935053
0.06563384818176705
-0.01683083791273148
-0.019830204917750303
0.007959421935063708
0.011190095956728804
-0.024565876812366005
-0.00182102171291801
0.04228224266376045
0.07030069016099129
0.018262319855684685
-0.00831864678331661
-0.01924221734601656
0.0033314356171645363
-0.017155377657670588
-0.011652949597328835
-0.030575494208822867
0.0240743938444727
-0.0065824980991502
-0.006555949751832576
-0.028651504426955222
0.0004931921366766165
-0.05801577537896052
-0.05019605551734345
-0.12664607411865553
-0.285099005696209
-0.4331539449815122
-0.43380126875222436
-0.5152346850848871
-0.560698119505507
-0.49207746457810864
-0.37552219245075863
-0.3129086707511609
-0.13585876573272238
0.0331979344375677
0.0872819846100767
-0.013041532345728878
-0.06133451724216205
-0.05359909434323305
0.015892357817831847
0.028348081498707503
-0.010394421603183
0.011481336694021547
-0.0093125862928799
-0.007158049926314203
-0.018422033789374192
-0.012014737871673849
0.02431357627766305
0.0001898610373803898
-0.036137926975627635
-0.013027118669027888
0.06904660839073841
0.2804533134730548
0.5332364831904767
0.783430159990083
0.7745990260771627
0.5789774764362374
0.304870183196764
0.11936195229637958
0.10433019713399694
0.08071515053170769
0.04566617011435751
0.02580114924743759
0.054766549750940946
0.06288401773457339
-0.000530306562807822
-0.005536812844990125
-0.0278317220586419
0.024801020808300475
0.019059455589702092
0.03686186084731391
0.013754950587501036
0.008342971076858148
-0.02396726404857999
-0.028962740002296358
0.016427241495803394
0.012578228535593865
-0.005213651935716527
-0.004745215951125112
-0.00026618101865917847
-0.004379527303061717
-0.021962433312184435
0.0056606265174831485
-0.013075314337307275
-0.019973369048957433
-0.02387710237273914
-0.0028931274010352125
-0.034074570623936394
-0.07914081742677569
-0.14272675499510803
-0.31867222114704785
-0.6127048147063104
-0.8285116242108627
-0.8104946106816276
-0.5735800791918447
-0.2577250873456661
-0.05373484666046865
-0.015356930384771338
-0.036978429154735544
-0.028095760549213564
-0.01810374391308161
0.011982830983209295
0.014233622234692437
0.00803670708386767
-0.016522658077212933
-0.012742017119995884
-0.006030702211601354
0.0023217405911914336
0.022773269939382192
0.0027670808929652815
0.010953972798686479
0.018515385683564624
0.026585054061058898
-0.0001703204036002491
-0.03075775780234996
-0.030557569810690216
-0.020152128263171164
0.03633453417869522
0.2743716008403119
0.6558120126592458
0.8537949444909116
0.7341526124066984
0.49264083451120133
0.30122103550902213
0.14391513621053267
0.06826565219384347
0.07743398516144753
0.07830604197236066
0.05420841579964686
0.020583268009728
0.0058397925704553886
0.01440805498947422
0.01857107680443057
0.01529886215954915
-0.03023155215531044
0.021048839378558393
0.022786766486865104
-0.015231159001016539
-0.03210097726764652
0.04533185269736619
0.03897827846131015
-0.01583015883056549
-0.019680389613822503
0.007088220778180977
0.0017046184487574004
-0.008582367618025475
0.015770288807509383
-0.00510645214201876
-0.05011455534150947
-0.07189102645516912
-0.07983382107241088
-0.17694998926878844
-0.34822521636834497
-0.4483689242788885
-0.5347908910883864
-0.6014682549435934
-0.5490380331309778
-0.403534069072102
-0.26241380684606835
-0.1958423128861327
-0.05799995813218224
0.050286791172897756
0.18789952179668606
-0.2055727135120824
0.8108209243708395
0.36647157117983953
0.6433291347542768
-0.6735348649281703
-0.24247740427347367
-0.7973093541218799
-0.27749875441473115
0.8600472080199073
0.34680373392911257
-0.30669344662356335
-1.0
0.21143440111610834
-0.07727372938488278
0.9727347845692224
0.22319296145383108
-0.16061548181444177
-0.8786565116499472
0.17851436960560665
0.03236009044695084
0.6385483786491399
0.7824124301014219
0.7500791110456977
0.46233351793244043
0.26364838966359094
0.16710108328812856
0.10744059833606825
0.06728699219187868
0.08589190318869998
0.07420918345767527
0.013115345541873344
0.03188919129171403
0.024548973945789292
0.0024386118372279595
-0.042852314803799925
0.006537541595385719
0.027953886767441646
0.029651860061265092
0.010481503377573231
0.022407869629283757
-0.0016617024145983686
-0.04262579213810681
-0.04370107307283533
0.004948995854566677
0.019679317008333603
0.016490015324519453
0.024531181700635816
0.0025735482564279988
-0.0006037713442080808
-0.006771519914570215
0.002135636094885429
-0.0003592597985914141
-0.0022959388012963383
0.0023510650978567586
-0.0143222259203686
-0.09070217979775053
-0.16674024538980595
-0.2617176362136728
-0.392802713306034
-0.5498532217217347
-0.5766589270026066
-0.5152574378390864
-0.47553369348715807
-0.3837950007850074
-0.23057674335794484
-0.07919955686939902
-0.03172448355550585
-0.0008488453498923062
-0.0044109022800078125
-0.015647453584849445
0.0652715424619625
0.03893665281526262
-0.033979378575322794
-0.05645505806072796
0.005915631866971382
0.05937081152895984
-0.010993599441647541
-0.010560919769506462
-0.047701387638392774
0.05964746509611799
0.022155846588849733
-0.04216459643716828
0.06224338532243002
0.3236854110014894
0.7796354571976678
-0.0900367095903273
-0.6189365778283089
-0.4513416808225162
0.7121441395752129
0.8150356019940844
0.7607903072393972
0.4890914993346618
0.33597089221226517
0.18606537671741388
0.14416334822917115
0.09126914970848041
0.09149136190553524
0.04127320642302422
0.03468527228893576
0.031055110667852732
0.055992471418095144
0.02388984568764791
0.018598326666867112
0.02196462992077106
0.02926829446426214
0.008371723950324497
-0.005893198194393403
0.005370710762114639
-0.01027753299646901
-0.005770857793618409
0.01304058960811342
-0.003557121547583379
-0.01864432900819102
-0.03111482566289347
-0.009240788010096103
-0.005503857001060937
-0.004415684032513073
-0.015287508725733387
-0.03920229240297151
-0.06977926688618814
-0.12789762044394112
-0.170508114221928
-0.22980568238865903
-0.3225624984962757
-0.3995016446529301
-0.45831074609584427
-0.5082707384570294
-0.5255781108261143
-0.45075376887931184
-0.3293261269042307
-0.08359950233234513
0.021318624119966448
-0.01752656740632829
-0.05908903405978708
-0.07097764021747463
0.05224199036885999
-0.025318735160720737
-0.007954550513307231
-0.10590017778358603
0.16822255034971526
0.14127762806731925
-0.03304703963764533
-0.14836051693486932
-0.04658192308282869
0.09857920933891899
0.05307491723390656
0.03452062952489826
0.0927731572180705
0.4754161797160972
0.7463284094942835
0.7651669552181628
0.5623912643246931
0.33851195042320736
0.18509234531217014
0.12398015278360505
0.11065435446153989
0.0556050571523954
0.026601307656117675
0.015576949226299179
0.016286696219284625
0.04340362105356103
0.03337739158066456
0.028250360910479874
-0.0016660341682046805
-0.009548069215310205
-0.022700649254048456
0.0156809568314514
0.024687002090109978
0.002955356337266668
-0.01689123478857169
0.0046736400657502
-0.003775972980808627
-0.022865458170162178
-0.013309250551769231
0.01902267199440999
-0.0014339491352281981
-0.023050559945432137
-0.009925128837459015
0.026527725465763107
0.010444948833832512
0.004668209287362831
-0.021700980092605567
-0.0011240298286051878
-0.005315627154171578
-0.017483628526929137
-0.09848021875887425
-0.09849342054574547
-0.1525973258100321
-0.24943943172290242
-0.4059424476560957
-0.5842710871991166
-0.7351735535426027
-0.7410536065479674
-0.4566483301828643
-0.2022875836264923
-0.04690132974534879
-0.00536707008878786
0.04699996682810073
0.04452410579276197
0.009254644633676406
-0.017680595254447387
-0.01318126131207743
0.01628967499652301
0.006895503916616142
0.008873857182612962
-0.006554395031736585
-0.003814586547602366
-0.033992834533494776
-0.007942304013328473
-0.009244863487527523
-0.018219543654444555
-0.016329341129800036
0.010331006883530185
0.012062354616577653
-0.010521364166286984
0.07613906667783746
0.342503442738496
0.6928356418288586
0.8014606748248752
0.668041534227788
0.42928972584029124
0.2802158548863211
0.1524771391820987
0.09376727049880394
0.07864879403297848
0.031418105342792504
0.042877674103575916
0.02967484684310247
-0.008118782534493359
-0.015941405735365555
0.025334261199376592
0.030676633320065597
-0.0147700620437667
-0.011809499123329965
-0.007043605796952075
-0.013168627398674339
0.005690949377311019
-0.0017388464584860526
0.014336198225037665
0.010904646936833962
-0.003074158474865621
-0.015997071370261934
-0.02385095700523535
0.006092512287442663
-0.008993773201535056
0.024937326941671653
0.006478579330146423
-0.010349527938709108
-0.08527854418576356
-0.11074876303057148
-0.21491679221402463
-0.41473222897413975
-0.723425618442076
-0.8191927855393697
-0.6443721856858057
-0.4043648774471778
-0.2500401677953237
-0.08327514354508926
0.030622682574016912
0.009717443134034116
-0.008865046374591116
-0.03897612115812331
0.025339691101377574
0.0021855778597213646
0.0102638011558459
-0.020398842247869066
0.04014882013388094
0.004406034376016363
0.007439330935384408
0.025393262631478796
-0.005274379046826911
0.0027787422200539016
-0.008631311252589249
0.0009695568188228315
0.003773461523854306
-0.0126085885281209
-0.028678056332826343
0.0006864761918010762
0.072067246381361
0.022456590589658033
0.006621181770442079
-0.05290749022968368
-0.0551312492465977
0.14401952798635173
0.46691597569826715
0.734781437969886
0.7320920413237535
0.5794903524150511
0.3506340690430422
0.20385017365469318
0.11847461328509869
0.08709565627815334
0.08902813323156634
0.07525943389729024
0.05697553942090127
0.05618400997665538
0.028073560745758924
-0.003757620764877118
-0.0034710652585135024
0.03145016627293661
0.03125432947185367
0.010753969442128652
-0.01374843081513809
-0.00885624197553089
0.004230531017017547
0.002302903268030366
-0.05720834533976537
-0.042290474102918356
0.005670350418683405
0.04473491894309449
0.0058496114566967475
-0.009194742671803957
-0.012709845103801083
-0.025430302805067972
-0.009629735497666126
0.005502275135460088
-0.003910563767663779
-0.00035095203945028063
0.01284269772486078
-0.0029565297168777363
-0.02634082335674149
-0.009972519210619656
0.009629565162128605
-0.0263759642182021
-0.07359616722581999
-0.1655318270582449
-0.34894007032624835
-0.6998787795009386
-0.8568781465269056
-0.7011206122630355
-0.4526063704713123
-0.23926156033223853
-0.11146378932811758
-0.022551283689724394
-0.02352773737493739
0.021461845071277255
0.01500437217232357
0.022759103813174326
0.003676250814535258
0.002384323990808705
0.021688157610172145
0.019729308297738668
0.011421131213314313
-0.022515198679557195
0.010248817359538705
-0.015989713616717305
0.00939290325733579
-0.01008111836946314
0.009118951123978142
0.023214101473285054
-0.02616178075227789
-0.0477557094374592
0.18027084901594864
0.4836452063431991
0.7248474897200905
0.7163625065714688
0.6298445165234029
0.38330897773959755
0.19030204084075564
0.09293130407612166
0.0640638778677565
0.0654829246520402
0.0469864946564562
0.03350424156272992
0.03158314386837004
0.008238687734912205
-0.0012660791504031112
0.013842270613619933
0.05713832389729692
0.05882629246260096
0.024288324255939867
0.007397719577652142
-0.002914918761543499
-0.004820525381213386
-0.00411260392385638
-0.00166379183225864
-0.002992167267991633
-0.001794084967889508
-0.004332698879419659
0.008305290221849764
0.008207457978461508
0.011132159831685418
-0.00462199105546658
-0.013098629132844854
-0.005822769022635886
0.008987250395971114
0.006519127648680495
-0.004908186501623579
-0.014248143214494116
-0.033701398152086864
-0.08834251245232413
-0.08986873474133213
-0.1829992744870029
-0.35260145622528344
-0.6921108869854249
-0.851607151416916
-0.7683461668504687
-0.5033084442083354
-0.23938344537254883
-0.037539274715565424
0.04901255507041843
0.03426619529232203
-0.0005768444874584987
-0.005010110048426168
-0.05101596681395311
0.0012964734430762949
0.041038428383222914
0.06772842557831961
-0.004074424356233261
-0.01701626162849209
-0.02284608758124479
0.00046960041463344556
0.006952378172228415
0.015537646022649242
0.024968475448221995
-0.003959412487692896
0.007559560960234059
-0.0746929928801369
0.12282991103703839
0.38998744454963613
0.7347389506040906
0.7712506620131386
0.669936834831595
0.4308924096266986
0.24067234690866593
0.12071381514505308
0.08514781192053313
0.06443495075346435
0.05527087859092863
0.0195260987588987
0.009346753473796512
0.0008077632644571339
0.04503000348859014
0.04790791109458219
0.011368178046217058
-0.00709661606727334
0.00707398237899388
0.0159602657297532
-0.003969481092925089
0.007562131047977439
0.013509087732326919
0.012132648708614182
-0.011180406263535005
-0.006239771176413974
-0.00020330134365336894
-0.006406955583895818
-0.01641005684702649
-0.017174277305700862
0.01111204840107772
-0.009303158474365476
-0.007594533160424716
0.01612633823743219
0.019268869634522703
-0.005069775218602207
-0.020215034566246407
-0.005514177142944256
-0.06777353431511522
-0.07562599651244355
-0.09507508229090254
-0.11342120588014795
-0.2099277461457445
-0.2706591836837349
-0.2718032496307384
-0.32662110595912747
-0.46358308600388565
-0.5848822034417871
-0.5363814341268694
-0.47929996659742213
-0.2764359345375284
-0.10915510253831102
-0.0060564537363973344
-0.013282652714900188
0.03443568260604896
0.06459495001018953
-0.010526016610227978
-0.027721733602545595
-0.03430155332451412
-0.01167337691538291
0.0128889886384095
0.03147063464663839
0.02535401885565018
-0.034523255765408434
-0.02466656214052536
0.013664853624692266
0.03986350949893592
0.026793202594990632
-0.02025694498429602
-0.029020035622504575
0.04724722772403182
0.26424490927869543
0.5256072144559709
0.7136428529088715
0.7093721161956411
0.5559398122570636
0.34593380463020484
0.21803570817786747
0.1379919860850952
0.06307729758025842
0.05825309059353623
0.0695033552882405
0.07349297357032261
0.021105272140892847
0.03276038660872577
0.03576171070679901
0.005357537674409862
0.010111213833487438
0.018865605494861735
0.019473490001797707
-0.011221418151950806
0.0028846316946016123
0.008568238003468285
0.008139160412213534
0.00016245268545292778
-0.014270372644495374
0.0193997476402142
0.019584412828788793
0.012878877548811375
0.005133382459749355
0.02415253642442847
-0.0069941824759886815
-0.017078178885342885
-0.00017254735573195087
-0.005780623584596833
-0.06343993117433919
-0.11501700709995
-0.1840987358281102
-0.3619247619405986
-0.6341192594457797
-0.7996003389190393
-0.741572228390209
-0.5315112588621571
-0.3469883311572238
-0.17872351798393404
-0.07000182717851582
-0.004207932010589428
0.01998447792816731
0.058726660901181504
0.045925095881856684
-0.0005942143040269587
-0.028252587798647505
-0.0023459771613850594
-0.03349780373813715
0.0021802574692519586
0.014625530962862895
0.07174209840288064
0.015249568167691652
-0.026938124511024723
-0.027733562367300072
-0.0011914217859980755
-0.018720212704306047
-0.02899064090369484
-0.031910286159485185
0.06402885366339355
0.2801101416433552
0.6808615131050237
0.803910081608311
0.7353686023280316
0.4820905168852988
0.32077892037303307
0.15208855547265324
0.0753554010038634
0.040799921639403415
0.06138647355580689
0.0679788247093972
0.047536166906317935
0.029299731415462677
0.02097728007213308
0.013760960221947498
0.009876073834757863
0.005678592375667898
-0.0077360983718208634
-0.01045350517553846
-0.0025342893512290765
-0.0006048070308734589
0.01191133777949749
-0.0011670972571944803
0.000554175870903721
-0.005734387383187052
0.0073678733879916445
-0.015125860554382527
-0.00589793115446146
-0.008527846797462714
0.017366793662873335
0.002534284433002822
-0.003822062992422152
-0.040227582520485076
-0.0459390775052521
-0.09189857294661473
-0.17609967108394842
-0.3637207936559158
-0.5525369334193314
-0.7240276123568814
-0.6954139681969348
-0.5162260156768587
-0.3257978106493783
-0.2110288393445347
-0.09978206703849339
-0.005438994227688947
0.008527628880718908
0.015310176653290314
-0.003014061876463474
0.020277731552372027
0.04059035095282885
0.004502318285165445
-0.021741570451413006
-0.038483938333296344
-0.022338625327033648
-0.0009267855021427556
0.04867575599483768
-0.014240495187034168
-0.028071437809217278
0.020231090105930542
0.019277724208489385
0.004210363909668271
0.008230612145935465
-0.03934083230266892
0.004610463379593935
0.2600501528036027
0.6119826804902747
0.7656427997975899
0.7208501522014454
0.5271777088343313
0.33201237004681794
0.21987266071927306
0.15601549363261494
0.10101250118730129
0.05432718473141823
0.047977830355465996
0.03140053780557484
0.018510561194326577
0.022461274615473443
0.04574425697364614
0.024372041179687217
0.040542651744193595
0.005655438869629048
0.011255314335405454
-0.003682869633268924
0.029832907173460235
-0.021243222810337064
0.01648133764482078
0.010667400085122456
0.021343462598503594
-0.03516802093070673
-0.00018233964892446622
0.0031117145281585696
0.0074413884975657735
-0.004280175054264675
-0.007266891139548963
-0.01609720735108671
-0.01966747578936267
-0.030260382746721843
-0.012445322779932648
-0.005747002142171961
0.014516671407206154
-0.05760244992672627
-0.11822339899031678
-0.24497764881519116
-0.4235919239291546
-0.6742374812776778
-0.7675200893901438
-0.6502601886703521
-0.4360626254335933
-0.32568423452708506
-0.2139001199077397
-0.09246516649257194
0.012473596974185775
0.008409535215166608
0.003464786351517081
0.002681031087889025
-0.0013283190716793297
0.03246305438715174
0.028861949858169554
0.016069756617738414
-0.006403767203355317
0.013989929417813036
-0.01582775441920049
-0.01290186535226591
0.017293676872570447
1.1170866275378047e-05
-0.036989906896657
-0.04280684468424014
0.10408372742625838
0.37746194557495044
0.7156355944005294
0.7859933514994637
0.671997638676716
0.4577608813143996
0.31398467966140853
0.15877551320474148
0.10087483272432159
0.07427797495971175
0.07351020828651401
0.04057131375225428
0.03633206561496412
0.027163311840968603
0.008383826110963583
0.020988285321254543
0.027625975947790666
0.02468718690806518
0.0004551698020726088
0.012553798612728742
0.01918728606860593
0.011104239035756996
0.008767644803832382
0.0003745074844221566
0.022657233156342667
0.0009699956903980554
-0.012788278134531914
-0.041874429775268465
-0.033823686720258095
-0.01622830639685752
0.025812573298438175
0.031965635472937154
0.01588379690464943
-0.005925660630691611
-0.01558323966791903
-0.007781953073116288
-0.06199570427635791
-0.17981602698192614
-0.33856740677655695
-0.5404551304468472
-0.7980582333735732
-0.8764649431953709
-0.6856843813024165
-0.3690149686340108
-0.12435694653038587
-0.0036043174225460642
0.04033594751813879
-0.014524945009339946
-0.009151333966044669
-0.0030203119094680602
-0.004970753542583937
0.037974982048224665
0.04420720639728691
0.018353701189031183
-0.040176409051402205
0.01068307081035626
0.0015890993414602566
-0.0205715742375053
-0.012528693890294217
-0.019109232197916066
-0.0001600297969527189
-0.040625435065726516
-0.047701000694785896
0.11498870139897618
0.4035032642912883
0.6776380376742608
0.7083718819015138
0.6301347343343046
0.4511888331016146
0.31295048208337145
0.16309419451583865
0.09949786591772844
0.09840908165047073
0.06298537304579187
0.027432997065542832
0.013683703780854864
0.010482949832377722
-0.02788214162638502
-0.012817654913745532
0.009382776258247514
0.006290611182052633
-0.0034823290757568692
-0.012147865193668958
-0.009045550329496532
-0.01643523353701643
0.01887494528247566
0.017706945350473173
0.008929391972793046
-0.004441712479675259
-0.008705543091009196
-0.019478333150614032
-0.02418061534004658
0.01147633393185194
0.011459531443459882
0.006861064272401803
-0.00945674817490335
0.015415491851030238
0.010161258971591498
-0.00791293200631866
-0.02589061861519492
-0.01735200359133209
-0.006092439743834094
0.00019851146201063907
-0.00031083035066012957
-0.009708006577192752
-0.02161411162335834
-0.05680728997408671
-0.14727325604825472
-0.26560358602652395
-0.5003616114737847
-0.7793471165973285
-0.9106924652480992
-0.6657819436994381
-0.2740830032013595
-0.04117856459976125
0.002073398091662453
-0.021604081047696892
0.01229555055907851
-0.016017979955209885
0.017203159586223548
0.019461928220081724
0.02840890869828373
0.017058557507439252
0.00821715991972913
0.019701787428104467
-0.04152910581259422
0.0038049933896993305
0.004649510997928891
0.029228979408560056
-0.027220232561497148
0.004591569215450452
0.02914268921402056
-0.00013687507886303625
-0.03196624326428144
-0.07899791929872596
0.11663991506107539
0.3695821112328996
0.6416480934106863
0.6931146882148227
0.7013668980520288
0.5329701026011949
0.34594009607095494
0.178485815219011
0.09807301896765498
0.07194988530222879
0.06885172323395668
0.05113112368192933
0.03671458026492515
0.025926211552037545
0.026178004744813996
-0.008676154988520255
0.010757953148293562
0.015029659690763444
0.032091712102026757
-0.022235142049558964
-0.014671183466234817
0.00805659807283201
0.03016115805262284
0.004470071886322592
-0.021668382899753078
-0.026056045554805504
-0.012438978183132422
0.012176479701828587
0.009774419367554733
-0.004180717314670085
-0.006019738388032906
-0.017550225319166276
-0.05441631228179503
-0.08178640001608964
-0.13904223871848295
-0.2356985433035598
-0.39469182821346604
-0.5218074800019716
-0.6277714866828837
-0.6281487863497024
-0.5146172513226176
-0.41320166055933455
-0.22978052947684885
-0.10482211520405686
-0.011750891620850832
-0.003222784457674704
0.045209984068289716
0.052555809273548124
-0.009994497696881134
-0.02229358453922123
-0.032377942553468084
-0.01401424063190023
-0.01231367839240324
0.012055501861521128
0.03387823291870834
0.01638493201625995
-0.001252946467406014
-0.023385360705408014
0.023995810878314264
-0.050241495061704396
0.006860646712821748
0.2942859233152948
0.6487539266662554
0.7498768766411859
0.6383039617261108
0.5080537560963977
0.3106641264791011
0.1841228337924627
0.0974932631344859
0.08657087216540547
0.07114081829048939
0.06949751759580354
0.07147921215686279
0.04610737603520958
0.0030367727332131413
0.030550812269110352
0.03753474910099186
0.0312629862700645
0.002613137516177022
0.014292768693257721
-0.021269188143537784
-0.028600864253549747
0.016476663392653135
0.029395180642025065
0.0059189988365112986
-0.013952106518725547
0.030332532878885345
0.02077899699054249
-0.0021026309718451615
-0.03547498435356032
-0.016669265840309984
-0.01969317114608496
-0.029843773956629554
-0.035641091079701794
-0.04292221773787336
-0.07324409946495257
-0.15313497800095566
-0.26235651879275446
-0.4080293820774419
-0.5451654081721478
-0.6091194266637913
-0.5899365896340435
-0.49799368760312585
-0.34995308150071336
-0.17157945889952514
-0.054377699371318665
-0.033485496869467286
-0.005785261440395443
0.032778643674199394
0.04193728191191858
0.029730996510047892
-0.02485856878806948
-0.01745917836589958
-0.04210434586523974
-0.005341544283479127
-0.01624119939669872
0.026049442791777573
0.013567143586474666
0.007298568673904886
0.0060457029667363655
0.005705844749870193
0.001257172231722161
-0.05891811684212908
0.09127798302029048
0.3628298609580026
0.6438577958450766
0.6830874703317824
0.6098696620992476
0.41261996391209593
0.24993048112566427
0.19128397686109458
0.14075395096201443
0.10029434636834546
0.0729577705623776
0.08116654126691389
0.03242291598402875
0.03267747957507257
0.02877215049815093
0.027136198990476014
-0.001692367994953839
0.03599347948905478
0.02372886171724498
0.012997224906425462
-0.012124674923615528
-0.012438997081047815
0.01005165599996555
0.029623661793238894
0.007374862182479106
-0.009547748687788467
0.00753562915414319
0.02133221616682656
-0.01882475435148075
-0.01310132718325883
0.016349898173171243
0.002442561294170922
-0.026626045008708746
-0.0275271011836959
0.0038790569062012075
-0.012977027259639989
-0.011658980150905253
-0.06259122754430989
-0.06891468302136178
-0.11365432431303439
-0.21406178254942074
-0.38492140736828606
-0.5800934162784618
-0.6980009142543796
-0.6529790790228742
-0.48789216859232515
-0.34537501384267355
-0.17296229585243583
-0.023977886230001275
-0.008386130077560833
0.004355293066322989
0.00011736322044590015
0.048085197062796764
0.030543153211880877
0.026215831322989245
-0.02027830092402953
-0.018076755106750282
0.0029955757330328734
0.0020405220383149427
0.04605577265674633
-0.0071495045083106315
-0.005750519390122926
-0.03352874917930547
0.034617260259621835
-0.008066467208918779
-0.02641671675415753
-0.031841859724381597
0.18905195058278262
0.48633537282410927
0.7279991644396355
0.7300151814896221
0.5595419582068604
0.36747906847469647
0.18562735157521787
0.11815899530307626
0.09147168803569539
0.11160125303157323
0.052877994753584616
0.030964657593943557
0.01971598182755754
0.02690885377805928
0.021721222429904437
0.03692860233535488
0.0367630125965623
0.012405813726993568
-0.006177859469725651
-0.00026852471092603936
0.0029517361857627775
0.0076590165812192
-0.02339286415679574
-0.0010942646929266544
-0.005775647979857409
0.011593169485642717
-0.02144889496358149
0.004785176817613019
-0.019238749042095535
0.008083031907695564
0.0015210639568175475
0.02615935952003097
-0.011242201881407326
-0.03437341033270982
-0.0407426113192178
-0.018374355421614853
-0.056466909888000565
-0.1725968244769224
-0.3236441343703856
-0.5406694212179531
-0.7342439856497007
-0.7531714544591487
-0.5750793571851096
-0.3537891661952277
-0.1472060737727834
-0.0404729711867151
0.02428425807509711
0.037207214916343406
0.007333450387291653
-0.0053727592537625105
-0.011542704378258493
0.0156048873961467
-0.021591724711942054
-0.012383685604891448
-0.01940618562791871
-0.0043649353379995376
-0.00823650838063598
0.005326300749905371
0.019951821226630653
0.02818445817731904
-0.03351204273659068
-0.05039100422722895
0.11756874699096233
0.3890960943590923
0.6079262834270366
0.6689817496903693
0.6241816032774983
0.4594971807420576
0.28873627782419725
0.17392038746685753
0.11684593818497258
0.1056113775553187
0.08460214329612864
0.04915631729130846
0.05116653314774769
0.04347774742483346
0.009687029065634706
-0.0017584956553955177
0.014154128708717798
0.022189614977046378
0.00953966460831676
0.013090152357621456
0.00609128764842484
-0.008207792278840425
0.022721696052561732
-0.00044448642141133883
-0.0068612048730756015
-0.013295478430443333
-0.013480413448212115
0.0030735822148204054
0.011127756380991052
0.010276079983189143
-0.03878991506855707
-0.0037418607056361386
-0.003470759096413686
-0.04960193452637918
-0.1312537634937666
-0.19903152288832782
-0.2924343551414153
-0.4027195155093666
-0.559151836929548
-0.7188797746175877
-0.7488811581275663
-0.4435782699820546
-0.10504619660589985
0.04179401427214085
-0.02264890109025048
-0.046967743731991314
-0.039240543973906895
0.006121796904077253
-0.004132652259315236
0.010294841653004852
-0.002414819573710437
-0.005544258882410029
-0.04464109031977619
-0.007406865023088646
-0.0017980795394804945
0.011939068881771995
0.022081526724009388
0.041315535769961845
0.012591113226389748
0.016223049242691683
0.13494088852568942
0.3664017519808195
0.5831190350389691
0.7061992260719222
0.6123452150411246
0.4345943314040785
0.2533024507479024
0.17567632122897814
0.11622982573267868
0.054958253294859594
0.029791265163140172
0.03180342169398238
0.06815765811355842
0.017648306203502037
0.00586680322189162
0.030649925166897126
0.012337373098081285
-0.008370853445226136
-0.00631631326149785
0.01769298959033435
0.009150858845838244
-0.001641491976732334
0.01782860510608846
-0.0075112840352029205
-0.006841435069251401
0.0004334202124844303
0.02514168749248554
-0.002420814727665234
-0.007802145511708768
0.0004928462286566113
-0.002248398354313854
0.0014348306693239324
-0.027970500625015365
-0.08983417041385655
-0.08341393029334214
-0.09694643931706906
-0.19294881876043313
-0.4023159476410703
-0.6178334659001988
-0.7901378371266496
-0.8058049670462256
-0.5037384129300446
-0.15920158864646622
0.04612620688998492
0.030148221145756698
-0.02273331900950713
-0.03057588069521445
-0.02878938267111862
0.025172620379385526
-0.01313610724379606
-0.002033721216574727
-0.01301636918014612
0.0034453443589042565
-0.013180857691737831
0.006598894236676537
-0.0003462439546434511
-0.007966352844259814
-0.01830083570578262
0.009362606919510767
0.01617779364515516
0.027588980976980218
0.0035608057325119393
0.15083303302363316
0.37694571949031086
0.5931747080110648
0.6656720364537182
0.5886237469506876
0.41629807046784945
0.24794832110990944
0.17127666996418173
0.12578685836537065
0.12241694345367747
0.09845253359269865
0.03617951390734692
-0.0008871634980149738
0.0327369070257298
0.031125803272989902
0.026686830402480814
0.007250037295091835
0.006697891161063484
0.021430336423393165
-0.020087606032054426
0.014159539577347452
-0.010974766423934997
0.032380709422886816
-0.011450164209783478
0.01878329076210147
0.016964741512202907
0.019700372886694944
-0.011915429170193118
-0.011179718015276504
0.012472952708411205
0.01655350066722786
-0.02785909562389697
-0.017766950862617564
-0.0015896400578919176
-0.025155195803306427
-0.0730867313031344
-0.19186018538755717
-0.37075309328794476
-0.6662939305386588
-0.8262710052393354
-0.7837086463700561
-0.5200699560279406
-0.18544113989854705
-0.012350513022930498
0.02188839738042036
-0.06944128180015376
-0.021353787223664298
0.012061788423391272
0.044665594299304195
0.015842722023749548
0.022229299065166887
0.01036455163532785
-0.005100416317518953
-0.03479317123395965
-0.009459628354037342
0.018824727932150714
0.020147744949799793
-0.006858639704640582
-0.019290880338508967
-0.044083373287291276
0.038599769096641263
0.3104082956968421
0.6575244829197929
0.745129952282987
0.6360432590306493
0.4478857764827659
0.29506537366035257
0.1661720342043313
0.10478071304296424
0.11657459111790122
0.04976180524236649
0.011619183037433098
0.03203594909074854
0.0269851948447086
-0.008289586645451354
-0.007866496948226488
0.03154361287418162
0.02240259883955494
0.03141771917225894
0.011647337531289574
-0.026484963733879152
-0.008846262554500906
0.020688519259418784
0.00926524425225069
-0.010639008774553168
-0.0034507524063261677
-0.020994252706161218
0.008763179231978441
0.00949258420091031
0.02698990291237398
-0.02642291151950509
-0.01836625721772226
-0.07346214346969585
-0.15669593995650927
-0.3103721876489668
-0.5294422897088683
-0.7033668873582939
-0.7372076195293445
-0.5706151874280982
-0.37805189341219153
-0.1780845262185849
-0.06217008502295695
0.000952861498222874
-0.01328110262841133
-0.010135516032873356
-0.007584520838747782
3.994554362631123e-06
0.0033173836200017636
-0.0026270610545098593
0.012643751206891167
0.005212741509410524
-0.013858704563032488
0.044445395274768
0.012527031346728005
-0.004025220261437794
-0.062031313623294664
0.03639081188844857
0.002418598133806513
-0.00020885225884986896
-0.0002804868048319067
0.018730904918816918
0.0229893117889655
0.04668912598370158
0.15962540850545948
0.3926912828633549
0.618575420970051
0.7349811235115548
0.6619664394952687
0.48911765013025593
0.2742028189951389
0.15287505093338133
0.09668972648140392
0.06982967357948158
0.047075021424336144
0.042754466758479846
0.06512201381283779
0.044047775113862195
0.021411176381004444
-0.0008509846861797242
0.042722756371319844
-0.0015628204104061866
0.0039058540856512073
-0.025968101941868077
-0.024636157802675283
-0.02909484883873798
0.03934953045885872
0.024718033944041682
-0.029884637953738896
-0.039380029159295504
-0.010232553402298053
0.024994373671794946
0.027394080553475923
0.0018923693364194705
-0.07650235188576493
-0.1527984266375872
-0.29092711688264095
-0.46917133210759093
-0.6350831413051533
-0.7259264683619303
-0.7358084281922449
-0.5640668697378334
-0.27429582282026943
-0.007311501677258756
0.050446184334703194
-0.015977954140222028
-0.07155360005353233
-0.019416215211605723
0.019891201324768983
0.013187235153241406
-0.019070410461159423
-0.027513386749061317
0.0126610855693232
0.03225600151082109
-0.016609826073262415
-0.01477682005272686
0.014469743221829465
0.0369380707002992
-0.030675297622259824
0.007610809779142919
0.016239384295422862
-0.0015145945066045825
0.11704615249358619
0.3575187505525811
0.6511417426086554
0.7171663291357312
0.6013732400044967
0.4192899434311243
0.26965865977475423
0.2071564989393639
0.10853961972874505
0.10763184583052665
0.0592861258617675
0.04159494092092787
0.017527772059550764
0.019543939854506663
0.02262986607110505
0.008574847309089141
0.003997816440104768
0.023168838478215454
0.024256393129631505
0.03905106531190497
-0.005609343246298597
0.008355271329519654
0.0001963050296959835
0.014030257400946067
0.0033414611341958606
0.009547639260924575
0.0037310970269756254
-0.002633019526115553
0.017254402143365734
0.012892499618610278
0.001391792703704308
-0.004934455127433127
-0.009222333007806647
0.0023754840978035246
-0.04653708932036937
-0.0870471213456594
-0.22492590315359354
-0.3245251248032086
-0.49594774760176474
-0.6091651582183517
-0.7247532916273831
-0.594842842018047
-0.4198956414974926
-0.2465840595014475
-0.14205223111478557
-0.021369034103502504
0.00824486618880986
0.025884277611111506
0.00960927779809653
0.011514961272689587
-0.007983595519017046
0.030343657285797507
-0.0129379551353263
-0.028214537441604865
-0.014249331463016315
0.023539887128415243
-0.014516837029292797
-0.06130712042827277
0.017815793947764676
0.018323142367787378
0.0001920278857425611
-0.03500771610369995
0.04694527742838624
-0.015622098468401117
0.05543739064518242
0.2869286913933963
0.560363500998152
0.683780424712682
0.6449836715784759
0.512979258646789
0.3282813055808074
0.22174860852538472
0.12133211410225944
0.05728779301096001
0.06586590026989003
0.10107662200464249
0.09280314806800162
0.0828213474032812
0.04855773137966853
0.042520183206240854
0.014719598817376951
0.033049497740402
0.015542248798238487
0.002476444248322549
0.00917566255164553
0.008029727267832265
-0.0034764123704150687
-0.022066057028310913
0.017517373029664128
0.0016182195749605693
-0.005227904827992364
-0.01624465240349124
0.0016471392445054189
-0.028109438271852093
-0.01855465925991457
-0.009301990487048368
-0.02086323528418224
-0.05743268063980754
-0.1582949157947486
-0.30781003983645755
-0.4754865702577414
-0.641377499737768
-0.7411185683024734
-0.7785390850284402
-0.5124613335639088
-0.1879777887930557
0.028810647696619673
-0.015602033504644472
-0.017777969274260393
0.05325119244286913
0.05260582447279719
-0.01741500350732912
-0.041336453024908834
-0.01998780424071396
-0.02855035345453501
-0.0057215356399231395
0.025397005350325245
0.0269782693595394
-0.008834585537669063
