0.11363081374836322
0.8388948827455208
0.9515221166442417
0.8919406651080611
0.900950230042802
0.9047413785689904
0.9017279823492071
0.906037240043813
0.91100795938535
0.9197001407372795
0.9251089979724829
0.931947790142402
0.9443979221252473
0.9512624076348528
0.9456628656219315
0.9374680230333637
0.93366044742743
0.9342054893120298
0.9361391774973221
0.9373682555835862
0.9379467043896462
0.9449824840866864
0.9542839853186031
0.9562980687774196
0.960457933660303
0.9693732295757801
0.9713906510938536
0.9817871274545475
0.9918192386278893
1.0
0.9890994882220123
0.983101761676995
0.9766794393856091
0.9692852842789468
0.9590519499406913
0.9499008697080857
0.9532583668940828
0.9549955539360762
0.9609295787424905
0.9613797132877586
0.9693379805085771
0.9677149322156181
0.9603456512516335
0.958553777031175
0.9642202663267353
0.9733884654240464
0.982262527156445
0.9948008218865502
0.9959261839972327
0.9866076176631965
0.9781557853531494
0.9779523711463896
0.9787305056720428
0.9788440571091417
0.9771810642928628
0.9756701887832803
0.9698636111511589
0.9722907709496565
0.9748665446265563
0.9720165258089112
0.9699703595669212
0.9672171269541038
0.9720927548899111
0.9764893218525525
0.9785457680845965
0.9787367080492053
0.9783471935923317
0.9741960973886634
0.9653410671705162
0.9706081759926215
0.9752424397762851
0.9671412118678177
0.9605051045802655
0.9590002426010275
0.9520142279487429
0.9485485437277955
0.9520470054064927
0.9554520295457596
0.952057109809218
0.9576782499901101
0.96715354695922
0.9695588499385063
0.9701054265357277
0.9726048632758096
0.9776207356488417
0.97224000995673
0.9630866736225041
0.9612126793137518
0.961292124632153
0.961780598782897
0.9652001394438738
0.9704693984339773
0.9631854695689124
0.9590485737029384
0.9565752437167038
0.9563889142594362
0.9530251499512684
0.961462831883555
0.9652336945692243
0.9703139636415311
0.9639321063167472
0.9673720078920883
0.964505684751314
0.9720020564144806
0.9635324490318603
0.9601714580808871
0.9546795969974305
0.9611198001315405
0.9542812746128723
0.9424063212175205
0.9388710346552033
0.9412462117138584
0.9409602006347046
0.9357247919683825
0.9372473199642762
0.9413160319502988
0.9508178758628247
0.9484041780632827
0.9469784647922654
0.949411639758419
0.9494345457597428
0.9407832306778035
0.9367366378429622
0.9312840093181698
0.9236462894842717
0.8994922335403654
0.8975482693575713
0.9008263539346086
0.9150153600566442
0.9091931342325162
0.9177249088681875
0.9242713212888634
0.9295494529606001
0.9265369532624068
0.9270496031035153
0.9207400135475096
0.9088841712917791
0.8881233755178758
0.8658223290491196
0.8438572940613893
0.8228207858936425
0.7853528725643456
0.7229313487335078
0.6420746552971457
0.5510110712233115
0.42416848304549354
0.2700708061184963
0.1343042301263198
0.05445674891157747
0.0266941689560137
0.02280758855755662
0.028861646844211438
0.03433894289477849
0.042324305228154425
0.05194977102966094
0.055951991611866696
0.05259887823362686
0.04849750774290492
0.044416721545684566
0.04305037881894916
0.04354571311562921
0.04941644741521445
0.05296832549866097
0.05660682948453802
0.05717499028604216
0.0611849991534333
0.06644524422380053
0.0693253384616644
0.06446785636652745
0.06545419725323309
0.06529846584422744
0.07168121560785805
0.06809308523981103
0.06646651109164141
0.0629549679988959
0.06874349259079389
0.07465678452046237
0.09680482399377231
0.147276173467782
0.23491038931530153
0.3628770384399309
0.5169142767416645
0.6665324557177649
0.7808418077352237
0.8601194671542134
0.9053407694912214
0.9271130779336627
0.9358727647291195
0.9462619300407479
0.9547134388823797
0.9572622608219155
0.9575533849788553
0.9509382184305452
0.9444407321502553
0.9411381146376118
0.9348497947785539
0.9271485620605615
0.9250813131465491
0.9294783053203035
0.9382702369876212
0.9353767372605075
0.9289713796011653
0.9305399959827674
0.943113631407981
0.9455480859529642
0.9519955623002241
0.9622500280516403
0.9743477646111788
0.971425995279038
0.972033169684468
0.9696384749830117
0.9833258526640397
0.987809782779218
0.9814744515407917
0.9740634686898707
0.9677210921013365
0.9667227345072981
0.9685900517768621
0.9807586209680906
0.9846417003415306
0.9789667639131884
0.9772449331897239
0.974602496195237
0.975028317277815
0.9678904946407586
0.9649401595284017
0.9610868384545138
0.9594860169733145
0.9630951301734142
0.9569766850073145
0.9527332823057456
0.9429928284792052
0.9468860165018781
0.9437025053071718
0.9506303330949398
0.9417933306435003
0.9458636785726076
0.9477368894790117
0.95870864355962
0.9589518025973296
0.9627890019829266
0.962741205411621
0.9612240876081632
0.9625925114719247
0.9665106098799543
0.9695964901872284
0.9676325996071311
0.9634561719339865
0.9642808929252106
0.9578090165610181
0.9479819972142928
0.9307286760105097
0.9050174621651323
0.8608440620200556
0.7956296858325338
0.695157328644833
0.5636368626895271
0.40635916868171634
0.22277903310194513
0.06728928639515881
0.0
0.0039175015966978225
0.00675873797080617
0.0011477457746427496
0.012288303373197784
0.03634216854078643
0.056561697028184095
0.06637901322720277
0.07422969505465339
0.07612349218174115
0.07315528276712965
0.06343180238920217
0.055511106102956995
0.04960013968170053
0.049344848036737915
0.048776561525988894
0.04754546408778582
0.04827390072833458
0.04629717383287208
0.045019784127031844
0.04094665433185536
0.03992812319216895
0.034676963418429525
0.03113334512476161
0.02784750538849066
0.028480456254401165
0.02869018445068194
0.03069649626695248
0.03222018117282926
0.03553908176159362
0.039617527142348216
0.04356185495343536
0.044770019015226696
0.04274516541136528
0.043288920544125385
0.044910442308241726
0.044768910232263794
0.04646414538721009
0.05148155318627222
0.06268622217714755
0.07423584994904117
0.09826916711211849
0.148684865738624
0.22736032660773275
0.33180257471776586
0.4470879935647382
0.5594423626239157
0.6602389365003214
0.7481121745176749
0.8172491185932182
0.8648619094815445
0.8940350983101084
0.9051489724657894
0.9137452735579679
0.9348023112822539
0.9522661652303065
0.9598884600586273
0.9636003230542001
0.9707353446928383
0.9765644701984124
0.9721040871935408
0.9725290254815454
0.9692653735576391
0.980401804343714
0.9749214723730838
0.9725812933143995
0.96325062313156
0.9636543390482118
0.949997969101132
0.9395205089724308
0.9296137616786434
0.9254705245169079
0.9222540512814905
0.9323289943605927
0.9308613514819578
0.9345018025122218
0.936206703458106
0.9465470904614728
0.9500308140888624
0.9592656944240534
0.9640818732307331
0.9717519197723749
0.9775261563672196
0.9757340843820198
0.9681721420669825
0.9678487034111063
0.9701537895537993
0.970391753781867
0.9723122825986957
0.975850977330577
0.9695409151306065
0.9522140681800797
0.9465901146578392
0.9444650702208202
0.9390282574499867
0.9229558992482634
0.9206425156167707
0.9195185307689913
0.9217672074096365
0.917399560913299
0.917512566876912
0.9190757761544738
0.9220079190723827
0.9290011213676534
0.9357731488557334
0.9369979218839498
0.9340643191674372
0.9356346626074853
0.9403894310161462
0.9425060496017141
0.937111447409492
0.9288926838764564
0.9240134857568043
0.9291312343809001
0.9257103584668145
0.9229011653232189
0.922464048887622
0.9232711859810058
0.9174768056199448
0.900726499447899
0.8802385362702209
0.848278683918768
0.80586454637665
0.7408341425576835
0.6714346353125481
0.6058004304427497
0.5530985638729057
0.5027481340343639
0.4446332827119303
0.3732694817634192
0.3047363788649876
0.2544202289161169
0.21662553000853846
0.17760699998205035
0.14368055874297966
0.12290543110519873
0.11935515826710655
0.11476990701907439
0.11093975452232151
0.10988727582183162
0.11772989401466173
0.11836963896987993
0.10636662420418568
0.09396710901749408
0.08773059122688416
0.08529348583269473
0.08005093643383755
0.07720756291437487
0.07481334369034649
0.0752110066214502
0.07283617894887646
0.06732493186172718
0.061978733967639095
0.06039223172251092
0.06325634424635375
0.0680893578233649
0.07190103578606422
0.0714820035407276
0.07125215683156265
0.0749667320081028
0.07863043151639226
0.07797299383466391
0.07606309641942523
0.07361126517217571
0.07694184230317469
0.07472962687974427
0.07371826572064728
0.06656233391155654
0.060803134650455073
0.06280352482154483
0.1068528326104815
0.20416910762165652
0.3405430616459102
0.478268857818217
0.6027962408916401
0.7060711627408084
0.7882177027822892
0.837799775994505
0.8692933945145499
0.8844723042300351
0.8951950207829127
0.9046704944654742
0.9140414142288545
0.9170460821316501
0.9088008202042028
0.8911303030055695
0.868136314032401
0.8528893455765679
0.8474263765171498
0.85370286283792
0.8633020940041136
0.8703464870488499
0.8723815310732123
0.8790890384471312
0.890303712634115
0.8927490977348089
0.889539029386316
0.890142932202396
0.8960308538162702
0.8958530112064061
0.8922943353310525
0.8891622269664822
0.8891026340906887
0.8914374688126055
0.897397673925665
0.896387855134507
0.8913670425976272
0.8839886489676866
0.8869648782113239
0.8925772046929552
0.9013524513704279
0.9047886657437479
0.9098279677467258
0.913377900181909
0.9194499449109506
0.9218671507176203
0.9150225669563559
0.903919433515344
0.901818885746914
0.9018817615808538
0.8947380098976834
0.8761581399442572
0.858473863773096
0.8418570138143509
0.8335586911432143
0.8237217726774165
0.8105270259848396
0.7918260228625785
0.772319008332887
0.7527465877784032
0.7237938932568931
0.6870587604734709
0.6561151366708575
0.642873074678915
0.6423279379995669
0.6505223548425155
0.6696530008468711
0.6921045024770069
0.7141340351027571
0.7208048542949329
0.699636656295789
0.6507854962922202
0.5933751545550783
0.53121525394659
0.45287515789344185
0.3695856776251248
0.2961915316577644
0.24603549346690842
0.21087262094825815
0.18228481153075374
0.16565090474709074
0.1625010508945602
0.16447931115433
0.15468617037048132
0.1393097116085024
0.1251178011477623
0.12026564000904169
0.12281033992867614
0.12111769411208266
0.11662889587750926
0.10938539367250424
0.10554095727976655
0.10165952370272346
0.09705409144755964
0.08933793495496527
0.0875241617728885
0.08706356808726022
0.08753698865214288
0.08734893330059566
0.08913603309020898
0.08874959161321481
0.09109244363786377
0.09128062950769586
0.08912596395514215
0.0851366951807939
0.08573790524362543
0.0845065434787148
0.08147222774643005
0.08074929871974705
0.08559509298921475
0.08876241007536806
0.08955687184688124
0.08907729837976477
0.0858832299326141
0.07989655972529507
0.07725184217294341
0.07816956613206048
0.07883752164624774
0.08022707858459513
0.07981457910078008
0.08053322468528588
0.08036333380382059
0.08221281068769713
0.08183219703226013
0.08073830108394119
0.07555834903034242
0.07217046171835662
0.06968848532759342
0.06981692527077217
0.08803338291360188
0.15292262639701124
0.2624969086824685
0.3935066039279663
0.5080032925237561
0.5989804796346567
0.6717426195940197
0.7309557256684557
0.7650565572214033
0.7866166630337599
0.7940352058368573
0.803317040915202
0.8010565688248545
0.7911805525918647
0.7686755154434757
0.7484815817084551
0.7193406873956923
0.6933364170928882
0.6850766949964728
0.6885784491965521
0.6926279188625126
0.7139944352205475
0.7442822026414064
0.7763226435689906
0.7961415105940358
0.8113588404181987
0.8205205181662568
0.8261726081823884
0.8211085721685889
0.7973543215377626
0.765929484228665
0.7335973541348723
0.7106325155792345
0.695162356715907
0.6939804602637857
0.7019492904654473
0.7139620476982673
0.7276147445512661
0.745841639185879
0.7665221556963849
0.7821406245527043
0.7934081004880114
0.7971477694175513
0.7928999341937333
0.7859390029257658
0.7851966234117344
0.7806073662496794
0.7721205742309278
0.7666542725703067
0.7679662102018745
0.7690930158881747
0.7754495242480225
0.7838853196158555
0.7858871923056139
0.7768958268048947
0.754244594750324
0.7099420405916895
0.6546947356814015
0.5955644223165798
0.5314121042018776
0.46551233811395715
0.4207114767984708
0.3972549729298625
0.38059344395382005
0.35679457392624603
0.3263378980971842
0.2913117036824668
0.2592314742315909
0.22664442692512185
0.18414653361514535
0.1344562934872356
0.09426936757019201
0.07576966272437435
0.07122605217531233
0.06639939279965362
0.06013368478689775
0.05499402138866782
0.05424853668577462
0.05419604154131381
0.05604714157409061
0.05626538827914346
0.05444655454878443
0.05249334935946872
0.04912104487532444
0.046368123844717876
0.04210689420431617
0.04020111303156843
0.03890275968460996
0.04116573492436267
0.041715404658906455
0.04232424278119155
0.04201295195155657
0.043148747973028805
0.04324534584760135
0.04226542068981139
0.039865943052306
0.04092061784213047
0.04394006257411242
0.04630005655163052
0.04442844353881208
0.044174789864267705
0.04662605721052817
0.04995702166560899
0.050350590539052054
0.05033775069254245
0.04741542033101269
0.0491911593703539
0.060913921935547226
0.09917368622784536
0.14884720480913818
0.2075484252865663
0.2605433753163967
0.32189942127799503
0.3855118727751926
0.4570046676496919
0.5280369498230258
0.596176448510619
0.659006407039433
0.7129049605925541
0.7704503086814497
0.8176813884165508
0.8575344782578868
0.8832501901115155
0.9113393101882327
0.9271981792353341
0.9375791144425536
0.9390329225581981
0.9415498646963438
0.945377021743027
0.9543766335364479
0.9608450389575317
0.9644943492018238
0.9631906844913243
0.9664758112412195
0.9687745065592477
0.9754472734875258
0.9821734286282077
0.98737037818846
0.9881016841447177
0.9873080242688976
0.9936685143992415
0.9910482159952868
0.9953312922834298
0.9981217593926703
0.9983974340318459
0.9867560030787682
0.9892222273576416
0.9929959318561025
0.9857404632360331
0.9740344646242226
0.97431341560337
0.9803663272711243
0.9771011295284558
0.9707387639678796
0.9655128982054032
0.9612204042730736
0.9452451387267969
0.9364898153679796
0.9360314708150155
0.9309804325782625
0.9132140002987184
0.8977762573277495
0.8942295028726063
0.895133952652782
0.8950839159536775
0.8899368156863705
0.8889511473508841
0.8935528247503058
0.898611955949281
0.9048692050739615
0.8973763199336763
0.8954188032410465
0.8882881583485894
0.8941528957546953
0.8894078140697852
0.8848693282982706
0.8721649540046079
0.8627123097666695
0.853224861579323
0.8427923239045501
0.8329803208283172
0.816248979575497
0.7926404454838069
0.7515571341295885
0.6931159991485136
0.6164210811389372
0.5294553207074745
0.4279199652500326
0.3278118164981738
0.25369698853508255
0.21389323731564955
0.1978611259994514
0.19065134856881483
0.18633995290405303
0.16869714173376915
0.1459316058068318
0.12190239108846503
0.10909932438063115
0.09592105221446351
0.09657508366977223
0.09474974921282031
0.0945153986220818
0.08369750920316284
0.0709926803133021
0.058113506446174544
0.05010953189499422
0.04675553752705241
0.04182122560563546
0.04112356270381163
0.04317046470434991
0.04938128672319642
0.055675113497763815
0.059272223761224055
0.05892407041428343
0.05661203710778746
0.05936965256395868
0.05859411513837481
0.055121091711235054
0.05341189112069395
0.05523986788064302
0.053960934285041784
0.0498784517445896
0.049977518440159664
0.048904470732497304
0.04666454206938274
0.0430774546772892
0.041742319716063056
0.03959792743755054
0.03633508417100443
0.03667247173376171
0.03683977426676712
0.03789634511781118
0.04148875169741897
0.04585680511861294
0.04599395999840151
0.04495250193077651
0.04899041247836954
0.04959759528547581
0.05089700046742456
0.04667751674430408
0.0460827285990142
0.04081672447229541
0.04227654257204003
0.04224966730435577
0.042732143450442656
0.03906305031475919
0.0394834254571639
0.04667518015390076
0.058524232275552396
0.06523957408925951
0.07346218452814311
0.11683478051182082
0.18622369923582302
0.26900927564588994
0.35449968035495405
0.4537197272581609
0.5605738589288615
0.6656641392782174
0.755834763342475
0.8191116568419062
0.8689545193103188
0.8971339523098931
0.9186786575498203
0.9360611470480092
0.9446292653533189
0.9451555340098202
0.9482716416536126
0.9511984616173065
0.9512609904679423
0.9485803516351493
0.9477555629949237
0.9416395873432559
0.9451623218919589
0.9423658559077076
0.9457688737596355
0.9433432049022129
0.9502265410348487
0.9505793007148814
0.953471725847777
0.9475034279950659
0.9466411753910122
0.9431797547017298
0.9484457552029467
0.9544797820645736
0.9601391917350979
0.9619245491744691
0.9646973815140105
0.965888570517721
0.9643867524346736
0.9610496419610257
0.9571391006473451
0.9512538450217122
0.9484599712762857
0.9453442981516403
0.940258455572831
0.9365402672298739
0.9346024922247042
0.9388281994085079
0.9418748153720753
0.9429015333033817
0.9412838448189437
0.946058642179398
0.950126341324944
0.9568777545550126
0.9530355777166475
0.9547817152081661
0.9500888537078624
0.956752681309695
0.9565458643262085
0.9559857017544695
0.9515735282258092
0.9534958950508315
0.9568203189951692
0.9554568666937374
0.9473557217733534
0.9372822894718419
0.9315192131708895
0.9336085861189846
0.9368593144263314
0.9406119260197305
0.9457924948922471
0.9518667422211728
0.9593289581418158
0.9594665843977971
0.9528940013558258
0.9429150880217009
0.9369782616367623
0.939675653272476
0.9374476631828723
0.9324060303713604
0.9257030871956836
0.9234809452250599
0.9240189006744017
0.9242863708851873
0.9298451957086189
0.9300258316454582
0.926032913696033
0.9069490549757196
0.8798236498388989
0.8467347250681977
0.8155706773523171
0.7914112305634138
0.7739312614281124
0.7533617227679964
0.740640506040467
0.7255184807101098
0.7037196367848663
0.6566222798396834
0.584593727462865
0.48333530689073195
0.36441629973159717
0.23726012528503174
0.12984598834406544
0.06225611992201782
0.03408935131303574
0.02958451462013308
0.03526400973327987
0.040334792570711764
0.04477714312057493
0.052377038438424825
0.05004322991181711
0.043573311576389995
0.04278076874650164
0.04756450707433437
0.05190174782061559
0.054594882814944484
0.05357612296949405
0.0663365348957905
0.07651517284328513
0.09979537354921983
0.09433750247397632
0.11517967005404821
0.12659010878716193
0.14956067582392193
0.13800008685644213
0.11436588099220114
0.09406953929137504
0.0830269625371826
0.08327324431271241
0.0714237972312999
0.07242545088610187
0.07286500216982533
0.07714303991090755
0.09452557622049043
0.1390389945470204
0.2007841484371935
0.27262787826037815
0.3488865336445072
0.4319583956432284
0.5112589666833377
0.5904012817777919
0.6597583164569766
0.7258940425796424
0.7816568612134085
0.8194868243657253
0.8402114497115317
0.8550905737781563
0.8788611014042699
0.8971820274930742
0.9069068010709138
0.9092227213172642
0.9120195085167059
0.9054610658333482
0.9021775925671991
0.9067438507688724
0.9135651970302877
0.9186896507016223
0.9175790430202947
0.9279517521557433
0.9374284487757603
0.954070981161053
0.9592671938254563
0.9646012989463146
0.9649761509740583
0.961266200708943
0.959083386944471
0.9498134935914985
0.9422945038165171
0.9419024154387383
0.949748558119885
0.9499775503795774
0.9497133320374764
0.9521828969229641
0.9541901523490319
0.9477165904941941
0.9450391868330532
0.944759035590006
0.9515626729278984
0.9572889261384313
0.9509170726866393
0.9424860389087484
0.942406184658433
0.9460219516283127
0.9446320226929893
0.9445682802193215
0.9463406370648905
0.9454417356398847
0.9428120996571356
0.9433314170314278
0.9433096759625924
0.9453498243214002
0.9427708116557255
0.9424461592883334
0.940229721993657
0.9405832761483696
0.938096598130298
0.9372300197572682
0.9367845564344397
0.9351521269467125
0.9343934338027945
0.9336345933911896
0.935743007285297
0.9329679252906239
0.9340619964417881
0.9300846927929741
0.9302893511095474
0.9254272277838252
0.929969510096093
0.9295406290266278
0.9307871852058228
0.928746885955453
0.9343041115263903
0.9419479277407513
0.944306362521385
0.9379718872946551
0.9204837380587646
0.9119021825448184
0.9108852555561937
0.9134814789500545
0.9145635449110879
0.9165857972672866
0.9178976042465239
0.918435994230044
0.9267182246577699
0.9357694329878069
0.9368268501016721
0.92264259947144
0.8929061340674134
0.8496815963470814
0.8018937099960566
0.7503295230900007
0.7007799379596978
0.6674486206979853
0.6556093616209054
0.6554270020875362
0.6491428440958702
0.6322803882711149
0.5938780447269295
0.5384230671765916
0.4655342569814376
0.3794969010775162
0.29067673481547474
0.21600518302711005
0.15208390587986037
0.10408743571251787
0.07346350265234064
0.06255146812154891
0.05606538077141476
0.055663743881440866
0.05443499197016088
0.05468854945590721
0.05335106248268988
0.05216988618835997
0.046954634573276706
0.04308359362588618
0.042124985162472775
0.04232215904190835
0.043933393547468974
0.04322750682984138
0.04442102603327285
0.04446597671520899
0.05038464643573354
0.05535871787790626
0.06472049078961344
0.07007731054904076
0.08207296194668484
0.0953704470291882
0.1078200669694051
0.10876794290332523
0.11190201073433369
0.1146522884935912
0.12280899421117958
0.14874811195257298
0.19240835107674503
0.2423697028860218
0.29947160371456105
0.3589357517737045
0.41781888725940924
0.48056170414759
0.5362440003451605
0.5729668188562883
0.603883589459362
0.6340137592634286
0.6604532230183628
0.6905832063753474
0.724202902174735
0.74830641265397
0.7694141033337446
0.7934269940822155
0.8188207815213697
0.8416068042010227
0.8654213745398381
0.8772169727888673
0.8793923034572763
0.8775490285214786
0.884463443368401
0.8928941775104803
0.8988933911903702
0.9139861341912408
0.9336539251473095
0.9512724118120363
0.9558495780823626
0.9590855864720464
0.9567015076461105
0.9543686163487671
0.9502447921823903
0.9508444247755667
0.9498021656970091
0.9497091531889942
0.950544924528937
0.9565197590961806
0.9595705535223343
0.9579288076704718
0.9599781206331665
0.9647095811548482
0.9713930196905891
0.9691344672471058
0.9626916984865403
0.9526552091588145
0.9544371629863957
0.9522708550375876
0.9430708478319537
0.9402520812470323
0.9455206689513268
0.9439990465439705
0.9369853478713014
0.94116402282472
0.9483004504398597
0.9509732754819741
0.953734130437879
0.9548873814953238
0.9580211919739781
0.9579847946011683
0.9571836342199691
0.9591425600407418
0.9663948539594485
0.9704105413412787
0.960059432848115
0.9558883189849106
0.9602460284157769
0.9635482999593279
0.9527064814541855
0.9394805091276942
0.9333767038787847
0.9288110338263428
0.9276026019818363
0.9351712365871261
0.9420952679588988
0.9328092411118112
0.9282437769120683
0.9251704244846249
0.9233399112456255
0.9142702222429809
0.9102411832722792
0.914548709545615
0.9143043915563329
0.9137248512199926
0.9092626958924775
0.9124676745474087
0.8985114303972608
0.8817693471703403
0.8722609757255754
0.8629569781592461
0.8472505406297851
0.8438186940706037
0.8554729580836695
0.8643531133274922
0.8631448570881789
0.8691287063659896
0.8777263689550815
0.8842556348322452
0.8868970684427876
0.8956408838380685
0.9015858335734068
0.900514758328737
0.8943155993143251
0.8946111926122787
0.9044460475341796
0.9065320098171185
0.9046436899213658
0.9009457721483175
0.8975340234228115
0.8917762893525312
0.894341045513828
0.8973080400930392
0.9009991535348971
0.9008351741963496
0.902114102062468
0.9065071025830255
0.9122362699567744
0.9077564646202422
0.8974836625427975
0.8806066403707098
0.8599207213695086
0.8277561314965091
0.7977257062534056
0.7752642466369573
0.7636568166910123
0.7574161827865515
0.7542602517496904
0.7551760579412785
0.7504983241888935
0.7278670276760213
0.6695107870106771
0.5739502557564156
0.44297718701971006
0.30010189835847895
0.16886340664367785
0.09213945095381676
0.06712493094010417
0.07267645832203347
0.07540410363194208
0.07807645588079148
0.08285685079793711
0.08255365934271809
0.0918181871656324
0.10912851398232305
0.11629393107226739
0.10610920099560835
0.10525232445765839
0.11597662838768653
0.12361884929768818
0.12159026152765653
0.11699874812820397
0.1078870738715015
0.09336702928315217
0.07204704559444845
0.061123989409602425
0.05864965197698293
0.07052146548491613
0.06837463996373169
0.060563350989280534
0.04703270483502874
0.04650413032241102
0.046819935465288925
0.04411735270723641
0.04408508839068323
0.0446996124898673
0.05223213926502934
0.05269878086986411
0.05757077469395945
0.05897925737879069
0.06547632956915242
0.0711356344129106
0.08220814239446639
0.09495171997421847
0.12265119483350348
0.15492119198146456
0.1979246258516816
0.2613307181269532
0.3452964645541064
0.4292549616451233
0.49944386530964885
0.5588262652598551
0.6092180928543474
0.6556775720877709
0.6980773930350073
0.731809956961761
0.7596082666962678
0.780712425911447
0.7983206750013063
0.8135031325037828
0.8284728941486158
0.8397288340769997
0.8411762510746245
0.8378903408657475
0.8315694836050804
0.8279094008304424
0.8301114902354746
0.8377835857272086
0.8482761074470804
0.8574265668791591
0.8581990347085319
0.8494710284954299
0.8361798811616326
0.8283435559681102
0.8210894847838369
0.8126089646305702
0.8014014491103466
0.8012280729596412
0.8141006163591943
0.8374496313943093
0.8547219932954703
0.8685454916773477
0.8809347096446214
0.8964317702719746
0.908320490437138
0.9086043316367496
0.9181770559417243
0.9204776556264179
0.9312097769451988
0.9269922065967449
0.9299138311635295
0.9146736933185864
0.9086863333952954
0.8924838491919185
0.8787337603091031
0.8617580065504011
0.8544104733540803
0.8429773656741715
0.831958918823594
0.8265073310331238
0.8246055030814238
0.8282978605384359
0.8303870063209416
0.8261196213857361
0.80895114059804
0.7934319489268341
0.7771378443960132
0.7494653434608207
0.7097019055817771
0.6761566862174644
0.649342099302227
0.6108501866638739
0.5577320011803212
0.488181179473816
0.3912407770412238
0.27492589638997555
0.16496589313108284
0.09948716504459644
0.06994525956866152
0.06914734458589641
0.07175316788612277
0.07607949940985483
0.08016432811514447
0.0848437435734115
0.08424235909531952
0.07750934359618508
0.07381674598228591
0.070181382022186
0.06825481920073342
0.06635025652900532
0.06760002956839059
0.06516937447408229
0.06927900156091635
0.07243165377090328
0.07301803103548958
0.07178989518390626
0.0738069345580385
0.07825366638247014
0.07909471174708357
0.07735892865422396
0.07204199421605867
0.06737547729397851
0.0687244978559846
0.07427637180492748
0.07794178326817046
0.07485479304485576
0.071229578962073
0.07182740283308142
0.07153988223085876
0.06828115694190932
0.06124189302334558
0.057014293330512236
0.05700749327177432
0.05845575835054103
0.06012588234246354
0.06317088544884897
0.07150733686918621
0.08475056613658065
0.10245576356570013
0.11514406318557661
0.12094168461526149
0.13459817148127942
0.16730741974201496
0.21854644428574765
0.26988523375791035
0.32586875701186513
0.3969549151868092
0.4863427691465449
0.5691507631378995
0.6454653172611019
0.7155815797235782
0.772101354203005
0.8092304021112793
0.835692176329684
0.8531055254358209
0.8518361659599218
0.8355153494938462
0.8186315906175721
0.8071188685196012
0.8025965222806823
0.8089776880918028
0.8247696784300043
0.8466503364349903
0.8692909926180973
0.891294450331657
0.8977034966424178
0.9022884874169993
0.9153464564730546
0.9268992957403136
0.9385479191176671
0.9361105974034755
0.9425837728148412
0.931255655981624
0.9323279922413449
0.9237541526005768
0.9283301443494797
0.926917236973384
0.9284369437874482
0.9263904842071796
0.9254877244369636
0.9245695459130238
0.9197789412132124
0.9177677107132247
0.9166713415511484
0.9154340203118344
0.9162405295397128
0.9210580660716535
0.9247475615339773
0.9245741095553878
0.927516365738225
0.9306356647004875
0.9361372525651737
0.9349705340659827
0.9357811474761191
0.9383225768274716
0.9397174662241254
0.9371036371548542
0.9366652906502785
0.9467352108482439
0.9487430064468424
0.9457228019664697
0.9368412920546811
0.9367060769870305
0.932073081419053
0.9257090803651257
0.9129321253592547
0.8927608000969308
0.8707548943084448
0.8491041999509453
0.8382696636521262
0.8261722593437596
0.8211015968958918
0.8181996369839285
0.8303435634787601
0.8338904467300172
0.82639459278273
0.8083256230388565
0.7906078422730212
0.767802897582082
0.7513124194967005
0.7442021330108844
0.7419795131431061
0.7430353975600903
0.7475819457787078
0.7581043260300147
0.7722405671086264
0.7888462940947827
0.8033838394169549
0.8130145235095729
0.8052403782714382
0.777195866329639
0.7310894147945731
0.6690496004735604
0.5876296742260361
0.4980664489261267
0.40379718820429433
0.30906620344514646
0.21919771569867755
0.1528352956863462
0.11163580366998861
0.09292398853452875
0.08273849753321302
0.08303962775785714
0.08760000817081949
0.09767787510072208
0.10038516046005962
0.09250233047384826
0.07918416716625519
0.0675401676417414
0.05946198042452246
0.05257456733612291
0.050793184707747394
0.04837006334265747
0.045487015042278485
0.04503535046274122
0.04749157600464791
0.052240022118097806
0.053551964747100333
0.05407100439031411
0.05213107267197211
0.05028582775298878
0.047073376234800825
0.04784022420402555
0.049946746808334525
0.051545849237339
0.05342752482273054
0.054614995628765976
0.05324055155270339
0.05234287218025732
0.05212148958287489
0.053771040612379646
0.054623424392277124
0.053963158871315045
0.05494091919743328
0.057125633829361894
0.06145788810482102
0.063820765403807
0.0686510786232184
0.07532667303115333
0.08878870495971548
0.11539992872835773
0.15421182623277435
0.20660574611876378
0.27832780549248726
0.3668044175940747
0.4653141592434691
0.5490559442542438
0.6209349113019911
0.67679754321206
0.7300216857083017
0.7705724483187981
0.8028510994607885
0.8183143883414186
0.8195807301355167
0.8149274678418468
0.8249955630770046
0.8464054486715259
0.8712412606649651
0.8885900787901485
0.9091941019571301
0.9193040709779813
0.927838612785779
0.9354559634062249
0.9541560539180212
0.9662265559131531
0.9734661212844555
0.9757099241120746
0.9744876447289772
0.9756566355462984
0.9744492011075186
0.9708766106397293
0.963255263838398
0.9583499527605042
0.956832905997824
0.960148799003444
0.9649838610037511
0.9667354250158338
0.9646529367982435
0.9628324640402091
0.9650454237047765
0.973570893458812
0.982012542346554
0.9892407967179797
0.9927429564602641
0.9896234511753704
0.9869015818634076
0.9848871551489627
0.9850952613505319
0.9778729022604642
0.976682436650772
0.9739423908164587
0.9723381337585634
0.9698585874936907
0.9728956963720176
0.9707533826644501
0.9633468142835951
0.9622616019613142
0.9593191880255534
0.9545165123457995
0.9495481390570867
0.9476762218281245
0.9450700878160544
0.948105217098863
0.9513418923019131
0.948714259781242
0.9452688175305771
0.9450051587813458
0.9423067193777456
0.9337646286833486
0.9291006591316687
0.9299840822877065
0.9220631444615773
0.9217203624270126
0.9233488833249935
0.9218982817370507
0.914316331502648
0.9119467280659117
0.9060112925331257
0.8849211744284962
0.8641193404216103
0.8288686928995874
0.7728754008018229
0.6928152555071668
0.61116498177833
0.5404833648701329
0.46745464736053693
0.3946454697284094
0.3129745888298563
0.224514607068041
0.13772252440473898
0.08714119485460557
0.06747731298824457
0.06294188223548255
0.061524015978390745
0.06361523226432965
0.06415546373628203
0.06250007506415556
0.06357867182861258
0.062479330064074606
0.06167166363063349
0.06308105008366957
0.0628304645208972
0.06141617652871284
0.05480681196173739
0.05193474698248635
0.04994693570024148
0.051847228780256445
0.051512447690607144
0.0499705945600306
0.05209143480571006
0.05576004984341232
0.06025283681863259
0.061063151247081573
0.05824365686062097
0.05917112902914109
0.061203207513833985
0.06537874838694416
0.06311428473655689
0.06145272853684552
0.05756245840237113
0.05797994474104506
0.054886831778972744
0.05502601350327995
0.05555886943123289
0.05808455849907511
0.05585009582929148
0.05361894714929223
0.049627043096502774
0.051017369439218266
0.053828940170309106
0.055791564270189664
0.05383488095159851
0.05453907330820788
0.05774334267489447
0.060615414387979336
0.06145705982070198
0.06481432330662883
0.07143675429152013
0.08700026257961757
0.12425754156246986
0.17404306024650387
0.24529999731048824
0.3461934131624849
0.4650916439787254
0.5577503436156012
0.6322102770857045
0.7105456460139639
0.7751242277496914
0.8218135499102691
0.848440861400436
0.8728531936308127
0.8833097639434272
0.8948568908860847
0.9014166639745975
0.9061523353713867
0.9078881478017151
0.9134325335764838
0.925216092480173
0.930958580968203
0.9303726763606485
0.9290561144933254
0.9297875159636017
0.9284543218754525
0.9313010112316159
0.9375152942179591
0.9374365985085611
0.9358402372825309
0.93824357386518
0.944017917387548
0.9446017917811455
0.9539025571843046
0.9574991059386868
0.9630184826427106
0.9614296894329104
0.9594104945441886
0.9520958084338229
0.9515789482194777
0.9550070640639039
0.9590238180048033
0.9534321661338214
0.9537547403917672
0.957816940499603
0.9598240945567302
0.9511254378269215
0.947293548993897
0.9476230351451452
0.9390899251016004
0.9380470741834085
0.9376870842355058
0.9370176673147168
0.9330809510144643
0.936224910784792
0.9342039308700485
0.9339345206972438
0.9371321302485289
0.9417068747994763
0.9392081839289946
0.939637905872385
0.9381146418541982
0.9311365018333139
0.9239896676211935
0.9208557665266139
0.9155305099409944
0.9060152045939324
0.9015465845164536
0.8955710639812643
0.8797783177331703
0.8577482492029653
0.8407459142372112
0.8340277450976614
0.8242644538807476
0.8197738131752064
0.8144102241160979
0.8223344171213347
0.8301063300262076
0.8389142703726319
0.8414932183495281
0.8475244806490198
0.8546471263518528
0.8601781698867427
0.8601090079475743
0.8562306183469981
0.852046170085364
0.8448799656152338
0.8433602595737366
0.8481658651915917
0.8511673387206821
0.8488260225751831
0.8481022046363967
0.8474213377736234
0.8387186020077175
0.8388999916601685
0.8443793449895098
0.8466381589187424
0.8443276995370784
0.8398702326288091
0.8440884680787688
0.845938347118287
0.8489250633564812
0.8400839002975644
0.8379971297119445
0.8384738791067147
0.8398038653388676
0.8348871274601604
0.8353482046293677
0.8312764324091884
0.8167187157199591
0.7850371322757159
0.7557425702303019
0.7163505675211496
0.6855316391524583
0.658010488708593
0.6427071706197452
0.6242455561057526
0.6098503550684229
0.5813834337770002
0.5265602265581617
0.4288420852900142
0.30002198429851046
0.16230719709827834
0.07261012469792551
0.034491514432852845
0.028155418350311594
0.021158099966867683
0.020617456885009336
0.01684741760451488
0.021130725710688015
0.025960001002237238
0.023884013742698728
0.01672825684085134
0.010637536152023326
0.02205474287403611
0.034982666846911425
0.04174530470214968
0.031427733077187665
0.026988221442604134
0.030747184617661127
0.02776175279077336
0.025794654453995276
0.025768227108367965
0.030737123921271422
0.028173997968230998
0.02921998665642304
0.029456069454026488
0.024302066189312896
0.017538615769237983
0.014714844045594058
0.018413214034145465
0.025657331859181096
