1.0
0.15529134657732818
-0.08215139020821127
0.012422461445247938
0.005227266437492899
-0.004154895228644024
0.0059416395748992
0.0068536682761770554
0.011984850378632934
0.007457776369209183
0.009429382292956102
0.01716634328798396
0.009464808478789315
-0.007720694092379287
-0.011299115644731995
-0.005249916228717372
0.0007515081856371206
0.002666185004816376
0.0016946628666762316
0.0007975699207874383
0.009700990298290647
0.012824985587357382
0.0027770346621492133
0.005735655550447052
0.012292482554395098
0.0027816372054153627
0.014334746205019384
0.013832356519761852
0.01127970034889834
-0.015029714339854328
-0.00826971416536673
-0.00885515023550834
-0.010195121229273565
-0.014109804656951355
-0.012617583889491371
0.0046293444409007236
0.002395247629453668
0.008181881689823048
0.0006206491738802448
0.010972923602602628
-0.0022378721935078106
-0.010160824558942074
-0.0024706507561256313
0.007813001550449923
0.012641187519448278
0.012235628527232697
0.017287902801309717
0.0015516584355798693
-0.012848515089023009
-0.011653455163901377
-0.00028046916351593234
0.001072898215858247
0.00015656564547021789
-0.0022929480273003234
-0.002083207447008437
-0.008006156488836213
0.003346587680613656
0.003551497705465171
-0.00392962913713061
-0.002821270664654823
-0.003796179530339129
0.006722555472172886
0.0060620223041253215
0.0028354447985924525
0.00026326957693194574
-0.000537065702720185
-0.005723565224192129
-0.012209387720518671
0.007262332503784872
0.006389760615152836
-0.011170038962042161
-0.009149918727847662
-0.002074915942435782
-0.009632373849630099
-0.004778513605036908
0.0048237074305011824
0.004694874990808709
-0.004680942958108877
0.007750473822127522
0.013064616564021409
0.003316451320430434
0.000753624259888089
0.0034462437158068048
0.0069159256434248246
-0.007418988368680318
-0.012620694620764084
-0.002583878602098035
0.00010953985147924973
0.0006735121338900693
0.0047148904890670215
0.0072652971729172365
-0.010043140390418839
-0.005703985683027398
-0.0034102475111644605
-0.00025691257189295545
-0.004637985599946966
0.011633944507899898
0.0051992961555139515
0.007004716336397864
-0.00879935681028316
0.004742964283474864
-0.003952109670533707
0.010336058249145061
-0.01167796357860573
-0.004634161672479641
-0.00757222275060497
0.008879804486957462
-0.009429014632041646
-0.016373282371166684
-0.0048744818796906475
0.003274913455921426
-0.0003943544032854361
-0.0072186240710383626
0.002099273989953691
0.005609973194519915
0.013101219705623179
-0.0033280261669099524
-0.00196578505948678
0.003354881442724717
3.158298101743482e-05
-0.011928503633030971
-0.0055794751288817486
-0.007518128579473104
-0.010530950257137017
-0.033303808883438625
-0.0026803536337904467
0.004519849689465623
0.0195639171007812
-0.008027732343308471
0.011763680292984035
0.009026246715527661
0.007277530898552469
-0.004153659097380646
0.0007068457724884523
-0.008699713422629726
-0.016346931776344463
-0.028625154149177583
-0.0307488643406703
-0.030285568976416342
-0.029005308641354064
-0.05166106378481555
-0.08606730499850898
-0.11148586686248656
-0.12555921072961834
-0.1748915927314683
-0.21247113088074646
-0.18719605974676437
-0.11009435683908886
-0.03827927115423207
-0.005358848679531544
0.008347384829122931
0.0075521403647373295
0.011010282564276955
0.013271670572093391
0.005518294305879163
-0.0046233000110929
-0.005655003006550475
-0.005626621215170605
-0.0018839244699171336
0.0006829709589294281
0.008094616223995337
0.004897358404033058
0.005016798903202418
0.000783384736389525
0.0055290328568681334
0.007252868707036225
0.00397109737125991
-0.006697535839399201
0.0013599748407079418
-0.00021472373396488076
0.008800587312227152
-0.004947343349034824
-0.0022427336713629516
-0.004841744190638078
0.007981264810073885
0.008153295030656848
0.03053789705028974
0.06959030735356565
0.12083076991349383
0.17644145711171494
0.21238779761242757
0.2062947626551832
0.15761066472728738
0.10930868191031055
0.06235149964003708
0.030019836047505466
0.01207792743347817
0.014324665671075909
0.011653009163018372
0.00351433643067432
0.00040140435654340386
-0.009121045466180335
-0.008958786955038617
-0.004553675900710273
-0.008670386591401059
-0.010618522338547839
-0.002850339624394883
0.006062608588667972
0.012122386925184987
-0.003989580968921724
-0.008831759262800852
0.002162821031201894
0.017336630839301866
0.0033566457364272943
0.008889832852432587
0.014138940821369185
0.016680457610792884
-0.004028559330370274
0.0008371770109465115
-0.0033018245406358044
0.018872267724435784
0.006182479329740376
-0.008735206263818348
-0.010218323459989156
-0.008744920449876887
-0.0013765435745615982
0.0025746722461322826
0.016778122219751616
0.005354021437749167
-0.00782464852586614
-0.002374074212507525
-0.003643413630211527
0.0005871255736780351
-0.009841687934335541
-0.004067946060579495
-0.005312990452175668
-0.0022072256845879898
0.004976274648611949
-0.00843616198243447
-0.005850838174620043
-0.013430216996698772
0.0053679593255683495
-0.0043894511403386365
0.009552145327352712
-0.012184530889085327
0.005612228846157248
0.002582798440565553
0.01512794380642541
0.0003352696598437803
0.005290761737173559
-6.590230144958117e-05
-0.0020918143725987977
0.0018867939585833565
0.005402305967600549
0.0042548368782987555
-0.0027078283125384216
-0.005758492460435052
0.0011371320136738397
-0.00892347579432861
-0.013549574240336358
-0.02378901967064194
-0.03545083086899502
-0.060906643570743255
-0.08991811255408777
-0.138532103660708
-0.18134148867620492
-0.2168557643084173
-0.2531217847778025
-0.2143905280207619
-0.09277901563247408
0.0054014830792799
0.00391751983251702
-0.0077364816982063
0.01536069147056937
0.033165665025772846
0.027878850410107625
0.013536195461321267
0.010824583986776026
0.002611182889159745
-0.004092591293976161
-0.01340681386763368
-0.010921120492288224
-0.008150088600735109
-0.0003519981974504954
-0.0007835580653193135
-0.0016974471655618489
0.0010043743674714167
-0.002725527128616307
-0.001761275320872476
-0.00561606450573034
-0.001404359023458532
-0.007240341826116334
-0.004885969738674338
-0.004530542566122684
0.000872717804407027
0.00028917494364607703
0.002766319058166951
0.0021008691468524334
0.004576127138565551
0.005623393678379782
0.005438471281971942
0.0016658264395503553
-0.0027918846257765704
0.0007497340017298477
0.0022357674031176955
-0.00019514557804254227
0.0023374040262195187
0.006918042701329262
0.015449088779992062
0.015924720754281457
0.033137333269948034
0.0695135755121812
0.10847836564948782
0.14400582156847866
0.15895647361433618
0.15491511831619253
0.1389791362693319
0.12116033562624134
0.09532658107707055
0.06564890351477354
0.04022423014682417
0.015323900122404477
0.011852649896284984
0.029033614960964925
0.024079303931601567
0.01050968213393002
0.005117946902712756
0.009837825894924044
0.00803724568023104
-0.006150012382440379
0.0005859083693365807
-0.004499949829886129
0.01535500138793997
-0.00755632631602458
-0.0032266579287736456
-0.012865203974245173
0.00055664679102342
-0.01882951400854997
-0.014446407283334312
-0.01365950378251296
-0.005712729113224164
-0.00443489947029216
0.013891413499958793
-0.002023597943662372
0.005019483503846741
0.0023507312974177922
0.014257409742722736
0.004803386485430743
0.012733128152840088
0.006640586529178519
0.010575522584825383
0.007961564403471674
-0.0024709234357602624
-0.010426467597510236
-0.0004459598506285152
0.003178271530644381
0.0003281070140380926
0.002648040760497484
0.00487918109161864
-0.00870036510797462
-0.023890397568550697
-0.007754352880071568
-0.002930028561813685
-0.007496321689217391
-0.022160698273591763
-0.0031897121757203475
-0.0015497594542820026
0.003100493650201719
-0.006022146529851852
0.00015581354218909961
0.002155365672152112
0.004042862514839987
0.009642284230267317
0.009337326606354288
0.0016887270176088442
-0.004044875297033467
0.0021652023134407132
0.006555913372677193
0.0029184109292697273
-0.007438121399949497
-0.011332098037615281
-0.006727478070709815
0.00705639344738568
-0.00471673154691894
-0.0038733383655417935
-0.0006026996983335669
0.0011128871922467967
-0.00798933879224579
-0.02309545845171541
-0.028248970345390832
-0.044066504488006024
-0.0584809579781961
-0.08966444995528665
-0.09568860531185043
-0.09049697575746833
-0.0726657624756132
-0.06942358237622719
-0.08012922989938115
-0.09839698945404542
-0.09449399994845244
-0.06937631698540425
-0.05211163839929132
-0.05379906670468349
-0.04677805324891086
-0.028644915039714204
-0.004895145078676326
-0.006322181732196281
-0.005281045429492663
-0.0014511661965346991
0.010813465781745314
0.0008820855500297859
-0.016549854430664403
-0.017096552437564954
-0.008598961477897755
-0.0033603007488834918
-0.0072284697711637825
-0.003920466545922109
-0.0033011689484892647
0.0005483008852948817
-0.0032744317195493827
-0.007598952330245507
-0.007371381159803569
-0.0021874822053735486
0.003949061653920261
0.006663798447500502
0.005255572591607701
-0.0005777650696470167
-0.00031691451292045894
0.005121686479900223
0.005051538694527312
-0.000906480425312427
-0.0026333820974745667
-0.003380604874910944
0.004592226850013774
-0.003050220627211441
-0.0013944729958777818
-0.00986665700809565
-0.007940830805343179
0.0027581542456056817
0.0607355440203249
0.1341804718738338
0.1880335175197941
0.18989744847382894
0.1716993690940886
0.14239630262115396
0.11326431785744925
0.06836416600752655
0.04342365748739241
0.020928804230538285
0.014784568836705592
0.01306486021796658
0.012920700423416476
0.004142860554156593
-0.011368634239454575
-0.024364252903176235
-0.03170429910441169
-0.021022644175542057
-0.007532386192758708
0.008654070412517213
0.013235498043446158
0.00971286645218316
0.002805935260485616
0.00924836574793155
0.01546288402580145
0.003371716875586077
-0.004426068360082445
0.0008326661169291414
0.00811831423279416
-0.00024521083763314974
-0.004906731254830235
-0.004318576499868794
-8.21671420670942e-05
0.0032192891137504433
0.008217979309661342
-0.0013923463664127825
-0.006922737181537592
-0.01017338917691443
0.004103649099496296
0.00773832142186733
0.012099381525416595
0.00473788033932447
0.006948230607847225
0.004894675728375308
0.008372184682246136
0.0033328630356830266
-0.009437367786230626
-0.015309090737618542
-0.0028962523558273582
8.669371147333526e-05
-0.009849862951363668
-0.02561807588112854
-0.02438322388645931
-0.022911447938846377
-0.011441794824623465
-0.01356322322626446
-0.01819302410889087
-0.025785095280011015
-0.026896430367308117
-0.0269866127265152
-0.039920210802039814
-0.05065070000533061
-0.04266532029554662
-0.018258262828671535
-0.0007516388894073993
0.011298528623207398
0.026377490381961244
0.03095631314147607
0.03037449884455167
0.009197779784403419
-0.029186883652478048
-0.0673563769278125
-0.07915784635039477
-0.08570657677064022
-0.10801596191228276
-0.114840213142626
-0.10119644568748706
-0.06915555359058527
-0.04848285475836295
-0.039417104251469666
-0.022934966027839086
-0.00434304412306786
0.0027276413438009277
-0.013502862202162397
-0.0212011864633543
-0.01956792162661928
-0.006690199261394701
0.003508652956092183
-0.002333833825428629
-0.006189191532375188
-0.009987399782566391
-0.005300740181508379
-0.005351752200285168
-0.0063500074690473075
-0.010639099360408334
-0.0025008452226023456
-0.0006350703217176308
0.0006527561272093662
-0.00025929224896972515
0.0024640677320255165
-0.0005328286530566689
0.003230343435996525
0.0002594722086429545
-0.002970870396948157
-0.005500436247812629
0.0008289533268384023
-0.001697811621377032
-0.004183739222708982
-0.0009967804246563295
0.006681420570259858
0.004367122571689915
0.00109541035530915
-0.0006612397988771341
-0.004404007565916017
-0.008254469596980455
-0.0036465580819527625
0.0012653652625947637
0.0009209824982930881
0.0019159324137880557
-0.0005687576449022182
0.0009908743797270023
-0.00023424692981164765
0.0025500737771746765
-0.0005247932052711115
-0.0015082726348646654
-0.007142160042149841
-0.004671246593906357
-0.0034221692440868207
0.0001770940388048411
0.025117000030098206
0.08946981693596134
0.15108191205028926
0.1806372338652347
0.15786896592590613
0.1254400858940837
0.10032503066086994
0.08164351248822861
0.04701850403274729
0.029727249334393854
0.010228747183568103
0.012797869734782884
-0.003116757312233728
-0.013617131545819203
-0.03103012834967308
-0.02784356015726013
-0.04017970220564666
-0.03585489949717557
-0.011388572038093455
0.004828247185775248
0.005583441727038311
0.029460326619489448
0.041761020179501125
0.04417762067254927
0.02732641512552559
0.020981778189019078
0.012632195830031574
0.00779314770680226
-0.006982334063235721
-0.03275255406443991
-0.04332882139404945
-0.04457980406846522
-0.03166410627151732
-0.021330380925554095
-0.0016296084455908627
0.010987487926542314
0.016563287423615295
0.018824449516540897
0.025131390639297462
0.02851446444755017
0.02153487195073137
0.015535687506050565
0.005156285950730618
-0.005856949772366261
-0.009597788675223045
-0.0010235989148863031
-0.006327705119047648
-0.011701657894740399
-0.0075369812104151175
0.0018089102819914195
0.0015536488493882775
0.008764405451158521
0.011631343297479294
0.0027601983544098094
-0.012397367917524764
-0.031231703075946343
-0.06108472217559406
-0.07617543357232255
-0.08152935722651491
-0.08845373824103017
-0.09086313372596225
-0.06177179213831926
-0.032342018405852636
-0.022973051731461084
-0.03281407565175912
-0.041993912467183946
-0.04829440187647938
-0.044232481412229005
-0.04493128599563722
-0.058596441112459055
-0.06851330743107217
-0.05541006046612667
-0.02550754357843316
-0.006264767197615145
-0.006655037222969587
-0.00863920919372167
-0.007086609716287789
-0.0010278803745565944
-7.238073234951803e-05
0.0025523117880863287
0.0003009203328583774
-0.002507822747753226
-0.002693095208778729
-0.00464976086407734
-0.0037957499182511055
-0.005875418102945689
-0.0026277065888329738
-0.0017901801598329194
0.0031202086750029127
0.0007578891027978209
0.0008394709572845418
-0.00042921032895700185
0.0015660447966804668
0.00013318993550322377
-0.0013511287814726388
-0.003308419291780288
0.0014541941823794755
0.004163234966481748
0.0032539789001011167
-0.0025805952518870453
-0.00034973975050925333
0.0033798273636384333
0.004592760895609327
0.00054265596527798
-1.770368484869044e-05
-0.004029332882257233
0.002448403437104625
0.016163440416127835
0.05275287433610087
0.06849025162652904
0.08093772046172505
0.07306986833514444
0.08459821544232012
0.08770936575578583
0.09857484732885054
0.0979398886691799
0.09395129525968123
0.0866304580836158
0.07431576422592005
0.07934399420677515
0.06512259707062494
0.054949764568428074
0.03545703275937541
0.03872950733042015
0.021866337689982033
0.014313317936145592
0.0020045224598743716
0.0034703803011029723
0.005276915278562341
0.012408737973004099
0.00891869002972698
0.0050316986602381595
-0.0017975035111032075
0.0045295594947062055
0.0031694598095925856
0.00920046533879054
0.009274077440485945
0.007165596342637673
0.0010083306033191602
-0.0010943046950022113
0.008769895548718295
-0.003612888761438276
0.005905540438622606
0.0038475187569946613
0.0003801024357330342
-0.01605129972752585
0.0034004501040338147
0.0052032144701151025
-0.010003899173030838
-0.016140326140789262
0.00038461987994683203
0.008345803861652118
-0.00450208121737445
-0.00877248140718355
-0.007205466237563319
-0.0059185255630609095
-0.022026826130194386
-0.012071911091532652
-0.0006319691992984851
-0.006964412622476925
-0.024496501397223897
-0.02128568562939328
-0.004890293903635938
0.0012470627166547377
-6.899100788697237e-05
-0.007096863731887947
-0.0013590475216140633
0.006344830243396536
0.0069755712646433305
0.008627546010011158
-0.010331251003024997
-0.0026990399446323063
-0.00983179120167417
0.008086347658468074
-0.006542557239146017
-0.006257701112631188
-0.017516894654975194
-0.013033382793950336
-0.013081370762604584
-0.014384467838311365
-0.013528869684390533
-0.02306930946676324
-0.03255163891454827
-0.056646004001030065
-0.08057911246297693
-0.10574757703855471
-0.11990909814644153
-0.13999777432491928
-0.13802993010571551
-0.10219012788758196
-0.0548817360750726
-0.022105205540328732
-0.009940899789238657
-0.005944587425547679
-0.024326051605835362
-0.03138930618528668
-0.03313167678579668
-0.017652972558722984
-0.01817030889781835
0.0009017838926077006
-0.002516786002477358
-0.0003231245014833871
-0.014915793958849526
-0.01751752145591436
-0.01775790972925944
-0.011035945241638812
-0.004624514726862599
-0.00680346942905845
-0.0009619432861034285
0.002822285134528285
0.008563531938697497
0.008677979571316326
0.004959724901902653
-0.00048003666777815844
-0.003187850336627058
0.0038022226304194394
-0.001069317313149502
-0.004788632962255814
-0.0023566596824582385
0.0025204292313509577
-0.0017634040486380592
-0.005628960147021951
0.00013659396598405757
-0.0014795269109996794
-0.0030884318675977727
-0.004945905285303473
-0.0018408949488869684
-0.002956705523103803
-0.004498834846537454
0.00046519271694214315
0.00023067809389307753
0.0014568084870177976
0.004953239424331236
0.006022707601155594
0.00018911026431822465
-0.0014359708582628472
0.005567503920573587
0.0008371885952461569
0.0017916304384767692
-0.0058178584925000715
-0.0008200987346751385
-0.007260809340796352
0.002012809074856323
-3.705583777426017e-05
0.0006652420362614195
-0.005058975471867281
0.00057961666705204
0.009916049897081943
0.016337569484224313
0.009259167937262166
0.011337402182702495
0.05980248827664664
0.09567400577274522
0.11414542640247091
0.1178748656710235
0.13680540805007305
0.14733134624805738
0.14489933369327557
0.12432799020215418
0.0872466956579409
0.06872374435607861
0.038854031523359894
0.02970601489980959
0.023967117966046836
0.011813791240418944
0.0007256235059721367
0.00429651457585765
0.0040355231822539065
8.621528807053505e-05
-0.0036960866357261973
-0.001137225288667754
-0.008432756995840502
0.004857175061180326
-0.0038557900546732538
0.0046921087055000876
-0.00334453195892692
0.009490799871216558
0.0004863879173282993
0.0039880993096695835
-0.008229137644945315
-0.0011888809068481881
-0.004772635012883611
0.007260804341924885
0.008319765337293832
0.007803240105840914
0.0024616653653337646
0.00382320379303413
0.0016424210913380667
-0.0020707189935991045
-0.004601235076021792
-0.005391886184417832
-0.008114638346514314
-0.003852215854687945
-0.0042959154573225
-0.007012401132516281
-0.00512666834315748
-0.0026718199453188815
0.005826439450732189
0.0042006988816916686
0.001415647038362252
-0.0022304820459048483
0.006583529454390684
0.005608576681829505
0.009308903499664099
-0.005297624689553369
0.0024075885820911956
-0.006470555623681926
0.009188139722744779
-0.00028516093975610124
-0.0007723567121056206
-0.006083540764347294
0.0026505750211510866
0.004583742786174803
-0.0018799391279883551
-0.011169924537396915
-0.013889330427524013
-0.007946176499438098
0.0028808444226172767
0.0044821306422109155
0.005174131400978031
0.0071430105170929925
0.008375221644890062
0.010288964033418663
0.00018976020164834938
-0.009062330981126625
-0.01375900690616539
-0.008185744529088821
0.003719185536715265
-0.0030719708652939934
-0.006951444345619978
-0.009242072594255886
-0.0030639074312563946
0.0007417373510391584
0.0003687901031074378
0.0076645529001847365
0.0002490622995965373
-0.005505467760103433
-0.02631297969400341
-0.03740072932929007
-0.04562327872722607
-0.04296924258080753
-0.03331124182438547
-0.02410152368291252
-0.028361447284379167
-0.01754011713984209
-0.020850371577441858
-0.03005642338711788
-0.06493821899974771
-0.09931355413264942
-0.1396159342515776
-0.163966494746612
-0.17532396803056155
-0.14810348607161167
-0.09319346057706929
-0.03883656975855379
-0.006211305489229426
0.007830934077569431
0.006991636638560004
0.006125149086740204
0.010478797506621415
-0.003217874187307902
-0.008920776048333575
-0.001092764502982026
0.006595857332967144
0.00598022283425496
0.003713316444936569
-0.001404674364827076
0.017594159798843993
0.014034388828291887
0.032098930170529075
-0.007525357050695444
0.02873735025766531
0.015732805774992642
0.03167200474790286
-0.015939834139949007
-0.032587035363439404
-0.027984761093830832
-0.015225594685066832
0.0003395753161608054
-0.01633811405795647
0.001381088209963213
0.000606056886743697
0.005898593248935337
0.023967182509977612
0.061375463406146205
0.08513472062052282
0.09905871929174896
0.10514605458060292
0.11454015930168938
0.10934027263994543
0.10912206805431705
0.09563004379230178
0.09118847734193872
0.07688622808912632
0.05216026102689391
0.02857528206858764
0.020515457338454973
0.032774996917992134
0.02526104197349561
0.013408596942194834
0.0031932096809275125
0.0038562329487916098
-0.009042834139607436
-0.00452727965786126
0.006295993965325467
0.009405327732349663
0.007065638421079727
-0.001531314908324561
0.014301975761451676
0.013066546414082274
0.022946859077557457
0.007164580304643252
0.007354707545672629
0.0005168490261238059
-0.005115309614393861
-0.0030096813805898614
-0.012781404386668178
-0.010367244285765414
-0.0005406146458088233
0.010818325374916444
0.00031573639103489007
-0.00036430640010383294
0.0034050561596164863
0.002767620115033987
-0.008925799762546273
-0.003691625954727314
-0.00038627481357868585
0.009380910524494081
0.007895404522729322
-0.008785563388798403
-0.011624777978519523
-0.00011010369013019546
0.004985448920528496
-0.001916445326245297
-8.788864138255963e-05
0.002443740040809873
-0.001239412599398232
-0.003625763491061438
0.0007160390214975856
-2.9976762623031937e-05
0.0028129731583545078
-0.00355596364954399
-0.0004476333259429597
-0.003056041777640213
0.000487483345482068
-0.0034286518860772368
-0.0011948453123124757
-0.000614208454369605
-0.0022508070611910783
-0.0010460922805220671
-0.001046295334407226
0.0029070982339203747
-0.003826305635835373
0.0015085142059734033
-0.005483938635363221
0.00028218455225045624
-0.006703935205895954
0.006262935813914949
-0.0005913447084979904
0.0017187618034336138
-0.002813181208867494
0.007662347837832002
0.010539355996128145
0.00325182906674854
-0.00873402598792618
-0.024112802472171055
-0.01183231857303045
-0.001402147206920947
0.0035796939416160886
0.0014919613521316313
0.0027882980043324275
0.001808730137494558
0.0007423364903000913
0.011419606708461963
0.012479879697546463
0.001457975321081529
-0.019557360189986883
-0.041000880472606006
-0.059598344338349624
-0.06589032656354415
-0.07109712049758371
-0.06831937117582466
-0.045957491466239925
-0.016324066754680133
-0.0002514388085174234
-0.008664648174775398
-0.023250091305459186
-0.052949463768813876
-0.07646177429831882
-0.10049968461272814
-0.11862900642916736
-0.12246596799543731
-0.10295774322808973
-0.08813517707505543
-0.066177923626785
-0.04222452809846696
-0.015045602005185116
-0.008943070017382255
-0.0005537802121222879
-0.0016942131339542227
0.00034960712461178605
-0.0018441379221591583
-0.0016286154861679793
-0.007190831364767365
-0.00533742275795262
-0.0013217371498063396
0.00027186494942210574
0.0022215832473110315
-0.0009732823502528295
0.0016456339896747528
6.19783660292041e-05
0.00816070997245017
0.006858290179809581
0.012908088669899887
0.007386026674166649
0.016539701758880004
0.0183346806369273
0.017165637279442276
0.0013069390508078345
0.004321278228138624
0.0037921053542056323
0.01124653221669638
0.035765066615338605
0.06019909297938256
0.06888711842344891
0.07873256551575601
0.08198965121954754
0.08118854635541899
0.08651030648042515
0.07677520309887563
0.05063372098649186
0.0426282948855007
0.041543723303058465
0.036454947770257345
0.04154346622830483
0.04635511014059912
0.033234116385449715
0.029103455668170512
0.03310916916326825
0.035013160757113394
0.0314175534866373
0.032835723368656276
0.016263866849680488
0.0029993636268469052
-0.0025415224806966162
0.009533651455370723
0.011624364838224165
0.008271764639030649
0.020809996863267455
0.027118110212277616
0.02429251277963571
0.006311034099146309
0.004461834699957625
-0.0032871872850837986
-0.003216609504134492
-0.00568596231725514
0.0008267782988415955
-0.0014370752986544507
-0.00012824640291859746
0.0011523683244070951
0.008238150520134704
0.004206460179906078
-0.0022636525398708972
0.0028256093887683935
0.006523776268448305
0.009215179437996025
-0.003114110487517101
-0.008883341993592047
-0.013838393154650507
0.0024569724377015425
-0.0029869230276410564
-0.012685044798035451
-0.0038865383043427603
0.007264371598581734
-0.0020980253571094287
-0.009670544802209172
0.00576159102876279
0.009839764466765624
0.0036853129175561062
0.0038066892790133604
0.001590111942315441
0.004320923388618423
-5.0184993805258884e-05
-0.0011046464528525004
0.0027009828619822917
0.009999521868958706
0.005536862438784572
-0.014272192620095926
-0.005751165736050151
0.00600844522312006
0.004553198875710724
-0.014948787577650285
-0.01823607826702338
-0.008415976345484332
-0.006295183020379451
-0.0016661956605367092
0.010435694981767978
0.009546910798086394
-0.012803649379633868
-0.0062948991890029
-0.004237563335645577
-0.002523926549305787
-0.012505360999317346
-0.005555271718166056
0.005939252277163217
-0.00033686763170257585
-0.0007990749316198251
-0.0061524560753233835
0.004419050649183443
-0.019242982999897313
-0.02308412058806068
-0.013110219920190989
-0.012828427553559521
-0.02165616387307904
-0.004731857961648205
0.01606899405506348
0.012244030310369542
-0.0016659535346674604
0.008250580076419796
0.011854527139308726
0.009002604921807668
0.003642030156263516
0.012056043817766475
0.008196945070722926
-0.0014768072629752545
-0.008547450893276078
0.00040756644453970685
0.013560377995149173
0.0028761417697457914
-0.0026036308380252807
-0.005098719116420299
-0.0047041469050351295
-0.007938810588315439
0.0035363066652994756
0.004090916269041178
0.005089337249206252
-0.0002260960463328921
0.0017633961487804944
0.006057104864759265
0.00789942259468487
-0.006176792051377707
-0.01416422309690555
-0.023270175503696238
-0.028521913445678983
-0.04434879824872087
-0.04140619469075461
-0.030970043294034473
-0.016004418862212627
-0.008604636809169735
-0.004351423394274936
0.0012627210291204789
-0.006449697361751801
-0.03120421578883175
-0.08046205948963976
-0.13175963809485444
-0.18058673293685293
-0.19699761062035903
-0.18095270029890706
-0.10578761442840731
-0.034490223744714506
0.007654491128460123
0.0037608995488778905
0.003684661026354331
0.006591247411106269
-0.0004180428456055879
0.012774006350163148
0.023867619473584845
0.009879735390521355
-0.014042788705557028
-0.0011814683431578608
0.01478675752523526
0.01053715637749598
-0.0027970333244782893
-0.006330816037530514
-0.012563250609260092
-0.020020355631883726
-0.02939616699636679
-0.015060798751478092
-0.003411636586438077
0.01636895306884479
-0.0029600604978997818
-0.010770268800508529
-0.01865616501995163
-0.0007288028391488219
0.00043543470079056507
-0.0037263430984372727
-4.448630220684975e-05
0.0008473108285011587
0.010385909211766544
0.0006434092419331217
0.006717544729373195
0.0019420273870438206
0.008958216004474629
0.007803095569843641
0.01526686410491378
0.01757094846484495
0.03819226133397385
0.04449413465716499
0.05929348455064304
0.08742483598139433
0.11577265442536237
0.11576265898173253
0.09677703151843942
0.08187693626172139
0.06948066193900009
0.06405870802019314
0.05846121814067823
0.04651073363304962
0.038328535664183386
0.02909858645604998
0.024278397128107795
0.020933695948107962
0.020640429168830847
0.015519781565834929
0.0019957103343424655
-0.004530639734324537
-0.008715249425505807
-0.005046551912738675
0.003036258790645365
0.010578347693885925
0.014467174327801384
0.012616727924674099
0.0010650849289152167
-0.012034245988734643
-0.01832594209744342
-0.010804788943092633
-0.010001972377181844
-0.011693010195573889
-0.015453013597821232
-0.00023905244740058721
0.017748767586611973
0.03219381192756681
0.023815273139127034
0.0190599520544144
0.017082354547641072
0.021367473296701935
0.016392264105407686
0.000391362555715739
0.013198950167504825
0.0031720855658475973
0.01479753620446279
-0.005815220315939528
0.004028359726719516
-0.02101322607366585
-0.008255420582975024
-0.022340117063537994
-0.0189587344397589
-0.023406307418725007
-0.010130838559918398
-0.015764061903298685
-0.015192324177611165
-0.007516693606521198
-0.002622255855483631
0.005091052507423782
0.0028805312048542342
-0.0058839050735085005
-0.0236720410145684
-0.021397987760052063
-0.02246644391656155
-0.03815506946794918
-0.05482615171329158
-0.04625242142589327
-0.03697217063616041
-0.05307296236468858
-0.07323978638153639
-0.09589723892247824
-0.13366221570391573
-0.1603759039270508
-0.15161374726717625
-0.09028260310348662
-0.04073261966056722
-0.0011001716710828992
0.0035929303706299016
0.005965181109432922
0.005632195058191823
0.006452016111506294
-0.0008291938120187661
-0.009283536558545845
-0.005091383637692753
-0.005012469410109941
-0.0026563604951732917
-0.002626026509712114
0.0017231972364399291
-0.003351407022919778
0.005666387268456293
0.004346902521100186
0.0008085017439192642
-0.0016933637058313988
0.0027811103022398224
0.0061311900237668
0.0011596401925387373
-0.002393311852963877
-0.007331032468653035
-0.006434231504853075
0.0018600405282333961
0.007654968977878515
0.005053899151948154
-0.0042563672395665424
-0.004998474676672792
0.0008242844179983835
-0.0003964357459762715
-0.004493156945517597
-0.009705794371279861
-0.005829048857582589
-9.375976321734656e-06
0.0019968796755215567
0.002302780550306211
0.004198475061085023
0.011494367054282669
0.01825987227756502
0.024412070287174105
0.017494730763956995
0.007993807604036554
0.01882967521733417
0.04509977766576161
0.07064878398647984
0.07078634068159778
0.07719053741538294
0.09801417333860331
0.12324870041244396
0.11417633594594388
0.10522312821691124
0.09667687323795311
0.07792992496866602
0.05119383338487433
0.036485709618836605
0.02400966744459817
-0.001750203174484989
-0.02250327455025293
-0.023279464126246728
-0.015873834910766365
-0.006235447793755123
0.008798403345617711
0.021774124781940914
0.030169229306013092
0.031217120978306926
0.030338546543448166
0.008836845205392612
0.006321822589282042
0.01800443399065888
0.01592914879022495
0.016061216700644025
-0.0033605990126623136
0.008925266931142418
-0.015619299669541854
0.0014785459607887632
-0.011821679864303816
0.00630941465945027
-0.001948128187364181
0.002095384121490617
-0.0028216751218600174
-0.0012447325171704865
-0.0012659920202713333
-0.006605324742524128
-0.0027731009793008315
-0.0015116827221184745
-0.001706028593178435
0.001112021486178815
0.006642458571816845
0.005087106365858725
-0.00023915699950416617
0.0040568067668168345
0.004300914791733412
0.007585634115714172
-0.0016086809605834714
0.0011176803660728507
0.003504143469931821
0.0019232848506926966
-0.003603968790133239
-0.0006043957274512358
0.013884487910575699
0.0027683649093148675
-0.004164282513744625
-0.012245898137584374
-0.00018643563555780141
-0.006388011989045355
-0.008774736438723691
-0.017616969531578656
-0.027812387411134922
-0.03034192196907715
-0.0298521535575768
-0.014938746812317502
-0.016679999500174788
-0.0069914706444486096
-0.004001245940635198
0.016744144669436196
0.004890471488766348
-0.010335344418276276
-0.024913642514869043
-0.024429420294231802
-0.03144364330977208
-0.02273720537152862
-0.009803720864936905
-0.0030645663597422814
0.0014558620261503588
0.00626881768030154
0.014508343513910723
0.01949116422954628
0.022896111493727958
0.0200444857860868
0.013278865594341714
-0.010719054714629308
-0.03866800127100291
-0.06357195055701727
-0.0855410008202948
-0.11226245684569845
-0.12349050384329231
-0.129979223777329
-0.130615852637151
-0.1239114021886368
-0.09150104472165853
-0.05680619484338662
-0.02580000297179242
-0.014043837874662535
0.0004152008041161132
0.0062878896224217605
0.013895444929235378
0.003732827083355365
-0.010868910129674001
-0.018363191941949124
-0.016054841294723086
-0.011138270269458666
-0.009496421210998869
-0.0024561848635887653
-0.00334101945576951
-0.0039751704566931036
-0.0006227587975808829
0.0033866637641419566
0.006547196140593256
0.0018089171724950642
0.0007156560836268912
-0.002674793638990709
-0.0025442387095427317
-0.004429354293850628
0.0010573362200130912
0.0029044905081563465
0.002204855441433013
0.00259446960883294
0.001637294410127696
-0.0018950946762923955
-0.0012377276233843653
-0.00030524412672002307
0.002274414382316954
0.001175273691796089
-0.0009103794730588025
0.00134814389394785
0.0030123023121076636
0.0059733474477079405
0.003257954447203395
0.006660075172468787
0.009204363890749257
0.01856155916723459
0.036691771874814955
0.05351416010183036
0.07224116308207423
0.0988909590859565
0.12199227272341169
0.1358260333861734
0.11546385460202603
0.09910730466372122
0.077023851446708
0.07338588077283256
0.055911721459689444
0.04450606685455232
0.021320908537510286
0.0017460423702628462
-0.006415955915344641
0.013881971637006392
0.029520124475663906
0.03424381967216668
0.023920691602948605
0.028408994803055004
0.013939707553458549
0.011767495692427214
0.010502865019880568
0.025783836965278507
0.01664290637177548
0.009981971644220216
0.003093773597141921
-0.001685288759427396
0.0016118140513120317
-0.0016648204294045998
-0.004925916808107594
-0.010508374986603185
-0.006763482830021883
-0.002091716420996161
0.004571980258452763
0.006666622830209987
0.0024150707128016073
-0.0028713517001744708
-0.0025100826524493093
0.003051246792947507
0.011754987070878298
0.011639414178362536
0.009966375945551612
0.004828806350667765
-0.004301199271055366
-0.0037529355559094116
-0.002777507945802931
0.0002869385241390905
-0.009958247483641549
-0.0016414236697790184
-0.0037779974928335417
-0.0022119626856923536
-0.0034188185667343982
0.004187590435200516
-0.002953839572570887
-0.010212236752738987
-0.0014962995806226584
-0.0040570242778323355
-0.0066219683078949584
-0.006850433519451637
-0.0025810147075818355
-0.003593358782648357
0.004184860952791232
0.004462754107652307
-0.0036230011012465565
-0.004750603811697451
-0.00036353482890142026
-0.003720630207603781
-0.011777904158700172
-0.006430719169817976
0.0012180710361939867
-0.010921453529446184
-0.0004726306585665305
0.002245417865844022
-0.0020001012733863763
-0.010454054679541578
-0.003267228500665959
-0.008183826810824045
-0.029079226458561674
-0.028681737998754377
-0.04860387964726683
-0.07720400677670299
-0.11038757980298405
-0.1125800618273306
-0.09745638854815256
-0.10069258995632221
-0.10038988658683579
-0.11260847516062161
-0.12196934267560826
-0.11966962982641374
-0.06974194877746591
-0.02711272032757931
-0.006253488827915539
-0.0019549655328329
0.0028833860318361305
0.0007448755495352107
-0.0022824633714657355
0.0014871779956623285
-0.0015157813705815246
-0.0011136170506253654
0.0019432735099984488
-0.0003455094130319824
-0.001950031792061642
-0.009113045647104454
-0.003960026564147703
-0.002740810371308736
0.0026201395619152323
-0.00046159889061129415
-0.0021259196429078133
0.0029242317885844337
0.005058316266480936
0.006194691240435867
0.0011172681276896482
-0.0038875418030281904
0.0012788061730434567
0.002801846350257488
0.005757269733331798
-0.003122260907697435
-0.0022909672086870786
-0.005363936117575719
0.0005756335609610712
-0.00426480932158878
0.00019190489403351268
0.0007347060894518768
0.0034824406389450642
-0.003080895311515186
-0.0030763259554329784
-0.005504069791171927
0.0019169932747916429
0.0038766166025274553
0.002706082079309429
-0.0026978908817264524
0.0009709461514936444
0.0044180726767801895
0.003960035848812564
0.0011604675713308987
0.004629022213342551
0.009131061730451777
0.02145909187203372
0.051370639433952744
0.06864467827956323
0.09824964466046433
0.13911266277331305
0.16393784815598414
0.12775856904782656
0.10266596216885468
0.10800944411403174
0.08904147399032972
0.0643756173184466
0.036713953756155354
0.03365992232888875
0.014417604234928582
0.015921272590581573
0.009044668513059259
0.006529582257311652
0.00239335230370456
0.007644644222392269
0.01624726690236196
0.007917789855453097
-0.0008078500405580519
-0.0018152862158790143
0.0010084622988254352
-0.0018382188572952912
0.003925038448547174
0.008568303948842922
-0.00010850628448587116
-0.0022010758484667693
0.003313740036746154
0.00796171183600961
0.0008050507650333782
0.01282397102067966
0.004958950688615602
0.007610161512145312
-0.0021906410061057514
-0.0027840823432959115
-0.010085548730517896
-0.0007126510693682773
0.004726714021785842
0.005538333019108077
-0.007709815100467668
0.0004447680117282668
0.005600994563887424
0.0027674803467138327
-0.01199377868234286
-0.00528343950407366
0.00045429818645772063
-0.011765521564224956
-0.0014378913319584169
-0.0004963570695021846
-0.0009229974976076906
-0.005427976468895285
0.004334917314565304
-0.002786543551699896
-0.00037146493852535954
0.004408890069110973
0.006307695012760463
-0.003445215304732855
0.0005925041123084981
-0.002100288823480311
-0.009621516243778154
-0.009854113167363747
-0.004321048330592807
-0.007342507113282444
-0.013119780441101455
-0.0061613697251786765
-0.008239096338318474
-0.021775167036651912
-0.03037523775397793
-0.023442957803306918
-0.009263066277139794
-0.01346170537638
-0.006191731946339115
-0.007395360239650671
0.010925941796885942
0.010715976755362844
0.012144459822204731
0.003555874456129921
0.008315953536525816
0.009820761853930125
0.007626247833479571
-9.53610445143621e-05
-0.005347555140762938
-0.0057695513131104876
-0.00988082103672866
-0.0020953830562685143
0.006626008130390532
0.004138456125698924
-0.0032282257533265348
-0.0009980060638978129
-0.0009387847707867981
-0.011999402890508262
0.00025010152881513466
0.007554976957452446
0.0031144710261960438
-0.003185680196261321
-0.00614599164471511
0.005816137363309117
0.0025506282726456657
0.004118108652927346
-0.012190267568529046
-0.002877256264060467
0.0006573459449458654
0.001833795839344466
-0.006779238195964987
0.0006357369528106561
-0.005614192670277466
-0.02007229823112065
-0.04368282505439978
-0.04039158052586568
-0.05431401387859046
-0.04249338921656571
-0.03794638617892802
-0.021100339508075952
-0.025455024318964375
-0.019848220327848408
-0.039250422719529415
-0.07559068422436414
-0.13473456833904723
-0.1776182034904979
-0.18988226921355955
-0.12367505331455966
-0.0525582500147489
-0.008736260837108205
-0.009647959526134656
-0.0007454430806229479
-0.005198160837757761
0.005905860071209683
0.006658644069086544
-0.002862388126312603
-0.009866415844563664
-0.008397935247571504
0.015742137533161286
0.01782512677175893
0.009324380104184795
-0.014225951713324211
-0.006121234767251629
0.005182889013451373
-0.004116337696166274
-0.002712251193552378
-3.64382391972856e-05
0.006851155358865785
-0.0035340589208902548
0.0014422177147675613
0.0003255128824041964
-0.007106381640882013
-0.009325500475195614
-0.0038934394303423744
0.0050993426348356855
0.009988248604471938
