0.8652819476802868
0.9245543214070815
0.9514766954170505
0.9631583007672517
0.9671735601444655
0.9557170131700296
0.8874542930985364
0.7577780037276781
0.5929717641738576
0.5250400003472362
0.5685092653786619
0.6736476694807446
0.7440268402089109
0.7663018736682385
0.701799631234535
0.5185636227920397
0.2713245620100043
0.07899258666436301
0.03515863469765539
0.060996896642802806
0.07620245167030472
0.07635544202767562
0.08091020909878734
0.08867177655767156
0.1312600887995693
0.23294115656603395
0.389588825754517
0.570550118115931
0.7296417178165584
0.8380330589644596
0.9084962122243606
0.9577144669644062
0.9805612556230902
0.9897071453859679
0.9918777599648252
0.9800137765398214
0.9532557490233079
0.9273431019785277
0.9273187121793418
0.9491550376840278
0.9759292909958395
0.9933794188739724
0.9737950901022958
0.8764370283741928
0.6556213476130611
0.32885697538550807
0.09199825765747133
0.03612136206050308
0.07285849514218112
0.07592134997642358
0.07763121771007768
0.09400521544457695
0.12844782022883597
0.21730437841569838
0.33854690060254
0.4699887309254484
0.5660081468742785
0.6216383083353194
0.6652986043467559
0.7460182945622922
0.8532578720287209
0.9326244939998172
0.9795647477294283
0.9821116008994256
0.9549125250723736
0.9044329754272299
0.8625266855500117
0.8614103135066536
0.8852047967336606
0.9110322851226419
0.9344404693299276
0.9594890353858676
0.974659183212743
0.963420297551338
0.8985547666014435
0.6795889379523838
0.34054967165783434
0.08801296390521703
0.016048323380315175
0.03785591449209432
0.03813375943851289
0.03745370247612225
0.05589516985197014
0.11901929304189326
0.21852053911542813
0.3274928454371785
0.4308872266383576
0.5040547497673367
0.5342394524235188
0.5572044446791902
0.6331939651614961
0.7581701643264487
0.8787497260533119
0.9606164297328053
1.0
0.9857729843463076
0.9534581849841928
0.9369184407671117
0.9359623733366385
0.9300003985749157
0.91967440688443
0.9232103982011731
0.9440169789993869
0.9689458433873658
0.9309819968680692
0.7866834287115482
0.4503942696240184
0.14558028299303163
0.010477214895182227
0.034252577378153785
0.04404509657094271
0.07148772989133895
0.12655231868211342
0.19230419678625274
0.2905504061392535
0.3892054343881267
0.46218517802096426
0.49474501153470435
0.4934226294352466
0.4841718070372934
0.5288932848011559
0.65585708199581
0.7932378898299128
0.893866997367226
0.9385505887436811
0.9644339094423766
0.9545521485167446
0.9385100755696354
0.9135397704501593
0.9035590209526767
0.9006457148603152
0.9171902729970993
0.9260124794653622
0.9423004477288723
0.9438973286767927
0.9286298738215356
0.8293883300099781
0.6221177708684381
0.3115860983175941
0.0884221823263278
0.018810947562420525
0.030865379572627506
0.02966666963932064
0.06253477329988279
0.11902824691495863
0.18198226730238987
0.2526102832662551
0.3208958711368392
0.36366027188900246
0.3993980984019924
0.45761116560517745
0.5489095041645168
0.6613405106441262
0.7585632418902217
0.8369264001377453
0.8753910516786919
0.885419148491898
0.847424319136638
0.796171186634003
0.7470591955887683
0.7445755218524452
0.7680065795856679
0.8050362234846513
0.8426936439230609
0.883093600946705
0.8625650371305135
0.7401230052079536
0.4963667457944992
0.22973589640448733
0.08126635571378925
0.06852981537763297
0.09464578414165914
0.10984684673115785
0.15370650244399234
0.23641227179850688
0.33837856354864704
0.4586131385126886
0.5516756043434782
0.5707583240587187
0.5152327798252468
0.42626582275791697
0.3672072517488288
0.41301415773500977
0.5678443131675737
0.7383859945973013
0.8436441104171742
0.8925523829911457
0.9042605143937434
0.8838884497374073
0.8450208925644341
0.8038365295935419
0.7730365343364666
0.7595164497962463
0.7765618728539896
0.8218484808081145
0.856577489180252
0.855723105228049
0.7694361442707646
0.5885032844346895
0.3049911767819139
0.09070443941046226
0.01928069705364065
0.0652404189047687
0.07975382540462322
0.08525365203788193
0.11066947689746433
0.17630497229659187
0.2605602161503101
0.3442464214907969
0.4185385685128434
0.4958616960191449
0.5699856299470034
0.6265649465973794
0.6840026902443517
0.7605891465303579
0.8430253538931141
0.9033921543265238
0.9252253189001783
0.9097477971838147
0.8595767038287456
0.7889414688999218
0.7100858184143255
0.6598816693281784
0.6597516487336272
0.7100982890422365
0.7704852397270804
0.8253872974222752
0.8247066583202278
0.7408777567795056
0.5234837609171898
0.2663233222935513
0.09654448458892644
0.06738478748279766
0.0900616648688255
0.09643819718266547
0.09995639388246115
0.10414137862280642
0.11828707249782724
0.15013892170470153
0.22502079870804306
0.31857255178602706
0.40964871685976834
0.491820215536054
0.5802045137637866
0.6687734167872024
0.7623522636241957
0.8586576470343459
0.9246233145016576
0.9576021669441211
0.9571266123750394
0.9248562535806515
0.8610903453840646
0.8014705332910558
0.7705353741184522
0.7766778101799094
0.7992310106423425
0.7775482313514371
0.6551786319038753
0.3920320032327324
0.1584292827349618
0.041764715427855634
0.0473902035106032
0.04692738073655933
0.06536787828024626
0.0757674697837852
0.08732305120867874
0.09050435079796562
0.11342357508832046
0.18761586542333822
0.30063918770259535
0.4334848236607705
0.5389205313570667
0.6174862879770128
0.6703832270774935
0.7352712330483491
0.8072035217491172
0.8544450417859436
0.8854684391679049
0.8922993444683992
0.8826142002018792
0.8403107039859294
0.8105315466715167
0.7998933295103715
0.816185478924322
0.8322940505976762
0.8575602561425582
0.88506520928948
0.8562709229146387
0.727506675309152
0.42273003390423375
0.1457082328908229
0.0
0.023088265830966258
0.053839139742559244
0.06527278840258348
0.058470480212426644
0.0666927136475526
0.12747381000168423
0.2221534174521288
0.32207544545409367
0.41965072562072225
0.4991607113631052
0.5615130974393059
0.6018050207515646
0.6662293166953136
0.7571572575877903
0.8461022225142035
0.9024540449961677
0.9276308023432815
0.9228919104655467
0.890557321050362
0.8451467169066368
0.8315874592670949
0.8453236029602175
0.850463241750393
0.8284907590286041
0.7798614824626118
0.6698526015845857
0.3974000631664779
0.1277325451041356
0.010076395466093702
0.04070664163987444
0.05660743743058827
0.06028259999101508
0.07899823975270132
0.0862823841554625
0.08795245632405634
0.11660099745206799
0.19111130596419923
0.2927012790634042
0.39472024582694926
0.5033276526274785
0.6138657269949174
0.7069803595596877
0.7737910754807852
0.8265759420446124
0.8712447744265421
0.8899027432767365
0.8697329901529873
0.8306188874165942
0.7990107444844435
0.7976448953112876
0.8257116349552839
0.8499305172384837
0.876379039970406
0.8896964270860969
0.8435696962953338
0.6751612934105399
0.37524223610360596
0.15455644585586478
0.07083336787235635
0.10164895028154554
0.08745741053142582
0.08044977282382546
0.06831932418886846
0.07882352792355464
0.11312298251618322
0.1777759690824647
0.27726292079397563
0.4015306408318916
0.5239799739437788
0.6278069520866021
0.6981911637131774
0.7568443840481602
0.8163460622828151
0.8717679746640404
0.9099996873131857
0.9225363555627111
0.902387809428449
0.8635679980910645
0.8369099055571466
0.8487843684962245
0.8646647091423817
0.8852575687452671
0.8513964637928021
0.74004023544398
0.4922648669151744
0.2438906489429663
0.07941173200606182
0.046393903774213555
0.04384317279808231
0.05457239094629699
0.06809770984983896
0.08234809347138905
0.08658519931511037
0.12743507770740306
0.23146769880569648
0.3922149736964813
0.5409052641917942
0.6488496180094047
0.6948347708870961
0.7297167589998922
0.7867793406618268
0.8685244971784603
0.9216736762235989
0.9362441386671221
0.9208629940806762
0.8712154181248225
0.7857820518583393
0.6977135691800938
0.6560774704998448
0.666715585457724
0.717498331082746
0.7638818708666355
0.7455459657828142
0.6319283843052845
0.39245372103446247
0.18330601143442313
0.08101431741206651
0.08104490833493355
0.06857009530845659
0.07280059263952098
0.08515406931008816
0.10338580337081739
0.11065224067504502
0.11472414272266356
0.11035446674194595
0.14794759606205435
0.22961641069926828
0.3578726413786319
0.49989466660968024
0.6371866961513728
0.7399932386705451
0.8013613232672975
0.8264326480386411
0.8072949972484131
0.7537668897403803
0.6905653132177615
0.6535490411971809
0.6615595177658956
0.7071717690469341
0.7662373387266066
0.8186976655812764
0.8612902731096637
0.9028791912917649
0.8893487965050867
0.7971176698204856
0.5873059560632434
0.33695488280190367
0.14999326151330428
0.11907874118587003
0.16543676596511853
0.19323305135305938
0.1667152137649606
0.1228905630132469
0.08312382328545685
0.05639349704224771
0.044915255462567104
0.046199433679927765
0.053120460139216605
0.06713645462659432
0.08668907018504723
0.10288977859914065
0.1072899432455517
0.10669643078796404
0.1575623163504253
0.28311124241276786
0.4679545713089258
0.6239148182415291
0.7208373683675798
0.7559709178951444
0.7746172394508789
0.7830736484435574
0.7802943053553828
0.7770685314336847
0.7802585709726684
0.7820615106735237
0.7841886512068066
0.7972168148407811
0.7980472782976339
0.7368237722923773
0.5524664525840188
0.2805207483758202
0.11126831388132523
0.082337260488211
0.11252667751521771
0.10201662305042125
0.11620586750618554
0.12616641241028104
0.12919636814758595
0.1273014347422654
0.16962072633672
0.26794974996214804
0.40589031315980856
0.5237069617788035
0.597301276820264
0.6411005016736845
0.6809327780520076
0.7281914091987165
0.7865864206671324
0.8426070312900205
0.8847202948272331
0.9024595382690929
0.897946196977382
0.8549043964176632
0.8062501769538929
0.7768740052157984
0.776523231155923
0.7911106772777483
0.822929849002992
0.8484465070981797
0.8147138158999067
0.6553890924589135
0.3496517997280754
0.122660990192884
0.04036686114301346
0.06927288511211742
0.058387850110522554
0.0642663009153045
0.06238011591101349
0.0755713319724887
0.09141061244400323
0.1225032311545251
0.21485162520613077
0.3828275614368023
0.5611390188532089
0.6898453826515552
0.7558394649532011
0.784996413923873
0.8028235018078286
0.8207885578395882
0.8331639460990515
0.841939691668756
0.8437880081940821
0.8009006510673904
0.7149205157987205
0.6211702790853355
0.5859226204439781
0.5991598793113128
0.6373654194839194
0.6689680583042693
0.7001502170469153
0.7280917714889664
0.742737985627689
0.7087356259252198
0.5350486120185911
0.25921433533432153
0.05685069050346184
0.016610303490659808
0.045219165010706615
0.058930895419805875
0.05651638233161739
0.045393213285142946
0.04501154637427759
0.05193088840566438
0.09536171323105386
0.19151934898787787
0.3213641978581578
0.4279672792399679
0.5111443039002322
0.5704356496265269
0.6091466979709296
0.6416468481795377
0.6942075006094075
0.7566326919143992
0.8068006458511021
0.8188574734540243
0.8089452882736198
0.7754854680763816
0.7116359764651407
0.604236669286041
0.5018904430813615
0.46248720731607257
0.4709241337970228
0.436936157004692
0.2742353771241844
0.1209967952576361
0.037339195217698906
0.0384736617788124
0.03988000929634006
0.055308268721956905
0.0489283402970237
0.03696663677927223
0.05802896901650288
0.10776419642428157
0.19312732553651604
0.3082312008457495
0.45123767471490256
0.5592387109112829
0.6225337148543649
0.6431555376117916
0.6595894467894177
0.687223857987629
0.7334609772931117
0.7939399980357204
0.8342881311552575
0.8296564627568338
0.7769511101344151
0.6975723248873046
0.6235690052825982
0.5815253083679851
0.5840404617538726
0.6005077723489411
0.6167647752307496
0.6109788802287764
0.5496318299951671
0.3794811801735098
0.17905123855518784
0.06745046490569938
0.05942570861805333
0.07404300305228668
0.06578362643836135
0.06016844876612675
0.0578285912042392
0.07622740257990197
0.09300751481449619
0.1250045807585135
0.18470809853376455
0.2921351141244161
0.4535563328360639
0.6151603772037323
0.7105760655467255
0.7398240413705899
0.7655717800136754
0.7900710115041378
0.791059182533996
0.7823268201224512
0.7701505593439232
0.7594118709983323
0.7656329033848062
0.7967232768675943
0.8191996631265295
0.7620425956015763
0.5781550658210777
0.32193953949230897
0.13785909578283972
0.08697899131236941
0.11051839993671542
0.13385730539383484
0.13943184767135747
0.14101286267975546
0.1485814711085472
0.19602615216691577
0.28005069558057233
0.3877076969075607
0.4639722486322018
0.5020860192315727
0.5236164140876907
0.5682978419305244
0.6527875446162638
0.7342283551742038
0.7902517694128105
0.8145667274916238
0.8231332923668337
0.8076520880095684
0.7856135143975911
0.7664670783241919
0.7386520105499627
0.7145142680547295
0.7232179767225302
0.7637306719134146
0.8141958066030769
0.827320654967086
0.7484227040008165
0.5114849272614794
0.22672824587675128
0.05858408159478148
0.03556364572373913
0.04255937491331538
0.04428438229076837
0.06328833232467006
0.08535030612690672
0.08660886081602683
0.09595580419566783
0.1303633855024536
0.1953680632563265
0.27000798198279413
0.34901399143288087
0.4162690578106032
0.4767432891740654
0.5442879815812003
0.6332671225560499
0.713728772094591
0.7688220823770456
0.780259791289634
0.7600887871153672
0.7320807418664498
0.7184838241672246
0.7186265863545764
0.7269590196479185
0.7679041369534164
0.8284017732378678
0.8719118890737435
0.8174607772826584
0.64598302396185
0.34205817937839156
0.10622177701251355
9.86162706880646e-05
0.03334381587731726
0.04595801965151213
0.06633539593618248
0.058310048607118366
0.0646343898597602
0.0691337978773217
0.10174756908756916
0.16414033476286424
0.24903025631247636
0.32713428270048184
0.402898051072668
0.4889570959193258
0.5677265231803134
0.6442071087937917
0.7035106878400043
0.7500916539833002
0.7640022963182447
0.7521045660664004
0.6959875300319347
0.6183761452987229
0.5557002951332113
0.5489324826432731
0.5946573793192721
0.6598214080652567
0.7331021931569484
0.7931769901585718
0.8255304693814295
0.8245054015224716
0.7801410095169746
0.6938164814270461
0.5458893842222153
0.358867332558939
0.18717682497433613
0.12756467854222736
0.14257095526959368
0.16434133822569805
0.1692822538834511
0.1907570326504206
0.20450616137556915
0.17002396535837536
0.11743729632430248
0.08102551660637827
0.08278663514304242
0.08751038817126905
0.10568877769604818
0.1232361865317244
0.1315576816490539
0.13963018433482655
0.19309455795002028
0.3026327453062706
0.44152093437293
0.5494006701970033
0.6120570699261904
0.6433923967344868
0.6637034225904713
0.6769806781708615
0.6818312367758174
0.6741145819806154
0.6126757517052398
0.5443754623617981
0.5010744458977046
0.4915572092500307
0.4885484857810025
0.5149957645487928
0.5751132178884173
0.6544978593714745
0.698079253666488
0.643843140919973
0.4587554975431902
0.22915780347134582
0.09200040145241212
0.07320303339123906
0.08448610747280177
0.07370063088324014
0.07622524406998762
0.09592092260436405
0.15081192913181066
0.2614462632289788
0.3998649713660664
0.5165752765270797
0.5770865758356721
0.6080719697646101
0.6423079947038084
0.6975780249984811
0.7563987330560881
0.8063356878624687
0.8412458330586651
0.8646072891458432
0.864973567196644
0.8428207426011333
0.7941169764032183
0.7376911353465521
0.641993778348395
0.5727580089518184
0.5540213999468252
0.5872442271874758
0.6104655443562301
0.5967751501226399
0.5085260362647862
0.31943744194542517
0.13557889969100234
0.04728127742042627
0.05662522242178796
0.07302376852036084
0.07694401045857807
0.08421417001025287
0.08157946716109316
0.09279000190722358
0.1325259936268264
0.21608005576773273
0.30816725077372226
0.38780575642840426
0.4564022860563625
0.5388621485384405
0.6160771065511818
0.6674886805825428
0.7024364585817239
0.7325839614632129
0.7401102714502644
0.7060470907372337
0.6402939986638673
0.6050802055856054
0.6270174344221451
0.6859020794004532
0.7316448851377423
0.7761451910859355
0.7771555504549795
0.6897286916920558
0.48254991484068804
0.24011373476642078
0.09853645869758813
0.07313473543684934
0.09021393851162188
0.09100437989676896
0.09649433430449833
0.09100986074436902
0.10530486891560976
0.15109378740399068
0.22150564030598435
0.27619833046997005
0.32343469834202515
0.3562894198026161
0.409966510980913
0.5104481497501703
0.6356064158542558
0.7398031902064641
0.7963702609305228
0.8272800550606136
0.8393185284341542
0.827175427965804
0.7996699955602731
0.7730736958664929
0.7744117298413958
0.7825244175521359
0.7835226502109705
0.7661403107551615
0.6887090221652677
0.5012093782002736
0.26660473538136953
0.11266996831139825
0.06631280797968893
0.07120410414138721
0.08244339154508443
0.09429656344155289
0.09445647884043112
0.08526528399091823
0.10998020849610544
0.18503916100203138
0.2848102623319973
0.35392764003680416
0.39709295151011437
0.4576455458717518
0.5444823387253341
0.6536793743280569
0.7522684002088835
0.834436799422887
0.8678248087533093
0.8671842039078175
0.8479194851721643
0.8337400868240921
0.8303926412004166
0.8277095316978166
0.8276265282655954
0.8487918586364019
0.8804243077707469
0.8542055348156322
0.7335990931882541
0.5055992373881633
0.24181185556950063
0.08125982057985859
0.06227341390953842
0.09711529147723293
0.09633331901505743
0.10304848948144267
0.1005373901497407
0.08972010054474258
0.09620438183181491
0.1605165897287606
0.25752745716070274
0.3545027851159073
0.44414870686296715
0.5334033055491922
0.6183668713560666
0.6907302655058264
0.7441382130840393
0.7967907054787198
0.8352102739688709
0.8470823383528681
0.8332002028753477
0.8162360028705415
0.7833375061471207
0.7321054313054628
0.7029178187836219
0.7076145913640011
0.7415391928485164
0.732265530999553
0.6594300888409819
0.4957480719939663
0.2753053629350563
0.10318425641008208
0.03576149464077715
0.058500217016543225
0.06169676550066914
0.06388774908774866
0.06345066828344466
0.07336206509632623
0.08723795284714447
0.12415525932976204
0.1995455329891624
0.2824996466773793
0.3620113658152391
0.41475781407441775
0.44230389447743695
0.4464161167637153
0.45937855691454615
0.5191439968413966
0.5988668408888475
0.6602329638128864
0.6571314900767623
0.6224468797856997
0.5989082749588116
0.6129606898179472
0.6327376021613985
0.6607318229828634
0.6959116045793259
0.7046975218905306
0.6492682675761324
0.5819195253765552
0.537302013838676
0.5269342764641946
0.522969361330473
0.5006679838864185
0.39686624069332044
0.2593779526735747
0.15995898310227286
0.13657893227605045
0.1329057198590625
0.13146684130963987
0.13459049538722367
0.14523166470525123
0.1410413424038204
0.1052365659371495
0.08205694338677873
0.11731755651920493
0.19256600021502265
0.26040570237428246
0.321274397615995
0.39162594828309916
0.4604166971264985
0.5267443219614887
0.5841016927053785
0.6202246750494007
0.6175320975128817
0.6056102052322158
0.6038523971940659
0.6104891759032822
0.6287519229793357
0.647773265397254
0.6702719937017889
0.6690946344238693
0.6283715432722071
0.5550387530762718
0.47759826713199977
0.4202434434266925
0.37829965686564204
0.36076755439857067
0.29218086433412427
0.19194211276153866
0.135173120318829
0.15064854567507133
0.16666667528124124
0.15710091689853098
0.15296641294515942
0.1498279349116419
0.14733626545785916
0.16957481791105383
0.23164434231405495
0.3270612133183056
0.43871746404095957
0.5492165900332735
0.6422798206326203
0.7025702072014971
0.7592567373831633
0.8079516741871414
0.8533173574430367
0.8827466833149391
0.9137421699121572
0.9311451659548569
0.9167762176305966
0.8718482046160005
0.8283309630887521
0.7863364109053554
0.7055225283608472
0.6127344828812507
0.5172580609878187
0.35096548537123473
0.1649621135572622
0.05876212737280774
0.06696367942477265
0.07836136119261886
0.0889573138807543
0.0885199875963892
0.09659824625152388
0.09808357567591981
0.09638936288615278
0.11772927532165935
0.2016276172123536
0.3274342115791989
0.466079956624362
0.5755293717895348
0.663722333892024
0.7382866259779283
0.7957448555500617
0.8273139346402975
0.8463634981948083
0.8548603428849542
0.8297252383455335
0.8010142928708202
0.7926453742231522
0.8094431251677017
0.8384357706789548
0.8680911390601745
0.8843033491743372
0.8411908675856666
0.7274006570712203
0.5247678092147432
0.29019209183705225
0.12327464274196076
0.06701650062792336
0.07047909881713522
0.06925762658065829
0.0826809048528596
0.09330778232435395
0.10667598866114267
0.13973504828762032
0.23103007195398761
0.33675147488404816
0.4098333531581207
0.4337066590513611
0.46459055371456254
0.5239655098845766
0.6008384238973771
0.6727607647869164
0.7467496315591816
0.8098413889183713
0.8481061842532124
0.8208254588747224
0.736825618483359
0.6133876790809253
0.5002117803204926
0.4315251491457188
0.4140634515401008
0.4347834858154604
0.4755935306743369
0.5213143650979225
0.5193669587929524
0.42750888923544444
0.2509433408888303
0.10262162589891997
0.038485956019510215
0.04795950864533832
0.05939216771271127
0.08042948673078325
0.09076675818291556
0.0978243920828456
0.10953916574268954
0.16260165274568283
0.2654744813344756
0.3920400311705817
0.5074609355401306
0.5955301747794555
0.6462111344211852
0.6696642534836563
0.7045448502022147
0.7739272388620263
0.8280825068330996
0.8449104426958524
0.8120951700138032
0.7231276380093594
0.5920294595769274
0.43663036786987935
0.3098095721354229
0.261473358524183
0.2994339701564966
0.33264716472935396
0.3487520904588037
0.36735988150756876
0.3682193125924703
0.3026320233940471
0.19606497421882488
0.11872614879109356
0.09255244389560308
0.09798219822396088
0.09808332169204409
0.1107235659542178
0.12186285619343086
0.12827656940341198
0.11675053779683757
0.13221453200320843
0.2129688335747906
0.354198714194087
0.5059617225689645
0.6130495800052073
0.6608294632553855
0.6661915677512562
0.6621301611598548
0.6615810750128504
0.665975593785485
0.6820604647332145
0.7120632238491749
0.7529297957722335
0.773213550528871
0.695747184368887
0.5257035821854195
0.31162418264162606
0.1664745565683506
0.09817524746570082
0.11079769235083885
0.1303942411786814
0.15053471982289268
0.14359886514779027
0.12035339965131925
0.13302311984394558
0.20695017781888905
0.3131720911659183
0.4046685437497735
0.4847851153097305
0.5406063898886517
0.5918233782670206
0.6571779153998055
0.7334780916490962
0.7965513739807398
0.8335715520061807
0.8448887704259577
0.844134238811298
0.8255857372653447
0.7461876471956645
0.5966636336097364
0.4501306851750838
0.3758704913001573
0.3894231224101896
0.4419181411451996
0.5008081280484729
0.5643340278665501
0.6157190847240261
0.6034913678476648
0.44330048353491636
0.236992434618203
0.10340966216327435
0.09049227701219975
0.09460532695004734
0.09069326224447834
0.08423631443729339
0.06992124872810494
0.06359232969516738
0.0556931897694156
0.08743051691162974
0.14703201487116724
0.25752743067143197
0.3612596758905012
0.4544422091103119
0.523280696086728
0.586844303791412
0.6365640482057289
0.6952168688053717
0.7384990870969934
0.7671158057796186
0.7894184190241221
0.8162239917693973
0.7893615668028713
0.679741281210273
0.48637363659850674
0.2853838425855202
0.16531084884907826
0.15184199357066325
0.16559505435459693
0.18749688383008312
0.2248497757095956
0.2935839455170654
0.3768478235325693
0.4375034290929532
0.41813588398819534
0.2835676689949466
0.13308780449689717
0.06677382926798678
0.086988388328855
0.10633913448741045
0.11000264829800244
0.11285647850656239
0.152158232633354
0.2342184984628937
0.3545473391365474
0.47560008182645896
0.5747476085903511
0.6191842973798711
0.6282749712672627
0.6260802989596446
0.6269472407787114
0.6315455147283134
0.6374310251200312
0.6460864821968764
0.6615998747984214
0.6918253009252308
0.70544671398989
0.6512145054499261
0.47170358955580405
0.2452697073815695
0.11235831221569147
0.09947993931765667
0.11146069032311465
0.11040842035873098
0.11182456029071754
0.11211967787500776
0.10920316158978649
0.09229483573881288
0.08825227199681494
0.14285066755919396
0.2471060770086822
0.3385012889298955
0.4086341827440102
0.4826656356929625
0.5380644228079836
0.5793860207683668
0.6409829782213188
0.7115601387727775
0.7453941196656814
0.7580444678719356
0.7534605540374554
0.7176438266534234
0.6458919615543505
0.5689887500279279
0.49504539795584485
0.4526600941098058
0.45193763964456735
0.4615368247723066
0.4304225774671408
0.32084138994995887
0.1928715771719473
0.12860658629795652
0.13170435580180484
0.14201922595486222
0.13756823645558136
0.1371212025511527
0.14004041561145275
0.14605892174375096
0.13635409532872692
0.137951466235168
0.1996049019366198
0.30981487592932955
0.42785097089005264
0.5315418227875227
0.6142046213422768
0.6786635200413264
0.7091287883438133
0.7231782519511991
0.7248287547698091
0.7487771216552032
0.7633793184231656
0.7011940389724967
0.5431829051726489
0.29004059206819016
0.11669727433834076
0.06810926679822854
0.10531753256555929
0.10828933399924952
0.12339553370325433
0.14920259398688346
0.1817181868722
0.22974095630168503
0.3036793393532772
0.3640838160197461
0.39447072657720517
0.3942040279865688
0.3506581059549745
0.27085753426121834
0.19128866207601605
0.17578242105326325
0.206996316055178
0.29480613772470465
0.399124824229013
0.4957142367817581
0.5775595768562942
0.6528898256570529
0.6865210065793542
0.6491950416315051
0.5885982292006732
0.5318212512809327
0.49119173742684025
0.4577261866734862
0.45259788967585
0.45290167822105626
0.3978495055689952
0.2516827089979339
0.11494991437401597
0.05327664153432798
0.05609333047904236
0.06387740464956294
0.07589358901429537
0.08881371136708392
0.09740562456768663
0.08896295270946843
0.08015557009978858
0.07756713969092843
0.12878357999245713
0.22062305401697474
0.3289663282820033
0.4044687868517628
0.47060857202855944
0.5203113812181623
0.5718187807541113
0.6260717745832273
0.6799684725241524
0.7132648894299923
0.7187253371044662
0.6803018524872524
0.5963816525042203
0.48517055949366966
0.4028155588565217
0.3746208660103837
0.3811977516590605
0.3845491278204489
0.3909690122510866
0.35473337363427637
0.23924865401212644
0.11197393592958532
0.06311870893845234
0.07937094782326481
0.0962478915778268
0.1029496067582604
0.11633990395889822
0.12210263982437068
0.12405223984887892
0.11654449235289506
0.1448790024903356
0.23555906704833027
0.38162193537222305
0.5183639257483953
0.6125706206819416
0.6517850771974683
0.646984327871218
0.6382931686891024
0.6261992307812638
0.6108690198392179
0.5973238362752709
0.6233557842099919
0.674586094021923
0.7232530204746288
0.7577248665295273
0.7465519596771238
0.6649157662271348
0.4756195625982443
0.2512817534766159
0.11839438164511316
0.0912782029477737
0.11182745686679108
0.10952218732988257
0.11534580778481365
0.12423156387397447
0.12878129843644323
0.12054810673656788
0.1322356325919727
0.20453451640903295
0.30382237844226206
0.3829992848864926
0.4279740414466922
0.45395641144846094
0.4861883598321139
0.5528546445967263
0.6415606979005952
0.7228409999086093
0.7810538616827143
0.803582630572424
0.7830634492437953
0.7303866257045974
0.6636105131173304
0.6073979839396079
0.5861616661540288
0.6087364089837924
0.6412356588801869
0.6841460738977255
0.6885528819428446
0.6231041062569935
0.4632879410521369
0.2585695422588237
0.11912525332929037
0.07764020502954835
0.0968857030115441
0.09928985017784482
0.11236492098079498
0.1267779304743058
0.13281127270476278
0.13804931310385338
0.15510983233008047
0.21149432109382235
0.2958720308392646
0.4022585433896187
0.4898681625606986
0.5442943494609953
0.5689785113261745
0.5835007507759279
0.6230856648365616
0.6725195126066075
0.7153527196462969
0.7225597299931342
0.7059758068165838
0.6711684829221262
0.6493784991158618
0.6425418210577989
0.6362119198191892
0.6341692527870892
0.610547920690436
0.522472081353868
0.32847655369185896
0.15870207270080816
0.08094638927038764
0.08593931765455369
0.08481994831925835
0.09255416922642723
0.09796140599880661
0.0907552224414681
0.07198704486099759
0.06168631912489503
0.10379914465631618
0.1933007920007243
0.29824890249261427
0.37887910569870753
0.44403700222753584
0.49192182586103456
0.5304790128113519
0.560862128150629
0.593927836604588
0.6217204261699326
0.6121622062310418
0.5684660210652935
0.5274757396429267
0.5095159554014053
0.505447468175012
0.5080955352721472
0.5242447490532925
0.5316646798772103
0.4708249490751258
0.32469943749556096
0.1871671098408855
0.13551503864009568
0.13669723563784877
0.13334560660239794
0.12458075128398734
0.1311911390579487
0.1324860527923092
0.12215372014140687
0.12227360055826127
0.18095251420627698
0.27336732867664487
0.37681345022402807
0.4646517879060639
0.5463313826926072
0.6003216770313123
0.6321126206742241
0.6565181293832973
0.6871849198394608
0.7188301160551136
0.6960597062567963
0.6203105339536413
0.5161186862099237
0.4320936040878056
0.36287255310853395
0.33447000501191954
0.3353537929283694
0.3564037429503913
0.37836296070713826
0.4006838786994482
0.3775908531439407
0.2881851784081181
0.17167022983982066
0.10687959825726678
0.1000341543322949
0.10949246270839919
0.1209192784122318
0.1320740819815209
0.14010006367782363
0.13976438914199513
0.14942727854262997
0.13619847170887006
0.14361714356347247
0.20847492927039493
0.3430853384249449
0.4843306021497417
0.5927841045118397
0.6448269260377311
0.6510203828405513
0.6186663721547863
0.5577282931010883
0.4798875054485194
0.422963918711567
0.3953147625252875
0.3921976735803233
0.41051441839148145
0.4428916424289965
0.4869064600322649
0.5328777705850207
0.5536281425958677
0.5452517623660237
0.5081106050406212
0.473389680238843
0.42999441627849505
0.39521925351082954
0.37629629626345285
0.39272767206537756
0.38994294727893697
0.2925589444909422
0.15348361304720112
0.07032281965519577
0.047619618172058044
0.026404148073992113
0.018375550514476653
0.03410207629903255
0.0614731067340954
0.0703275533025592
0.0751662875993287
0.1088773260078636
0.20093453056405675
0.3122390723708668
0.41336019318631884
0.48694454464341025
0.5420120924389825
0.5732174668467868
0.5976653442272264
0.6241192516560511
0.676400396811605
0.7219080733627633
0.7214138646744139
0.647817533815557
0.5318174843278552
0.40614309798034365
0.30040616612527105
0.23251559451411097
0.2091790401406425
0.2170764301692556
0.22695465130546855
0.24165313453204565
0.2358576662178382
0.18633543038571346
0.11288665812379496
0.07199422153522769
0.06965525629315902
0.07431223727201286
0.07435532949573777
0.07606671653374251
0.08053989434623189
0.09083787479940385
0.09729853376165512
0.08086819937168382
0.07123752360785966
0.12940551836715994
0.25475736919873243
0.3975621418838293
0.5180026225297748
0.6065148366893439
0.6649737111328046
0.7182527332979772
0.757932229858936
0.7752747039129341
0.7801575520757069
0.7721315968773376
0.7299639851134194
0.673636797183789
0.6449309742264122
0.6491847047073184
0.6755417218542363
0.6787834271050824
0.6145466780361077
0.4907725516328203
0.3023643205708445
0.15931192433142052
0.10733241966310911
0.13365926050498655
0.1486600130103378
0.15234671262743152
0.15539701731704522
0.14207301948630335
0.1521516748599381
0.1874560007742145
0.24642219870499574
0.30899703908380766
0.36060356045725994
0.4013328959783388
0.45759413859626724
0.5341894267070587
0.6200732940576066
0.6903543765047232
0.7492368636979617
0.7847526334996028
0.7906969742425606
0.7797189470464186
0.7565401143314805
0.7373899017393298
0.7319380155176506
0.7461416847424807
0.7655344543107198
0.7829887722108846
0.7678952941487978
0.6605326984984783
0.4024306142911979
0.15353573906625828
0.05142734593647183
0.07609611866326522
0.09445824753752549
0.09245384734249959
0.09914000976071724
0.08903804915652705
0.08763769540555252
0.06865542676418325
0.081206062502192
0.14214945441403193
0.24936800242074067
0.3453984215589352
0.4195743437744397
0.4864270461479951
0.5520825636535917
0.6092457342853329
0.6450858016717984
0.6442425868817125
0.6279897182156632
0.6229027851164878
0.6530912660481547
0.680334354387746
0.6976836536027283
0.6727116035185502
0.6002736395616538
0.4506464398067296
0.2574885324690254
0.11956902389325616
0.08880401726134395
0.10540899871303903
0.10492979484532879
0.10924082252178827
0.12596302975434392
0.13330488597676707
0.13404090384569428
0.14667049547558358
0.19920180031367088
0.28648498576296877
0.39350228241352453
0.49697362364886555
0.5800638089171506
0.640063317885628
0.6888881686344773
0.7423326438580672
0.7737931473498103
0.7800310981935354
0.7520687385558966
0.7148949909778218
0.7019925395415179
0.7297826025680895
0.7555809852890873
0.7621319764071278
0.7465660535556212
0.6644013427749308
0.4825546515372134
0.25566921366542084
0.10924597835507048
0.061858107689793766
0.06887473103896213
0.0696185328753673
0.0772169108454007
0.08511850847780238
0.08247084327497829
0.08455567472005354
0.13225652621543402
0.21231248836412175
0.3069643825246208
0.37259860290542035
0.4110778563807975
0.42894773407021425
0.4552169277387468
0.46852510708057976
0.47604106590956063
0.5121311897852809
0.5755990912023281
0.6316023781138624
0.6481051221297413
0.6116053609194315
0.5293931565446253
0.4182504881093774
0.2896071756626917
0.17681006713586236
0.1288749469624487
0.1388166804571636
0.16425914490432955
0.19581693652008167
0.24983464235002587
0.35050142056664646
0.45032309620761485
0.49587948215969635
0.44048558314475356
0.33795281603429606
0.23752706805434265
0.1752553231695551
0.14053580067054244
0.13640389092910388
0.17493756461419524
0.24696701552471717
0.32504145218226693
0.39734420154586614
0.4435199635622122
0.43864520999209533
0.3594209636083842
0.23614936823945054
0.14600647538981665
0.13905385564333747
0.21318029760163346
0.2953336118918834
0.377846265731577
0.46510485144470637
0.5656907293303547
0.6437142320643693
0.6570964324671748
0.6106707809737548
0.5347192821192298
0.39680267208895065
0.21250328012068015
0.06727117404261175
0.03810656213947084
0.05664379237820709
0.0539554405406875
0.04397904143138387
0.043929861970821014
0.05743982576630844
0.06384779309977806
0.09874970770438098
0.16934381073885635
0.26558012981015017
0.3655069882851191
0.47067441811660365
0.573703268004437
0.662002747684033
0.7423852589652102
0.7798210645787084
0.7732953102459189
0.7274502296745131
0.679028276394152
0.6233451974378565
0.5741831897675933
0.550304100761168
0.5536324795392775
0.5856221021455531
0.593885117193926
0.5255079225186156
0.3826378687251193
0.19717939341646679
0.08363990139401184
0.05179557352056659
0.06736727142786177
0.06690704055424063
0.07304797969517964
0.07591360907271684
0.07152005610902072
0.07194685975774376
0.07517203814584923
0.09829999047492549
0.17860961278801474
0.3021724295268788
0.42834158006978856
0.5345059809784869
0.6254218406676824
0.6993550522520601
0.7360640086866866
0.7300097593133651
0.7096157623544083
0.707834101753815
0.7201666610475416
0.7350167916519756
0.7520087476185541
0.7698959995060664
0.789188253852748
0.7582484470294457
0.6471262856440056
0.4574018571090955
0.2504938623859423
0.11780568803662826
0.07434919340412063
0.0742961249913457
0.0711397832244361
0.09132988326953699
0.1156497390741731
0.12975894725867287
0.16217465909918602
0.2226718622741317
0.2990050585964413
0.3736535152796919
0.44482684101167436
