0.17482451037190727
0.07940783468596724
0.03445502191493266
0.011843051163653516
-0.03379120979008667
-0.2013416346063843
-0.38248162458622065
-0.48609779437949363
-0.20036547556590237
0.12821306955537431
0.31010686535270465
0.2075841288159914
0.06570045323297698
-0.1902500649516687
-0.540456597977964
-0.7292342963226043
-0.5672852511972748
-0.1292887176337449
0.07621023437061114
0.04484894978002882
0.0004512467214873844
0.013434334969196942
0.022892827558626278
0.12561468973006337
0.2999094142627347
0.46203400243437504
0.5337472981793231
0.4692424020361521
0.3197014385163705
0.20783183620591242
0.14516977717054924
0.06738685140627712
0.026975901236561257
0.00640225128664449
-0.03499294802831725
-0.07892309291770028
-0.07642963403026097
-7.193797772273178e-05
0.06440647935367863
0.07897095107724472
0.05146934179291479
-0.05776419051904821
-0.28715866097799386
-0.6512982498295453
-0.9637950665681004
-0.6986173616900837
-0.16480951073208158
0.1083565732169859
0.009033923615153
0.005043273460156149
0.048295284240834915
0.10158883707097374
0.26208338390417146
0.3576061366340692
0.38768910680899027
0.28321031070605224
0.16408176571710456
0.12877651750669508
0.23808360340601198
0.3163042990225886
0.2340927139163413
0.1384507884370865
0.007511971099491162
-0.0802239697021479
-0.14888998019860103
-0.1236030573544587
-0.0032927514725923455
0.07018208683337358
0.07617845764963078
0.06904269367710802
0.07388101776441064
0.04474451585703967
-0.033149215382152764
-0.19132158837773539
-0.6458420909241535
-1.0
-0.7448597636275636
-0.21226048920947577
0.06432172694956667
0.0008195066885768468
-0.002005835400197657
0.054393308413505745
0.186185287267237
0.29348000649308414
0.3214150016095162
0.3049628508556109
0.21580840452094965
0.08903010847704676
0.06773549420001457
0.22413191637893953
0.368618657451837
0.35565072755351024
0.24146673208161826
0.11616226845235005
-0.041962737263985105
-0.09531285185722672
-0.04878415529224248
-0.002819931274988743
-0.01758490934363672
-0.03045662469524945
0.010429444811478358
0.06136923615253999
0.07352795639405747
-0.11197477783094013
-0.42561019475295725
-0.9918885289097149
-0.8990521657340288
-0.39848796740987746
0.07012568999107138
0.028883141766480273
0.08094234517530798
0.16241360298053603
0.19393587894039532
0.2897782620484045
0.290984077824087
0.21525454685663284
0.09603558275003253
-0.0039003803716024434
-0.027285401183933678
0.1319064846164754
0.3744810994380593
0.40520618551230386
0.2968066461360485
0.1317947383051367
0.07634313565381828
-0.029146361227218635
-0.047316268473671125
-0.0736501862819124
-0.029438329095520483
-0.008592827975950342
0.048798354000714195
0.026021193841891412
0.04804153938134032
0.004710017707898504
-0.04503152399460769
-0.29271401184941215
-0.611346766428733
-0.9159165424840705
-0.6582243951571958
-0.20531909334487397
0.03555467819982399
-0.0035356079736954997
0.0969448288978054
0.16662811429634336
0.1856835672029183
0.20831810054267974
0.20140908342828953
0.1261340647045026
0.10540910763398784
0.17170007426989792
0.2692854416456372
0.331616475308006
0.28675950225077873
0.23113298675984204
0.11345190768413783
0.029577980517731518
-0.11206616204227912
-0.1511716712426701
-0.14485635124802324
-0.007325622673349374
0.06911015939040514
0.10921933705110562
0.11107097077568052
0.11916011223474664
-0.06054922204308063
-0.36114410363366806
-0.7189617358412045
-0.7864305875366235
-0.4379125235650821
-0.0375665641191284
0.0770293336505087
0.044835699285322834
0.1293645311122483
0.24394156540753822
0.3007506855018839
0.3546331853478675
0.2744887542021175
0.05628468915651231
-0.16377319606760016
-0.2624090066017269
-0.17419389693281195
0.13510796695267027
0.45667322586183556
0.5030145425148698
0.3104599563651384
0.1442554814033892
0.03453326079471324
-0.06008762607053764
-0.1146402822238485
-0.12147372609965706
-0.09084492068926511
-0.03987763626315323
0.05027566052757689
0.13357334225346484
0.10243358756553668
-0.0025200147509191885
-0.2545043289538075
-0.5336634361368707
-0.8362220422175836
-0.632041060356965
-0.21066510418522216
0.13555869900685757
0.04280745017671728
0.01622179841694401
0.07496425159645684
0.1935926068873216
0.24851175727982008
0.24683337200176458
0.21912549491392602
0.22806540478743847
0.21862934856478333
0.16688130926174763
0.16941324901603297
0.22589258501836987
0.24314648938373565
0.17805253383531464
0.06439715615325442
-0.04565111848406772
-0.14798018501928403
-0.20833939295827328
-0.23258559796754427
-0.14807768325728843
-0.0003834971564570382
0.1484979626662772
0.1781119672208762
0.16193421574803069
-0.002007552427440863
-0.24725425599491638
-0.6412059530398224
-0.758497508073967
-0.5007645266584763
-0.0860068434692632
0.06688569626129083
0.018807651348266768
0.0103769593954324
0.01234365796647694
0.04172287779413595
0.09394737534384161
0.22086490990187224
0.2759319122544042
0.268630138535687
0.24236572823661678
0.26069044802305436
0.26123494187387264
0.2760118255910083
0.28405377484059213
0.19456645299013686
0.09727148363344075
-0.0014026533689717449
-0.09518177391981655
-0.1880782391181482
-0.17584928360838653
-0.0912435881268345
0.018117181908130015
0.0665209098312515
-0.06395359312767096
-0.36093046326159645
-0.7761538406661447
-0.6890137624791374
-0.34410340897137337
0.016592438227672302
-0.0013651008011613616
0.05439044788300858
0.030673708143599352
0.03408331297783803
0.00938327770719952
0.06760050108899023
0.21883096653047324
0.33336351719528134
0.3918296467842273
0.3109837655343954
0.23173055286077382
0.15602009666492697
0.19138787869627824
0.21216506715265246
0.13933937668383414
0.09150384768414285
0.020147829409705897
-0.028566438254694244
-0.12477462176666604
-0.08783394808476747
-0.03137753711365991
0.048053871729997304
0.0475124071893185
0.07452294780195615
0.08112615818082433
-0.08492906054670946
-0.37979154748884136
-0.8989420155839398
-0.8170788122598883
-0.429768016204462
0.06809909094985707
0.09070003674700543
0.03372367096291167
-0.020063481922023847
0.024251566861234197
0.1792745041553011
0.2792585309814538
0.29472110736328766
0.28779934912276134
0.2345155669175722
0.18390904026447238
0.11884146562910111
0.1900201609325675
0.2681929497024152
0.2623441405431226
0.16621031274001374
0.07425911937067854
-0.01397741308706652
-0.095371222833799
-0.13393907036205682
-0.03999317774526485
0.040514905082378115
0.015159420459901497
-0.06480807654503366
-0.14343257964623168
-0.32447238952686486
-0.8036017225845783
-0.7953872747826943
-0.34702809183118777
0.09034424392356459
0.046899569965736486
0.010839931906984382
0.055201982844744486
0.021484663066823013
0.004925896008584869
0.08449918335749007
0.2197689645995145
0.29964072955180165
0.3009060510262982
0.3203387265066079
0.32603325147420364
0.27464262055084754
0.19705893258704332
0.155689537500266
0.13175120649041003
0.055031881864633383
-0.05949090600681749
-0.11536747104216599
-0.09322856103838612
-0.004028586977797001
0.08278315355842296
0.07143385646121385
0.07801020519241222
0.03927977800695561
-0.13605129368906138
-0.4967224142659832
-0.8846145185035151
-0.6509151363488895
-0.24694212826302214
0.09089089516380008
-0.0418581007009078
-0.020669103564872573
-0.03577889006053505
0.030982263056104267
0.10116661402526293
0.19069468640872217
0.29343784511697324
0.3665289905681801
0.3611656385709249
0.3062388002356699
0.20759899700062512
0.1729983107149219
0.17550084650950734
0.1634675327933158
0.11276485189161255
0.03697703922776097
-0.05942835576088622
-0.11449945536296435
-0.0786283336006231
0.035023857468951015
0.04683923729459992
0.06073886316458388
-0.09987369699841091
-0.3284464055325079
-0.7308161418493263
-0.7325824547898521
-0.48513235276415206
-0.09738644314774907
-0.007523408730820174
0.0316459455138554
0.039893075074646185
0.04203166133910248
0.012497389727242613
0.1204871602005055
0.3068453463673841
0.4741258340003998
0.4385636275125023
0.31838304452863114
0.13563370809604466
0.10288480297291563
0.1683067046645879
0.24110822740400886
0.15676408112258147
0.04297573730254881
-0.04536685309212343
-0.14643606476165205
-0.25198664213796956
-0.25975894662813126
-0.12280612548304977
0.03137723566401703
0.14978426003583795
0.1368087546048227
-0.05408195128611369
-0.3351162911579183
-0.7063331214938837
-0.6168834421035451
-0.3017104630396684
9.022825940303759e-05
-0.036794596575251255
0.012477897847351661
0.03643671367502982
0.05377469772156175
0.021432435787289653
0.012010119335502006
-0.012888406786845144
0.11088134342365191
0.24088305620111572
0.37829314604503445
0.41889550665693337
0.40494433297415816
0.30322901427546706
0.181005832355235
0.07394814484279418
-0.05644670895907945
-0.1578817347413958
-0.18641373671363526
-0.10917989655045528
0.023626987682764253
0.13453383078469858
0.17421453958774896
0.15473230410159708
0.12562735872423791
0.12266696609109076
-0.03990804644711407
-0.2720367103569473
-0.6188419295804087
-0.7384132109460262
-0.5514453335507573
-0.09118271362874183
0.13673349782138314
0.0819854457913762
-0.0782146501138929
-0.129261283599052
-0.11729243093996711
-0.07884138771108241
-0.033855198263993205
0.003787697606226538
0.020413642746843715
0.041340328040944715
0.05767065205204377
0.04778416550730391
0.012978333437603492
-0.0017505714428724657
0.1500294821847297
0.3703079216590512
0.5451974071214599
0.460006443021
0.2858741147753903
0.10362678609928842
0.05499752804306546
0.024942270212831116
-0.008197702639434281
-0.009514455233912887
0.00940905628380012
0.005317790238753513
0.006274024116825995
0.03842671020487673
0.0024494609899587336
-0.1805793962286003
-0.5437639177410076
-0.8021068095750526
-0.499211894670202
-0.08533245635324134
0.08904401356502241
-0.030999519848139666
0.04185133070526762
0.029378735427778208
0.008936887371248047
-0.005589126669694347
0.1248212104072081
0.29002252364479264
0.40685719003954574
0.34750148531950215
0.21706723190442614
0.1291862896357467
0.11748573200285435
0.13938984608835778
0.17223672085724584
0.16523339976265913
0.12421352841363327
0.05232209128970823
-0.013312149182714752
-0.1269522584511593
-0.14350614899425468
-0.08664533774850475
-0.0010346119011788498
0.04302583084625069
0.09385099275668773
0.07526166032055144
-0.09949493923504885
-0.46993000304155397
-0.9017754671083094
-0.6695118592487814
-0.24272742785601714
0.08525863179515317
-0.03210552901603368
0.017338554525053954
-0.00556332316579595
0.038907635111546233
0.04671812986332616
0.09170801674490435
0.2723825917301911
0.4954468491703589
0.5259315812154504
0.37962081857068425
0.19465026285278775
0.08599873781386673
0.0525811894262097
0.05298812797733924
0.0365013421445785
0.02588415691673892
0.005451629675603432
-0.12649672586723473
-0.2535993432511997
-0.276517341893795
-0.1039633521703459
0.03904343886774256
0.11268765588766044
0.09321232660082635
0.09197211604261304
0.08241391844500409
0.0431991677506691
-0.10029032941845455
-0.5122917348332349
-0.8135761963472674
-0.596873769349898
-0.11868945875385654
0.0843821479226272
0.04044289783586974
-0.00712163259016427
-0.03280790796901516
-0.001125730700861647
0.0204086745084422
0.1280996897499792
0.28361799153163764
0.3829787926613856
0.31442694690470324
0.2453315380526087
0.17488046849057726
0.1141786577333316
0.09585954619301036
0.15502821547581458
0.18412378007789693
0.14797092527069172
0.03556174402657002
-0.02923609789726407
-0.09869010325243942
-0.18832476930789338
-0.31677542354578125
-0.3018713063039704
-0.11622027205267423
0.02488480633278645
-0.10024790686871375
-0.4798877181947132
-0.45197886233457213
-0.2467490003569499
0.0033461214493308035
0.004148037284583432
0.04550581882221427
-0.018817668214840058
-0.03528117450371938
0.06212357780096653
0.14669459367154214
0.25177947688831603
0.33950013096485776
0.42179914861224915
0.31855022982071696
0.18668930190551158
0.06082429030361942
0.04847199369334925
0.08150799610981393
0.1363768858127365
0.17838352885669445
0.11900725706644852
-0.013661156269728605
-0.15545501026606012
-0.23412858963112934
-0.2182735953080171
-0.12400834090435184
0.007418472241802879
0.04857051153704216
0.04795020665153298
-0.017065560178940762
-0.18094379127257193
-0.5018611905378703
-0.5911702907125367
-0.3291676945541161
-0.023669105868917267
0.043113868768031145
-0.024361121070709094
-0.016562027559828506
-0.006901435304118704
0.05426749407744875
0.049493123371784215
0.09437569368799226
0.17609617442773126
0.3168571498067046
0.47611363862326045
0.4766528848822605
0.281429609572434
0.08626722250647317
0.0759432349075406
0.07226074949435823
0.002914621190218297
-0.025756197820339898
-0.03591401347579959
-0.03167387796392311
0.018349002622808117
0.09170139442131635
0.06629434550335357
-0.16858539174427165
-0.5423782672439306
-0.7557104789926947
-0.5429472689736683
-0.15007142100841567
0.06942974152113275
0.06883835525070026
0.01644217302157382
0.00466322094687511
0.022323692802640783
0.13993860232445118
0.24783130382503712
0.317535495235098
0.22494312401676023
0.11241698053421628
0.06350413358143098
0.131788356939204
0.24920329615255346
0.2402105556917495
0.16524166905770324
0.07171723306434973
0.025267176185333414
-0.04566198047342107
-0.06500301234379702
-0.05647262124725831
-0.0820408446438266
-0.07119453377492989
0.025671683291806843
0.11949263468406227
0.14884746313076716
0.03871188286671009
-0.2327103636949285
-0.6988505471030214
-0.8398929259637046
-0.4959430396357135
-0.06789902574600844
0.020633979261561353
0.005087928004050937
0.05605235712547447
0.0650720314592446
0.0037121207312507663
0.02756891106389202
0.10148553494358933
0.19173200338807553
0.22015125133505692
0.233029083367156
0.1983695490872435
0.1783694025308786
0.19922380420812646
0.26244494316936284
0.23732250962528534
0.16249831733234868
0.033735646721967126
-0.059494595993910084
-0.08261003380235767
-0.040104256500519964
0.00042107862287525276
0.024576602540493788
0.12076806840989451
0.17843843559963918
0.12833355944699956
-0.16060414590378772
-0.5057754967291723
-0.8964296316032119
-0.6956020314207632
-0.31301141576216096
0.09805707748833065
0.03720573110028927
0.06010329277602356
-0.023670849152004757
0.018653713246144
0.013271052839209537
0.09619467257197302
0.18402814033078355
0.25038374604037256
0.2303686745244301
0.22346605807706463
0.2538320879089485
0.2323312816296369
0.2255803183193504
0.17491655080060423
0.13739106579717145
0.04102959072256418
-0.03509248466078046
-0.16551780756190118
-0.2289156226104556
-0.1848631011107263
-0.01996173647939121
0.13486607960116725
0.19220201087082636
0.21614247191070754
0.17719126654028775
0.09542693852679544
-0.0030234487885754985
-0.1308532562920224
-0.2546151336197395
-0.4363125806092473
-0.5516235735974854
-0.5064030177420077
-0.17582667365827495
0.04426117626838125
0.06421198109009658
0.014573284421457843
0.06334009332215265
0.040553204575434286
-0.10170561184272606
-0.15510495173259578
-0.10739693993524906
0.005194438260534857
0.013932760885941331
0.05361735743312231
0.05175627303426446
0.024544340271488302
0.023809934389013014
0.1576937509319309
0.32308407386972604
0.40965222283723857
0.318192453054525
0.184805731837435
0.09242388691660192
0.05990759146564504
0.039161409607507754
0.014306775312397203
-0.02276035716906479
-0.18121449750308002
-0.20145244558222156
-0.12771681857781475
-0.028071192908390535
-0.008874262565251489
0.07800653610669178
0.17731708187273332
0.2341458626626893
0.12854379603673777
-0.15997000388562557
-0.5459180153368297
-0.677200893516536
-0.40454724763287164
-0.05544304135215887
0.033279549607566086
-0.031811880397924694
0.0074463740272315785
0.058092617854082394
0.16190162020866447
0.32631717059299903
0.4082674837339986
0.34423831326845006
0.17847873483782753
0.09139175608649806
0.10097952757323732
0.16301955492864129
0.17349231757276418
0.14728959082572615
0.10296785259637008
0.06890486857909041
0.0010803410908832194
-0.06533999686120147
-0.14365228762501336
-0.16642863133039756
-0.28226039433147426
-0.20421165416406592
-0.05526383185573131
0.09799108995177452
0.0684915273164239
-0.040379966554367264
-0.26029172025514424
-0.5577188636171063
-0.542292768220786
-0.26043479634559796
0.027560067314573285
0.04836768990741999
0.011562796194855101
0.021443414596582836
-0.007771084682771355
0.03306559404948253
0.11720173935571153
0.24644361419869623
0.2716121823069084
0.23489463779540717
0.20232620952042696
0.24321626041520336
0.22774635769080454
0.1516389962532953
0.10307885095769859
0.0889203873373663
0.02219893308910518
-0.10046972164998748
-0.19393945955583253
-0.1038634653240061
0.06470409482741223
0.17368090021512278
0.1349189025720311
0.1312541359428714
0.0029800659377497325
-0.2578664699178979
-0.6110760535665134
-0.7150681474860804
-0.417583714170228
-0.07492265877744099
0.050375295054861956
0.0023314154545757415
0.01619268018047092
-0.016176514360920335
0.0421632819333115
0.13505491263244634
0.2076805252428377
0.16131668393969384
0.1393241803178643
0.0969053579535717
0.1583211636957327
0.2963716854022363
0.3691556658672075
0.3073295181735099
0.16684518976901722
0.09116877365831697
0.03550760802756852
-0.035816206780603585
-0.08112757175930374
-0.07844607494718003
0.003946545748304306
0.023928460556814697
0.0029442980742156346
-0.051269399104670904
-0.22838442707878018
-0.5530322372810687
-0.6919689432523594
-0.4540322681569472
-0.13673094812396577
0.014426931178671066
0.03315040032540755
0.034961059307423964
0.00047167220666205316
-0.027109529081886366
0.07289693838504965
0.22138719602086873
0.2942759475042449
0.203862456582703
0.1273165552329035
0.1786005350454845
0.25612606410652844
0.3220778430656774
0.2907894031223554
0.24235658633892307
0.09847829632045546
-0.0018894709527102593
-0.056821497244858035
-0.04182228950363803
-0.009873327241003189
-0.007913860633088975
-0.00024481952526763734
0.06242737191514605
0.09330025244586902
-0.077332555729218
-0.355730010112142
-0.6724880521715887
-0.7780437490372566
-0.47354997179049113
-0.0560006127839613
0.10276649648429513
-0.002306436274245899
0.019806468258905738
-0.007406514764930769
-0.0319057132326408
0.019125458115635156
0.18968955602054108
0.28613460762880427
0.2860297835559577
0.2644116203023619
0.26325740868221204
0.25060096057742653
0.21343661735891478
0.1575273217227199
0.15529909844995696
0.11331893473594208
0.03501678290467526
-0.040945509436835545
-0.05003609225035114
-0.09703447356696918
-0.15110956144279333
-0.0860891802912357
0.013853181761840644
0.10006098070965339
-0.027352766392867375
-0.21482892809026619
-0.4827818872897846
-0.6501981657410314
-0.5076730739956559
-0.19886416846692584
0.06706810873054658
0.009428254488224088
0.006462329897729886
-0.0012891745816965608
0.029233772598691966
0.040927081699034334
0.10888799662084918
0.22236443136326292
0.24467405971833658
0.23452067958637896
0.15557622229323623
0.08124746346958414
0.012129044317555853
0.03823285807718284
0.17627881448671243
0.23514339480134103
0.18100004638024167
-0.009147830485893845
-0.1023026349429628
-0.06942737071180363
0.04144775032319281
0.05833221785664433
0.08256925850336756
0.10376314808886412
0.025914158578824547
-0.16348918790497946
-0.1986458469417246
-0.1315998351032142
-0.030579754043812916
-0.011694560270422533
-0.06577815510219116
-0.30616436947723147
-0.4055231994877791
-0.29323733105570426
-0.06895971396396292
-0.010834179937720215
-0.004243987916645949
0.009213251644044847
0.03138624453246164
-0.012359401160898655
-0.10560657724985492
-0.06836854858644723
0.10400156158251943
0.22194610234452494
0.20009393867765024
0.17953287802609655
0.20750266314575355
0.20289906120679288
0.1956340501792014
0.16917618826505731
0.10654512894278727
-0.007941786702015586
-0.03516375082733558
-0.0051846739091950785
0.019575250919316483
0.05386617094725673
0.05610365615111442
0.06636024360962976
-0.0034726339836308024
-0.12011319985657835
-0.21629586153072536
-0.22841155477548328
-0.16916867574708153
-0.12371365423087442
-0.05171112673373161
-0.2022971876209301
-0.29565528697642696
-0.16744076007226177
0.045644935247112786
0.04724564732940052
-0.028214308293129695
-0.01219476433676261
-0.009256975063151235
-0.007349206128880056
0.065592852108982
0.1830747366857131
0.2814330978446639
0.32933132478424204
0.32591837281856967
0.2744910098952431
0.17782715031155716
0.16719753673729945
0.1436262452316242
0.13380657571529098
0.08680211644375367
0.09142152452126902
0.0513303259321526
-0.04238136921809466
-0.13251566258277198
-0.12835457675113215
-0.12386338798558705
-0.23836142470384064
-0.2736793483943852
-0.2816087438393954
-0.49048175874734357
-0.5486189663128562
-0.31323801324002815
0.02419056689686908
0.0336175862236114
0.031252877591265875
-0.0012898986278043385
0.023826911683189206
0.004380995277124063
-0.0049970990330519905
0.06294230361201987
0.24745907106167758
0.37106791712307385
0.40893713156139316
0.32282223932756177
0.2601261000425134
0.21992818973696587
0.16947367247491266
0.09311334181216827
0.05618689470016228
0.025061535741894157
-0.07413626396178415
-0.0846832456561703
-0.02468421648953739
0.049545148938462756
0.08551412297496837
0.08746883128118695
0.047818089896640305
-0.12716073291409952
-0.3356254623781412
-0.5976677865991035
-0.691883627349266
-0.4923248298622984
-0.16593400147684775
0.010212970984322124
-0.0036027456342352846
0.039592105123718545
0.03134409057581079
0.0394296698517971
0.09750805559424174
0.26927566433281025
0.3118264267307513
0.2155557940907811
0.07041457514393445
0.09109238289930792
0.17512707840283528
0.22673749519626488
0.21213572597534974
0.21823096652166138
0.18608982389780532
0.11286242963256089
-0.08046479594133805
-0.24775844199230262
-0.364081543567293
-0.333813543184451
-0.20259196501181964
-0.0515034668298423
0.06111396624295389
0.12036967076086212
0.1348540979435328
-0.00574389605739055
-0.27093637430689194
-0.5207820034427217
-0.4374765100542369
-0.18916885521954388
0.027942346411280673
0.033720752148635416
0.06204980103924645
0.030489894474795793
0.020816567877418073
0.034552852204638725
0.15650838200223705
0.30342452575810513
0.37330646452661126
0.3404352116231917
0.2597611781132143
0.1494840411720999
0.06917522952075211
0.10288069904047561
0.20464410927417007
0.1597315513419853
0.04963417968269849
-0.09678900335259456
-0.26241070238500547
-0.38667550182386756
-0.4583513095856316
-0.3740593150772657
-0.14256818727672005
0.11196523649663873
0.09796267829344789
0.04750165343814708
0.05488388189408216
0.002534901323656564
-0.1934504221745008
-0.3143206695198729
-0.2281117059772843
-0.07719962699763841
0.01601511939221744
0.00029826476793799386
0.03728253780254759
0.03285545760217713
0.018917316805446643
-0.033996155467613684
0.04561121894635394
0.23818568997677708
0.41655906751691235
0.4476266422870309
0.315856799144953
0.14092728483154882
0.01581558547620443
-0.01197916287334486
-0.001619535557062583
0.01296168087154873
0.047442501641554405
0.08849346402813635
0.12053639795090124
0.05982715506177505
-0.22848788875294493
-0.5015454523658303
-0.6314295151813489
-0.4281203993261108
-0.20144955435137557
0.037230038346569495
0.05780023370748644
0.05940456061132172
-0.020457378730513013
-0.06856275307143174
0.03736947737970065
0.21804866080238114
0.3133026876443073
0.2698697811137051
0.23630469837774437
0.16464545593497343
0.15106506375540624
0.19276391742781418
0.22504819893926895
0.18603533160330518
0.10919141735423983
0.03338025870414403
-0.0022254991963207476
-0.05470900686128798
-0.2341855294150682
-0.44102270282759304
-0.4322005236625245
-0.2190312487592983
0.03997363272447316
0.15483462817960403
0.17369665628085348
0.18737033179776771
0.15156078356079664
-0.03606578379548647
-0.4724847539446624
-0.608507832061822
-0.39400383889120216
-0.03809996786582573
0.012131485484853974
-0.011538677358305001
-0.019044837719694573
-0.04222244185944172
-0.01866721545887124
-0.023298599044541703
0.09360959126969332
0.17579526587271774
0.32590742956680485
0.305959384447688
0.2748428942706661
0.20303986534885726
0.18748155161905494
0.1466489264140701
0.17299713169120218
0.1276613731638448
0.08440532270903854
0.06578180010902997
0.07906332808657321
-0.07923101433091925
-0.3233262235099636
-0.5703399689513977
-0.5928215814341241
-0.35415659976131875
-0.03972653499879414
0.04056480222554314
0.06459968402733579
0.11017276048215506
0.20273218072547694
0.2455877129676529
0.17890436769554516
-0.05712478473786301
-0.3969104123659802
-0.44384199547944403
-0.19559379051777073
0.05962306160522312
0.057075236063486294
0.010805573792769646
0.008417403210402208
0.11592095085720772
0.24203764574642395
0.3549112230827058
0.3570463799457134
0.2924367075456698
0.1310664964420886
0.026813041411830073
-0.006473209819040793
0.0025570543156897465
0.013562658980058751
0.01735937685343206
0.025529364699975625
0.045756920049682556
0.08915022279617674
0.04017650584704314
-0.15995848838597929
-0.5294693970288998
-0.667869195945962
-0.3920236042819198
-0.037984900801562214
0.03533735527568708
-0.0031036816941125275
0.004176920117436604
0.0008704525216668768
-0.008602296474673431
-0.049871290826488425
-0.01192358568427918
0.1610385609876149
0.3075024630301096
0.26957117067914294
0.2068577323819169
0.21835657491254898
0.16339932456937198
0.12187850219238795
0.18168089533154247
0.2081681019511988
0.09979369429000592
0.0373123394954045
-0.013520303664464415
-0.10564182661048363
-0.21163290577894722
-0.22682685804191152
-0.2180967204189028
-0.1250159142605579
-0.0021308872955465995
0.02831290084081405
-0.09177181051981728
-0.3232109033116761
-0.37744835333274607
-0.18955028889824643
0.009136904812545357
0.03042382159975752
-0.013128241893416038
-0.0013185313586663576
0.00861025064207197
0.017751649235430596
-0.02862449096557846
0.004711462845879004
0.1818474785392346
0.3250655158537572
0.3481487446890117
0.3058372943957783
0.24381482256672918
0.1901222221353368
0.08985763989948854
0.04143904557409276
0.004868175998163575
0.07063596835591843
0.04306933803730649
-0.1834161574566644
-0.46605555612128396
-0.7466460031934808
-0.5112779992251025
-0.14331085620596912
0.10974618419274049
0.008765360620821408
0.0445559001737536
0.07611820473092416
0.09590509453577545
0.14164368025666063
0.21808206423901683
0.17816366029412928
0.0896265228790981
-0.000786630391078651
-0.1284391702103483
-0.23537265333872143
-0.2346892531205514
-0.0457358263903246
0.09206572248418834
0.2589960231722698
0.307689099390882
0.2848915218829438
0.24140371989666898
0.22218738739045812
0.09919553357302978
-0.11009333920462099
-0.1787309567210742
-0.1674643133235716
-0.11983719260054244
-0.09870700558997254
-0.015125967719565533
0.0008960276151091292
-0.16237698144445886
-0.43112055476218697
-0.4032948635074521
-0.18190598839401625
0.008307854649103991
0.022959211349161186
0.03544186635389258
0.03810804127201584
0.02534194134651892
-0.02490175238547139
-0.025977470709922994
-0.007634603617301926
0.15106344719681067
0.27088152658027437
0.319559664723052
0.222695321975342
0.19508001506627948
0.1465989757847858
0.15192163462035077
0.16001979482215573
0.15896889622839325
0.09820814346888944
0.016105649750106338
-0.11333048539526641
-0.2475235417425953
-0.3280183272752259
-0.2429069692641082
-0.08316055291850753
0.019398595686445867
0.009884920404697375
0.01893551888783092
-0.10687740984353115
-0.3406234354041669
-0.37539816397542647
-0.14409902288038087
0.04793615519063206
0.04977872899211863
0.019766781746779503
0.03949482709476349
0.01699725205418039
0.0057503664570067855
-0.02214418281999289
0.0835729455384854
0.26746183576040405
0.43081401726785973
0.40332198647856304
0.27786367037412085
0.11566346560418958
-0.014159862303618403
-0.02563466844741104
-0.035671201274168625
-0.04521662375451345
-0.039951666106360036
0.07678151330149155
0.15110435546845158
0.14354362839621135
0.10167508451644984
-0.032954610168066716
-0.24078683965494121
-0.5583312095314851
-0.6616868057008357
-0.3919527471961378
-0.0799794637172892
0.060610247726191196
-0.006799417548601595
0.017176831812371982
0.02620863413927302
0.013419491530268323
-0.024283888382188437
0.034472484509365804
0.21324634343165863
0.29285062794748834
0.2335331459083821
0.13265353317845363
0.07663528264952514
0.09506848199596409
0.19663293132158532
0.26163946811638356
0.23973713397965257
0.17169946835456654
0.06644884864202949
-0.060521548294065274
-0.15537086342508105
-0.19695686967791523
-0.1657994656255838
-0.06263675006637989
0.06658444927776576
0.09585689071236371
0.12656473536685273
0.012997928214282133
-0.19304187506405582
-0.4713795158641676
-0.6038191417494165
-0.4112924454254707
-0.12236060074438304
0.056764805423089204
0.007091058190918263
0.0385650634094663
0.0425113281155761
0.017795408468161782
0.015449657074647708
0.05032018684054959
0.166306662293093
0.2488729717582107
0.3137881747830795
0.2584055237276081
0.16053062966758588
0.07280620364408116
0.042833503058426786
0.11675613415891911
0.14580567115521717
0.12633700959723002
0.021257155330718983
-0.04891446161325699
-0.10266458004961604
-0.06426979401063022
-0.02016485622087919
-0.018670112485173744
-0.006024868607182372
-0.06967137569290632
-0.25978064517175053
-0.5721919168309052
-0.5007516764844752
-0.22934123318587346
0.014726696523191458
-0.003301592017730859
0.022812168607190417
0.015948703616179102
-0.021254716706112838
-0.05535694371213744
-0.030382102488253415
0.12421223651076546
0.263986081384028
0.3095455922816929
0.23781966049929162
0.19218392382966953
0.14123680763248433
0.11372484187959005
0.08961532884183088
0.09752766638312461
0.08197454492247781
-0.0281920735711699
-0.12888237295729524
-0.12090128046336143
-0.052972578774753434
-0.012000047283192606
0.007810502677392898
0.04763228152787565
0.02188516659150618
-0.17944744709668067
-0.4309987842310658
-0.4056530948695475
-0.15234834526782845
0.0034869028908472268
-0.00988566625949021
-0.025852036002214824
0.019497410569013194
0.003819362130271103
-0.030475327426902073
0.0003535885921551896
0.17307409342090996
0.2725784994770089
0.30511545956897657
0.2590801314610258
0.24091485236871474
0.15924495982064715
0.09376773372112795
0.07198431313224933
0.09045203168155438
0.09333785010068889
-0.06716157112768323
-0.2234230068128773
-0.30731498708820004
-0.24783289275149828
-0.20416824203229203
-0.08377362423838183
0.002606742062973592
0.06208705632266077
0.06476895138650632
0.06583579016160188
-0.06811312980910422
-0.2637030091321486
-0.34366210687549004
-0.19110067187990426
-0.020190711240578613
0.027897383331073396
0.03370351708437812
0.0329012143378001
0.02367272022506824
-0.0009900756909286712
0.02850079728594206
-0.0390185095028642
0.021881453247830442
0.19129874369943872
0.3970348645033123
0.41660444015374176
0.31988478369311757
0.15350086759768156
0.018267668139182177
-0.09542850608239536
-0.17973752633348505
-0.22959224901385844
-0.1678967376229811
-0.08155148661235134
-0.009193887714045319
0.054025437853697414
0.09549697411562266
0.12982218279410815
0.1355928800082409
0.06120344772342952
-0.024706224507239184
-0.10954824711405992
-0.10240974498692984
-0.12799480259212806
-0.10256972045665225
-0.055813468021542155
0.048464521474189955
-0.008213576016946895
-0.2872351744160402
-0.4102042013119652
-0.24528366375050703
-0.06696333947174828
-0.06257525958552494
-0.023680435742038604
0.04638555868892809
0.08073115168695393
0.02611628636776203
0.01427189938691655
0.09943107409644338
0.2715237251492943
0.3282939555152254
0.29825784464625127
0.2170378442040169
0.1624223305973489
0.09204059089927295
0.07210927998883049
0.07802608741442425
0.15420380573304093
0.13422538648259513
-0.0014576738964509673
-0.21707317757969488
-0.342143406442283
-0.370677968133452
-0.3118722294638811
-0.20024397867876575
-0.06883142070392444
0.023293437703916387
0.02913592057985853
0.04335333599326623
-0.01709379676740109
-0.14606637270476006
-0.21663795189462545
-0.12061268606286914
-0.006898803397116789
0.013735816000758624
0.00012710098212478878
0.005047754664847709
0.013193686564326996
0.030374005246418853
0.01905578381188875
-0.048461449818317195
-0.028405782814129532
0.17156713260686665
0.36972664612445827
0.4212042287781524
0.3552405063940814
0.261067737453923
0.17242508539608725
0.15714705481603036
0.1170351062714042
0.05115181566883393
0.014402013714042976
-0.023672642069125775
-0.1243738290988592
-0.16613765286020443
-0.08466813673564229
0.012546424275266591
0.07774030847511268
0.00956144486234814
-0.18946698938751147
-0.36507313077938147
-0.5557121247963753
-0.42193459714236414
-0.15331411383823693
0.07765130313551068
0.04424488251551593
0.010873960580987824
0.008996906827198817
-0.03929927638283402
0.029727103541090056
0.10413049290758901
0.17392144153461173
0.18456517164722497
0.15221399555714346
0.1201316176920253
0.16594314644680033
0.22591863458150596
0.25331539998066105
0.20729481636520164
0.1736745358046128
0.10475414895093775
0.01753289761367625
-0.032379810504324334
-0.06836621895825624
-0.0564837601303401
-0.01608039765206179
0.041893876718371616
0.05719918456698255
0.05148170030842987
-0.04451837755269026
-0.3166671424927297
-0.7612749019548948
-0.734118139014382
-0.3011698150652669
0.07276081321319096
0.05415929864095737
-0.005912000155417548
0.019720908705628527
-0.02979584257185865
-0.004130358605005143
-0.05598840762261201
0.03701823648682005
0.17975319666626688
0.3162422724026511
0.28324276473266047
0.21878268858412153
0.1971827720847693
0.19365166230793146
0.1686033929240605
0.10571066820127784
-0.002487071185887728
-0.04793801273723358
-0.015003964451587738
0.08904125254165073
0.08035378508611829
0.05117194655533124
-0.07365533307426593
-0.21365656181533085
-0.4413270515543811
-0.5697213465826283
-0.406795089203494
-0.09074172135914127
0.048976573224619284
-0.0014134170149305567
0.012715422976153015
0.04932233193905434
0.02165488470602456
0.00217089270210907
0.03725111774787126
0.15494165443492203
0.25744270391817714
0.31564867934084284
0.3051898453125849
0.24507540432235284
0.17696920366844832
0.14400942782372222
0.15763506040964198
0.09279309690463114
0.018398903796312052
-0.08247528359546313
-0.10964437241842569
-0.0380559207118371
0.08196709286891303
0.07609261016565123
0.01932221948695503
-0.04591185859275754
-0.24234570726481333
-0.536358791785806
-0.6692010643825981
-0.4318769236102316
-0.13977103945272928
0.02069560681231376
0.0021938515987673774
0.022411498388014477
0.023305848077011464
-0.007809317285754939
0.006149233001419169
0.14069417981202875
0.23612593026066275
0.2791767903315773
0.19358884620692388
0.11349497624841452
0.05270739842236776
0.07748127217132499
0.0392526195779105
0.02216840223589819
0.10644821253347334
0.187199264883708
0.1651823032877957
0.048675022796747985
-0.10765644230304053
-0.2424857901367321
-0.3278165082468561
-0.3794348479238742
-0.3326962972743614
-0.1413851578234951
0.029323250971403498
0.07504282534949328
0.09308004928354684
0.1593258103119491
0.296917756214026
0.2944251169840339
0.13436905538990349
-0.1633849070650758
-0.30242151073258355
-0.29620683491183325
-0.18367118819414685
-0.10240560887968497
-0.01218711268047966
0.11365548924828238
0.2124516481461153
0.23028139929292338
0.2132577449031337
0.13619591182170823
-0.014378138625046846
-0.23367277557428454
-0.3635909100328813
-0.26587744196958535
-0.020506827490711216
0.21863674602782315
0.24231209319237085
0.24337196909815745
0.25737014672904274
0.29667913980874505
0.2301311691319498
0.03947094550157587
-0.13693296354968382
-0.22401977117461364
-0.4067865399120747
-0.5435930592421933
-0.4283636749965822
-0.08602133971644185
0.054675762018175096
-0.007929322956899578
-0.029425497578315977
-0.00014505535332335774
0.039847785016592065
0.018900369280244238
0.10294357637703021
0.2082180739889122
0.28385006882268426
0.2947353548959176
0.3101924770569261
0.30388471227498237
0.26044027479368487
0.23708909047528515
0.1104173154414782
-0.01924778331463387
-0.13522056330661023
-0.14282107736245656
-0.16423784644434422
-0.14500387582704255
-0.07043163249911395
0.009817089372822562
0.09435373948243223
0.024371852672647857
-0.20167927869425736
-0.42139677611664333
-0.547011788149467
-0.33488596546165844
-0.09392519108916947
0.04592889218254906
-0.0013574559627006076
0.018112766724796756
0.008452204987512566
-0.012958832207589971
0.0012588619996371727
0.009512698701110673
0.06821614670728071
0.23687410367183354
0.3644498706280344
0.37213728050397954
0.31313305408244235
0.268157316062075
0.2180668109402739
0.10827346589034088
-0.017857074313217966
-0.06015231563544159
-0.0052550273013079905
0.036375017644749964
0.043800621582075094
0.050117958761205325
0.05275864380845314
0.05690271382879399
-0.09125729642305815
-0.3277560224806147
-0.5595942635449623
-0.6102773787369101
-0.3913652120579048
-0.1281754031250071
-0.00015652586013099946
-0.009309664338899836
0.059550919472441094
0.07173167895989131
0.04161526285348596
0.09561049430878127
0.17843715813846506
0.22514559200348835
0.22017643413138674
0.20992649762915164
