-0.45955766159254785
-0.5786825513685112
-0.5489867596040678
-0.3900797673894399
-0.44069141230641806
-0.390921973961706
-0.26344565834518224
-0.0263737227693563
-0.011710243432684814
-0.0019125109295778755
-0.03590294386296597
0.004415757923896255
0.221062653337538
0.32597067497593823
0.3725437614866375
0.32005695624721325
0.35259154276855015
0.30655741712787793
0.30927304212020634
0.27076644395398336
0.18182266149795887
0.126575253231621
0.07023355771099751
0.03972557847791372
0.014925785308345225
0.011501469799598494
0.005720100293829485
-0.0017318049683324936
-0.03216329187093527
-0.0990750656051985
-0.32744348487234115
-0.4784930647802702
-0.5216578331090659
-0.33518454425597766
-0.2923043245271432
-0.26721245836871194
-0.2882656150727147
-0.1411522343150496
-0.05890650964084004
-0.00652812654862295
-0.009960784111006009
0.0018012003355527878
-0.037625192993022326
0.15942724158143012
0.35294889311994765
0.45497013637162875
0.40666359076331376
0.41148250143537113
0.3726926245257236
0.26126304451266547
0.1676923816950848
0.03365274029694516
-0.025911815342422758
-0.03606880397087753
0.010884788979273691
0.016388830257411335
0.0012123750820044767
-0.029698672318771265
-0.07988403823496507
0.14979455965555033
-0.8630758638751318
-0.39289816272497274
-0.009082515746143553
0.435718687217796
-0.6660480437399247
-0.3676113193858791
-0.15571710918672954
-0.011092935149125436
-0.04843563771022307
-0.10316811691558779
-0.14908022282358926
-0.0728751944082913
-0.0003872115944543125
0.012496172467984257
-0.011248316083063016
-0.0013691262452396405
0.12065104041778336
0.2675938124405256
0.39590619090889356
0.39644395610009014
0.38126051549621753
0.3537030798317317
0.2918526976274415
0.1743460461898306
0.013488147158197844
-0.06201022474173215
-0.08038030912624429
-0.0510092314357012
-0.11847891118614988
-0.04065754407444882
-0.16275567046872966
0.015176945328883761
0.20950094302448716
-0.6858636465244375
-1.0
-0.18195898734869823
0.6070622205449647
-0.025496934321475023
-0.30798656710605765
-0.1941709432007346
-0.21925324729388654
-0.12866478032551898
-0.023815911584033542
-0.013739741395885356
-0.042215786551241634
-0.026369583733796095
0.03267913341123855
0.1538179235577149
0.20400982659759712
0.18554431650311767
0.21899291872366844
0.26645954994235294
0.22821202427237794
0.092643139650595
0.035210664094448924
0.030842650311600803
0.03697505403501878
0.0833508100677457
0.10573286009113401
0.12399520321944454
0.11595462378624556
0.06513726265862199
0.03650128135332322
0.10167281010181134
0.031017993255932824
-0.0455573933849872
-0.12689085038589973
-0.10161623112640275
-0.23756819046832015
-0.31203156712464475
-0.3320530740626138
-0.23659024958647043
-0.20528085990927603
-0.210732076615864
-0.17049708818878717
-0.05334612021361428
-0.008007938333538085
0.011607878403781021
0.0014898670290864312
0.009159202024564201
0.054155663544726326
0.09186399257689354
0.16528316958056125
0.23780580794522888
0.2802290497578173
0.23579464585742485
0.15217763328695816
0.15290564418285882
0.07488596105223627
0.016010010491592862
0.009838420927152617
0.08134673481087404
0.1277373489940183
0.0911087055906171
0.06383963216417664
-0.13714822000768712
-0.17873820257987125
-0.14432506772297016
-0.09516122210118268
-0.15697346707766177
-0.08747040655251653
0.018093585464288596
0.04110934950871348
-0.03477299090899716
-0.1380993177714843
-0.2199508379500107
-0.2291941700373251
-0.1758177948710136
-0.10280616282282257
-0.07913135936466792
-0.05708259271597559
-0.03588756049360627
-0.0030450433268205727
-0.01630925403580539
0.004409089132997058
0.0017764491396325714
0.01270886027908748
0.07355812021774219
0.09139592927833544
0.13770105683705464
0.2480096272794936
0.3274323744565349
0.21083731180381712
0.03486380122010214
-0.08929318819167102
-0.1729269939458564
-0.18777780833897956
-0.10290811841204117
0.057368643846663396
0.16762975596288196
0.2187790219082717
0.2202599346757385
0.23314033375937654
0.24221279697749354
0.2312546823065966
0.16011437765314493
0.042608722305025534
-0.07156735835488168
-0.13865814662265552
-0.270889165580669
-0.3235410754978844
-0.31141685352904214
-0.2583843414368211
-0.30609357144977356
-0.2598329483987427
-0.146690300658942
-0.054868914801794
-0.0008464575636570707
0.005354813729785828
-0.007733829794304368
0.010177572500720383
0.10054509608810656
0.17604993987425688
0.20084284751787657
0.24425238313432826
0.2844898433376649
0.24270177899458908
0.172606775998552
0.1714438352851552
0.1936568384557946
0.10949441241978262
0.049786925869576615
0.06262023370470708
0.020914659300988656
0.04398355404584221
-0.0035294636725301852
0.10463955576744274
0.02391614344050856
0.0013780260024013559
-0.16173501973863205
-0.11598247638697601
-0.23657290888802396
-0.2856620354304729
-0.23115497605952534
-0.08556217176149229
-0.12651252720997955
-0.23684005084698906
-0.3088329455000307
-0.23654650667777705
-0.12158475647542535
-0.02336329192244508
-0.020143449844233056
-0.005714472270900242
0.012254514997933475
0.07382728864374756
0.13324867548884708
0.15919729324165952
0.31299517782407654
0.4007212653697123
0.4254436463626806
0.2652719008266486
0.15636053936817634
0.03979740963069108
0.02237648590929769
0.000994733659439213
-0.0146631912038466
0.002770166832847776
-0.011744647240824413
0.0045339950017425365
-0.013003156423924061
-0.00815108081104338
0.0025798389417519053
-0.14343073882809218
-0.3937296172691739
-0.5227465680691845
-0.35180117981542447
-0.21858212932342921
-0.10963659726248567
-0.07232918640996683
-0.046031392070538545
-0.040293428351477915
0.004158727156576423
0.005109381688676375
-0.002800686527166415
-0.002446661286869557
0.002140341924831713
0.034198414952647825
0.12803237557372268
0.16176988022392025
0.2657027216876125
0.3355476524089525
0.35960486419433846
0.17627500611806615
0.09722644638825156
0.06402058579618757
0.04550655172049339
0.024467334431979376
0.03476609141875938
0.006762743428579651
0.023182525668827215
0.035767073270025936
0.09778147240870769
-0.015743916839981515
-0.02517886558521818
-0.19365945266753976
-0.3220629491525815
-0.4631108249233647
-0.3232832728880665
-0.18663440388199
-0.09156563885905707
-0.08568070969722183
-0.038377807029997296
-0.01021113573315489
0.06012502333848563
0.09817528778386168
0.07698541840462732
0.08663824018859377
0.12035037737655967
0.2479059718555466
0.2749227919011703
0.30964921959170844
0.2309800567646978
0.1156068202566589
-0.05848145575149887
-0.09062715027617292
0.00206389103861021
-0.13315703882010305
-0.09085984440138292
-0.035557925718971865
0.14727593327203817
0.12090449222684435
0.18616298782446666
0.06516789418841638
-0.11852694121385157
-0.21520867194757343
-0.2840114724560247
-0.35277291950604023
-0.3669010383005409
-0.23797085371397902
-0.1123435752760099
-0.08674299388411073
-0.03487469357769172
0.048345408782439085
0.10302282848785302
0.13489799094276306
0.17814467630027048
0.25968082807653237
0.2081758798871137
0.12800643912090245
-0.005363350868227014
-0.06256873084122754
-0.14374145267335076
-0.14878494449377425
-0.12850208203786245
-0.09147671162109655
-0.030600086094644336
0.002556537987767941
0.14290918029141442
0.22207724378774985
0.2557593677264064
0.22380465186353643
0.1788667816588828
0.1484285018491008
0.019900182954264992
-0.016174067854371692
-0.013880096402852229
0.04551260006831188
-0.0711854537941091
-0.12606898995021612
0.005967876240849708
0.035659823812194465
-0.10324697731276902
-0.23204384522422417
-0.1978309806317446
-0.1446911447432391
-0.12186301279636776
-0.11283183197969311
-0.1580514107941418
-0.19522732057608397
-0.16421558455264912
-0.08860008191752532
-0.02622660494334922
-0.03543511063630162
0.014281650973096447
0.06272304521691548
0.14864978475788582
0.12107395075805676
0.13530396352150428
0.22434386998725142
0.31454037000754
0.30837660502048436
0.22968625871079648
0.11777468941279935
0.0005548260773792377
0.07837652574760548
-0.7668455765011045
-0.338009633528711
0.19164456716663208
0.5926275780280988
-0.1771236519286724
-0.05690498299694756
0.013587561402719177
-0.08550560379590498
-0.16683277396940288
-0.14960112941358103
-0.0896929144952904
-0.02965853865238393
-0.0629804167310462
-0.013308450434361288
0.046692713899467365
0.11575800112112203
0.12618078389454282
0.014070616501334166
-0.07326120494183878
-0.07603868074551871
-0.030053563860345137
-0.012441043810632447
-0.04669821131500226
-0.05242878884750093
-0.004993659522407255
0.08913273493298411
0.14658068308172018
0.23926219218392425
0.23020082752747045
0.1760017607885172
0.02184701807435368
-0.03099517229145207
-0.08718834591907457
-0.08619459165116575
-0.02012102504420129
0.026858026247098644
0.10510280037455154
0.13369598429047946
-0.2805571835505491
-0.15561846229501694
0.11631087263740304
0.4263281395989007
-0.48612101520373646
-0.1891483757693852
0.11637681230913557
0.3956201950289441
-0.2240720574988649
-0.22873363267336566
-0.20243319528185233
-0.1573330382367863
-0.21598031983522195
-0.1701142752876088
-0.09219107054963221
-0.024124902911869157
-0.027054865364740024
0.006833937371411644
0.027095531235008616
0.06422267065030188
0.09044527544247144
0.06306896562737159
0.12433703988810653
0.2554082729331389
0.31515090109028154
0.19571512393403476
0.04989039503299738
-0.01142410138280772
-0.08088399829960453
-0.0590635010611868
-0.019325265888360362
0.07993650387198893
0.09515238855395237
0.1611553352796748
0.15220681617088758
0.10913463617861889
0.03401068478676864
-0.08833107423264189
-0.20587053309507214
-0.3388115649356492
-0.3057869505585106
-0.22078960293107244
-0.08340748448495378
-0.015207855793330768
0.03177949700593636
-0.0035184657957887757
-0.10749729368502749
-0.16349452214599663
-0.107463718411532
-0.0274584495461877
-0.021559897348380968
-0.03804127233983915
-0.024545218217201844
-0.0052021828018867225
0.006334494118779447
0.011620399444013779
0.05074496660557731
0.08623272061585224
0.12420015138060492
0.16078342205917887
0.22818401972467336
0.2285872842306828
0.19505724879235967
0.0923788276006588
0.019790678145713284
-0.02154718379919023
0.020675302074974665
0.0729732425670973
0.1204436277109675
0.1347324137588118
0.08610327335076387
-0.02476091522323286
-0.09259121750847547
-0.09834264655029058
-0.05695243940852689
-0.03228400326015276
0.019078250003385623
0.06779893898924746
0.010504299874983481
-0.16177531601122175
-0.38185444725198414
-0.39332763262386833
-0.24313080175635804
-0.08105729865517403
-0.015767084817185646
-0.0035302373121889065
0.009612081981873122
0.01429359480076448
0.0701449554780922
0.08865199467182895
0.16020994558974805
0.20816596754710895
0.21886101094184318
0.14055846881309814
0.11458220142976898
0.12150977218351124
0.1491648679311218
0.1291092105166243
0.1319769407693456
0.1060338495793024
0.05745841972937521
0.032453340663946915
-0.003120704570490642
0.00560791120442095
-0.041125809673720946
0.0760540275314284
-0.21979541888152912
-0.10303482805107397
-0.012485258574752774
0.052443790544639685
-0.38096491512036973
-0.42151705743862494
-0.24277468235600913
-0.06824803705769034
-0.013733246598141298
-0.06426897715690758
-0.12374392734462009
-0.11433895929699321
-0.07025304211188427
-0.038121157193609354
-0.041899174575693816
-0.0023643219323191958
0.030111427316143434
0.0576428595555299
0.09870834052574126
0.17248604284081523
0.30098350277642605
0.387165218129026
0.38027369993426086
0.26978026101967584
0.12139703425693722
0.03832272960784279
0.01969689215368865
-0.003920751841177449
0.007273728284964202
-0.09370061126203308
0.005058457427771207
0.12660100049681788
-0.29831594111499926
-0.31057100111431435
-0.027672004195704494
0.1926478289891046
-0.33963456533410685
-0.3085537215541308
-0.16274247186279797
-0.06632664550225464
-0.09046130267465537
-0.12752490980750808
-0.15660238697352372
-0.11590055572102562
-0.09287405204483448
-0.061629824084536766
-0.05726749219894704
0.006614498480669055
0.04761470052124494
0.08876407096418121
0.10145192372551512
0.1806453357943599
0.30696911417877465
0.35143548508592926
0.27474381345941773
0.15100091358587447
0.0839856554235558
0.03185171336352132
-0.0060128872920128295
-0.0010061929470980121
0.06548679581248452
0.22099091410306654
-0.8557365778787375
-0.2820874607736646
0.39409328883937256
0.8597572869543098
-0.3007648432457288
-0.0845602628420549
-0.01923211967471706
-0.08469336391833196
-0.12502491405295885
-0.029466691368076878
0.005146103957892735
-0.057146149801608766
-0.15894838475695156
-0.31537397115714005
-0.30494379990347986
-0.2165278699695043
-0.08309076363944636
-0.07238214356843133
-0.040384514160356155
-0.0383915369757885
-0.02366923025561168
-0.006787847780335304
0.029344725576860548
0.08220225120509861
0.12265591221086612
0.21218590652567523
0.23735985751449437
0.20373307751558117
0.09671442979644751
0.041001185398859906
-0.021830328978228866
-0.008686665340716418
0.05923417057868502
0.11595085830263265
0.12463588282119901
0.1260115545516758
0.1396558292254943
0.10391412853349408
0.019445018075700007
-0.0021809523096640708
0.009024207258627561
0.023545181206566547
0.0017736208596660658
-0.006434974876877018
-0.009887190841772888
0.03738805137196734
0.08095225443188228
-0.006737075649453029
-0.1381259483511302
-0.11978424249087821
-0.03513638804422106
0.004442306307010294
-0.10428261570504582
-0.23297289349975242
-0.3593429325332157
-0.3190868832833486
-0.1866380918944989
-0.022731516370080928
0.014475430567206687
0.03297032148389783
0.01712751248371771
0.006961195683478104
-0.0011646409039158118
0.007329699375645998
0.012743245819887597
0.011788072348198278
0.046478919398099824
0.11561678701394192
0.18080215326207189
0.17009488896153505
0.15872903942668942
0.12939376999291544
0.14567915362950484
0.13004299373487516
0.11317120630255945
0.06756678075651947
0.0748101378532492
0.09308985503289632
0.08318081814100847
0.08370907627063466
0.045662651139451386
0.011700121222586384
0.004086091019433265
0.011475934997840742
-0.016089363286344992
-0.04615876428619308
-0.0704159024246627
-0.19401189322575482
-0.15887786633289636
-0.08557931392480488
-0.021991239949562653
-0.09024497950292298
-0.11634892070678314
-0.3059491941077811
-0.39825090377489386
-0.3066428971480807
-0.11082420173096365
-0.06888561078374118
-0.062529598952678
-0.05686846839702625
-0.025105521337582214
0.01422344273874286
0.04791091204711824
0.037432995174600706
0.06557488072674782
0.10304643621017111
0.22511483099413207
0.2420161796775986
0.21276345336715177
0.13646337068667241
0.08532951943758786
0.004228198495836161
-0.09561955605568503
-0.102411804098029
-0.055834113039991654
0.04342450639723823
0.11516214728882103
0.13874238898618102
0.13586326227895962
0.10871797711822209
0.06303194930485946
-0.008253982863252064
-0.061473311112773855
-0.036316706490816156
0.019015394558499155
0.08226784872784777
0.08374330588724962
0.09838787513983793
0.07877859092353878
0.07952565263964893
0.0656207129524347
0.025526612597298222
0.0303456100739302
0.05350974060196849
0.07819504398679775
0.0394288906966862
0.009964421734640768
-0.07759221234333145
-0.1956079254498521
-0.2984570106924207
-0.2933798547823059
-0.2003581234220027
-0.07666042973751355
-0.058357059884219666
-0.11655977954872847
-0.20175480736915188
-0.1894210598236717
-0.14217272851893636
-0.11285365298860371
-0.09066671898836395
-0.04264304449518058
-0.0011464676475571667
-0.003306527211222628
0.042964169705506726
0.08625738085402829
0.15299420972728636
0.23487590068077052
0.2632362707936311
0.16159241548272557
0.06451857225782925
0.009595765379441942
-0.02020216137348761
-0.002129917976380201
0.11492927459553182
0.16336968596150342
0.14906961695949997
0.12225177306354483
0.07491096714913537
0.08060980637314759
0.08989982044068437
0.08592156891018243
-0.005065678128338503
0.003332005079832723
0.05639190450498354
0.10375057100676045
0.10427951362830358
0.017933403172442387
-0.03215134200619807
-0.0815874697810762
-0.1379953494639309
-0.12454908459813038
-0.01626018477702148
0.017178178711061268
-0.008785951035759602
-0.010973231258798918
-0.10836400531088576
-0.28647857534944404
-0.34033068211313516
-0.30432358383611696
-0.2129892024788709
-0.1363958435385265
-0.0739347933514124
-0.06905975523248309
-0.04384508824301148
-0.03564569387854914
-0.029914226249391846
-0.034669993070252
0.0051927880602148
0.02777050339024683
0.06020404215683081
0.046997163043312945
0.03804015169802663
0.07336747079460833
0.14335656651839668
0.1706892707389633
0.14490589293091274
0.11716895160097623
0.07706570958852627
0.0720245167159448
0.0854661080534375
0.11351605624712116
0.1294380836355232
0.1335659990695279
0.11578977510736924
0.11262811771072315
0.08223471752872882
0.025481676801141825
-0.0010572572710327958
-0.034721341712881715
-0.06434516494212789
-0.1221553071599739
-0.159507040672744
-0.11454870941832053
-0.04816908850008288
-0.07017789296329918
-0.197174002114418
-0.2829370007636779
-0.23020846343837026
-0.11585110814967009
-0.026290985686962233
-0.05391088098282554
-0.041931609498921184
-0.0306967911647048
0.0021936770760460998
-0.003403844293469899
0.009361016117882474
0.01797922850637079
0.05852203590972765
0.11728250333679041
0.20671888516813258
0.14132466244316882
0.07014467801638824
0.040794900559920265
0.08575371379826764
0.044033551787025844
0.04271224732988193
0.08811900733259696
0.1552985176713744
0.13192338632470768
0.0879127694934538
-0.008167056406336809
-0.022864594189576103
0.011061341372252833
0.05885128890426246
-0.15742146085325592
-0.1622421684547754
0.04646633807957265
0.185425599973737
0.02146233951869339
-0.07803280686910663
-0.11273306186775646
-0.09635821612570268
-0.05469143955856042
0.011765598839217396
-0.11006141884711562
-0.27020685756494334
-0.30409002698958365
-0.15819930425923648
-0.037656487589838195
-0.015967696978865874
-0.01234532389929072
-0.014717379027058677
0.008665214511987634
0.04549412020097214
0.06013888550552468
0.10250011718492813
0.1758439275899565
0.18603021707803796
0.1348850202138805
0.10985742069176307
0.06149624597990782
0.00516553325656331
-0.015515469069150823
0.07121830075290783
0.1033482550597258
0.12248491396858333
0.039364460678919196
0.003093055276373035
0.09548903702462981
0.10038239355749283
0.0866461941024843
-0.00819108088803485
0.088231362088379
0.04903274087855406
0.07226185692725463
0.0052688332267684
-0.05817083288182445
-0.16756270191034886
-0.2465854349832615
-0.1626755229979591
-0.06323191247910298
-0.0014957216127327148
-0.04547005291926196
-0.0640485511275849
-0.14502000833457643
-0.19384386016433197
-0.18204732572199667
-0.09551051360174938
-0.0600067511229107
-0.0331118754496799
-0.03168416323365318
-0.02085019645389146
-0.018871954361669753
-0.01659787678578307
-0.02199265903125973
-0.01926883145493831
-0.014321067947215188
0.0053031477935672425
0.013802587067315181
0.04830469590952596
0.09942053725058028
0.17943772642647202
0.2002559243205421
0.14007640220549158
0.05118763296171811
-0.013517769551389495
-0.048081487321472
-0.09367597156006008
-0.08423908462604641
-0.07509959192164822
-0.029233379460682083
0.026518433070895044
0.1000039788593847
0.09048589006931827
0.05699037514016599
0.020709734844337916
0.007861258612316948
-0.03412478293453054
-0.06828112923071301
-0.04284421573936647
0.025009964935982797
0.039766447221757255
0.019813328481238908
0.03174467959302647
0.05065172387784524
0.02812043440978899
-0.007523738539414028
-0.02667964274268752
-0.03846224741020116
-0.0018606089570786515
0.05204894093069631
0.1198121827613081
0.1484761164170829
0.15655548402982392
0.11634608681755235
0.028594205233863867
-0.06562423173832921
-0.1104258195040501
-0.07524412715522341
-0.011174185941885755
0.046228411191357795
0.06623535067944614
0.06965984887569536
0.019263906246458448
-0.14560491179393453
-0.2691177376858186
-0.23268433048757248
-0.14685058171429266
-0.13778810970328692
-0.13501291035708934
-0.11050915971908715
-0.07415405581990668
-0.048567604318289825
-0.0395425652218031
-0.05647778407502137
-0.03812197767324788
-0.014873976465943392
-0.004152717921098195
0.014251986029163832
0.037188787831917265
0.05469775999485778
0.060923878380624526
0.10158570479760075
0.12989726618999103
0.11290787563154578
0.05691126656883175
0.048266529440727374
0.048178091675660374
0.04187346270660304
0.05868443429204218
0.08719996940596766
0.12738001378778735
0.14753997902971955
0.149264251187697
0.060983670799076774
0.014254887927387445
0.004152693382474159
0.028032489295073064
0.03864927847001664
0.05655805871706183
0.08198778362880997
0.07024971311935806
0.03295023010709215
-0.037744947134315275
-0.08559087824328633
-0.08271504992632202
-0.025719205654468204
0.03532204092666835
0.03779691182513706
0.06799389224505345
0.09542353364949796
0.033398731167272266
-0.05478119540926239
-0.07875453343304696
-0.05600508282059137
-0.05693234398573503
-0.049120191115758
-0.03983997726152993
-0.012252678999669966
0.002320175110060283
-0.04453896066205499
-0.1439339147779885
-0.17945705277290555
-0.18163190139770172
-0.16233296526067317
-0.12981054144579693
-0.07592918215829318
-0.049012603634288714
-0.07061292156775323
-0.09245035433162895
-0.11661374216002034
-0.04681765269090319
-0.05041716927805723
0.0010806875244825072
-0.031048081076194105
0.022030596376754873
0.008417386588722419
0.08640402693012451
0.1087008693758682
0.16468417523229206
0.1265155043026083
0.08523123112774852
0.021664392008562735
0.01392627908853514
0.005931454505693685
0.01181983110840947
0.05006087209817652
0.12523137887508837
0.2156044089300637
0.21630759562545177
0.1419989892634254
0.1016253033548499
0.05603208435634732
0.002339762667858618
-0.07078831301776649
-0.034003842569249015
-0.04021033145302642
-0.02828684315726538
-0.024327532959250057
0.00836669032680418
0.00255895378073167
-0.0017697198700897835
-0.07606000386674627
-0.2330208962428812
-0.33982814481718626
-0.2738700603994585
-0.14029985103995965
-0.06494119415273113
-0.048378531162914226
-0.05017069890095191
-0.05987754176376634
-0.05082234003531921
-0.017373469571761793
-0.0032299232983286166
0.002199929231877364
0.029259269501858812
0.06468597727742985
0.07939446212591089
0.09660548961167592
0.11544927117139937
0.10658179180175552
0.06521334778268967
0.04695403767014584
0.06868624907805951
0.06215621878718481
0.05561248844714805
0.048485100136433056
0.062199884981220616
0.08321852067202465
0.08891691135433856
0.07744966488045542
0.034122527324723546
-0.020918730893825774
-0.07464859495567334
-0.11454808882068608
-0.14959092221945144
-0.15653384136646165
-0.10407837468521057
-0.048909970119508
-0.018216154920994463
0.006770258506974085
0.05700261606602474
0.08867256423050418
0.0798916153446595
0.025116836315047637
-0.002324836672126487
0.0027015261480080738
0.02474749393452746
0.0006553909416217198
-0.02635897658607225
-0.04978136712047327
-0.04533676267847555
-0.07801860605076259
-0.1052796509870239
-0.11643199143350416
-0.07647116758645953
-0.04783689554686942
-0.027054598791230018
-0.01211860706173369
0.0037882423741047292
0.005299562089719383
0.023788213553847838
0.0380534210719652
0.038484572739815766
0.05156560142152142
0.10246068955014878
0.12144184317722215
0.09558682713205784
0.04611630355019177
0.021398608613829362
0.017643824974788266
0.014980385243117159
0.05883480804674842
0.10706874427819021
0.15282834720821822
0.13474013048885106
0.11097523679662637
0.1164358141497228
0.08736620970203587
0.011423342630073446
-0.04525301404159336
-0.002444048645178565
0.05102171848668614
0.04439810316294364
-0.009228348805904221
-0.05622927612374023
-0.15297328811164104
-0.18797013873419915
-0.14724008518232568
-0.039784922873716794
0.0008990570684683341
0.01542528018214434
0.03049889935801566
-0.01837022677335198
-0.08889719107482706
-0.16392309219569984
-0.19138673722069616
-0.1583633148850692
-0.09253969007100882
-0.03355354643303569
-0.016306967896030214
-0.03377618016158271
-0.052714935562163306
-0.04528725306850024
-0.038245820596591366
-0.03776756110162561
0.010353437477171077
0.0780540652567927
0.08388718166877897
0.06114281321025885
0.09481337372195167
0.135467629886788
0.11186903000164967
0.018816670319873302
-0.04279782100018772
-0.044429277093892466
-0.029678760943848394
-0.004130931537196872
0.027287918836737673
0.07679288133524098
0.10640868464812342
0.12254606256974457
0.14801426979970056
0.10909680636285615
0.03845711761104161
-0.06365351885385445
-0.1446777053311733
-0.20955015489682693
-0.21222531342027318
-0.13165139159963313
-0.03713028026945572
0.049576481573111036
0.07426387248680552
0.0672855639375058
0.007369949832372405
-0.08526458827294381
-0.11614767900655003
-0.07496309770153577
-0.03519274443227139
-0.027044687643418643
-0.012118237709710848
-0.008356721010045571
-0.004598569893687941
-0.007541586660216423
0.0027265884061361935
0.006648002185146287
0.021346993390507718
0.049756490060993114
0.09642050999424324
0.12496819094062248
0.10749070298854305
0.06434498169262834
0.011065796394993258
-0.02966346319904135
-0.06176728412307526
-0.06166214133830934
-0.049659016623336126
-0.011727038532238413
-0.02302250707319594
-0.059433814205482244
-0.07068425148342479
-0.03893187216121704
-0.021293820615571758
-0.026565676131729082
-0.012916468256065851
0.015472351980329696
0.03153461615034593
0.055458703953739294
0.0737786602758774
0.03547900136350571
-0.012318065079870504
-0.05525868544116754
-0.031210888281893237
-0.029121976579331518
0.0002883749921371195
0.002517215534616901
0.010286619781586527
0.006371022574523691
0.04285601813193243
0.08235068689943019
0.04472654141188032
-0.004947502545088663
-0.02795510024266501
-0.014630720768219987
-0.00768694190141228
0.0047653959432258875
0.006888220314586258
0.010987885414588847
0.026532922306101044
0.022820586807562743
0.014737407308096268
0.0008809415525823988
-0.015737046080024884
-0.01753013298591293
0.0010673454327158965
0.01735181760814885
0.032872135703298465
0.04365375199294094
0.031749006481491614
0.0016119279519700306
-0.036283984674451895
-0.04550923906749409
-0.01843303648421886
0.026934265609763922
0.04437385881180727
0.06201105881355347
0.09321055219746063
0.1232389936681691
0.08648082935402548
-0.0011750600906680572
-0.08118701204001946
-0.09783878306824036
-0.06594728185950152
-0.023894692893395155
0.012574659083522146
0.0357355059327411
0.05158737804398301
0.06976276861933456
0.08698705769492938
0.060012832687336634
0.038404912047519266
0.005758978506412686
0.008421629527229328
-0.003278085966225862
0.03057584710117931
0.06452491461740884
0.12074303175153148
0.08508063491659681
0.016655411009334004
-0.053037651906085045
-0.05153737592108256
-0.04508397371085925
-0.008958931754774729
0.011755325665640378
0.03739078138712743
0.058415342956194286
0.04021719012515219
0.0039955987152529
-0.006015457768623674
-0.0034712682827838515
-0.007171779474727856
0.0024523512150903316
0.02999195289394464
0.05924942031312748
0.05842418356978821
0.05471406189955376
0.014002638787765172
-0.040817780054277164
-0.10350099432103131
-0.09274716937887838
-0.08131020238866858
-0.024380197340689847
0.02755289437366434
0.11599290669206912
0.11884650059433202
0.10113073342694089
0.030091511719129115
-0.00859235082908893
-0.06856666391832851
-0.07253737731233045
-0.06015656014906545
0.023110464215270892
0.07957657849361288
0.10727135297655044
0.09758910424187996
0.08744648500123511
0.05990489353046537
0.0026170133222612056
-0.008931957073498677
0.00618502612835536
0.020746548678826967
0.015933803616256525
0.034459931438288634
0.0563171314433206
0.08422969060234413
0.07835962758613323
0.08911287164315691
0.10293157594016485
0.10668801330940264
0.06095271073042094
0.029986203097398825
0.04089917196262433
0.03638735535134299
0.020150237943592095
0.009517311444382724
0.01065161642210373
-0.0042833397036668745
-0.0005567497433346008
0.007359466630989746
0.009369670363339487
-0.0008387294002925449
0.005221218709072576
0.005228934412447298
-0.021655088331472915
-0.056443141877932715
-0.05607432632433342
-0.023594690801175152
-0.0013635837579350542
0.00014551736403553767
0.006932652622535137
0.013116571341233507
-0.028514441702219298
-0.05588073644990629
-0.054172544660734186
-0.04012608984652326
-0.0525272450951848
-0.015189373021758492
0.015002558318506545
0.023318932619879083
0.0089134341499442
0.017749049197472305
0.007863189608503131
0.00346700768673912
-0.0016467045581895318
0.004064566358279482
-0.01846445244611488
-0.0262708663208297
-0.030241148160655158
-0.006399924507277451
-0.00013116333450179744
0.00835200801754294
0.012861724352104208
0.01436141686127279
-0.0550793187915109
-0.13780512799039188
-0.21311072377498244
-0.2530704830914779
-0.27045610227385825
-0.2297211451363437
-0.21280274506802407
-0.2265980682116356
-0.27650807900681046
-0.22226727762705606
-0.14098420120703373
-0.08726286341162291
-0.09668684267035543
-0.07851861863777561
-0.030396220087021742
-0.011152952205465728
0.022275509053619653
0.005274978490493066
0.11704685986731554
0.25670013310738915
0.3312629468387763
0.3192465446442579
0.2840436471818798
0.19891316808193898
0.07619023996152349
0.027816180151877354
-0.01427155654633488
0.0066672392836795704
0.09390438158704438
0.14770198203633483
0.10726721639266837
0.07057646439700495
0.0502787806723412
-0.02195075046889353
-0.18160881497817635
-0.2651673996530694
-0.24237925093259458
-0.13326486392555342
-0.06201809755095264
0.004880777574896657
-0.024082451955623575
-0.10176410057899427
-0.15465068754868858
-0.14141814713448447
-0.09212175164639404
-0.055442919737909505
-0.015887139744402694
-0.021220695112099217
-0.004919290646350221
-0.02126113736409945
-0.021613786915812085
-0.020460705086944548
0.010846946900632919
-0.006825635602316834
0.003927538853405714
0.020219998651989507
0.0385096691998522
0.07702720927205846
0.12287297340622762
0.15734874570176804
0.12896504751821236
0.08793430268306456
0.019816746366167075
-0.0229491918397343
-0.014267610421331168
0.035600718950000214
0.08797885854326912
0.09162939082208937
0.06138950104286784
0.07956130972384294
0.06477320990275072
0.055956655513025005
-0.019738219086681188
-0.027887745977453925
-0.09322245218186874
-0.08136859940090117
-0.15444688666382086
-0.2004018041739021
-0.21677211338167085
-0.16769083637018387
-0.1270883889895155
-0.09375885798592345
-0.05634876656244305
-0.05463715808601462
-0.04274878556678717
-0.018302330222002366
0.004739835716352428
0.04218806680854878
0.05418680789921401
0.03976695432481027
0.026167781004226034
0.06684124992776985
0.07301531418936649
0.15783828653142243
0.18859715693723164
0.1362800894360404
0.018395285126015088
0.004779903545276533
0.06188294273807043
0.11504168036048
0.1407941129321164
0.10123866684240859
0.05920055876086017
0.026871249532844265
-0.010816815631458483
0.00785039338502712
-0.016946744424001164
-0.018472325621123907
-0.07608793943155256
-0.05777430408534494
-0.11082517026777748
-0.12549486777636848
-0.16012863609787012
-0.1373648738424393
-0.11809006821383179
-0.08093099934867153
-0.034609499761078466
-0.04399895687413474
-0.043002965016682194
-0.04796215159987763
-0.03398759917233183
-0.04190730771319681
-0.0073475817005151985
0.0076133222048903985
0.029463744983176367
0.02438417161946317
0.08751687883891786
0.1505202868301085
0.19617622041391883
0.13839442561337367
0.10744342737099744
0.06821631436794179
0.020912341638750262
0.00841363776334076
0.015491197695650142
0.03011536090830338
0.019600666300236776
0.04353711205361963
0.03238172707826876
0.053834495662929
0.04885552127232101
0.02318085573153621
-0.014390488791764034
-0.0292719470494037
-0.04096594191198367
-0.04469376276048206
-0.056702388787426075
-0.04654259727392076
-0.05130283082765838
-0.04958624382438126
-0.1259936408924266
-0.19953467403936007
-0.21372779613581283
-0.12289408087021066
-0.046789911467771596
-0.04353567750193304
-0.04974233488746404
-0.025174242831872834
-0.0030968140112990097
0.024844042135928713
0.04625257453222097
0.0842530640961144
0.11585619081045022
0.18746578552096557
0.19158669044114526
0.14924867643898468
0.0677392163085813
0.026000005134902308
0.014682323931572597
0.04562664243001414
0.06247722855334819
0.04629268463194395
0.05792804317912374
0.06450612830699769
0.06941708735130965
0.024392960487133252
-0.02771791147088832
-0.07166079075194089
-0.0602086544928081
-0.04739030126647425
-0.0659313282063195
-0.07053412076229604
-0.056550708863980795
-0.030761934275526256
-0.05327415536038987
-0.16745581959970754
-0.2684003951654496
-0.23002386920119558
-0.11912436720764887
-0.06795564542280756
-0.05284758849460375
-0.019189595214637593
0.005137914930777205
0.009242905492002502
0.02894159456567738
0.041126470141608584
0.07991377828159817
0.12652901750367276
0.16000739268676228
0.14928556302443793
0.1163268966609564
0.09982490161130345
0.07951623694392454
0.06560462143044812
0.042952397787011064
0.07650651102363898
0.10253613028766659
0.0980713508023079
0.03894081956450817
-0.015215834594968107
-0.10466867940133989
-0.15719393131651163
-0.16649124094375323
-0.13110575581010278
-0.09729771776938267
-0.05727062431492449
0.0023761801427641125
-8.59632963181021e-05
-0.004189386145348324
-0.06723639520294246
-0.07232697225108278
-0.09114172983852092
-0.0507487565199746
-0.04964983506942845
-0.021052970603801294
0.00624981198360981
0.02514793747886688
0.04126263212366928
-0.011484243691124286
0.09313085535605362
0.1461961651627164
0.185508821900213
0.07351072226238647
0.1068256541043642
0.1090559356062493
0.10718362672773935
0.07232710610509678
0.09217062268511869
0.1272185270230348
0.1396025032203535
0.09571387610440853
0.034580862192889666
0.030332704786096173
0.030975133229493343
0.06159703705230204
0.030307138245624764
0.03768552112771904
0.020141740784051527
0.030251010341355265
-0.03666208032333716
-0.1898784442028668
-0.23620898238293686
-0.12579896004543414
0.019124607879929385
0.03344680649103411
-0.015487958889574705
-0.088078913132352
-0.22166830003834495
-0.3057463137513104
-0.2576838822758465
-0.11669930555492425
-0.04497748721297354
-0.04597723064379254
-0.03458911240192035
-0.010378057085798066
0.013792736698473867
0.04100641445643395
0.06446690198088284
0.07272425976682051
0.08173626299779196
0.08041870271169581
0.04022872340000899
0.021138602437727926
0.00532613509555654
0.0285581845123497
0.028547203428684307
0.06512009629245101
0.06785745266301844
0.10735008312321286
0.13448154864746661
0.11809770847399906
0.06842380627568737
0.05635146320332758
0.11815369099172147
0.09719567030177424
0.06598487660151332
-0.008192061072711535
-0.14669966148115254
-0.27312477081746167
-0.30828136816067775
-0.23353720577824605
-0.14673718936868527
-0.0585962226683897
-0.021272643336296946
-0.021997693450670742
-0.01859792263607411
-0.060827103399431905
-0.07221159208358081
-0.05719755923520587
-0.03789899902776459
-0.025570547034893483
-0.008284787817633551
0.00885691897222793
0.0278457577223944
0.035248736844655994
0.08535081460773722
0.1275197809776701
0.16751728223557727
0.16859877402576876
0.13511027989520108
0.041374132070090636
-0.04616268016206796
-0.030281472691677976
-0.03032093341335127
-0.024169666297036135
0.012514949222668383
0.10538257978236662
0.12823770933762263
0.11302378250967662
0.07274560423974921
0.03160905369365147
-0.05826827767362147
-0.16011711177227206
-0.18524176812548568
-0.10203636290890213
-0.023861214616672222
0.0025919344137306792
0.031190355427257448
0.06378693874898866
0.03461000628607843
-0.05095185770006666
-0.12187692933505008
-0.10801972783093569
-0.06968167112763732
-0.039158921024883026
-0.040448533603416284
-0.0240296935704724
-0.018504533309720964
-0.007715664590990244
-0.0004968930005668167
-0.009220283337331683
-0.02774844924826955
-0.014056345562350792
0.021797874668159103
0.02457930509724579
0.046123992440030015
0.08869138522276308
0.13102785225181182
0.07195991899203212
0.006193556943969584
-0.03580998850640469
-0.002496555317150228
0.014291506162144165
0.05591299912424322
0.09303544739741261
0.11316067188550175
0.10493974250639203
0.0948244552497126
0.045326949427358106
-0.023167178494743937
-0.05454732601780019
-0.03182039041967311
-0.0014180352545501269
0.003313614706661736
0.02067796044735887
0.03388608753738207
-0.019106747112217073
-0.1029489412399374
-0.16061954942724863
-0.14141008138230238
-0.11630507930396036
-0.07742200545929055
-0.05009009268214359
-0.02104393783239568
-0.05561370034758586
-0.0937248827015757
-0.08321726693205538
-0.03795838222386692
-0.023391730604313602
0.016079676411685236
0.03848929634570179
0.014522685673415506
0.015452530557086378
0.053487293227379724
0.10293096272061136
0.10656962912627395
0.07221163079890838
-0.019537562960889203
-0.033795716714934726
-0.026372378369550607
0.004321706663941567
0.05415880351607487
0.12600664565052247
0.1332726823715414
0.12404837442968389
0.11162138707575289
0.07315004704041461
0.03320537331159202
0.035392240357150814
0.05570055898243994
0.016557291290791122
-0.024215083041857995
-0.07904609903426643
-0.07738507603674559
-0.09266742133376114
-0.04073163939479861
-0.025621126522370447
-0.014485713966874885
-0.043365044620674274
-0.06913550391395563
-0.15764094319691016
-0.1703361326738676
-0.11700893382822658
-0.046694697447181216
-0.032547574406015946
-0.006925182528517308
0.004840434910769069
0.00710925511044293
0.026893902450502882
0.06026874386513587
0.07239950240494206
0.06886363700192341
0.029730933558110004
0.005911693655563847
0.010984549134295984
