0.25000000000000006
0.7272727272727272
0.49999999999999983
0.4324324324324323
1.0
0.7272727272727258
0.5000000000000014
0.8125000000000007
0.8125000000000007
0.647058823529413
0.9032258064516083
0.5714285714285726
0.571428571428569
0.5000000000000014
0.5714285714285766
0.9032258064516083
0.25000000000000205
0.49999999999999417
0.4324324324324376
0.8125000000000007
0.36842105263157404
0.25000000000000205
0.0
0.5000000000000014
0.14285714285713966
0.8125000000000007
0.81250000000001
0.3684210526315807
0.045454545454543076
0.571428571428561
0.4324324324324446
0.571428571428561
0.5714285714285766
0.5714285714285766
0.49999999999999417
0.7272727272727239
0.7272727272727239
0.9032258064516183
0.7272727272727239
0.647058823529413
0.647058823529413
0.647058823529413
0.5000000000000088
0.7272727272727239
0.2499999999999961
0.81250000000001
0.49999999999999417
0.5714285714285766
0.7272727272727239
