0.34782608695652606
0.4418604651162842
0.6756756756756842
0.4418604651162833
0.31914893617021733
0.12727272727273076
0.29166666666666957
0.5897435897435975
0.4761904761904814
0.12727272727273076
0.10714285714285936
0.3777777777777825
0.4090909090909124
0.3478260869565279
0.3478260869565249
0.4090909090909156
0.29166666666666957
0.3777777777777825
0.26530612244898644
0.5897435897435911
0.5500000000000035
0.2916666666666753
1.0
0.6756756756756913
0.4761904761904759
0.21568627450981034
0.12727272727272845
0.4418604651162876
0.7222222222222259
0.16981132075472066
0.512195121951225
0.3478260869565279
0.0
0.5500000000000035
0.4761904761904832
0.4761904761904832
