0.8489091501139708
0.8489091501139713
0.30120481927710896
0.48934198331788775
0.30120481927710924
0.524819277108434
0.7554216867469903
0.4564926372155293
0.7554216867469887
0.7554216867469903
0.816106531388715
1.0
0.27082242011524393
0.47260741077517754
0.4893419833178874
0.47260741077517754
1.0
0.42598967297762536
0.7272994416691164
0.31195551436515434
0.42598967297762536
0.7554216867469873
0.456492637215531
0.12650602409638517
0.08788839568801583
0.16485454011166634
0.24297188755020163
0.07302680108187881
0.0
