0.6317798431809671
0.1423301956225473
-0.05482085679142732
-0.09179853971579825
-0.028287140518588324
-0.018715035207062948
0.0018782761837798237
-0.12870850283504162
-0.038129417588894404
-0.28266032960307197
-0.17606443359994647
-0.19672446550005027
-0.3997289264514084
-0.8601418345972016
-0.6307199731940304
-0.14469931313002835
0.07614117986461925
0.08154903553084547
0.26850849502679763
0.4832454035990413
0.5304796139354532
0.43337144076240375
0.2976474583468408
0.1459167849312653
-0.12918912074471706
-0.42789803538584426
-0.7599923279033258
-0.6763433087190901
-0.3285760622517784
-0.005200782318524403
0.06306212944530776
0.12368742071331555
0.2805997723948235
0.4744980401146143
0.6172743482779842
0.500822598188645
0.2455651042322527
-0.025430925369643545
-0.3540441775166125
-0.7299875883066423
-0.7447512655686009
-0.3553251589619492
-0.011194686410259185
0.04718834930807953
0.134408284086188
0.3679792335805474
0.6059757610267319
0.6392468082854313
0.3525223226238999
-0.17119457024765203
-0.6851575900588421
-0.8387407170073329
-0.45821213271779493
-0.08529951047205596
0.025269265624054973
-0.0776537983510996
0.09020910672198876
0.3646243409961126
0.6797015089434233
0.7536037762346282
0.6074677760192267
0.3126446755921194
0.055110318980652086
-0.32359957193101446
-0.7080502704194778
-0.9990700174393408
-0.6358876799911036
-0.20051575529938337
0.03997563338067471
-0.04014094098970394
0.05126792896220397
0.2280045126191234
0.4705063814172426
0.6209614246042081
0.4715771034583423
-0.05924682329747537
-0.5769387328028109
-0.7064549846717714
-0.3618114938612301
-0.037802983705884516
0.02845955491827092
-0.0011923044601369276
0.18911461662191054
0.552764189441321
0.7353784231376818
0.5915183659828525
0.12412291200965932
-0.39940724505801206
-0.9225160719206672
-0.7393884908164435
-0.2807369952569799
0.08638304754788838
-0.021243807316698834
-0.04757566375199275
0.07919366202374394
0.4150004136812099
0.7457056802265133
0.7620582304066359
0.4902954654089075
0.04826128361530674
-0.5012213361916514
-1.0
-0.8167607053365484
-0.28890886647593744
0.05139414147981695
-0.009932311037714319
-0.010010668272460096
0.020556263823997306
0.16734546854225352
0.41154978592030345
0.6275858601059905
0.5930541816867355
0.2415169995399301
-0.30295889435217493
-0.8086260143475804
-0.6567740117068482
-0.2467556456902844
0.06433860281104507
-0.033300349645279316
-0.05000569975722641
0.21529374240222504
0.5163097951099358
0.7200122615960817
0.46785843641302377
-0.0161416337227182
-0.6885592550573234
-0.7792729890340742
-0.38150889311300606
0.008810090616570019
-0.004360961544556073
-0.0617505781042206
-0.04709564989541651
0.1648899570599692
0.502704588634542
0.7584640612444934
0.6474769598927295
0.22294470899737773
-0.3580651530033018
-0.9189959128267227
-0.7193676466471808
-0.26080240471297106
0.07234305288943872
-0.04857548731696424
-0.019429120421775557
-0.023931040519405547
0.016527932503885474
0.25352024485244157
0.5331946085463447
0.6254103592629255
0.41520708066060796
0.019397034131149706
-0.5266630929989129
-0.7377508848530712
-0.4422498521759763
-0.0755937423431149
-0.00012987903403389913
-0.049857619150032874
-0.02466463591413263
0.026225011710100502
0.2800593076976144
0.5616723657143663
0.6820978104650821
0.3348645982139985
-0.28210436098379765
-0.8291625654268627
-0.5890543216605764
-0.1675782496930302
0.035322273583716236
-0.06696783035035007
-0.03360318624847181
-0.043911261025758735
0.13972653162208726
0.45731365022780707
0.6903149713311665
0.6205386672630694
0.36513666964426145
-0.027758256205628353
-0.532050216418368
-0.8490946655323648
-0.5914835600193005
-0.13065950524756367
0.047400825591741906
-0.0593429422661693
-0.05271239471561477
0.014854183587861046
0.21922962198856905
0.48499417722454213
0.6305821360032722
0.5451574045733532
0.16151118436473758
-0.4877689077358508
-0.8567090535763177
-0.5520768380789599
-0.08654251961958451
0.024701562285137018
-0.060621207419046634
-0.04344211118209165
0.12782311883666117
0.39391347204680494
0.6550872138605212
0.6601642009372689
0.4868393877365762
0.013261808368239264
-0.5415224994078575
-0.9632495419393948
-0.6381724875411892
-0.20353665867028076
0.057697153061026504
-0.044022104073410284
-0.004076410938499045
-0.03280265638426846
0.1461073468182011
0.41478997474396656
0.6286956246272344
0.5852768314274892
0.433358550616672
0.005820632985649416
-0.5865691439340843
-0.9025126615756282
-0.5588022085869744
-0.13404969055421997
0.03008979893998976
-0.0535339421438367
0.016338641447474826
0.23038356439136937
0.5091569730266468
0.6891488931508913
0.6021752336519975
0.18506604681468752
-0.5074626831559924
-0.9035068086409943
-0.6355444070870411
-0.16758168534607748
0.019323018241481586
-0.025175558447713457
-0.00459050118270614
0.012842787764617274
0.06756228366319282
0.3023299123075589
0.5845211963408256
0.6484573128824348
0.4643379797314569
0.0475730876212468
-0.5541998740863794
-0.8634253913386225
-0.5664682741912761
-0.14196173247190416
0.011803944186014624
-0.027581599590078176
-0.012114541314493793
0.15948075383901034
0.46350364728814836
0.6823535501131808
0.6250066295388267
0.36074946425690935
-0.13710006089691404
-0.8215750629002343
-0.8735423352598695
-0.4515927174449796
0.036073993628940086
0.000807139954498094
-0.0034806415211824683
-0.018789128148598094
0.04814092476336185
0.25172883955331676
0.5199329237514612
0.6610445362148328
0.5127209717092607
0.18550550101255037
-0.3244023512398142
-0.8694448744487677
-0.7343820662538697
-0.23271282690937373
0.08210679363822974
-0.05153381785066905
-0.05295156771385599
0.047321339710977094
0.26976313805122243
0.5301755147175506
0.6520556520028283
0.5080879243401313
0.045459189120090115
-0.7214689602260791
-0.8656756505064497
-0.47141575169287897
0.005768918312826335
-0.011971215695699667
-0.01814237655053937
-0.0041384189055954515
0.02643239726761968
0.13199611903619493
0.3837440227349809
0.6109574528699747
0.6392087801758425
0.42898665237328537
0.025804990878019393
-0.5854377195197138
-0.920116777600389
-0.6240039891607099
-0.1469539035540988
0.055430205895277085
-0.007478440670679819
-0.002260526718791157
0.014096022744833002
0.20541029827102908
0.4801968014971034
0.6040255081693657
0.40684183415581726
-0.1305820614690594
-0.7139221656642818
-0.6273303434024816
-0.22371329707891496
0.015675401274401278
-0.07688636448725275
-0.014171641426947526
0.11440683533329193
0.4093396668390922
0.699720806106842
0.70413170686089
0.46013234025793015
0.04516051934276506
-0.41359691220316985
-0.9585927515009807
-0.7567445126656148
-0.28704338395453516
0.09123911787486921
-0.0382351285216668
-0.010658037021245216
0.020458827228199913
0.19348250834612485
0.46794288817992796
0.6495909048162534
0.5481939561016217
0.1975841677829789
-0.3816752498143049
-0.8564938783339455
-0.6278307154305768
-0.18585001593287076
0.0298362163128787
-0.06864870964977603
-0.014768319026665167
0.04999616556814967
0.3136862461312996
0.5816158904976498
0.657828587179698
0.48676413049464345
0.19316166447042435
-0.22723967908384243
-0.5755407516238142
-0.6697253752472485
-0.46854776007302296
-0.11266246516189057
0.19149101677823852
0.4404927001529695
0.6242413994865883
0.4341653430039256
-0.00683664671780722
-0.6985095278412411
-0.794268506336421
-0.4670288129886289
0.030704849361184724
0.015208667350398455
-0.01936978116888498
-0.004986376181229123
0.01879885645310456
0.015320040676555787
0.19025557722199124
0.467367034122394
0.645980029403892
0.55048012800058
0.22532123620790453
-0.2871191397262022
-0.7978838399556536
-0.6779934510435243
-0.21751422269538795
0.03511989865369321
-0.033766069273558026
-0.027425260599792008
-0.01222056403408084
0.032045610998707175
0.2752318233293036
0.5437685329394519
0.6430450646349991
0.49628106946683614
0.13051693177157775
-0.37579137638706883
-0.8413808215188423
-0.6817668751070531
-0.23542656068779885
0.06265364120826339
-0.029967204067459216
0.008740817931163825
0.19213606548699275
0.4640832133305644
0.6901026137962479
0.6032271958465774
0.2354640813266341
-0.3346165001955619
-0.867183343079678
-0.7688250807961704
-0.2596306291874514
0.037402318291945395
-0.04924844443470579
-0.05603195637976982
0.004613101465014248
0.07848627130033607
0.35392037017161787
0.6118578199656527
0.631661781799543
0.47791670692795024
0.2067698702457187
-0.20281533749934208
-0.7818717328621995
-0.8257898688073647
-0.4314245986042981
-0.0367357743479847
-0.027007773883700386
-0.034367976632786616
0.031162992446553656
0.19402339989598363
0.43435556284968696
0.5954423648377334
0.5375743149552829
0.30073957373701293
-0.1254600940518235
-0.7951898355698472
-0.810865736745568
-0.37139370407401456
0.08293697100180883
-0.02699122375563665
-0.011251882556609138
0.005814782497396993
0.023824654486123652
0.14707816412431285
0.3934573256477982
0.5748173695213723
0.5381248059095334
0.25341322283435574
-0.2575919497851795
-0.7948839484754342
-0.6250717933524484
-0.22914083224450046
0.042104856352071854
-0.0625838074686186
0.008363555795771523
0.00023336998508179105
0.04312892442906609
0.19078788619465895
0.42116187911705033
0.513444206682504
0.42471980168015505
0.060458279859152676
-0.5051559419871254
-0.6973147595630174
-0.3740443373737036
-0.03934746695253079
-0.027322046902578178
-0.03151948108006323
0.009604379908879053
0.15740254563683043
0.4280540008775269
0.6233468200534618
0.5819531240760909
0.39935464029216217
0.057636964021547485
-0.3815460516586909
-0.847429941669868
-0.6942168598251433
-0.33005898276605145
0.019322923176377245
-0.014787708955447043
0.03592705094821924
0.026560327771178754
0.13656508230048223
0.31946404907768605
0.4740016166501959
0.5298664883610461
0.3862106343506651
-0.09729527028186306
-0.7481154634481667
-0.7538200534513182
-0.3345098982773481
0.03996164358624227
-0.011297715617655506
-0.013455605905690997
-0.029353975591613454
0.13004012035220303
0.3562565801684101
0.5286756834515419
0.5585298472222878
0.4515145698782015
0.07860312589579718
-0.4521028064863915
-0.8826306516978635
-0.6554355710455643
-0.18729013801752548
0.09513584181681013
0.01593485484163658
0.016618597844365104
0.04487748082323963
0.16575881264659376
0.3898427303567006
0.5293659357064503
0.43693583792654794
0.048068985254584896
-0.5573273147581732
-0.7033020542856043
-0.3849457117106068
0.019639457839476557
0.03519372471457896
0.008640615813687857
-0.03652235459110545
-0.01229574566182918
0.12653891977008305
0.4002881403363556
0.5582043829964818
0.523400951101239
0.27141560358371447
-0.18556537031030168
-0.8087287706569244
-0.743377962604796
-0.2653003960529017
0.10280578115435969
0.019734978134360242
0.011038055329765381
0.001938662720649651
0.08538038739709783
0.3089446887910607
0.5300754720734574
0.5856257297622657
0.39154623216910345
-0.11437862828171239
-0.8149922993447333
-0.7919840342877739
-0.3224302378994606
0.09646096835046505
0.0016134353808766033
0.0033353417189758185
-0.009378545720571858
0.03131933473349643
0.19691610572136517
0.4433127245785039
0.5598923712656098
0.5298697636775391
0.2996984656157603
-0.18977024141135454
-0.8037544497646807
-0.7583112666991417
-0.32689797732270026
0.039509869346741285
0.0430716142026411
0.023000315169247484
0.012831160974332345
0.15694230087956226
0.3985375157579115
0.537385151634961
0.5089431945200869
0.2685295453042374
-0.1603245848636502
-0.5953446737369801
-0.6779893868373271
-0.3963352868163131
-0.08319328438850251
0.0832785839050814
0.1895873437727042
0.32417151087917845
0.41589427329099526
0.24632587409224474
-0.25310348608206906
-0.5751393205970741
-0.39586546631544794
-0.10125270777777402
-0.01766407085744078
-0.012734549933962707
0.017515445682325954
0.01719387927204568
0.015415078714474026
0.11321512361099567
0.39319607057702666
0.611421837736626
0.6278798386883833
0.44077191289085627
0.18118416588215708
-0.25148826346955183
-0.7844292727623001
-0.842953813451492
-0.41822505152665107
0.037309542692114124
0.016544333752605396
-0.03670244444810073
-0.03600285231393784
-0.009020039872391099
-0.018528296040587457
0.007523667658621438
0.007198628508526613
-0.012334006956648096
-0.013159998872411342
0.34032288487417
0.6983147368438586
0.8748036225328706
0.5247212231806544
0.0677517712233784
-0.3543388296209614
-0.7348374474459941
-0.7906975436516817
-0.4898128741459587
-0.04680047880223299
0.0016600510954055097
-0.033936058975888785
-0.019431697438231484
0.07653940121046436
0.3412625980772866
0.6560232304145283
0.7305488988009956
0.5138016195678294
0.22608209008760147
-0.03870748858343471
-0.35630959919545374
-0.6592425864460641
-0.8258673462186231
-0.5347786090311826
-0.15784148336654383
0.1397808547540114
0.1908135987369366
0.2878878774462287
0.40661821083256927
0.5515063917062808
0.49592543691929575
0.09814405199247322
-0.43140728443716264
-0.8849900816182823
-0.6682423453024704
-0.19804297396409393
0.09787323305461561
-0.05296464861166821
-0.04666278670274282
0.00128094939610641
0.1771997676515989
0.3753837709332183
0.5643649241552714
0.577658108105152
0.5098549034198749
0.25787693710030885
-0.11665948701343688
-0.6301860580847958
-0.9182940262859541
-0.5908032352239921
-0.13587930918885244
0.05279940272778008
-0.06996591311034646
0.0444221888423034
0.2079929856675764
0.39834928826832017
0.5071037541908889
0.44255668932332465
0.12629175095379488
-0.5836428712023891
-0.7624741054003494
-0.41328324904798325
0.007195573499838905
-0.034075029191253575
-0.04133062409627992
0.03550255935393619
0.12665475200807025
0.3456648188334047
0.6228917652156113
0.718689835717876
0.526584258110996
0.21160479246140562
-0.19233858407045934
-0.6899912384334888
-0.9531020095246664
-0.5886311213023617
-0.12494994555049599
0.056963303134577
-0.023328140200182156
0.006941100980934534
0.06502612505656971
0.22537717641585484
0.4329176933075522
0.6084679555064396
0.5753036556641012
0.4243130267904565
0.2333691819260189
0.06132547080720994
-0.1215214372017806
-0.4067824430067991
-0.6559888347157643
-0.8352452096140971
-0.5151366535362986
-0.14023019845419388
0.08930375720012731
-0.007472137839818583
0.017588962064021843
0.11180352794726539
0.21629638682727162
0.2194887078379359
-0.00346300805023257
-0.2377975737440942
-0.19848939616848998
-0.027370213536821224
-0.01285246164016505
-0.09405732252925818
0.08450735860713153
0.3707736857634611
0.611186381345606
0.6443632688128591
0.5367489716836171
0.309838825358993
-0.08908749627829345
-0.4815443934701885
-0.9789201348568808
-0.7630997745167931
-0.34839645096172356
0.09027692553805754
-0.020017419928187993
0.02899192729399105
0.10883360774084933
0.30521246616325387
0.49364689416397456
0.5447031924919401
0.461351665916643
0.2756355517481623
-0.022750318962879712
-0.5428492985694024
-0.8693950209413105
-0.6247814718840699
-0.15618533621487024
0.0440191570466847
-0.006373005570277727
-0.012567514535221579
0.10269134165171907
0.26637262105209863
0.4330821528947177
0.46701247282072855
0.4507234818460568
0.33338015232183715
0.14901557229097614
-0.20916454660430667
-0.5475497046645328
-0.6889432105907277
-0.5071676745528431
-0.20737054083558634
0.08328598344673079
0.2718352011166564
0.39587644546966494
0.44008943447102034
0.2689389504414438
-0.2396529825285749
-0.6835603535543615
-0.5081980419741146
-0.12047458097140523
0.05679069147155546
-0.021000457207923946
0.007678903324843455
-0.006068278861596669
0.015447411294766435
0.09878227167918696
0.30523513926371726
0.501904347673227
0.5034242510731437
0.4021962090487306
0.2572998759246902
-0.002732431049722878
-0.49575028379629593
-0.8457097375111812
-0.6342390852534661
-0.1586253445009882
0.0700504887725977
0.0008787505763485886
-0.03487946109234086
0.025528303833004584
0.19515401177269848
0.44756830196317904
0.5453172082501643
0.5029220663625839
0.34096082181680637
0.09445419824674739
-0.39633821654297363
-0.7969187065614151
-0.6962867217250951
-0.2680179761593713
-0.00024711143346199557
0.024135277351725107
0.17214582096367312
0.35510370700387134
0.5211726785569089
0.5453431406252506
0.47420174397078085
0.22110228612774313
-0.12022169908279969
-0.5807098707286057
-0.8780326312796144
-0.6572701582449357
-0.17746178108927527
0.09352700214603235
0.03240785181025093
-0.012683433835669417
-0.0003616362038743842
0.09737103545488623
0.2605733196340777
0.4308083069662987
0.49468959931248996
0.42288438676983753
0.18654481139076728
-0.2703300918476575
-0.6855364787298522
-0.650774649797863
-0.2806856757590424
-0.014684456497036905
0.03380765810206968
0.0848155358980338
0.19566078047601343
0.2701012675063865
0.35809860452152587
0.4301837333126456
0.3135894920090552
-0.023396314492748614
-0.42706516770924846
-0.5516292716603232
-0.44113051867204267
-0.17076048722242457
0.0839021255572956
0.2833477794457758
0.38979125010153165
0.4413050455919201
0.43413949140348396
0.11964685536109035
-0.5270432653060109
-0.8075120740325115
-0.520530916848491
-0.05298519567874982
0.04852085536514859
0.021017230483480337
-0.004280445410621451
0.004630182427612757
0.046772012639008605
0.16755477234408292
0.38755163694590444
0.515504955940418
0.48514916081202464
0.32406373397556676
0.1694044056694805
-0.17074817721353533
-0.5714784841031303
-0.7820884407996594
-0.5007802902032295
-0.1160493679081917
0.043519822599666344
0.03757365630880108
0.031427141526503916
0.06475258931014778
0.11948495801572755
0.2959644957369079
0.40540382030491434
0.3917681749521058
0.2672040700238577
0.1697823297185765
0.07602285227736807
0.029009410469248733
0.0009490022697396984
-0.13852566533474694
-0.4168142038026418
-0.7099830471001425
-0.5057884711979931
-0.1512224804438453
0.08476978201995172
0.041068371975890916
0.009422384284706164
-0.005796936011469157
0.1101575386195045
0.3911028531795501
0.5812034800282392
0.5612661260945951
0.4106445989182747
0.13924921706580182
-0.20048092816887028
-0.6334906301021132
-0.8267000537755429
-0.538204311721098
-0.10126552855738516
0.05048475866976487
-0.02867748223242403
0.019275956447437133
0.11215162384258451
0.2799886332973161
0.4560419919333079
0.5157946299108239
0.4279500221415349
0.2346933017198453
0.127497989645496
-0.11574903088618468
-0.5413910828508186
-0.8754710231086131
-0.5632708312058401
-0.10278081639546932
0.06322941024927213
0.004495025639675063
0.048397283507614845
0.13408227356365351
0.22611188666435805
0.38831727659799103
0.48578407929177625
0.42304674735399084
0.10043380377195012
-0.37213246701995906
-0.756936487430317
-0.6148883715104426
-0.18802085572798616
0.08408291972030818
0.040939717858665084
0.012979392028107417
0.037402691874544786
0.14248621982313042
0.3148775171634567
0.44050854140031714
0.4706075422907879
0.38403875108442936
0.08462923750078209
-0.3772450481963764
-0.7844820397720714
-0.620230282505013
-0.20349304298467474
0.08549913095677128
0.02690548686223897
-0.0015363929701225805
0.07466149093824768
0.2741406181990839
0.5019345582656575
0.547684387496166
0.4242900231379273
0.08257519724221467
-0.35437108303955955
-0.8052439273047811
-0.6516497193989248
-0.24356207308072597
0.0908600175335297
0.023356927869160642
0.0018501996230845645
0.0027733243665168618
0.1337771719682373
0.3300567747966599
0.4924629909372127
0.5044740599711297
0.3836699609572272
0.03841091324693432
-0.5018241284879155
-0.8324796144719636
-0.5705568957715965
-0.10836270432456992
0.07488757849636796
-0.00489512981587147
0.010042600917996487
0.11407176023560436
0.2458911909841381
0.36235627838088785
0.4143533611490677
0.38661855350756935
0.2785732393646399
0.020455173874962995
-0.5050488798191243
-0.767897278514453
-0.5121211468836072
-0.05776670192099958
0.06815193784535617
0.03334132684263566
0.05562933278663035
0.16777644265658329
0.3169815183768913
0.4285564578787322
0.42568871988592893
0.32350153470270304
0.025426921318986908
-0.4151555617713037
-0.7491963296297509
-0.5478890465556849
-0.16048460214291435
0.057021349574538444
0.0503065413853218
0.06635105501133631
0.1096597668890963
0.16492671569788217
0.2745781283270017
0.3700764922656998
0.3223028353695428
-0.008020240760438814
-0.4296896090695727
-0.5491091281376936
-0.3065019844269549
-0.028559922078467123
0.052347007013989304
0.011550932450891557
0.05321614801833869
0.14251175452735826
0.2722258801936156
0.3794802161220871
0.42299184864476425
0.215507078870781
-0.2704076680420798
-0.6669429446299362
-0.535679866761106
-0.14596495744272076
0.05369520942402786
0.021401004851375707
-0.014472824221856091
-0.02183685329633918
0.03259162759076363
0.16742052774477115
0.330861594644528
0.4335282320332591
0.42645169698957774
0.26417592040033394
-0.10701775236089357
-0.5557831430708347
-0.6342670064877056
-0.3040497603973024
-0.014834029202348479
0.0020031978729236955
-0.021522431164395953
-0.009238497142642547
0.12866986575250622
0.28977915214596817
0.4241839405249349
0.3777190835045467
0.19119410800883133
-0.22528542218567177
-0.5948374482087041
-0.5024276497950138
-0.15191276260773048
0.05788511932094772
0.011695267858910032
0.03798791060058779
0.14361360023536274
0.3093307603223742
0.44528784083407225
0.46460592838985443
0.35983050624079427
0.14296511122017977
-0.23708325326029003
-0.7464682432606474
-0.6919703936543792
-0.30541758794769874
0.05023099034778905
-0.0040785064757440925
0.013930955758346533
0.00370846185328314
0.052185618461668755
0.1233374305302382
0.24173605138562004
0.37474546953731386
0.3994861956881863
0.34732411619691483
0.19987581632950677
-0.07858418087428734
-0.448134412425844
-0.6611220404377766
-0.43845839741242776
-0.11698518586531416
0.07313756330799162
0.06241583018924912
0.09617395231296914
0.13728921836879748
0.17205750015206783
0.2481661394952145
0.2689484005814725
0.13161796000542866
-0.18001795720200917
-0.4818893998563508
-0.38085763043273946
-0.1280870962798721
0.05269513768230396
0.01038269226757944
0.044393464381066464
0.06784757777872014
0.14416417516948413
0.25371732295780713
0.3156371251874284
0.3066462546600325
0.13944401310175034
-0.20845261156419354
-0.5651619600078787
-0.44485831031798095
-0.1294040521867254
0.05167097592789174
-0.002590473643785853
0.004365378234452
0.016918341215860458
0.061897799885533226
0.15515625692220097
0.2849337534095636
0.34222267817853597
0.3417038223863417
0.3009343632121225
0.10575854048422867
-0.2730314010711088
-0.6597209827200022
-0.5427442357464864
-0.21086266976405613
0.06612081530662989
0.02456240980576285
0.006314721097002057
0.025355675243287898
0.13795394888187149
0.2771678865200609
0.39045696357829884
0.38451793736298656
0.2518201597712701
-0.035244790998201686
-0.41416834059185026
-0.6367122260621831
-0.4238208735199093
-0.09454371357495109
0.04501641382735736
0.031220513482951306
0.05538225209911653
0.0835399182324694
0.17626610572585047
0.3486336794376296
0.4118363805447209
0.31185890437895225
0.04864392404673874
-0.28287592919102444
-0.5488856391786311
-0.45618621108771235
-0.16055380039538125
0.02099615022124952
0.006594480018778415
0.04358160325711688
0.1303400345610884
0.24302984283629223
0.4206785254936945
0.5149179312795747
0.39655750361286235
0.03509969058186807
-0.41103320771365864
-0.7468537238041246
-0.5474117035027837
-0.1629291979498167
0.05582044476733343
0.011327009641864562
0.034788547978816864
0.008680917866956291
0.041933328946865016
0.14839623803148003
0.3469962000924197
0.41551025562420035
0.37728792779793413
0.11594070396737595
-0.3254826746489419
-0.642418978494949
-0.45716619919676055
-0.08137461891636304
0.05635982050077351
-0.009944425921140958
-0.02333669880182502
-0.011695681825564085
0.05310549308663147
0.19313120891515667
0.3424390480064213
0.38018005456261117
0.32198688250544744
0.11282644962200414
-0.2690038195330096
-0.6077412692347112
-0.47792822986725597
-0.14189135062659278
0.06743016305098348
0.041018769255321635
0.02160412533769719
0.020083012611618625
0.060361373514603626
0.1496633135006357
0.25307388347274756
0.31188089047607087
0.31276133417463264
0.08214940999208765
-0.2346630261117545
-0.515095538200147
-0.3694596463423475
-0.15229629949753376
0.03001399719074221
0.06564679309502122
0.1862680830592545
0.22790807684791095
0.24534647647707208
0.27343869176912067
0.2851178796055655
0.14648764924396043
-0.21359697317114204
-0.5828272116319266
-0.49750692060804297
-0.14722801441505395
0.07558759426132532
0.020720897467112954
0.008256937361269333
-0.017091468985245075
-0.020190124876602236
0.0016806520600438893
0.0830873343860427
0.21817483951708166
0.3388873336877736
0.31706272426570103
0.1288047290146046
-0.1504701353754208
-0.4118947915028568
-0.38084387321973967
-0.17712351872780052
-0.005630833630028012
0.018520584010351834
0.03532437054212205
0.048491754531415035
0.09647734012679032
0.17851825839187851
0.25155349527894927
0.3000203250445894
0.2725760409606893
0.10499318741873492
-0.2595630673529404
-0.5417680059438618
-0.4436314952705995
-0.1010727187960789
0.0659937749642141
0.03796880605506122
0.0016451738345875345
-0.006772960458436407
-0.00979547452168804
0.06279375481013548
0.1555285075161283
0.2475077524360513
0.2995152256321824
0.2766217022908821
0.06953942717654064
-0.2819265257107184
-0.5044992469862613
-0.3667329605397119
-0.0853083194250616
0.05836231975795725
0.03224788419468486
-0.0031130080741703188
0.013857460827560682
0.025299719388301067
0.10764722413778578
0.23707469476874724
0.36548710305281906
0.3955090789106233
0.3374029433439662
0.11807002976658842
-0.19624341234236567
-0.5500762014820542
-0.564949078366205
-0.3207049172401295
0.008602966232996768
0.04200851117145978
0.030457715449927623
0.012221880292032127
0.014238428158515712
0.02950884840960306
0.14240428448941142
0.3004786132486883
0.41579891602912067
0.3450123144975604
0.057806749517480334
-0.40011159995795376
-0.6078960674992098
-0.3675248538311964
-0.026418843837455214
0.0710259082555056
0.014974385430698876
0.0008578253169437653
-0.031063911334323804
0.03017246086469073
0.1669889380088268
0.3530389112847687
0.44799515501389836
0.4238640846786385
0.22891013918578598
-0.1264812255502946
-0.5952051558490911
-0.6742807625338902
-0.32075421840445034
0.03524777697598042
0.05492809394263755
0.013382643833902117
0.013408233427204763
0.00887596360960867
0.011369598274061884
0.07964629744003225
0.2342975358505108
0.37157637648967357
0.38368054126228945
0.09915810541712466
-0.3820044922653391
-0.5678741919220632
-0.3215766232241315
-0.02339082807584689
0.02502841213264072
0.02973013304864731
0.018072596642181776
0.010868884836001106
0.027384607026745618
0.09671591153547647
0.20217875956642448
0.36037197925756914
0.4385331451176384
0.19049511381089781
-0.2722883012343718
-0.5598834164367207
-0.39680818026384357
-0.10892023660059631
0.017173109053270904
-0.011966618838255717
-0.007340081026384108
-0.0010871037063600573
0.020856905236901084
0.015081380131339705
0.09879215757095637
0.23216876091821162
0.4011107017177785
0.32109220488171203
0.03195101646625833
-0.24861091794625223
-0.2809763931826149
-0.13260893450318967
0.02308377453977528
0.1266674424048149
0.15689786992426938
0.20784775489687207
0.2331270568147205
0.0749390411648854
-0.33513579768229335
-0.5405381638907673
-0.3725831553230366
-0.05615920285076145
0.04347196259803382
0.02971933010300762
-0.0064591316561531525
0.007002483978707335
0.015022150882998358
0.01268918225675549
0.015860703741872963
0.12397011742311645
0.20940805547746422
0.27658449512200434
0.23454671788510545
0.013348241964314219
-0.28094135712793245
-0.39594347464674823
-0.2480579054310189
-0.09640904736541554
0.034815541983164326
0.13332346739977644
0.17984519881160907
0.21724510912969627
0.29662320937356695
0.3397048582647593
0.1949966007586425
-0.1715972944367688
-0.5533064871257212
-0.5082825636607786
-0.1620814169015526
0.056236765283723955
0.0031297649422053608
-0.012759704770371421
-0.010623102447261055
0.0017915360303948156
0.06850943833955118
0.1874931719484493
0.3359729083565093
0.4271330950459963
0.41682297215711095
0.2273559269555083
-0.1344900306239982
-0.551014087752434
-0.6396308472401793
-0.35941248527947406
-0.04766505178093171
0.04549074931230454
0.01948431069106342
0.007612823640590477
0.005032005685009992
0.020021282415403983
0.08665969322908383
0.1561312227217934
0.22256598307808054
0.30059183963274116
0.19499185413454148
-0.1358387129265627
-0.46460519883460205
-0.34757342845314254
-0.09114946487841473
0.07564178201258284
0.02278489538028973
0.022685168499567063
0.05620438734672536
0.11960670210362818
0.13523660406242752
0.18316841729978414
0.23947076331127162
0.1798443410625019
-0.13273162902122687
-0.41610734436386293
-0.34227022204493507
-0.08341699921606852
0.05459020108588368
0.04993799322275547
0.024629187541301258
-0.0249844014467335
-0.021913109445874733
0.0021484180825345443
-0.01723247930130588
0.05694581023531844
0.20205135155327592
0.37585538952497516
0.276023847338066
-0.05057994865669364
-0.4473624769897606
-0.3973511523676567
-0.1380690006795003
0.04578186833877723
0.012571356025696978
0.011535852147073452
0.008324309666144097
0.01684644772857141
-0.0020835731779680314
0.08644781685786596
0.24756558136616144
0.41600970587782754
0.4282567203952669
0.2643137361830606
-0.07202051427598496
-0.5264202103780591
-0.5841026554244804
-0.30451839623627863
0.047769410896434744
0.07052347848743142
0.025463357135116823
-0.025753600286843408
-0.017894141645962338
0.012476617176810135
0.012673699427746233
0.0819229407117168
0.15070247969556544
0.26614665167878454
0.2864611893051902
0.2167886766226622
0.008046300615927997
-0.09651492134708924
-0.07131031429676547
0.050530536723653686
0.15058298984156315
0.1960865108007492
0.16624670850124587
0.12981068539034996
-0.03066960236074094
-0.4133212678371668
-0.6642784760568976
-0.4299805335451336
-0.07007215042994942
0.039548842776510176
-0.02572766646526485
0.011942766555734459
-0.0010224855672772016
-0.007831760633303503
0.0171862853563989
0.08717137404026057
0.12348787907838867
0.16435546914330063
0.24990335053906196
0.10108533196187085
-0.17095739511085697
-0.37374763331135474
-0.23717049783475988
-0.09296154250229959
0.007554297832187988
-0.013858672025109492
0.03630008410032283
0.10307408769641149
0.21780300634115007
0.2328623930173162
0.25725511278542673
0.19447282460389204
-0.06938545245011246
-0.38895101272953087
-0.3884761736048674
-0.1181800827460654
0.04457777582914047
0.009007976692695575
-0.014313151311184356
0.002434648212803063
0.014920860930128402
0.00801871454248749
0.09608470474258878
0.23973848189329422
0.32739652573691724
0.343256209701864
0.10481779176840368
-0.25667342893643735
-0.50846794483929
-0.346044205880337
-0.08833300830452924
0.040898380077900615
0.027942195001292514
0.01591313585815371
0.01532768541634759
-0.012310618998037625
0.033445217356347236
0.13152314314875638
0.26559773188799174
0.35235299184398733
0.20074447454891245
-0.17372448494350415
-0.44014722011245166
-0.3280641560648252
-0.10757303841134201
0.003293697808975706
-0.003985768421892341
-0.03247013480397499
-0.008984649610369013
0.04030100790535564
0.13689819468543532
0.2566411755867834
0.4262220672940663
0.45428608304406043
0.3327502954847965
0.021892581338624265
-0.3678628027046638
-0.6442684138509004
-0.5011530161127457
-0.17481223760101391
0.03233753066060336
0.025898744448036994
0.027777621711364896
0.04066461763570127
0.01690239441341838
-0.017632486475141106
0.06960494421992665
0.2505021835606411
0.30812434227469165
0.22911964540044452
-0.08905875860583043
-0.3822723662735407
-0.3883217990309149
-0.09740392415557642
0.04895981583698102
0.03289764710810895
0.009475306516846903
0.011525485626576846
-0.011233596863829354
0.045922487675616845
0.14668359181061622
0.2406831873396069
0.2568535848114862
0.2677701895037494
0.12435120592403558
-0.2097737272474886
-0.4938525311018894
-0.3990945799436151
-0.08719774054518376
0.08150893336115975
0.03045957543540436
-0.02175939869771469
0.008551663356755263
0.0075399693504065906
-0.014997226104061916
0.03270522323978349
0.11243722345101873
0.15496889076090392
0.15689814286585163
-0.027614775164648834
-0.21713580642985922
-0.20391984468487456
-0.02374492321357211
0.025746634235481736
-0.0207897358030635
0.0018819902871107523
0.002054051751018746
0.034393509507414766
0.004458773603108738
0.1180465829913402
0.141500333662666
0.17404299758624114
0.16287641944789094
0.10037697978403406
-0.1727234224875474
-0.34704876626237496
-0.20360964255888275
0.00028727242689818025
0.028270959058175515
-0.001924335503500619
0.025553961075526575
0.019836091175080683
-0.048344996195054946
-0.07395316038742408
0.039995653554382816
0.13850922070940413
0.23498719549740832
0.3212542905065983
0.21414515585930444
-0.1280772918924175
-0.38204179934547133
-0.3185563718496017
-0.13332434742628532
0.005343709197364331
0.02692152561131555
0.011976249414654713
-0.02260633443810834
0.014033351630396108
0.100154432052
0.3293248327057972
0.41703269233373624
0.3490372008012366
0.14402419331143468
-0.07608361739253024
-0.3045104739891471
-0.3195367456134912
-0.19409368704216154
-0.06936109975383299
0.014830054813423667
0.10832444839300587
0.19642277441492434
0.24611130582238913
0.2825598000994193
0.221393593840824
-0.011477132439665427
-0.4453655771520188
-0.6188111598964621
-0.34981864182867956
-0.015715903527279758
0.030059103946255453
-0.017113047328616626
-0.014587996414103185
0.013616065837844004
0.007899239029029772
-0.005973734663097211
0.04496722672413229
0.2271749201657473
0.3470846502532701
0.36674122706871626
0.21514692004534192
-0.06693784944004968
-0.3288671971625226
-0.32371273059410743
-0.1731428198108964
-0.07633258732086899
0.018497335493443734
0.12497504153790173
0.184288320942901
0.0028783888914895167
-0.22954879253460558
-0.28568929102105434
-0.12936351303512486
-0.007372946460606174
0.004918555213161078
-0.0038835163511898867
-0.021841290456593006
-0.016103153165246797
-0.017302618307752596
0.01758285538754514
0.18516637002342964
0.3386956154571219
0.37595830535847685
0.1360549244951471
-0.2253947540872107
-0.44837395344042497
-0.2910878494857805
-0.03578869420068503
0.031801310797162585
-0.012945225984924516
-0.018990823466470994
-0.01352547917828644
0.025865103252678167
0.10101498856481801
0.2506057128790863
0.3640765079904763
0.23815944215628934
-0.14024221251360613
-0.427653326128675
-0.3159706890717956
-0.09660524003520415
0.009202886955163164
0.0015978752730804854
-0.007410329763475149
-0.015974910967988358
0.0056729304267689315
0.13629453996060423
0.2509422247656516
0.42373276568957674
0.41145188552927564
0.1790737277377815
-0.3146802341310983
-0.591202385698234
-0.41728275925658853
-0.09016867856409533
0.05445763903732689
0.004290620639570314
-0.017053513568649398
-0.025378722691924458
-0.006401327269980769
0.031022740193238644
0.08033309105401236
0.16562799839353023
0.28527534939282223
0.2800197969766917
0.07869575905451505
-0.15532133945797563
-0.22064384278085558
-0.1253939410067406
-0.012562477110603284
0.14187534127755658
0.29287717801666585
0.27927294169252503
0.00831212772845176
-0.4026993947494582
-0.48752093031655064
-0.24104405195627981
-0.00571226330820033
0.032285334903629115
-0.0015039899753415413
0.009002790648242392
-0.012483328956906334
-0.005182708221875648
0.04920436269120829
0.21777567198374576
0.3812633198074369
0.37729582739943807
0.12659155215452095
-0.22646450343092633
-0.4810820093197167
-0.3570800227305008
-0.09299164380511588
0.05272592403407281
0.0018329346753294918
-0.026490766160302586
0.007305498503836999
0.1443669431529953
0.28239025913022264
0.42982066111597594
0.4091601967173554
0.1743879546973306
-0.30394797616468067
-0.5907235955308898
-0.4421382248608835
-0.13552772166212915
0.03562229690622072
0.008379856404453129
-0.006454471428423493
-0.022808180349275245
0.013567229738818408
0.09936926670275145
0.1726424703280242
0.23562037602897357
0.30048663296975353
0.15854435249493115
-0.2481454141000007
-0.46434180536575975
-0.25784587740726544
0.0334201806859151
0.05742222264590296
-0.02278709381426785
-0.04342755943913652
0.05224421475893937
0.15962146110928396
0.19403684444899846
0.24449899501633401
0.3189181214122244
0.2478148323855352
-0.0564712231052558
-0.398183078441209
-0.4904516276931233
-0.2660036806208221
-0.015067845584491618
0.033671201678269924
-0.011708482751290135
-0.012869337736800766
0.029124546068788434
0.0700284481691555
0.12795193209467562
0.18038286133293022
0.22624919711957878
0.11266575031441334
-0.1837569223986229
-0.3597416457225591
-0.22464973459953624
-0.005932724298441779
0.033400419511713714
0.0012342876822390382
0.024266015284110026
0.1077479726715221
0.1688392182791718
0.2582897082229604
0.353736782303985
0.31865677946562415
-0.03036917850837222
-0.5058680721471438
-0.5104991113750915
-0.18174898928180308
0.10548961164666651
-0.03838353898528407
