0.8247308393697369
0.836390010921287
0.8370637295473375
0.8363149483143848
0.8408561511608359
0.838424525404407
0.8359773932299449
0.8358349572495697
0.8390153430179128
0.8377567428877767
0.8410108671679111
0.8433255061215582
0.8442122840980216
0.8420728364031251
0.8393526279651714
0.8372378458421669
0.8361855668630132
0.8392810698697799
0.8392206939562076
0.8423745917156739
0.8420576132818506
0.8413222346297439
0.8416892970644163
0.843388808031437
0.8459629602089735
0.8460268230273953
0.8456396833423558
0.844917929964765
0.8469936158462168
0.8477362438337948
0.8467747096092256
0.8484224785308098
0.8495801237689282
0.8475464795416103
0.8463571277170477
0.8457680533580558
0.8458542244519958
0.843100316071652
0.842154547680028
0.8380008765814007
0.8390972069795415
0.8379572025362514
0.838424109004885
0.8367994808490715
0.8367268899805408
0.8315887583759729
0.8273563064766031
0.8261505110829871
0.8239044010577705
0.8183587815798814
0.8158135053466924
0.8131079562983404
0.8090388561228247
0.8022319019519912
0.7963647501445449
0.7882058271843632
0.7744421477601882
0.7560544286518273
0.7383393478005436
0.7330603995712022
0.7257054219759733
0.7157854309999115
0.7053234953075849
0.6991716002269978
0.6900534448744776
0.6779333432265268
0.6708416139806533
0.6649800343073035
0.6535040771623252
0.6294689255530673
0.6087747846758573
0.5862672523737489
0.5665665629706945
0.538924521253442
0.5171931628431451
0.46579686616614396
0.4278855063808848
0.38895287996695815
0.3616995704234958
0.3227911554968611
0.2839347484522167
0.23175446456792084
0.19624309077371815
0.18255249217684283
0.17284039318498107
0.14866968492141264
0.12507564054427442
0.10681087331557036
0.09310084730826328
0.07146650196443147
0.0509177264184398
0.04223128037547259
0.03641811137728892
0.02507825396948981
0.01711660902971874
0.013510190271525436
0.014757700743331615
0.019584282512399673
0.019846426137683112
0.019207953564825596
0.019701858350764313
0.02296771922170948
0.01945388471650225
0.016785550812509303
0.017346482430954196
0.017940139609122004
0.01875180491745824
0.017452348599171906
0.01752163989737251
0.017919796849038994
0.023712073046179147
0.028904502022716858
0.031533258497158885
0.032536313325168396
0.03174905521145687
0.03170800866180126
0.032995499560304085
0.039383295094319835
0.040605589760531476
0.04018896053293555
0.03884284568757366
0.03922268663924756
0.03643602752268568
0.038615002795692764
0.04054613285984583
0.040845474586949385
0.040186876617225635
0.045228761313925114
0.04585959967669176
0.03276438760918355
0.02813826638508852
0.051055774184437804
0.1072308469254199
0.1768531423709304
0.25297000504653666
0.374892087688319
0.46843356727983454
0.5322514380677495
0.5664009118564101
0.6357449305447013
0.6817755905581627
0.7196802725312148
0.7546666982422895
0.7906552852393962
0.8167901167789166
0.8396345262277217
0.855817648583876
0.8720437421378899
0.8825454542779795
0.8822012343350311
0.8833729643079163
0.8839448037777708
0.8774499149488818
0.8698044982632925
0.8729068855337974
0.8774689667054506
0.873596029688227
0.8697607624918722
0.8643329141774885
0.8571461452422644
0.8579935744938035
0.8598939241934628
0.8636691657139561
0.8650133074562917
0.8725869229719129
0.881631936416896
0.8783791393810593
0.8790666151591183
0.8863504278737598
0.8935481287975375
0.8919588898607839
0.8932028390708187
0.8951086135969027
0.8904402521324214
0.8850160585435031
0.8828167663285611
0.8848156938203239
0.8803244144333688
0.8839750314762633
0.8892868105031275
0.8866623861016041
0.87553380161073
0.8767423785338688
0.8783015600096602
0.8776373451070295
0.8771666421835281
0.8726785118328741
0.8746644658626912
0.8762442399321513
0.8882563341279174
0.8872088826674318
0.8879537454593951
0.8840130468537674
0.8859203964004158
0.8797456836306813
0.8585792187744562
0.8419155954004428
0.8383582971381556
0.8382493348095758
0.8137035600528617
0.7858744502542645
0.773913503812569
0.7562715312655209
0.7264110728036971
0.6888163705109331
0.6603298448104139
0.6323831770485471
0.5568296411197234
0.5326842419749622
0.49110709717295753
0.424847744970621
0.2914853335674744
0.22289285958676164
0.16540459412571284
0.12088173702888674
0.0948083644177831
0.08647581219805871
0.080135755371772
0.06754726572081254
0.05760007018248226
0.05867914961384713
0.05807062079193248
0.05001769308333567
0.043104317549029936
0.04172956698415513
0.04422411773664355
0.05239010794278061
0.05861847705177207
0.05822579746603283
0.05787105380119316
0.06238129464053976
0.06419865003108308
0.06057589604816331
0.05337391071668098
0.05878952569550444
0.06599821469390751
0.06950311743888744
0.06843915259120556
0.07040582835438097
0.07295087911259544
0.06954238998474521
0.06883695108010889
0.06681404719512554
0.06789433642032154
0.0655576754114817
0.06388733250005373
0.06462081493532076
0.06665502393327014
0.06557317174654115
0.0618921599533165
0.06044150073754426
0.058580475342122504
0.060657763504188174
0.06201351899093631
0.0782881743738905
0.10748840036304685
0.16065129539706072
0.2136539719961222
0.2638068826017142
0.30611908317292036
0.36143353671644735
0.42689036226274024
0.48538953167353666
0.5388610832827375
0.587886020132926
0.6270416068578715
0.6524645508327718
0.6745964255225918
0.6880904476231317
0.6999388728274101
0.720973106504151
0.7443433640323813
0.7619149689533702
0.7817199901005567
0.8042785811599812
0.8262148925772206
0.847866521662527
0.868274786704015
0.8843350766663667
0.8940762141191304
0.9004209011289206
0.9128098961461091
0.9284966262224822
0.9395187735559093
0.9394128749575031
0.9453432264338226
0.9584516959973847
0.9689120022997443
0.9711914242761989
0.9749139935629167
0.9875612739155657
0.9847843112757093
0.9863309239216727
0.9779581449200315
0.9897132685094252
0.9820146394127964
1.0
0.9995240011046962
0.9980087999425447
0.9745496619247913
0.9720092694221563
0.9680322245904412
0.9662946971661571
0.9683318124067417
0.9641246454392693
0.963576439410469
0.953375177139152
0.960339624607686
0.9532872976328594
0.9613640134174405
0.9538542713479435
0.9546056472499996
0.9471432634975779
0.9511400036333588
0.9544444327685558
0.9555607299769563
0.9561450488020342
0.9562041800493416
0.9563604817688796
0.9594720510989466
0.9654272462408353
0.9671677782538057
0.9705947476036368
0.9711343227055393
0.976812998599509
0.9871697472782832
0.9861767002253413
0.967755323471544
0.9457976050679974
0.9308407929716576
0.8949176936854604
0.8588175742551368
0.8196509883303964
0.7740940902029537
0.7095897252926554
0.6416124478439779
0.6686408964789524
0.5725828391624985
0.40056752990573175
0.23152189664231604
0.2330925318341295
0.21819551626000339
0.19884438560830747
0.1779481930328726
0.17531817198196115
0.16308480984887683
0.14587201651663387
0.12359676797105185
0.12135537023568262
0.11273900594139133
0.10418877336584222
0.09588467598410434
0.08060887214668132
0.061507052407345345
0.039816950309735234
0.029718122358196063
0.02811583398119398
0.03475046730600172
0.040165798030307676
0.03876285821888822
0.030287492072755984
0.021978912751550537
0.019417526743769533
0.0215953323465224
0.021734125496192424
0.022628598808783082
0.02163427979945207
0.021734727307226514
0.015108510150163932
0.01258623838567625
0.011517042570428156
0.01274957448446425
0.010999911980490365
0.012036228068906326
0.011747747878166856
0.012073338245670329
0.010629524227735368
0.010203040219113457
0.010399893109437348
0.011531802481360973
0.011532072868204919
0.011821800392265075
0.013684840520207903
0.01420331259216367
0.013565502643443696
0.015149330575722144
0.016996107533475933
0.019949037806482776
0.016245813069913993
0.011676271314550516
0.03976657451220576
0.10059488180118556
0.16110584703503397
0.2314813084605299
0.3737002025707214
0.5064022366911978
0.5903794502390313
0.6241573457882474
0.6720565314928103
0.7077862389383809
0.7500064446678054
0.7945225439185156
0.8329507686854374
0.8571487101465681
0.8724786043656723
0.8739043448503534
0.8835472666055879
0.8880963933106619
0.8953461000220868
0.8814837419139574
0.8764652571956695
0.8726778165119071
0.8685679584083233
0.855177865648952
0.8541163986562257
0.8590429921907833
0.8575546101131579
0.8378471579036442
0.8309458977588629
0.8354856540659104
0.8405214650323408
0.8366394302477027
0.8298758536877345
0.8305290651803763
0.8338803356614839
0.8419154146625211
0.845884911849246
0.8455247921286392
0.8460364257224678
0.8439428199882746
0.8403588594149125
0.8367953596251289
0.8396400215049229
0.8405830232184192
0.8362842049175359
0.8388188201845059
0.8448674344824465
0.8517181644181148
0.8571174027311753
0.8602196958945596
0.8554922318735447
0.8446016734915158
0.8349767284281727
0.8273764875811496
0.8201474992384403
0.8201644737886161
0.8261972378470095
0.8307679149484847
0.835142088755743
0.8362391260943601
0.8339827529251108
0.8320875486247896
0.8322555900494305
0.8298872412594129
0.8121823004521931
0.7889410091975761
0.7766599685465287
0.759653335716238
0.7080449291172332
0.6290708140660485
0.6444966887306653
0.5697136072255268
0.4198959327234461
0.4053741448981432
0.42055206517010196
0.3271839132638015
0.15838444387683387
0.13213651225892242
0.22761967393340274
0.25626115100035907
0.18801673692629164
0.04527493940125254
0.051705931767303114
0.04340844658714331
0.03053016078562103
0.02115251439004388
0.018253953051590607
0.01147767806459426
0.0028040419571168057
0.0
0.0059450082436339445
0.009061822946193421
0.008210474547400719
0.008250927795279379
0.0028692293695682346
0.00477890855373809
0.005476256425097484
0.011179821415914386
0.01134362094304615
0.012668337437555471
0.0067833215063186235
0.00503121008032575
0.008598905857606969
0.010549045555090272
0.010276559739125151
0.011695473440225713
0.0163633126174514
0.017405494905976537
0.015805129151871572
0.013552148178539005
0.010319907451201817
0.005771790547985779
0.0005660231848743145
0.004704893532965484
0.007893005925154472
0.014519388173929362
0.014290792426361783
0.01545703057016878
0.007587786342559863
0.009220072401602846
0.009437353559156718
0.0050688711490844435
0.000410941431678099
0.010883599098897094
0.03147332511246356
0.06546566352776079
0.10297494430567132
0.20331687212287994
0.3666686681925644
0.498223007617487
0.554394769068983
0.5780918950993525
0.6183878972832212
0.640153588217153
0.6730535778059247
0.6965715829229586
0.7158394209212764
0.733571341418668
0.7602394643679655
0.7941325279853754
0.8311304436776457
0.8606756864368426
0.8810421797510304
0.9011260989592838
0.9242488164177722
0.9411235661594038
0.9493065995193608
0.9445797870453385
0.9440689014337539
0.9434482656672724
0.9522841902524928
0.9514986079591953
0.9565184708909451
0.9532266908591486
0.954171758415406
0.9520384779590145
0.9563050751825354
0.9578215400313599
0.9590104551150297
0.9521655752706684
0.9425336010113806
0.9385336693208676
0.9436853072948003
0.9466227395846711
0.94443401630776
0.9407845326887524
0.9405300101042807
0.9437148546998494
0.9453323981763564
0.9424929856036137
0.9437654606268446
0.9450570830385677
0.9424327068787955
0.9448286339835006
0.9489143569803398
0.9452135658445899
0.9405611842503108
0.9394290584084933
0.9338670558959327
0.9322982685886941
0.9302287596130892
0.9288485215419605
0.9213583664841807
0.9210628364825376
0.9274826151592357
0.931777524422734
0.9275716035295618
0.9147357227315775
0.9028921944990207
0.8784718006068744
0.8302766510255997
0.7758251513083603
0.7387419211039056
0.7332239498421258
0.7198129607132269
0.7070081706229755
0.7079729718315115
0.7279617743088378
0.7150204747746607
0.7088557753881303
0.7112843220524256
0.7218707968881682
0.6485462082805965
0.4739095076608639
0.38537000445096903
0.34268155658269
0.31896428075167704
0.20667060475350038
0.2792636413920526
0.27069736685470974
0.20372525610824754
0.08128039405120509
0.08074366407360044
0.06342291895760872
0.043880020505463364
0.04006999433191455
0.04557617650648014
0.05747610585662485
0.05449868202334964
0.04796389910581715
0.04194424621558087
0.04152906204828638
0.03951032849793965
0.03830661205384959
0.037553771786757985
0.031197654667459496
0.03208295974382612
0.03176005561678192
0.030297501723753867
0.021162745380197606
0.017780519714942995
0.019539522844948053
0.028269968445507797
0.031386482565849104
0.03358531237972083
0.03718797976812159
0.04054826056920692
0.0414471919302016
0.04395104206661889
0.04483870043030598
0.04357302008306458
0.04151106387475332
0.041701901470825954
0.04032440739452773
0.04214765864155511
0.044590272792037505
0.04175203122701995
0.040014884724763444
0.03601191211665212
0.03512712444876682
0.036670656763182576
0.03743927487910096
0.030647161862621466
0.03133394731328107
0.041158401528992965
0.046993278037972736
0.050786893821911885
0.060073637319107344
0.07697535963200758
0.11438010930943761
0.1648876722466364
0.26596419110933783
0.40597057205604753
0.5442812477857755
0.6257555687065391
0.6850857981495124
0.7330379337399873
0.7757597809572403
0.8098752959182877
0.8357634864956166
0.859252435339955
0.8722815135488301
0.8784987837235693
0.8808900072467446
0.9064163758554739
0.9157376264622982
0.9255756798960411
0.9265959806454649
0.9314541740753912
0.9302740386252413
0.928818109188221
0.932045675539464
0.924776153019345
0.9227201929257458
0.9158885888222471
0.9144997412000008
0.9143910572668027
0.9060506623665372
0.9153110353932385
0.9022822354361176
0.9071699296926821
0.9013426603189484
0.9193331054231406
0.9079934045333772
0.9055543259593538
0.902714126449641
0.9074879323987309
0.9071496469320638
0.9109008549212465
0.9063182014435982
0.9029926142570678
0.9031301280687609
0.9080154571511317
0.8929781742686687
0.8905431660966638
0.8909831791379034
0.8917326264381928
0.87801013500812
0.8688115228374907
0.8661221844175097
0.8661570224350552
0.8692647746664379
0.8682275042812041
0.8522393240876373
0.8399624346485453
0.8379127617336014
0.8364349756237137
0.8322766516669705
0.8396238584224575
0.8364962942490882
0.8347113138319309
0.8286784328265053
0.8065195680293606
0.7600481129692959
0.7161835468952612
0.6789043255185074
0.6437390827505799
0.6438361579501654
0.6264734845746521
0.5370063183542394
0.40342683234506627
0.32987953081284227
0.29227456583701245
0.3412736355806077
0.32928291262231485
0.31914505028277307
0.23342209727620986
0.25993366949870667
0.3507707037579419
0.35049291713327296
0.21744515506422046
0.07452258939800596
0.07474499175033297
0.06159073892264655
0.05153462120591413
0.043826258073242016
0.0343847405427914
0.05903762716504834
0.0745291972984009
0.06340870385716334
0.03716180624725061
0.04524499449407183
0.05188078301447778
0.0510204397204189
0.045655856138629394
0.04282736752570924
0.04458968120162755
0.052373835194213875
0.05560049491309324
0.0534159742373548
0.05161678584444834
0.051634577201378866
0.0479172485182303
0.04505507512849167
0.04868792732345881
0.0482254665987062
0.04977186076648019
0.04832283226866515
0.04951532140717855
0.0455086448232407
0.05055287384606277
0.05113016654608253
0.05069965966604059
0.045642893537193883
0.04738012762543379
0.04615794265355655
0.04959940937313638
0.04833024267917794
0.05583737489410629
0.05722374324272332
0.05621388889171421
0.05006663720888294
0.047181096309129734
0.05493438244689549
0.05750338209540217
0.055838314064976406
0.0440789519826782
0.04350214653754338
0.04436030171046619
0.04689190073419917
0.04562890367896887
0.04930635928232432
0.05316580576809414
0.05795739393474596
0.07074253743707766
0.08486567422754868
0.12071552779702646
0.14945819309539632
0.1954077661971271
0.21246835384982857
0.32693448781010476
0.4559826892108182
0.5718051131361078
0.5882267661639874
0.6154543850392032
0.6415672341185429
0.6781404558741138
0.7145603279918831
0.7522447146183227
0.776348323172857
0.7931358121556522
0.811544915347079
0.8344091761997563
0.8417798842257964
0.8441628662367252
0.8531950653797689
0.8699388631308681
0.8785790892583971
0.8792727887259778
0.8771963461475168
0.8712062835289134
0.8663089454957337
0.8610396349439875
0.8555451885738025
0.8548813196269442
0.868182261983624
0.8759823367543179
0.8755552628960149
0.8715826368045778
0.8728213809377653
0.8698017021075303
0.864425022387267
0.8685824640011856
0.8711067650584777
0.8717110241410568
0.8677936335783382
0.8674076361350472
0.8684383923064787
0.8671304923240379
0.8691589817233064
0.8655973854277837
0.8698055078193832
0.8661501710393719
0.8688364468487242
0.8655251255892982
0.867289658998579
0.8624029297894039
0.861116619276488
0.8586334547982349
0.8574204140447425
0.8594251896244347
0.8607881831452251
0.8611945162421907
0.858234971643588
0.8625861483835744
0.8684973236532176
0.8652294287018135
0.8524514216559196
0.8445979108935168
0.8490960783563823
0.8563600629605558
0.8532865715272184
0.8298756118938038
0.7983306677367592
0.7576168153793141
0.7273777943054652
0.7002221471867647
0.6843969479332593
0.6716468427634665
0.6688248008294303
0.6669850309958548
0.6529049897905906
0.6514181525599697
0.6555192267240787
0.6684606591899247
0.674116046887014
0.6635473572978702
0.6492873515435187
0.6275048901903321
0.6195395585057752
0.4950614780672707
0.384391246404194
0.31750996142035304
0.30903422108777584
0.2533371490662281
0.21040463668832965
0.18724993632260173
0.1613852472305625
0.1422466814199398
0.12381661008261685
0.1125060678561386
0.10008231017052369
0.08336711923292074
0.06740657659283045
0.05370410644656911
0.03909544905817717
0.03834991043095157
0.042270782853206026
0.04149616360094781
0.033585536425181514
0.036070305695058216
0.03694193158256674
0.03530311231316132
0.034716651938188764
0.03423121606131733
0.037153901252887436
0.03041362844986806
0.027808812844630132
0.024096144327868864
0.02984327364164043
0.039393812796356495
0.047943244097047186
0.05036907933923139
0.043801745333419254
0.045133052683226316
0.04770295384949224
0.04433828213992978
0.04439687846741253
0.040628386952428895
0.038394747379963824
0.033679682984938945
0.033523342872322476
0.03258870785702029
0.03046602670929035
0.03289788607207717
0.034596782323789266
0.03922638386194809
0.03442984357098641
0.032265072471116
0.03501328666097618
0.03892673463759038
0.03152908986900729
0.02235709057274794
0.025608071523429192
0.02650911576752965
0.02855116390670872
0.02310124047836534
0.03213662276256284
0.03088999619686544
0.05051118481585387
0.15277708444692223
0.34939395118186317
0.4941887857312866
0.533231194464588
0.5294595655039832
0.5498093223790697
0.5501146673341764
0.554131393063153
0.540222436707476
0.5463476783925636
0.5634182554942535
0.6059767217378121
0.6334827484665673
0.6629349388831095
0.6799439778519858
0.6988923626847129
0.723562415497111
0.7442186431405791
0.7532668948403338
0.7621225445719627
0.7702107699204529
0.7655789290241776
0.7568924466954761
0.7481428795854023
0.7420343286798881
0.7445890715488342
0.7500313362757407
0.7531266240758395
0.7503659201075483
0.7525375270361078
0.751584959946792
0.7505043617090331
0.7424485479227121
0.7450113925006655
0.7338395409310582
0.736170078120539
0.7273674365227321
0.7297185322240799
0.717677470284882
0.730519571104932
0.7247775209586756
0.7236961734947758
0.7161335601794536
0.7150948907686111
0.7124656061026876
0.7110570583612957
0.7133500484918471
0.7107505885455876
0.7157511673144921
0.714532977713295
0.7109657154014952
0.7078013037859183
0.7035872855290112
0.7039043070701944
0.703845218436075
0.7071691475609905
0.7050198122978114
0.7008794296638642
0.7016609078731079
0.7085651129419495
0.7167789045617534
0.7202727720987815
0.7184431617172767
0.7145906436092205
0.7108449070074716
0.714575436993848
0.7160520881911469
0.715131516848682
0.7062818172431111
0.6905271463218862
0.6846453620415075
0.6764921001087391
0.6710283215582391
0.6587564335901134
0.6696955089688248
0.6772524390696193
0.6727373062967695
0.6568902153223202
0.6415987985865306
0.5997241239923977
0.5403838015726783
0.5319960076003342
0.5417008276094137
0.4121139584904169
0.2271513955266186
0.13627621670600695
0.13756926539010442
0.11406008088301434
0.09165950569263753
0.0852058947822211
0.07015301528048394
0.059668580162961525
0.050357040139752125
0.04188593408402357
0.03840044831336045
0.041515278798433
0.0403496162600071
0.04088755683199523
0.04535287670245814
0.054251164353248504
0.0604206341998056
0.06439836456590596
0.06354541399941613
0.060222746338726714
0.058533363875205656
0.05972247573081893
0.06188117072976186
0.05885763417439086
0.06432085986077947
0.07021085192007631
0.07841730218215762
0.07412009010779617
0.07742346979575795
0.07327153078529186
0.0756421994613825
0.07411782249810622
0.07743074221248517
0.07195294341852493
0.07294432155479877
0.0647831464727093
0.06854045726823571
0.06278116441287451
0.07334977902127705
0.06686422200234192
0.07682965919259956
0.07058904561839677
0.07819406750597696
0.07482627596635918
0.07483621313860561
0.06720584053054637
0.06614942218878318
0.06600655900172472
0.06453583368654785
0.06507676778111512
0.05841396931927414
0.05680968896609016
0.06124111635659093
0.08647546230574077
0.11404930927209374
0.16953198753378693
0.2617606611924661
0.38506527288550313
0.47105387196349424
0.5182162713112101
0.5546202427253663
0.593697068927986
0.6160755550365332
0.6375374826943376
0.6561786959148802
0.6690029051881263
0.6665838817389167
0.672599532619403
0.677703369469384
0.6868066636635164
0.6890340492110922
0.6933885985620214
0.6971378767194124
0.6954052978509259
0.6878495878482587
0.6841724670448027
0.6810840205582753
0.6779340233798152
0.6657085764318748
0.656039625270287
0.6399817300261396
0.631230423025556
0.6272993630728642
0.6253937019883893
0.6232046591838631
0.6209082523901307
0.6217220580607437
0.6187118182998982
0.6137283984742103
0.6115728028938354
0.613213940923053
0.6181258364074341
0.6094467510886924
0.6030267558743742
0.5962048772823483
0.5981094674542565
0.5951337020950039
0.6004827373310723
0.6045697768155999
0.6103916934464301
0.6037135827790506
0.6006872404898379
0.6000214008625744
0.6058235264353705
0.6013288177730133
0.6040007141579794
0.6022488532286346
0.5997235842603524
0.592487761376404
0.5972317028038817
0.5962562143556313
0.5926438860014421
0.5876485265505402
0.5916410822325595
0.5952568251883289
0.5969245282470761
0.6004551899511762
0.6023144334137257
0.6055353510219844
0.601272082239383
0.5972113913757313
0.5958426087920831
0.592377758260649
0.5733235710775956
0.5647566167552586
0.5643994594691785
0.5640427581381962
0.5426976690984492
0.5417385677352987
0.5372112061108169
0.49781405972925924
0.42532271774689534
0.3721456900765043
0.3367480065208822
0.3210174551660996
0.30668179747734786
0.3028830247652763
0.2748123500973959
0.24785882331877623
0.199984493115742
0.14444502515183255
0.11097271019695847
0.09440287033468339
0.09553256861631006
0.08705587028733172
0.0951434135013204
0.09593518742552506
0.0910400522466573
0.08447282711145317
0.08190770597874146
0.08881400058648797
0.08713462327834587
0.08850389915899377
0.08209855256926779
0.09109810756682936
0.09236179240902544
0.08445794850462222
0.08057115223735652
0.09095186665516934
0.09422585517782422
0.09406439786586841
0.09177558884812739
0.09408615605855371
0.0885329378370453
0.09591164839546615
0.09309000487760537
0.09501878846806784
0.09077268783960578
0.08977270565320715
0.08653490662653261
0.09198946874188767
0.10031935321177901
0.10799589210201616
0.10929812477067609
0.11082646807681466
0.10633969819791161
0.10714592683904353
0.10738031258528784
0.10989728127144033
0.11131763443138618
0.10978247978607304
0.10345042161452782
0.09263029078127161
0.0970407297497704
0.10438241418039189
0.09091866187562435
0.056475400229668044
0.0458270972175919
0.06767826519778504
0.10419468007409768
0.16870554660556208
0.24870713523372404
0.3278451414993281
0.39194571182923393
0.46402792534620585
0.5320695026645685
0.5901233919868314
0.6281613441596362
0.6690474828483277
0.7035661417380109
0.7296234300585048
0.7503939445063912
0.7759971104339959
0.7991065314271684
0.7981356937142391
0.7926993671346984
0.7904299326384435
0.8002896920638879
0.7949535500354578
0.7832904622840097
0.7793470269271557
0.7798932075052972
0.7749545976212261
0.7655883227563799
0.7550519583265475
0.7473396714447028
0.7424006488386766
0.7378346443701411
0.7339708515363715
0.7269804393805599
0.7279660899639133
0.7272923751402504
0.7252895256625486
0.7188310529288492
0.7158316467861635
0.7170188427349727
0.713684228505968
0.7134022417231463
0.7111318206906638
0.715659967200704
0.7089049806834529
0.7083005781381752
0.7080721463362945
0.713754697260855
0.7108970372627825
0.706921611093375
0.7077896587133724
0.715013565512512
0.7152323959493703
0.7099881546830132
0.7056335080880395
0.7101066085022416
0.7120458209393158
0.719753196958549
0.7174953656875808
0.7116793987098022
0.7058371182898723
0.7045369971168144
0.7093388555976277
0.7108536491313437
0.705996903372548
0.7008544668500617
0.6883727856526223
0.6689469167598034
0.6433676360059368
0.619322239878502
0.6003418171133271
0.6049730492141316
0.618788600887022
0.6212226508804884
0.6151180429623723
0.6241848807132563
0.6152717677259755
0.603558438652807
0.5910801941286088
0.5526163939635934
0.5344073509049896
0.5675628529525916
0.4991919781236785
0.32953580324789544
0.17584359671393393
0.1329000942003614
0.0881436162502194
0.0709552346746206
0.056021594869249944
0.04680331807124628
0.04330887241445136
0.04417773457646049
0.04536792705124835
0.04648098865664592
0.04524964343496495
0.04160999511654608
0.0387585083408517
0.037548386821048496
0.03228061202472613
0.02497990647007486
0.024780611224735065
0.03371191701506797
0.041148404245124566
0.039123795160211416
0.04378629644340586
0.047052171560362815
0.04550148959329744
0.03896014566352631
0.03878329187525105
0.04189366114447885
0.051917496358388465
0.06007653689883214
0.06118085218529431
0.04945575809449791
0.04744384584883428
0.0468873014656135
0.05431106928514672
0.04816427360328312
0.04979037631267143
0.0502699853393064
0.05006457909032123
0.04231833351388457
0.038942929372404414
0.04155014830387336
0.040834934944436706
0.03824317902582977
0.0369422274575789
0.0413960186415966
0.04156128602008917
0.04523113558860864
0.05104364563246674
0.060466592749947555
0.071695513643761
0.07666258144043879
0.08057831684951218
0.08215827106888343
0.11929505784919554
0.14157422123384028
0.17386482989355573
0.24566862828111738
0.403210434297859
0.5255283991535117
0.5937735031870255
0.6160788811356471
0.6463897409472514
0.6709116239314541
0.7014193655644283
0.7257275146001102
0.7521017788589944
0.7689195831651024
0.7865402707487906
0.7965440570612586
0.8183454051736919
0.8233503462880295
0.8369062182156478
0.8366790769647612
0.8317229982602987
0.8329726068913472
0.8294846484421842
0.8333532516578276
0.8282024009527329
0.8392590056601134
0.8248526902795904
0.8129018998210423
0.8035247397223855
0.8059493174837221
0.8021508381223921
0.7956735475861365
0.7952580130317977
0.7933301483915307
0.796697951427031
0.7967885341847242
0.8010663656917597
0.8009948269401739
0.8116662278262666
0.8138882219356044
0.8118696170459505
0.7990352670917913
0.8019827152955057
0.7981404435329771
0.7979646164920713
0.7891210602032308
0.7993213598175841
0.7971076838365415
0.7971432836336318
0.7920924752063198
0.7908882245818327
0.7875930756334455
0.7907254646454593
0.7953201438853652
0.7924719325760988
0.7937509294397783
0.7930350416876798
0.791840346661112
0.7905760460587183
0.7838448414669873
0.77844575806836
0.7833130036136946
0.7866321062502111
0.7800321752120026
0.7774414609742402
0.7730312568301061
0.7501050749419406
0.730502683045845
0.7273215029817841
0.7230324855440697
0.7056837302020635
0.6896472819536467
0.6771257504328964
0.666164124923398
0.6582873699537705
0.6569638740235361
0.6582529169323896
0.6604623549286179
0.6533810142602736
0.6312856538681801
0.6209625506205942
0.6295340491776594
0.6364011007373044
0.6380987985777089
0.6247278381019079
0.6044973033887978
0.5879235987000943
0.5723986410520842
0.40200250789614256
0.3471019720376192
0.2830353276622942
0.24155094297258156
0.09989989942339045
0.10746020898929415
0.10029901390355744
0.08490948825695552
0.06666211571977046
0.049260113957628034
0.04372821563593088
0.038530696239709
0.03354459191824918
0.02958785047328533
0.027926189527596616
0.027751301561515226
0.028816340772461112
0.029919905385524134
0.032674229970011466
0.032550515299587704
0.033804780531733934
0.034956030587241727
0.036514663328347526
0.03420259003576558
0.032544292584491506
0.040878362229113716
0.04667185049967535
0.04649739314784226
0.03927179351655593
0.04224440306913828
0.04282411791563279
0.04487953006500824
0.042550337476696454
0.04563091521159068
0.047604061976505165
0.052921625988539285
0.04709952086123263
0.04235258571022304
0.03805983678653896
0.04219889135299416
0.04291930909863798
0.04467382027500521
0.044092124326203984
0.041757310115655824
0.03399461116251258
0.03197878624512581
0.035882352861119564
0.040590396551148496
0.03948738614950458
0.03594591251603457
0.035804677761866965
0.037376569050638686
0.040795321324725194
0.03857747036526289
0.0363994866637739
0.03817340840838975
0.04544485132445577
0.047300888568791805
0.04351726536143969
0.041648026874097174
0.04558362400019899
0.046322373733461944
0.04507572332714465
0.04594529408844966
0.044396778515706496
0.038006754148797686
0.06059466874194353
0.1442241278499484
0.37127324295247316
0.5808472645869083
0.6719452627941598
0.6394743487477661
0.6512363629493877
0.6743892934465971
0.6891696678059666
0.702302875383282
0.7194457079826043
0.7547775990528736
0.7811088660947599
0.7975627321787632
0.7979325624610019
0.8133076383063417
0.8182900389645509
0.8246335054291464
0.8272805540945003
0.8332598098740137
0.8284250657205091
0.8255899603661225
0.8222786404725754
0.8218572490353125
0.821033117623527
0.8173376927362418
0.8135966983963447
0.8152608112078555
0.8158347109038624
0.8151503506710097
0.814708025687003
0.8153803747057065
0.8169075180092433
0.8124749008960218
0.811474270538045
0.8120394610349355
0.8184269828778886
0.8151241041798885
0.822412518835241
0.8191940092099765
0.8263084609346883
0.8186192691194333
0.8296869472703481
0.8186778806225519
0.829660670297942
0.819831939873206
0.8174598487993193
0.8036124828732358
0.8104483328574402
0.8074653859201975
0.8045963404820651
0.8022090934328271
0.8070070408307431
0.8101127054657712
0.8092085179333679
0.811637356353218
0.8055597222547536
0.8072602866582325
0.8022940237765215
0.8074115802172733
0.7996126860529212
0.8049730953907416
0.7973262777193786
0.7892495025152197
0.779044161265436
0.7699893581874984
0.7590879769838792
0.7467209764089194
0.7406203910823757
0.7313821087154462
0.7257009760652302
0.7225274199553112
0.7294176658119205
0.7400729067078052
0.7359348969448131
0.7216370778593708
0.7085535665172109
0.7089003831557429
0.7135636714748748
0.700815485899281
0.6734336001194231
0.6652405196791045
0.6553537680029538
0.6327567320516392
0.6399524392268041
0.6680681705404877
0.683264241916182
0.6720587804971637
0.6795034973218135
0.5786247627964113
0.4393068960283644
0.2619015726567132
0.3356184012213753
0.5043089300365902
0.5056694626553101
0.27273692242925135
0.12696999955438862
0.1467265504816901
0.12626943678687283
0.08024156493613423
0.04646476521080682
0.041608273523457334
0.04329744257676775
0.039497463236792804
0.03572986150462495
0.03228429659467678
0.030599752867253444
0.029329317227608082
0.027016424195660155
0.02951206454689303
0.03498085420751907
0.04087933565932761
0.042185454310516075
0.04381114442133276
0.043535604137216445
0.03786394813519768
0.036169112488320346
0.03743350558233454
0.04276142562920227
0.0443913485663139
0.04277324962722843
0.039114173620075285
0.0410578522719958
0.042497050820652874
0.04048482451889376
0.037655177262288266
0.03964779145774354
0.03713181262735823
0.03605902092483934
0.0348919946593277
0.03980598072081904
0.04039643539896208
0.03961522995227108
0.03853345146315859
0.041346047974003604
0.04028974512017006
0.03845960235718376
0.03706943746807186
0.03955202626523965
0.03981444009459746
0.0410862151931596
0.04088985616502109
0.04072598593134299
0.041246600999972564
0.0408212736032927
0.03604356234316555
0.035482663921262744
0.03605893539930772
0.04058565935872053
0.04698604317595064
0.053546420431518686
0.04664435287179895
0.0353164344992642
0.048945649364703386
0.15589060027396862
0.3236360593308169
0.477425770084518
0.5786043218667266
0.649248324210142
0.6877805139667315
0.701445452233927
0.712858461967485
0.7217027566650029
0.7312050710465141
0.7456329662122504
0.7636360045387923
0.777920287019506
0.7866340596566972
0.7891966075258449
0.7942042544438431
0.8013329165174545
0.8115671763588678
0.8197377522460177
0.8305577704801766
0.8412256412133492
0.8456627483574575
0.8468676214898442
0.8459430127996451
0.8413354398458959
0.8354231973697799
0.8412875505286939
0.8372429137601288
0.8296855717479565
0.8273052381100335
0.8271809129883791
0.8188174765985066
0.8120158422570075
0.8126235477734257
0.8066858770531293
0.8093393709293486
0.8054688290109214
0.8073545428471243
0.8010366917826851
0.8036365740356587
0.803797975064832
0.810694919443906
0.8127016754389053
0.8123202097892702
0.8108298976767112
0.8070509669934574
0.802690309977849
0.8016160617132714
0.8039336222205511
0.8027341224489531
0.8015604920283995
0.7968297384915031
0.7940965306893595
0.7933466962923
0.7961739443050797
0.7946548958887835
0.7919048956386122
0.793882746583063
0.7933236849338504
0.790706220022403
0.7896783757632204
0.7869427040179008
0.7814555875851733
0.7781815060955033
0.7788893032319207
0.7798282180805237
0.7780377787212234
0.773329132289147
0.7668721243629525
0.7614464775573841
0.7510169808557808
0.7385045871349363
0.7302849636645082
0.7178882904484253
0.7048604405738043
0.6911414551690743
0.6802159915882523
0.6760566821865679
0.6838754209940526
0.6884707818509944
0.6807751662847756
0.6563541005421965
0.6335955514479287
0.628601309799594
0.6372005266625408
0.6359545986965262
0.627353199991942
0.6169244496322739
0.6010170993013025
0.603537009286582
0.49340995619535655
0.3147668115238915
0.154102826488164
0.11416035534592783
0.09043420652057041
0.07712116740669292
0.07309558246904473
0.06999921895893886
0.06704618685995209
0.06611906966112271
0.07182845273893272
0.07947202309957727
0.07964654218008912
0.07512768157000424
0.06858283410493761
0.06634092923311029
0.06533042194296407
0.06053477877648429
0.05840508328102239
0.06058401607719446
0.06326078370359686
0.0614140402879769
0.060355521894426264
0.06001261163229138
0.0593436125826869
0.05885372602202808
0.060693782535927394
0.061889622465751845
0.06172801782503182
0.06471959268161694
0.07047137867055768
0.07645625263498802
0.07549880488947214
0.07462774063109427
0.07089844454472097
0.06694957487254659
0.06267627805626469
0.06775129769921433
0.06866345551755901
0.06615931859428466
0.06548211158519388
0.07148125692849332
0.07044509265198627
0.06659753832797201
0.06418289299539041
0.06670640512570943
0.06744374189915041
0.07216261068138242
0.07780169488666373
0.07985358326050915
0.07960504131041492
0.08598043714871416
0.07833295702840185
0.05449978047133675
0.05604156836838725
0.1149234460081119
0.24304102160991425
0.41644470972397407
0.5623862020475252
0.6292509684122499
0.6459734873402884
0.6609858560400681
0.6793716115770153
0.6934603420041142
0.7060807081852792
0.72028360261645
