0.41506605876245733
0.37765746411411655
0.48521649090538155
0.5800296555377507
0.5939497712263777
0.6256992619575014
0.6558002292120049
0.6823780718631508
0.7121445142730441
0.7470055555685579
0.7839895833192836
0.8156468845784306
0.8463442027144914
0.869421155505126
0.8834895406825706
0.8960140250384635
0.9029316597413181
0.9111070192454592
0.9222555745722508
0.9363421188505394
0.9472063309572678
0.9585594683922961
0.9688017757641617
0.9484878682586061
0.9485628726854697
0.9662836376707008
0.985000756534931
0.9777196086840506
0.9808321644435504
1.0
0.9400198702515277
0.9222235087175471
0.9351634453838116
0.9895392005626369
0.9858416602756671
0.9724127821135352
0.9872485826868709
0.8099848977207055
0.572056713691992
0.6117929819367174
0.73983727904227
0.7495155388450512
0.5380081908173929
0.6655239532373417
0.7765768784218221
0.8885547596178175
0.8751703592972017
0.926794423366728
0.9451248851710539
0.9094975526312904
0.8521354512143804
0.7506015016523446
0.6069654181369513
0.4356599849586899
0.24352900691028742
0.10485213211524397
0.060915912320338036
0.06574629279164318
0.07299407497002754
0.06855265224190274
0.06697224513840433
0.06650782765536586
0.073869819525229
0.08120651515492384
0.07148933177912821
0.062464944248828244
0.06313780629383998
0.07434642013114404
0.0759012042858214
0.06934970688913503
0.055114204503942964
0.04823955636943433
0.09212729356926794
0.20483568213585754
0.348496441623014
0.4948490297877655
0.6202569972348396
0.712233132079262
0.7538495337571282
0.7817368306036646
0.8043245137951468
0.8222847072521012
0.8413926306412315
0.8585209698776664
0.8747836788666197
0.8874976916791197
0.9060009516755904
0.9131831501454737
0.9209179045080872
0.925703935075331
0.9285226346653177
0.9276746078202022
0.9356474027502784
0.9383219715983123
0.9392448881944947
0.9352248882873392
0.931752935003719
0.926149347018938
0.9257180829701865
0.9230107296987461
0.9150366661825139
0.9075131970072036
0.8776268620445749
0.8324599731516757
0.7745186081235835
0.6954261790458746
0.5509517238803576
0.3598249744972958
0.18032401881755616
0.07475009970086996
0.04193525019696364
0.047599750304217474
0.05102233133468617
0.04875235670086443
0.04520660940107305
0.04742619647092878
0.047647570410922546
0.04964769732194889
0.05125436871739309
0.04995648838324302
0.043695002397759794
0.04335678420984678
0.0471077769902966
0.04885388936809834
0.050649304910217935
0.04825642654125
0.048647958906873595
0.047177396237626304
0.052421614741051725
0.0473504592040583
0.04134922687494423
0.04138706308635496
0.08063304575211379
0.17792703503975307
0.3143194205636253
0.4466312361109688
0.5528564466399896
0.6310647301784956
0.687314173751519
0.7305079971584708
0.7603507346265082
0.7807145381310178
0.7915431677138107
0.8078823104065739
0.8160390451732554
0.8290208642837169
0.8383493957407604
0.8487730872063701
0.8542994176141799
0.8563836980112982
0.861430630404408
0.8639828226325221
0.8673594011882559
0.868728869464308
0.8744875002395852
0.8796228134416255
0.8832860381477798
0.883613649706667
0.8879284917277154
0.8862139418615063
0.8833870799469244
0.8781050793885724
0.8788849689532618
0.8756680690132531
0.869915206558849
0.8617152854632264
0.8425213426896392
0.8131937040240048
0.7640913539007248
0.6704106538518787
0.5134205932390729
0.3207287603666914
0.14701945750194292
0.058777527095273806
0.03952813344316454
0.05165716946848985
0.050185172116251314
0.05630319465941866
0.06260237115018195
0.06521047823132296
0.06109439582201081
0.05767867606125896
0.05898644789272836
0.059023257447937565
0.05766305320033392
0.062405222705753424
0.0632879977888648
0.06111864557628813
0.05904673070331504
0.06332691370773069
0.06665032195525065
0.06516896529516952
0.06450195580757907
0.06909646533446344
0.07481588840363555
0.0731885077077275
0.05961323534290585
0.04070597246310841
0.05502150542321031
0.1289593850621008
0.2608718870254813
0.4006739277527634
0.5196203256017692
0.6117314089023633
0.6820264410365602
0.729637880801411
0.7603387892617172
0.7799598999955935
0.7913411106806165
0.7971990489688331
0.805784825196856
0.8125373636825143
0.8239962471209408
0.8329042491950397
0.8357017191538255
0.8337436130476662
0.8380297770748091
0.8447220113682163
0.8508161527907048
0.8551011253889987
0.8589527059392975
0.8614375571923104
0.8647744130881531
0.8708739769733432
0.8734699588855663
0.8763910927934765
0.871863514218346
0.8732825598721359
0.8729141764451888
0.8746685989845918
0.8717263768103345
0.8740795972952765
0.8761215264553504
0.8700661514741095
0.8449539528529367
0.8002269393489102
0.7418894461700817
0.6676549113540526
0.5467159924677558
0.3729902797787222
0.19616013028419824
0.08663885985420927
0.05161613953045956
0.05167775752284462
0.050856955875437954
0.052399112709425565
0.0554248049551173
0.061908597786598664
0.06018467744438621
0.05723762516971611
0.05568438998220101
0.05970971655157977
0.06145073956779303
0.06241695281574806
0.06662008032015682
0.06743968602679411
0.06407008248239002
0.06085206986530562
0.06244940695020713
0.0609039880833504
0.05852526748038838
0.060981588676974806
0.060486754820261834
0.05404688698931236
0.04382443253501121
0.04044129328271904
0.08740551768345486
0.19953130582972026
0.3443103118501804
0.4667006230585429
0.5588051738505161
0.6307464723189267
0.6846339408697629
0.7246586077028415
0.7428661210012527
0.7569308868070417
0.7675272939072078
0.7797432051429393
0.7883304711134518
0.7968791337938216
0.8017985589149333
0.8067714538008292
0.8132456442419063
0.8195929082045652
0.8272704492220865
0.8303922266476679
0.8303483706604864
0.8319956163365152
0.840156644683836
0.845382462723073
0.8488212924075437
0.8514189045417402
0.8547877474683204
0.8531504825651128
0.8513974888133757
0.8520053817246551
0.8543125096796258
0.85589576625114
0.8529811998126705
0.8499434258571448
0.8454287374574382
0.8431549977287479
0.8359773189795939
0.8148050603474294
0.7754736058692013
0.7209683392082717
0.6426840914269452
0.525393498367935
0.36279669965012684
0.19856192214609464
0.08957767847476072
0.051886578118806884
0.04926593915703522
0.055364196556586816
0.057715276086204616
0.05094270836572088
0.04847253863021121
0.054601825660741746
0.0619398293565307
0.06070921947609678
0.06171395189174036
0.061382434432477775
0.06015256011073911
0.05987048071129227
0.06286662093664737
0.06417396714389055
0.06178763696849757
0.059496717952875734
0.06022754525952359
0.062275057600025344
0.06545591815475793
0.06213198622106887
0.05623302948356638
0.04543290134309374
0.05203688717219553
0.10960021140543685
0.2316617365545351
0.3697317154556554
0.482746177824761
0.5633550752490529
0.6285231719073067
0.6801590040958686
0.7202732325320167
0.7433217006043072
0.7558849051486562
0.7677941889058761
0.7810448651231134
0.7931815522900204
0.8001048432579448
0.8034334585589833
0.8117656577787996
0.8272081976115333
0.8374064798174697
0.8380471716112033
0.8398235751904423
0.8451775753498221
0.8487102265725842
0.85003501163886
0.8507613125225382
0.849666055016185
0.8531178673520217
0.8558043714603952
0.8489888963002742
0.837201869552775
0.8236449331129242
0.8096250992515046
0.7826091777918628
0.7451955934437006
0.6750705483013887
0.5777697759823027
0.448088876462994
0.304080897174872
0.1634187309474165
0.07290129704688694
0.04476061749329817
0.04402736530888025
0.04023142200209495
0.03271233839020704
0.03466040113911381
0.03703787463557614
0.03611403206554955
0.03607086303626878
0.037590698557965256
0.04354944319100053
0.046700006212829596
0.0465893067880257
0.046896879160959734
0.05082795946973901
0.05289628252589757
0.051739295519362176
0.048326360796256684
0.04496395579594083
0.044642048554453743
0.043749698081972446
0.04232052956962508
0.04017664395570646
0.03962322546477486
0.03483508690582427
0.06323318415835096
0.1428819976160776
0.2559646409927478
0.3567917024314666
0.4424232081929373
0.5144584492415905
0.5842003692751065
0.6427955249264226
0.6939293461305197
0.7289763416935491
0.7533218460561095
0.7633225461922862
0.7761999580031745
0.7934992024449596
0.8051314862357308
0.8066246310813392
0.8075681152808869
0.8124167757120427
0.8180241309218906
0.8227264783202298
0.8280846211257978
0.8296626568443916
0.8284382317311499
0.8302466254493703
0.8316372542615655
0.8326838304581887
0.8329499619897051
0.8344091402785818
0.8321114863997219
0.831156308535192
0.8321094610131441
0.8346615280022515
0.836034221970068
0.8375595874453774
0.8328351803144218
0.8204224311097177
0.7975394642396002
0.7603150782763995
0.7117644121473821
0.6366374921502875
0.5192127911304808
0.3547455162976917
0.18145493056228135
0.076694376190044
0.05537149040216336
0.06748772903369399
0.0652355958835855
0.054033514324618226
0.05434076677702075
0.05846192343578447
0.06749248442600948
0.06612232999116377
0.06687695244534499
0.06498998237059032
0.061111578099512356
0.06198791465798212
0.06947549954159601
0.07304003632076012
0.07461626694692172
0.0717688956736317
0.07225784649929083
0.0693374067107944
0.06758262385044679
0.06982712515958184
0.0702639056014698
0.06072021187551779
0.04399386901262886
0.07245952493189235
0.15650336010212124
0.28193184450390746
0.3953288662728761
0.4873754741206169
0.5590622926470367
0.6203061562162855
0.6728569017429646
0.7157781413495186
0.745770954850216
0.7671292556001384
0.7818545095009928
0.7909417384923397
0.795944533152847
0.8033202564731263
0.8078329443490425
0.8140564946566942
0.8203804554505268
0.8227738130440747
0.8262410034054771
0.8328861707515168
0.8362068631390541
0.8358006026098329
0.839264072261463
0.8410946793794197
0.839412222376369
0.8401667927808304
0.8391354911873409
0.8352128702875374
0.8265387678202736
0.8046662864927759
0.7582581478555643
0.6897933349931213
0.5837775922095572
0.42853135351712646
0.2497964600055038
0.10526172765319351
0.038206932126752184
0.03565211588483009
0.04737145485346056
0.051561387049175796
0.055223808414962786
0.06121679131844157
0.06385906693748129
0.06388760514005654
0.06445103183221952
0.061748521927213876
0.05972013240284933
0.05481092334918978
0.05979470204211766
0.06533757678564697
0.06411310187369713
0.04687641849501308
0.0558450224799567
0.11451243698754149
0.22928627564891546
0.349757051839367
0.4578504118657355
0.5551031382048683
0.6394773417593183
0.6970679014640835
0.730484658536781
0.7565907789481265
0.7767735338384054
0.7939815863426116
0.8073499947470384
0.8184644954766415
0.8288833016185881
0.8365810123158188
0.8417598295091273
0.8482742658292188
0.8539864098022524
0.8570783741162366
0.8603576031869408
0.863589569678345
0.862474208586507
0.8630889822361558
0.8652985747328529
0.868981497735447
0.8712945358047378
0.8782757939694076
0.8775655442580952
0.875421128745829
0.8728627982086916
0.8717509281103906
0.8655630012536567
0.8533768145511574
0.8355734476464234
0.8102210673152289
0.7641471798129397
0.6920996371306579
0.5846375846139817
0.45097002576631634
0.29256021647923863
0.13677229627547793
0.045343554401404626
0.024059193007849172
0.03652859675588007
0.034038034837242936
0.03138528597383337
0.02936542365022291
0.029744954315434235
0.03164215140971731
0.03497645220525615
0.0379212826444817
0.03821797743110887
0.033741190236666795
0.030352402384308197
0.05856450403192221
0.13572355683100568
0.24744332857398108
0.3573590124400537
0.4625167939713575
0.5594405034832455
0.64652298289756
0.7107257926971312
0.7494326361805158
0.7725230395752556
0.7911863240817323
0.8058876331531494
0.8158835787351943
0.8239582094475905
0.8308483406985298
0.8405360813359831
0.8486271232063801
0.8569719382863838
0.8643892628418937
0.8687927146018674
0.8706976070665857
0.8697256165246701
0.8707748604460811
0.8710836414868051
0.8773420709787756
0.876332873495049
0.8753364334829211
0.8731388880194844
0.8758606901460156
0.8729381621548444
0.8712070396304651
0.8629296312148694
0.8582172354162887
0.8545540831944267
0.8552847322328613
0.8527465366421827
0.8533544694826675
0.8530838695030576
0.8572605111501268
0.8597655242266911
0.86191320357775
0.8602849054866167
0.8615287039341479
0.8638559044669055
0.8629981230163408
0.8529484925797337
0.816386319579657
0.7608257530326273
0.6866808381904786
0.5779799043193452
0.41494948710645657
0.2312702967833859
0.08984811276286676
0.036106040267068845
0.038660233774167135
0.048208404526583724
0.04190308656338113
0.03954114578039025
0.03956488810627606
0.042778041515207
0.04564750566302449
0.04704145796775443
0.039404675343797324
0.04089355734825576
0.0418499505171607
0.07206357909884108
0.1344357177860069
0.24833002533125687
0.3679890083015049
0.4901614194496711
0.6012325902060088
0.6882330894158615
0.74042670232544
0.7687482336214093
0.7934463673451285
0.8070117184103652
0.8144308319479717
0.8222292077082285
0.8312819100859933
0.8402501374223017
0.8446860024448425
0.8459073127794977
0.8450068846242051
0.8460071271555943
0.8466780512184912
0.8493384197731634
0.8532755384689352
0.8544786660109315
0.8534419603179466
0.8543674171688893
0.8567148296060906
0.8570195575089375
0.8577081236491225
0.8581303333253629
0.8592912732032841
0.8575874154574005
0.8555608560872556
0.854936186876244
0.8558227861988351
0.8452334029355303
0.8155347465409775
0.7761693763244144
0.7097461639039674
0.6053284820112975
0.4704002292144925
0.3154244200796028
0.15085767652212947
0.04239119265608923
0.015561652843178737
0.02348554274574422
0.019880547217166037
0.018572721898319995
0.023729623040194422
0.0228818934049357
0.023471376984362795
0.019573333685811507
0.022371950521960483
0.019087382709042824
0.02363130884028352
0.026274069324861486
0.06427507828058723
0.13980774224478565
0.2474020939746765
0.35739260484072605
0.4651818350866656
0.5552091065811728
0.6179637405521279
0.6659277613979033
0.7086382053139559
0.7432813881333947
0.765655571801626
0.7804846337562776
0.7953603200551225
0.8041380811357991
0.8085233312178954
0.8108228885734314
0.8163064562082885
0.8219271976684683
0.8266781497583937
0.8284913129603954
0.8311170658130614
0.8337502040165241
0.8372757721024218
0.8376059028871731
0.8392793965382236
0.8411669632791099
0.8419696129664163
0.8390187460111733
0.8353494122774435
0.8334756597286775
0.8355984492417569
0.8382881447083248
0.8413731079542234
0.8451914473175659
0.8436512599117757
0.8353326445900483
0.811335255712955
0.7788120245424087
0.7274783808665182
0.6438126254416934
0.5276548902303344
0.39024637592125655
0.255601519011162
0.11969782216217671
0.038672807604728514
0.0016945620131136926
0.004902043534176923
0.004407950758626075
0.015728487126726334
0.018652567265737177
0.01900593886207623
0.01847132484949288
0.02357024363039164
0.02384337113770771
0.02363427843307356
0.021754179829464454
0.022450398441132578
0.027498869178640518
0.06975557135452902
0.16186409444565278
0.2812170887072653
0.39506745865016224
0.493356758208536
0.5756951404817521
0.647288989034018
0.7063935258675097
0.7463040512285275
0.7669299111667445
0.7808266033570194
0.7951452342609102
0.8039467643378827
0.8101039603462722
0.8154918384930493
0.8259383864217498
0.8349316906024306
0.8479575484621472
0.8569402131644497
0.8595749655209658
0.860936176224671
0.8624635108973471
0.8662305696929575
0.8646451519124118
0.8656773594214706
0.8537018844171137
0.8431631440133792
0.826919698640917
0.8140509100455862
0.7969325469750175
0.7899834106510265
0.7810826797821231
0.7850224334103114
0.7823611369525326
0.7882742187359557
0.7817604854790567
0.7797943531219262
0.7544511991740399
0.7092954972430539
0.613977336428139
0.4857343436338498
0.3184055988554056
0.16899945323950463
0.06753976519572849
0.03480084321449698
0.03692479481346271
0.04492860325712061
0.04483368742719759
0.03893568022376045
0.03569997391954123
0.02969448678022159
0.031170522075877023
0.03549421082954816
0.037036699524565835
0.042876419752097376
0.04818174101675121
0.04466185009571252
0.04687057429806012
0.0890641098413834
0.17488824361726255
0.27998272651477185
0.37649394400835345
0.46068601385914343
0.5322990869461053
0.6001853873100161
0.659899319986526
0.7115238376491175
0.7415830317189959
0.7606971692852996
0.7718362686909346
0.7859876260381919
0.7974244692785956
0.8042634175737082
0.8081879434614005
0.8140350630207703
0.8224693071912367
0.8253793190812447
0.8302781484623755
0.8324004919843632
0.835222324935271
0.8372947753522209
0.8384771847298709
0.8381909633557697
0.8354912052509786
0.8353271738178716
0.8345540286353127
0.8365567181538559
0.8370541526834221
0.8357666842756909
0.8362442030077748
0.8381366589764039
0.8388357318897497
0.8348797396135179
0.8210096050634546
0.7969254706347748
0.7620159150133886
0.7149341385897559
0.6289224534066373
0.5001777541212583
0.3336382783093613
0.17170127161548954
0.06538702630614932
0.03253313215572837
0.03499171916374253
0.038045561208221466
0.04359925741521651
0.044165797498001085
0.044091793856428266
0.04717828480573872
0.05006728732617667
0.04371972837329706
0.03933998404015395
0.04440084015811444
0.04799019897994465
0.04818294373314799
0.04136143220688447
0.04244767983726775
0.055469843774251765
0.10406038240961397
0.19397905096875762
0.30934514163157795
0.41311436221941294
0.5025862604750361
0.5804335798492853
0.6419337865635473
0.6886521585363039
0.7220763421968595
0.7401782500791714
0.7473023323236909
0.7600751518748406
0.7716712814150801
0.7791965657411944
0.785023130726654
0.7912853267071339
0.7934159088691437
0.7966601256013104
0.7985028849418161
0.8035021140597605
0.8059678843777217
0.8091991721161165
0.8085245855437405
0.8124952449057838
0.8130153386287245
0.815143123415035
0.8119715440138561
0.8102587363090475
0.8067815897806734
0.8032036228904011
0.7990337692002975
0.7913089799007772
0.7678280021450848
0.7125751367622295
0.6286650736442805
0.5286609863144656
0.4237057754904398
0.3140225847605739
0.19467657049685716
0.08622688430218894
0.02679978355994606
0.010721322384317
0.01881526916804459
0.018612392803932842
0.01578005863793936
0.009985340897040177
0.010518927434324641
0.007668406783961762
0.005004850070985206
0.0039263259641640885
0.006684573416645704
0.007039318261313781
0.005080745358911106
0.0
0.0017851062342283109
0.010441736982327513
0.03927239810059647
0.10215551548127769
0.19735685581154852
0.29785482041796296
0.3924537905913888
0.4771289374648473
0.5517856060819811
0.6217787683978786
0.6891583917148416
0.7401410439763806
0.7666817627238229
0.7790428929757577
0.7948401579154649
0.8055905772342725
0.8175176975196994
0.8274249581165185
0.8416440904735027
0.8540756733802863
0.863177062697651
0.869411887801143
0.8693152718627299
0.8704009959803359
0.8665671049352879
0.8647648173983347
0.8652028818798515
0.8699266075316026
0.8705809554214747
0.8694472852979502
0.8676321544496042
0.8684027889807803
0.8666133066587196
0.8617224485826516
0.8406882206955583
0.8101598884318928
0.7723424180332419
0.7253769265342674
0.6478672345746065
0.5455415751208956
0.43269453253743445
0.3236955009819917
0.2151100650375969
0.11212594261131675
0.05237659008470034
0.03651775782787708
0.03902612044576604
0.0329435769781267
0.03108694968222441
0.030944522638704803
0.027966986148390452
0.024710438258888644
0.02571662036040523
0.029871828730993033
0.03439159989198754
0.03720830880033606
0.04009703450380008
0.04032407577186969
0.04105051662218682
0.04259324561921706
0.06303844346325076
0.125895404569533
0.22602095334497432
0.3310517293523588
0.424286526814568
0.5101436538460423
0.587016512891927
0.6565453200567217
0.7065012369286281
0.7376347114667655
0.7527537596356322
0.7706698230739611
0.7808270763169576
0.7870338039876028
0.7942206877099502
0.8089036346752915
0.8203239232860033
0.8238996227278617
0.8301940888019113
0.8349451580956151
0.8428856695519215
0.8475445391628692
0.8543390384871846
0.852480563904545
0.8549190719622571
0.8533870530812093
0.8528244961117019
0.845862971366215
0.8414173908374948
0.8320640040152755
0.8313714583906399
0.8245732830297365
0.8199241394811969
0.8156488882421434
0.8169690499586822
0.8155489727529296
0.8084148023627892
0.7999774213888723
0.7834685735864995
0.7594139980835621
0.7117958129708618
0.6206724703338043
0.48365995772253345
0.318942817088024
0.16705393150729206
0.07082442743859442
0.040030947535866473
0.04777504421698241
0.056444544622040474
0.05779130360969089
0.05266825272880444
0.048806988652183234
0.048412659340740814
0.044415459577068335
0.04511693318479494
0.04964808902400484
0.05157316930881394
0.04682005504218609
0.04186538066357325
0.06819300673181036
0.13704211584877352
0.23778790828367585
0.33448873168065124
0.4286311644828633
0.5129123933002492
0.5817020948331414
0.6318252798985508
0.680887192303232
0.7212112220768099
0.7460567782690082
0.7592690327164572
0.7698030220188028
0.7778354980337533
0.7863898319105594
0.7934899612358981
0.7949599067561292
0.7958229142848265
0.8025552063191863
0.8065432386701015
0.8046843167387732
0.7997336954459798
0.8019078228496223
0.8001690063912297
0.7977314015755436
0.7923565993954792
0.7898018127408034
0.7901275218576223
0.7927230991584918
0.7927607618584376
0.783459469806881
0.7748920499748536
0.7655465267506649
0.7616458354964237
0.7584182746151439
0.7556960990749029
0.7444694768326694
0.7052957063505801
0.6264018393895563
0.5235402187665757
0.40535145052247934
0.2722795023738345
0.14273568101486203
0.06410748479346741
0.0345144620183627
0.03366373926169218
0.034852885836889204
0.029975351221185404
0.0243699211554388
0.0231504266588574
0.0272376224165697
0.02786036332605895
0.02975723794589933
0.030011838256386147
0.03132017842313411
0.034923257484810205
0.035521355803947226
0.03246474431187926
0.030794607634469152
0.05566055493425279
0.11236846060558885
0.19268944524547216
0.279641541063186
0.36792720101705856
0.4469279377262141
0.5082709014714054
0.5570495349513359
0.6068894969765128
0.6483143526010634
0.6744332300551004
0.6916666318705739
0.7156627803975104
0.7339744089053244
0.7411985129238234
0.7489638925966268
0.7543003141086116
0.7562165242262543
0.7566673763124214
0.7577376622209867
0.7573669166940398
0.755091710341127
0.7598856857308097
0.7605344965360387
0.7644179214850061
0.7633291092797271
0.7664231824489812
0.7635790587252019
0.7627057824075659
0.7628515341164688
0.7611869088967947
0.7543417933792783
0.75034700036243
0.7470336357179168
0.7461785124366874
0.7446734713217099
0.7420837277491584
0.7340771446507501
0.717243415967229
0.6666423876461463
0.5717687195489897
0.4431582682865767
0.29542267553781426
0.15304769515135616
0.06488162576344923
0.03218630341244672
0.03020840197793096
0.029275774999292598
0.03547085017526957
0.038943272245448926
0.04477960113967949
0.04351195242233367
0.04577097342770444
0.045371009927867044
0.04580980397209705
0.03475068494967842
0.03157703452172208
0.03298586724021015
0.03880689849670432
0.06301997970244018
0.12998775360104733
0.22687168310873654
0.3226930246454747
0.408783319246845
0.48459551165438364
0.5464576479783827
0.5967496714271323
0.6409961878568508
0.6779542410327144
0.7059066872687774
0.7248849512883956
0.7392816999826752
0.7453465355102503
0.7503533070692384
0.7559529562208918
0.7615161042479953
0.7611214339395507
0.7619517992701984
0.7623033936745154
0.7645625218967308
0.7693494066242718
0.7728907508498256
0.7714433075529473
0.7691933624263194
0.7718776092015481
0.7748525720254432
0.7750731090528016
0.7751561357751614
0.7742729298657176
0.773949784057303
0.7734709068322818
0.7736537626863981
0.7739197232011844
0.7725278574468695
0.7708371668634673
0.7622580927258455
0.7538751115816045
0.7412711979678124
0.718915300276216
0.6722310018839142
0.6153310007894286
0.5432504755413489
0.4640439856680966
0.35785811634030507
0.23664845848339608
0.11130085116310198
0.042253454536861836
0.01980724897267164
0.028398281270217617
0.029912250489683507
0.030744559985625013
0.02390753077078499
0.02008692572715937
0.015595128000946652
0.014037598726848927
0.015741000524815925
0.01728383452272842
0.017408365528201623
0.019497663762140162
0.019700590663640792
0.020045833472469424
0.02141583003941448
0.02757560788129086
0.050651459039342
0.1084288176051058
0.18985619807452386
0.28103119166533647
0.3630933924171333
0.44219195911974635
0.5080595652722198
0.5629457309055131
0.6039309833352273
0.6434487174781593
0.6813372106423687
0.7142113505687793
0.735708348343924
0.7468649380353092
0.7540734823176913
0.761537291737129
0.7681167135171876
0.7717842188592983
0.7753344969809683
0.7781004012044372
0.7832497203160905
0.7841702338751659
0.7864135059991808
0.787818661357612
0.790254014998449
0.7924390344111307
0.7976373151904603
0.7994073741667893
0.7999088689749385
0.7966136432132459
0.7932001791313743
0.7881295146405365
0.7831463807463582
0.7790370166411917
0.7711253690510803
0.7645584924435966
0.7456774678455848
0.715187500251875
0.6676876094719263
0.6195162333798111
0.553932386982552
0.48307823706344727
0.39950815887061913
0.3035382972908979
0.19688572225374207
0.10639857317568475
0.05923820499837806
0.0466247016209632
0.05549329336066344
0.060116124724762694
0.06343418432147774
0.06318052170129494
0.06416625881320769
0.06483791423301465
0.06657072578607172
0.06625295451651508
0.06725513285181077
0.06987387940911782
0.06697678747168409
0.06714558713396554
0.06449610896233814
0.06860405137563251
0.06226940075346985
0.06310140374777205
0.06563679154590608
0.06551145188534535
0.0596375082162964
0.06278355506080521
0.09029666549067257
0.14756973239026303
0.22357812575307445
0.30897612981719874
0.3904273259265042
0.4650631330156165
0.5304920499122706
0.5785102351708724
0.6167313163252031
0.6454540269192929
0.6752316914335956
0.69430381440523
0.7093583080047454
0.7208338918305353
0.7324476197840917
0.7412428052264672
0.7463370850721853
0.7500549389955529
0.757218696433974
0.7661004556090134
0.7716626026798212
0.7744609413500846
0.7757929029983295
0.7764866807887376
0.7783527437357383
0.7777068848587078
0.7781611951240153
0.7795921150318832
0.782678841662809
0.7843736152214339
0.7825336905954623
0.7805908985716562
0.7770987299133261
0.7757762746747981
0.7771519773547828
0.7765491267706613
0.7740934023443494
0.7626822020925259
0.7354266621712939
0.6864062367501057
0.6026524973146019
0.47763097941935145
0.32150288736185384
0.17608518602223205
0.0755581507575491
0.04453161835762545
0.04796484529102101
0.051441383176740026
0.042834422150056374
0.044471017896167225
0.05040682070532976
0.05606269496386447
0.05592645590632525
0.05309774808964683
0.0614088441856852
0.06771926769786041
0.06883444980444989
0.06262688097001734
0.059627863243450624
0.06152153868457298
0.06418486641419119
0.06502950346003485
0.05348924188526215
0.040405851983820865
0.047468006915853976
0.09034996489194953
0.16611183870155802
0.25691624256264717
0.3518616674947774
0.43878269329458247
0.5122953730750033
0.5678680848119692
0.612234992779531
0.6519412069289969
0.6894087340299543
0.716877322046822
0.7393742450697584
0.7505724328234141
0.7569872264663008
0.760720480136988
0.7675590430456937
0.7690159218726436
0.7696574482592167
0.7700520068064857
0.774824149892019
0.7783583291352251
0.7799562796463455
0.7796939659446497
0.781317828018435
0.7845242552186766
0.7866950247430775
0.7863437544007769
0.7809512018173954
0.7760910891067796
0.7713944050870407
0.7669012532408611
0.7603977575559582
0.756181199837409
0.7547235080284064
0.7549961650720682
0.7507395158699058
0.7374516305493821
0.7112781766903103
0.6707530114752306
0.6073160931070474
0.5277828539315582
0.4439233256410985
0.3515776028780415
0.2518547824053008
0.163911224482011
0.09406154162735007
0.05276976947511421
0.040785042558467974
0.043909833887252246
0.042599162446814824
0.04388086538440148
0.05061166164306807
0.04914005387672771
0.0509560860422098
0.04916491053270696
0.05099207724864171
0.04675815650752679
0.048428894503702594
0.04566900682054306
0.0441051826633502
0.03951136591737807
0.045246607876401855
0.07736517766261407
0.15133572569094064
0.25915670456590684
0.36972972047858577
0.4642724970611903
0.5442758458636086
0.6202925977331343
0.6758956665523532
0.7124750875495
0.7369145627907874
0.7568544276307232
0.7619782804801873
0.7663692145875924
0.7690857452080584
0.7744343343348629
0.7761533270537143
0.7799475319352299
0.7780418996622928
0.7793956523774233
0.7805757633935351
0.7833331385843512
0.7849284975356986
0.7849954749140322
0.7818927221462918
0.7753837500055788
0.7676060008651808
0.7574969745384625
0.7438398790315444
0.7244438651542997
0.7128663215633938
0.7038724910627888
0.6974587285544627
0.6941722565498258
0.7007833437277706
0.7098505592654049
0.7203763671696712
0.7307856424166276
0.7356076961607497
0.7277233533653603
0.7001770625312603
0.6550512094049254
0.587296477942571
0.4877365937998698
0.36104122995776977
0.2233330109948776
0.10644560745851452
0.046389406285925666
0.0362272198181225
0.04047821204766876
0.04065852117326032
0.04157201194958544
0.04486324758171399
0.04610511206405135
0.044074986776196715
0.03865093417942994
0.03999294873463334
0.04153326485798695
0.04165144222297411
0.032071637670940484
0.02666685349609973
0.045745127596760055
0.10932268580984854
0.20237561209678293
0.30138089039560456
0.3937528822673153
0.47154609483731735
0.5335977654180667
0.5796365336626801
0.6202730892400012
0.6521086325637012
0.6829196889919045
0.7135222014093997
0.7420356002780342
0.7556371968681207
0.7673172815850545
0.773681385204235
0.7798012999429945
0.7794277558156956
0.7869967029710191
0.7897210278023972
0.7908872529823385
0.7907539930546497
0.7942859869378439
0.7967834049873868
0.7987204195310843
0.8003006294616066
0.798354696020314
0.797063260893509
0.7977588754291164
0.7987588484267482
0.7977006508514902
0.7983815889600827
0.8062475765378601
0.8114766922526823
0.8142705161343635
0.8117635869277667
0.8150725829190154
0.8095708653440988
0.7962011044314707
0.7755755704352063
0.7485367429158324
0.7080431087576344
0.6423114698596969
0.5415346935633555
0.40198671870445307
0.24540954534020323
0.10870416556092832
0.048629108737448634
0.048062574293490624
0.06272167860324492
0.06226952074937854
0.0671160193407505
0.07112805837814574
0.07977946343780165
0.08615317292168984
0.09141045481682206
0.08961591105403162
0.08719816079874988
0.08615628601909699
0.08907514112530121
0.08903385216184223
0.08735436461429523
0.08856777920984842
0.08945405582381087
0.08163139275539846
0.0672583818959335
0.05618770484931867
0.04547282404210166
0.03658837153212562
0.05173946948844088
0.11065845169359513
0.19880897391267255
0.2991918084785944
0.3990288886125317
0.48579354195485874
0.5543892002402666
0.6093163835243578
0.6522204118579865
0.6852220402862496
0.7116808398639184
0.7319815394008057
0.7455618236582829
0.7477154136273476
0.7488572164618232
0.7527184362234156
0.7577287941652635
0.7577981402000978
0.7567557804563678
0.758654007118588
0.7618494824657055
0.7617964455360609
0.7607782567268652
0.7624478405030084
0.7619546818455455
0.7576919041017528
0.756034254067962
0.7518448242262973
0.748819995948461
0.7452622788216645
0.735293991028103
0.6924556408208095
0.6210404396699521
0.5305056087410474
0.4283606468627931
0.3270509815717828
0.22518656534630158
0.1391105408361197
0.0727994810905626
0.04395557357030704
0.03414121406142389
0.03630883486766896
0.04518917867573022
0.05326524376208781
0.06047506831014516
0.06018018532957609
0.06124355597621983
0.059730135864923234
0.05967344534295086
0.05940660321456731
0.06570573201588478
0.06676360600306831
0.0621352368279182
0.06051561808339503
0.06117411771474128
0.0653401934926731
0.06553605631734213
0.06283177871356649
0.05434952152177152
0.07636128434752353
0.13446460704626473
0.21374420636323305
0.294711526370493
0.3728485105646582
0.4458223172963793
0.505358468966013
0.5492922279584092
0.5788559387679805
0.6119633382111997
0.6461057861497208
0.675606705188508
0.6900100213130129
0.7031438689849013
0.7164474933670835
0.7289722385598006
0.7343419403257567
0.7374210031945301
0.7440685221068359
0.7513438952791059
0.756925947685377
0.7580073911235287
0.7582036949968435
0.7569426587711361
0.7599818887295606
0.7672842573502854
0.7767171328556033
0.7795722632897799
0.7770165968502786
0.7730091587832809
0.7684698205968609
0.7650280630671059
0.7622738584425814
0.7497034621309209
0.7101655193488119
0.6523024726193363
0.5866126558474167
0.5185419638083224
0.45131032816727407
0.38016448826965415
0.29270386486609046
0.20039729998750747
0.12856434611736994
0.07582297848369329
0.04357496457167564
0.035771355857498036
0.04361043505662977
0.04836259726291865
0.04603998085944676
0.043339780517486985
0.046812809403995986
0.048477948075794454
0.049403408974241
0.05025183635730149
0.05602332251879236
0.05774770369175884
0.06043196506695351
0.06794325993078995
0.06376466490221126
0.06303711209267457
0.05769385421065822
0.06017773448219375
0.055178523787277285
0.047281559656174206
0.04027493635576325
0.031754149441428146
0.03371937652915172
0.04030002617096135
0.055130385069336575
0.060056279755118694
0.050897454608299066
0.05729814046376858
0.055659322080986805
0.07852638311899827
0.13254459307080044
0.2438594619996233
0.35113082306273474
0.45463611241038393
0.5435351155557012
0.6141746543761646
0.6616961699187097
0.697476875521564
0.7234701814144703
0.7410495657993835
0.7572247316813341
0.7730352269434753
0.7809514487916297
0.7823126870973235
0.7836619493666577
0.7863771545964299
0.7897946750334147
0.7869447299085499
0.7866294972613144
0.790547453142637
0.7960388388318831
0.7989695303298843
0.8009012730596992
0.8019454671135016
0.8031979531503107
0.8047797801500295
0.8072419722933607
0.808606158702529
0.8108845937589455
0.8086472523267766
0.8099440571823792
0.8099814092161646
0.8115360459956156
0.8086123304240265
0.8072673089909141
0.799257542565069
0.7840108235599116
0.7551689488527262
0.7025626583116802
0.6066251382526386
0.4824719353351194
0.33396946706313996
0.191434998760884
0.07813081645625292
0.029286670877311908
0.019381324635020635
0.018667595255071806
0.011698995376228505
0.00856455771196953
0.013634841281167475
0.021222617223348086
0.01770992595561913
0.01801074747220453
0.021524456435510868
0.025520232093554265
0.023628801780757696
0.027505109164261445
0.024862404698792355
0.02275852041401811
0.021150744977181432
0.02780608061320159
0.025075973701963062
0.022771937724093527
0.017867329493289483
0.020644019294458076
0.01548569478621654
0.005475753794636037
0.006448379911676904
0.04333730412009491
0.0618953881327635
0.04878780274200192
0.029177835764121078
0.06617034269120227
0.1299007102920825
0.21160094221003012
0.3019419411871062
0.39790689325351064
0.4773595810930068
0.5428965207424234
0.6028501961489625
0.6522951783217348
0.6996222026534559
0.734671556938286
0.7589225168047353
0.7687968535635978
0.7812340945242754
0.789261149726895
0.7951257584561998
0.7991163806375791
0.8040316451024211
0.8019762310340232
0.7981674854013435
0.7995095513252343
0.8034998248655548
0.8071576889855675
0.8099409498141176
0.8107132292158117
0.8088000570903221
0.8078599962550409
0.8077686525249007
0.807139222900061
0.80623732884233
0.803394024191853
0.7948325625781577
0.7833545645564666
0.7618060433217373
0.7143803151676634
0.6160544927963034
0.4737056755637714
0.3111395247246141
0.1605040350701866
0.06549284850726543
0.024709067685605986
0.015264776183895018
0.008096584340261528
0.011669098829388788
0.018365510330341995
0.027299926892813717
0.03269081420575575
