0.31634615384615355
0.3442382812499996
0.263059701492537
0.1427951388888884
0.34423828125000006
0.18883928571428482
0.5317887931034475
0.6032366071428562
0.7626201923076951
0.18883928571428377
0.49788135593220456
1.0
0.21286231884057888
0.7626201923076907
0.5668859649122818
0.6032366071428523
0.6799768518518549
0.2892992424242398
0.43340163934426357
0.34423828125000006
0.21286231884058143
0.4334016393442569
0.497881355932208
0.09923986486486333
0.6032366071428562
0.3730158730158714
0.0
0.34423828125000006
