0.0
0.1627906976744177
0.5087209302325564
0.481727574750829
0.6625202812330963
0.6289640591966149
0.5368629391390384
0.43091655266757634
0.7732558139534847
0.5368629391390384
0.6625202812330963
0.19379844961240325
0.6289640591966132
0.21005251312828133
0.16279069767441898
0.6289640591966132
0.9019484600879903
0.5662285136501481
0.19379844961240503
0.5968992248061992
0.09302325581395213
0.16279069767441898
0.5368629391390353
0.8567931456548328
0.8139534883720936
0.8567931456548235
1.0
0.8139534883720936
0.7345433919455441
0.6289640591966132
0.9496124031007676
0.69767441860465
0.14799154334038173
0.1627906976744157
0.7732558139534912
