0.9995933278021373
0.9908558850619763
0.8899531514509936
0.7726351797629116
0.6712721131201597
0.6027375071678613
0.5319103785922727
0.4491447542387843
0.37555495282577833
0.33044646068459754
0.28787073521044587
0.20249047630908149
0.11715561689285274
0.06337818738486102
0.048900833216956235
0.04280057637018738
0.04865656612735909
0.041640137191710114
0.03811226112622138
0.03997757805698533
0.048091568620567446
0.04487310140434951
0.037807962271476404
0.02881055445154336
0.044352688800191734
0.057639551528599224
0.05222535556710055
0.027111273914253376
0.027108516731125736
0.04111658966726241
0.07122186802875269
0.1455612075932821
0.247827907642259
0.3567998073404212
0.4536570902475975
0.5598995621989868
0.6477150277431106
0.7111927631022321
0.7412045077710057
0.7542842524826658
0.765792688830852
0.7879162612854503
0.8216508875212677
0.8407373877549477
0.8542038596822766
0.851538553305417
0.8558122498189134
0.8513910785092417
0.8718982088331897
0.8970442522600784
0.910808446213077
0.9109953349218444
0.9181913965515113
0.9451231077916965
0.9609485077252763
0.9752773175548688
0.9729573769533494
0.9702500308133887
0.9106986370602447
0.8298233885495048
0.7520455700363526
0.7098766862182825
0.6691754466524182
0.649098580210605
0.6229766233411261
0.571738245724684
0.5206794024295011
0.4381242822529155
0.32472349931313627
0.18969896235420236
0.12640231900235768
0.09082488072044939
0.08425374795650087
0.0755222055442425
0.07847083709372114
0.08195898800289655
0.08063126046192873
0.0815165119927812
0.093478616604727
0.10582132696971522
0.11156581141431755
0.11372620106565656
0.12158737764979678
0.11269312751790768
0.10252799024563204
0.09217882600235476
0.09755349310242403
0.10348705574730008
0.1631863813176321
0.25250164750367265
0.33917539690022486
0.3862826264699987
0.4345169343894231
0.48738400115551406
0.5503544251385014
0.6151087503718472
0.6582922936968243
0.6804420953711229
0.7008846260345347
0.7298649570748058
0.7605986253227156
0.7856060507230429
0.7893695796719972
0.7844989698608654
0.7902059569168093
0.8067033433622712
0.8158985743396199
0.8120420303144555
0.8117837751700143
0.8095882073415651
0.7946768497625711
0.7669075812255317
0.7353496045743706
0.7102019924933309
0.6875414045688218
0.6672175159250685
0.6455977003437638
0.6192258419210261
0.5960068901200419
0.5683190558501844
0.5303127656002319
0.46383632823337834
0.39522962366066194
0.33322081778837176
0.29061559589246294
0.2508940188663481
0.2115179196937061
0.1893555467157058
0.19219958919031102
0.18522429273325164
0.17273674841307804
0.17508990026306454
0.1860184700956618
0.17931425172640317
0.16572918642384338
0.15405397160464498
0.1455261708512284
0.14413094798516124
0.14250529435318748
0.14247457983872822
0.13827473701093945
0.13205888323414303
0.12828590255600616
0.13865210253670976
0.1463861891676326
0.16883586837211625
0.20440846116562178
0.25762619782364565
0.2997573201386294
0.3461806738175174
0.402839107760589
0.45971937906448107
0.5237979191443274
0.5872772192306654
0.6481854953878359
0.6938947206138345
0.7263846270504918
0.7476083483685378
0.7624111591504679
0.7897997182113317
0.829199660942072
0.8801966094835088
0.9323469361368996
0.9705750953404114
0.9943037381981639
1.0
0.9964236987246173
0.9901965184977808
0.9925872781643404
0.9903652265992734
0.9901465866974999
0.991151526325942
0.9922405944219085
0.9787147035574941
0.9633782903291362
0.9551312141409334
0.9553698167352961
0.9505139424307878
0.9424795836715814
0.9250144981069184
0.9004689263023997
0.8662585042909223
0.8356715506993172
0.8104952063969706
0.7951501471640433
0.7729653290979871
0.7161715170336582
0.6398658536078835
0.5759317545476469
0.5158754397840905
0.4559406481226996
0.397309556704198
0.3438424340898122
0.2669810300844073
0.20139466082499882
0.15965506075862398
0.15663651193816572
0.1515258869998432
0.13722960273505666
0.11797524730503905
0.11451401016397122
0.11432089645469867
0.1105821878131402
0.1108837956886374
0.1121168606457206
0.11985523014958593
0.11589420718239765
0.11654604803292222
0.11619098975129745
0.1309065022723875
0.15979000599373178
0.21031112929413256
0.27463957739898487
0.3449752195527324
0.4335292176258394
0.518910684085191
0.586078467465716
0.620101461079664
0.6700334781735172
0.7385546107367559
0.8043212741885578
0.8442100323494184
0.8727233145977654
0.8884624082439053
0.8807623645545052
0.8511416383239765
0.8346942068840747
0.8386815036575201
0.8441963146899653
0.8324304797323412
0.8182039733795089
0.8090999639636839
0.7976475396351368
0.7873690773829881
0.7772344319308488
0.7772642756563642
0.7806509085428393
0.7817515029728993
0.7815594189004696
0.7829585483602769
0.7797062565930545
0.7676844654865677
0.7512510741568503
0.7311437048850934
0.7098578676396287
0.6746148013748253
0.621839012422842
0.5559165546976961
0.5099051513618583
0.4895612512789366
0.4793768021354495
0.4530423346868817
0.417363367270774
0.394354210738914
0.3698220902573012
0.31911849163910844
0.24471752926388476
0.1718842261395205
0.12225727045793446
0.0999966725014985
0.09344649369306328
0.08741191240113495
0.08200232513185499
0.07403865291744163
0.06701310526142222
0.05955716504985368
0.062024326051869534
0.061677315789364966
0.05403182798748593
0.03608609692076037
0.02439387539794644
0.019293704404160235
0.03023124744587612
0.06209015716439654
0.1375605758998725
0.2195405238814699
0.282598632832389
0.32787910784725677
0.37655181097269635
0.4145389129912054
0.4568629943750702
0.5285412458545273
0.6075486007025757
0.6584878200730316
0.690306665572448
0.7219553428060187
0.7486740283715808
0.7670256510669318
0.7775830600480264
0.7917458373597701
0.805213517458414
0.8283178606941943
0.8497412695045136
0.8605429717028413
0.8597892493183831
0.8564176486101848
0.8451568280720926
0.8300207949864387
0.8334080171250463
0.8425578543727764
0.8358210855152277
0.8208221511351714
0.8146830168997545
0.8067176502942279
0.8027417899713085
0.8094682076999271
0.8056256485433001
0.7883657732632556
0.7638624137975124
0.7411937145325136
0.7179395728681846
0.7020223375506668
0.658592119845469
0.6143409009780492
0.5751678326992287
0.5402666137219773
0.49428835451331676
0.45291296434035055
0.4072867657167245
0.35098135141154946
0.29918182072969934
0.24659056615510794
0.2037018679094002
0.17273999949752986
0.16104981280663713
0.15113953374411743
0.1523758036217134
0.1470969520446989
0.14985282251354914
0.1436690405296265
0.13405888335599045
0.10812635844405402
0.08974797740559037
0.08166798615614838
0.08638727358996008
0.09943766089299133
0.11550254325812699
0.13627621749301214
0.13931132929025472
0.15505565010978098
0.17778394190330854
0.19492688434207756
0.1795104654167198
0.16560189997166042
0.1524570911743692
0.16207320184106935
0.15861968568514276
0.15575046325822825
0.13253379011244643
0.13476245003305223
0.1360122770526727
0.13710683680442906
0.10814446115988376
0.04821171643528277
0.0630890007521529
0.11655881676844433
0.15035757918869946
0.11354887756541356
0.07118291592899043
0.047158267684706844
0.03421447794840317
0.054411347211274996
0.04681098511048922
0.05755587749301539
0.06897524423376813
0.08701768204879175
0.07372237109142973
0.07471541195185159
0.08466715994025917
0.0897287651103138
0.0851865027200295
0.08009384260336615
0.08691210846495552
0.09431609475467535
0.11058024674096673
0.11764251557027924
0.12580574929311722
0.126276287498715
0.13496340689266953
0.14874833828308812
0.1584996119076649
0.1689519823465542
0.19133629175128916
0.21509896796741274
0.23556923281120096
0.26138722511832874
0.32005838518053004
0.40199717523299333
0.4792555463700364
0.5165200824120735
0.5274968308804023
0.5269471252177067
0.527270199697356
0.5292849014341923
0.5411969869638054
0.5498632580446243
0.5607504138120468
0.5690255125526161
0.58255756175449
0.594727990769486
0.6081447961686482
0.6111303973299139
0.6265817540688476
0.6478958101812587
0.6772544568420767
0.701197968613278
0.7227886814972498
0.7260348745221586
0.7235690981955863
0.7173909376069404
0.7186993057981421
0.724251469364264
0.7335677359463325
0.7319597445169485
0.7252717085330165
0.7170881792662605
0.714694424886064
0.7125947730539419
0.7105465818392622
0.7106026933853895
0.7212988368862744
0.7280998505417603
0.7248608707054642
0.699456499685186
0.6522163924182229
0.5797185007255425
0.49669017680444555
0.40847620022930053
0.33185711882813823
0.2772486274065154
0.2616309484291733
0.26572810053813223
0.2636307548631318
0.21873451072630679
0.15675351082701713
0.09348479979924257
0.05268808752306298
0.03202635828902828
0.027458845181248234
0.018809946930254607
0.012647484690972372
0.016317133784652844
0.01625829873579043
0.008812399247136532
0.006087766656880852
0.00698077902680634
0.001586303053163
0.0
0.008958320616408772
0.02642192834613985
0.05127364894259693
0.08550707379835754
0.13912365459442327
0.21191465509418395
0.2945027376318191
0.34873105482209493
0.3987963088820774
0.44411515244939237
0.496500701755289
0.5225592671861102
0.5467233395640905
0.5705658580240704
0.6144905188435401
0.6506274227131432
0.691266271868812
0.7282738570757572
0.7682407346526837
0.7846498456816383
0.7824709264455589
0.7646368670248105
0.7521991578158127
0.7447535102675636
0.7383400477565298
0.7366160979902648
0.730764605480405
0.7117700593549897
0.690652069823988
0.6729296701255199
0.6564311450791023
0.6335773862895029
0.6076314342083888
0.5628449826321623
0.5126852013520068
0.46184450041359787
0.4247970290924197
0.4020794388398742
0.4030767487877505
0.4021676967674475
0.3910874625586587
0.3713719132011036
0.3476563719443362
0.30936702680589756
0.24513855011389607
0.17910770263213782
0.15863279746429423
0.17802064111671764
0.18942246735755638
0.1827579030232748
0.17655368074093636
0.1748872907383812
0.15793630228250835
0.15628897916865256
0.15627961985538288
0.1678576732340504
0.16056149845414416
0.16004454219218076
0.15802618738897198
0.18803967349735146
0.24404617739135154
0.30392035201268985
0.34312421074024985
0.3638895343445494
0.38650652537669783
0.42397927105919714
0.46515038293285244
0.5042299140707789
0.5346951271224745
0.5739413301047068
0.6135366871003446
0.6529069636375487
0.6726251367696874
0.6710402495749562
0.6742935816513606
0.6885039802436953
0.7134798105219856
0.742911575759159
0.7762621522108071
0.7983149103790925
0.7990798750485916
0.790995684603617
0.7809005000329714
0.7626830590932041
0.7508859563782134
0.7451307965264192
0.7447631676461433
0.7375770440733108
0.7284938921473305
0.7164107577963453
0.7049768548643992
0.6947331191617154
0.6796745435656607
0.6637012693251607
0.6437314462025719
0.6089535218752274
0.5651563470048749
0.5371711005529692
0.5319090206551943
0.5338975305788828
0.5299652077649957
0.5253010182771755
0.5227224531271945
0.5127654727428071
0.4916986490611505
0.4653044552482846
0.44416598435646454
0.4308140632654597
0.4254856948230271
0.42948284801155034
0.436533644004383
0.43693948645079256
0.42902633533002243
0.4222104538243791
0.4114171099325393
0.3940711339326571
0.37153134886651074
0.3536913439387847
0.33794312860733966
0.32456880852374914
0.30920137394027114
0.2908131812092187
0.2706511349701487
0.25560379458258187
0.25287518932711583
0.25115671805043216
0.24804299590667694
0.2400600283461126
0.2523318657195999
0.256475035840653
0.2599365073514283
0.253157010516042
0.25110036624093285
0.2446892545018471
0.24261289507301118
0.24463647359085225
0.24022647223698
0.2511438464104337
0.2713426404245214
0.29260505443651386
0.2941590682431199
0.2749391951238269
0.25150129465770255
0.24535892064700876
0.2813430034165474
0.31814930078438886
0.33854568841780047
0.33913153805668095
0.3407506837971071
0.31864191029508054
0.2984679476927118
0.2838531847528716
0.2856309568473592
0.2835414233621199
0.2899610489217385
0.2788950581764501
0.2563371756774727
0.22683660588544385
0.21280413480458554
0.21788594232183014
0.2420349194041149
0.2617277376458968
0.2716408363415302
0.2732166794079574
0.26943733226167804
0.2618875972875087
0.25034900328779386
0.24271217290274466
0.2335861912338086
0.22094848090998248
0.20469472564486255
0.1940389632315135
0.19304434363759448
0.19261610789288486
0.19629332409206632
0.19125711705712664
0.18060186945199092
0.16656343053436098
0.16551019604539735
0.16241774542126744
0.1584007822730404
0.1567170958727465
0.16161663578226995
0.1598425224347339
0.15864347885968788
0.15426746566429786
0.1513384404578461
0.14585357972320834
0.14437162768549586
0.14401011444162634
0.1528952050120641
0.17005938741673549
0.18235248650135782
0.19015658926414336
0.19085519512828125
0.19481696110612698
0.19440011286458733
0.20808279455236325
0.23232080734555507
0.2642529450752754
0.3007168132241
0.3403566674747702
0.3685563575452713
0.37037308813478415
0.3569556895497507
0.36149756068639405
0.391247727145155
0.43550015016223403
0.47597194473868326
0.510533390922267
0.5271318377944427
0.5216287507511206
0.5165626060899965
0.5147634280234946
0.5221710431026552
0.5322824078275147
0.5430340616337137
0.5407453765736964
0.5311299316680778
0.5220490573711314
0.5129884114682082
0.5022545643637275
0.4894173428872531
0.4790714952943021
0.4718396058382221
0.47825140727534116
0.49103764535050387
0.5046784138967448
0.5040574890338005
0.5001887371709741
0.4927440791144748
0.4793297660548499
0.45367473263409835
0.42544219701629554
0.40734039461520033
0.39937940961398793
0.40101155674471284
0.39252516499625534
0.37583065417113853
0.3529090417740714
0.31477496836124974
0.2620608044167476
0.21038247693584644
0.18239374261366403
0.17124157025280026
0.1718917316110358
0.17655207111556256
0.1852745021546835
0.1963373241972956
0.20187087582842567
0.2057556502608102
0.20272820423300159
0.19918629663388243
0.1905842176967515
0.18050290390510448
0.1719130069633087
0.17185225074616792
0.1735315101160923
0.17678254929973372
0.17875373966596741
0.19416304294088058
0.2094859707657098
0.23662926230233822
0.2794275992476483
0.34288820332678904
0.3952197959995801
0.42199481109614967
0.429928083371014
0.42459768545207005
0.42368788198857704
0.43686857369349874
0.45771642108952587
0.4757762559285302
0.4849915092044143
0.488712486368276
0.4752835897146999
0.45774957182391923
0.44555768489318365
0.4466267781094673
0.44676833595127846
0.44569192026498383
0.4406547880663892
0.42941605787515447
0.3970550497006016
0.3612988776778709
0.354338140874727
0.37902323630550644
0.40922055688280784
0.42944174621459397
0.4409305583991423
0.43721358616745576
0.4227132032969469
0.39634330039478033
0.3587450786042128
0.32714793943892556
0.3031454402142621
0.2805636175572067
0.26119653200183907
0.2521969959768018
0.23123698761346317
0.20448934621532613
0.1857549630614859
0.17944783256799662
0.16935715144925526
0.16088949286069706
0.15460995644580613
0.15416094662825713
0.15496097921620744
0.15759308132610766
0.160294024027746
0.1636170952068884
0.16021096139897453
0.15523982170758735
0.15265978632015337
0.15381372046008707
0.15711637729541805
0.16980765286243266
0.1947657930444267
0.21069996359568072
0.22562663909239955
0.24231725835734913
0.26815605776660273
0.28782382125148276
0.30506405239691187
0.3207532012255113
0.3337587700251718
0.3464792361405311
0.36872199547362366
0.4000902333177546
0.4362005231131515
0.46823717570152007
0.4934987314036509
0.5041794430343144
0.5077037946399046
0.5106440369477699
0.510571245782312
0.5077013290911787
0.5017129345098805
0.4971405569746603
0.49172565907129523
0.48415240791282327
0.47567161072519687
0.47408486790170024
0.4714635941483406
0.4673866435513831
0.4603318005302208
0.4544723692387616
0.4404439509182558
0.42931850203808153
0.42554013454819434
0.425648246206136
0.4089282684241618
0.3677050348836013
0.3262806285627979
0.2899272081237805
0.26982875138769247
0.24976088167543936
0.2359131740208833
0.21381421616854038
0.18559396515036464
0.16084745777056
0.13594121020250724
0.12230044473658824
0.11390457621984372
0.12448652111178561
0.13339875268866092
0.13930059946516657
0.13948570011697484
0.1420592563568368
0.1479191581832509
0.1501660487712061
0.1479160971352217
0.14693025746880103
0.15280370482552436
0.16660409889830527
0.18064935256567824
0.19393660888823747
0.2014544756106553
0.22448781623964137
0.24819243591933074
0.26510620484353
0.26899140387991266
0.2803046733545184
0.28994405672225443
0.3056590004629231
0.3400155118158869
0.38326276056495495
0.4151041852733962
0.4403709568324161
0.4609677231174631
0.48120334501995854
0.4844548404827
0.49336527320731427
0.49638403273685017
0.505245476110704
0.502750835418366
0.5133547679117059
0.5184776538124845
0.5189334713541656
0.5054187823182533
0.5046141720465221
0.5020665866014627
0.5081151961324545
0.5049233932911266
0.509132260674841
0.4989106675184977
0.49581757396591
0.47721767489565686
0.44908648451042943
0.3927842742408812
0.336152103730422
0.28492048630102873
0.25643724023300674
0.24314279858638418
0.2387562748023924
0.23318711700691772
0.22296390724542495
0.21958811924572677
0.20917979477766835
0.20091939697666988
0.1939017391478805
0.1874946438607606
0.1740875815388494
0.16898404465494335
0.168280715854744
0.17397490810498253
0.18624848857437198
0.19263926251813346
0.18904607909625534
0.18590142617928934
0.18653253506161294
0.18281783512367666
0.19190531822738055
0.20517437768797187
0.22328425318217526
0.2340489145118439
0.2367492983000604
0.23210477532225784
0.2390866548098215
0.24724801498486487
0.25893545063549334
0.27894045695219655
0.3112393209798372
0.34619268931893354
0.38521610383274413
0.4119360310641776
0.4193396985346743
0.4177569548244662
0.42461160657070585
0.4331560949671262
0.4430454775680233
0.4536034368474831
0.46513589562784774
0.47158433201373
0.4691366411099211
0.45958990966700863
0.45117462575989126
0.4501083542112574
0.45340121321089655
0.45436625786167584
0.44873142645253933
0.44184139924367444
0.4289162888610719
0.4125296270552773
0.4003267777144117
0.39675321999686636
0.388743346597328
0.3707283136871608
0.3387348560275783
0.3047057452073226
0.2664062994256659
0.24048788810690686
0.21934018873806965
0.20760739600854655
0.19664197729956978
0.1951695979529941
0.19737925150629923
0.192647141486379
0.18514268845283874
0.19019821126443254
0.19842173981560352
0.20740263663139194
0.2009599399002259
0.20525226715337835
0.2068018324471266
0.210867020962458
0.2082419692377473
0.2123367515972231
0.22056035779317631
0.21838009053230578
0.21611535301650117
0.21994405751314136
0.224914334641489
0.22978807941113136
0.2367299147765013
0.2493324052717446
0.2609654641803527
0.2813443255461161
0.3035882187725389
0.3124847466321301
0.31460174183097556
0.31533493440706745
0.33463931634647415
0.34655074616741555
0.35919724884985194
0.3624738078449756
0.3754621952009778
0.3767233496399066
0.37944197164455407
0.38183127778500986
0.3825448719472891
0.3809980747012768
0.38218415190487715
0.3861345607679168
0.39194647794930415
0.3974646969838652
0.4016241340902621
0.3987767203587429
0.39555612464755296
0.3936513911037816
0.3966205640498459
0.39899089840515034
0.4022523450521853
0.39995327385541113
0.39343593434366003
0.37847591133546493
0.35576267701962594
0.3254104944343065
0.30282418090564805
0.2930007748482589
0.28453193603543514
0.2753460515721419
0.26338846189349646
0.25313655408475005
0.24103057824244645
0.22266679699460062
0.2054271667103236
0.18343825256969656
0.16981396217803035
0.15374994767939362
0.15153318972746055
0.14777949689549663
0.1508187184485252
0.14977613676596566
0.15153771612694295
0.1514151503264772
0.15399735943432266
0.15135773703377553
0.14880970148269607
0.14388291583509144
0.14325434685309868
0.14097991071799812
0.14206508036408863
0.14433318579312004
0.14623362901367137
0.14174496670956707
0.14475920751882967
0.16197477456052503
0.18838585210521128
0.20682523974755396
0.2172620332853464
0.22317595390009867
0.2254667204157592
0.2250123590343243
0.2259640122330707
0.22905100462498085
0.23562983510970117
0.25422852102220306
0.2705488809403832
0.2737593257387176
0.26462382477623536
0.26060420517214195
0.2635576119720956
0.26892182831988976
0.27454168115589295
0.27908845641922875
0.2788685231597955
0.2774607946123044
0.2854347532458734
0.2934280795640582
0.286574785990125
0.2787159540253981
0.281471168688009
0.2770011574270509
0.26636419668245376
0.25318219698692596
0.25404693087533275
0.248541245168621
0.23720764970667735
0.2143490010253472
0.19731961141602347
0.18594970027836966
0.180008236089695
0.17879313422908522
0.17124209693186762
0.16691624161880056
0.16093548756429288
0.16140704491984614
0.15589945753565868
0.148566166091523
0.1375471224512226
0.1367076975556202
0.1365309951708001
0.13994829800493666
0.13552323056366178
0.12826698385281834
0.11951382150916348
0.12102756859569978
0.12452219062625998
0.12479428444225511
0.1258642464209151
0.1259400348340584
0.12731169870864353
0.1288320910971673
0.12373694499094497
0.12251510708234899
0.11834066887309336
0.1212884444531591
0.1212684954282717
0.12521707841940227
0.12290978542413686
0.12641424832681705
0.1341915497895793
0.13563475121883511
0.1343865951929694
0.13905145061696927
0.14626416470634548
0.1512173873546442
0.16693710201391865
0.18837107402844666
0.19900161141194128
0.20722275080597072
0.2101795008807396
0.212065416093065
0.20990125556378458
0.22073981915692747
0.2354865670657389
0.25611625152350803
0.2709640916106315
0.28041543016161924
0.2885727600224564
0.29855469493541265
0.3058892058409051
0.31516441041905274
0.3253713426034805
0.3266572507385935
0.3163561356217483
0.3155389395407587
0.32985995582505356
0.33423300552753926
0.3300143736056247
0.3215444594745869
0.32041780850348367
0.31145541030344037
0.3079262050515992
0.31487402296037864
0.32293919017319295
0.32664660703049975
0.31210111852881695
0.2849537305225052
0.24401515941399324
0.21841087864389658
0.21354358312717825
0.22221128668919313
0.23447600033723148
0.2446475122154797
0.2527778751998065
0.2574624391413922
0.2588734322467216
0.2564100189737742
0.24470103993553238
0.22608157762576023
0.2027000754767109
0.19163324455229103
0.17987445844823702
0.17279790997010783
0.1665841876430813
0.17189468167405134
0.17427318756194918
0.1775344584016222
0.1652158372423838
0.1545944423614892
0.16700753367310814
0.1877068530994066
0.18564700378442126
0.17585129191636767
0.1769641528707748
0.18132904414575965
0.17761665367309784
0.1789555206927531
0.1818869323997655
0.1901943171938723
0.2013503801549148
0.21378017138542108
0.22776088886690085
0.23639110701501886
0.233977636092975
0.22482257841294984
0.22005644049657688
0.23181643916230465
0.2500232985097583
0.27330335427388
0.28534827815414554
0.29449518534257907
0.29990360324710735
0.2969659894391044
0.2838755422341966
0.2688979629171855
0.2574132051849593
0.2433571359692013
0.2236877921681452
0.22359714637886996
0.2453108402364277
0.29236783358034035
0.3379662729842236
0.37202058534019355
0.37750598083638115
0.3696159825602876
0.3605323371692164
0.34549421041463363
0.3217954919663379
0.3050824004864468
0.2987851978539244
0.3098349416706905
0.3384728190232566
0.36502883589801166
0.37327609117987065
0.36133014266706986
0.35015900934293354
0.33787905204932644
0.34820304045261974
0.36992585143175827
0.3951997417361895
0.4144171897615273
0.4306003459533722
0.43229937684596464
0.4265158930979148
0.41433732610118756
0.4108741873090458
0.40699637458535637
0.41219782318224474
0.41762854590156806
0.42652064523506644
0.42452341302700736
0.4205356596155113
0.41119695411947643
0.4217838321023333
0.4348264055750676
0.4546857579205806
0.45970597621660264
0.45901109245844474
0.4509381502698281
0.44386507005645265
0.440031336777674
0.43201444954837337
0.42111627204007757
0.40807537075160716
0.39498533918269524
0.375650594802592
0.3456519507987037
0.32986398041418524
0.33680152997263135
0.3430470361263763
0.33549366544054043
0.3210054012479133
0.3109154246804185
0.30335774676017835
0.2961686447076429
0.29635197498280785
0.2863426124724208
0.2702654882127407
0.23621446394656928
0.19922516202970156
0.1692419635879193
0.16002151181251287
0.1612807481753426
0.15631926766947807
0.1508362222670409
0.14146364257777103
0.13578176938368236
0.1283340015664929
0.12437295247394943
0.1208789590182088
0.12243079288106119
0.12398561003284865
0.1308001078884507
0.12635260230378534
0.11549073129755588
0.11768667576836546
0.12854304869502783
0.1325639486937075
0.1341934637984902
0.14909200128210945
0.19332112601474838
0.2563272079525274
0.3197104102861487
0.3614460428253586
0.3917796867513257
0.41989418047425975
0.4492925836068287
0.4806335359292721
0.5019050605291736
0.514723824789227
0.5238791130313333
0.5300543410116851
0.5297479511355246
0.5192699819445914
0.5171495914461525
0.5243108537072974
0.5485752665916441
0.5746816373727235
0.5996008843299216
0.611205992966462
0.6145834168273129
0.6072345640518116
0.5888489512007997
0.574779835717705
0.5717676290429626
0.5714039921343396
0.5648838573001725
0.5613157198094196
0.55883553644317
0.5525589148591993
0.5397633371258033
0.5243053363967484
0.5120522615759526
0.4815677922612604
0.43349103598501193
0.3680214899008113
0.3149958859018683
0.27717354253843135
0.2739285599576244
0.2827315348072326
0.2975464356047456
0.2971155517815672
0.2927962821658204
0.281498952966729
0.26207147670581354
0.2555823351232639
0.2667523052668583
0.3000319714896797
0.3210245142911164
0.344788232057143
0.34463248182933726
0.33437422737956995
0.31425017727871757
0.30341132920679786
0.3016651468095736
0.3046883689507847
0.3109593691327639
0.3168062182874697
0.31390666004880124
0.2983753390045067
0.29351530526787933
0.29226069592581866
0.285374618579167
0.2864006569942923
0.2930580701914963
0.2992663443882189
0.2895899534981618
0.2890250778180437
0.29842220233693884
0.32748212296185825
0.34139369084273496
0.34674302711535815
0.3476437077309845
0.35215010136583996
0.3464468089082521
0.33330016092369585
0.31803238884058393
0.30762642155852754
0.3001677079886955
0.2976159828436494
0.29784634152274353
0.30263977006757026
0.3045247970914852
0.3059029358813093
0.30256423481768563
0.2989257155397277
0.2949774214097818
0.2909491637594236
0.28410544080399935
0.2835895829896859
0.2781604442535551
0.2756189018766159
0.2734906797825119
0.27813622976340874
0.27453548825127244
0.26972301372760105
0.26504445834471474
0.263685787628813
0.262721401071149
0.26288365506881334
0.2608128562622761
0.2606608306006938
0.2641343801354032
0.26831009618410084
0.26391898113971307
0.25398462321968257
0.24171106204672907
0.2460730982453626
0.26541674303218815
0.29109001089265946
0.30537366396845617
0.30709476156093396
0.2929258704530007
0.27003492887241565
0.2548215922886592
0.24649177987275117
0.24252153446550412
0.23982061075716837
0.23204275210145336
0.21206971079925496
0.18098429906696673
0.15194257836015393
0.1296019457488017
0.11742060016325624
0.10914909933346381
0.10020154417798185
0.08854991504898134
0.07926870028238793
0.06927388678211009
0.0567819521968663
0.05560706615626862
0.0605007632836465
0.059216150556499404
0.04760366465749013
0.04871487988230147
0.051573198657329775
0.05725187290062494
0.07102661901461634
0.09534856561428987
0.11529423314287693
0.12854874440693698
0.13455284327155315
0.1403972310684087
0.145797802383467
0.1516011357079958
0.15484488022539533
0.1594960093304096
0.16224001228285692
0.16556508118200505
0.17072209935239624
0.17246529127302143
0.1730987030454501
0.171913314495865
0.17542497860129064
0.17538856624728216
0.18065884246722336
0.18187968802071394
0.18528013184960712
0.18445304730416415
0.18805415480478446
0.18532114537497413
0.17419305891312376
0.16820630682961324
0.1668301156948016
0.1680590138898099
0.16604044044950197
0.16286863641101826
0.15797842517647773
0.15699571061660164
0.16426998141417376
0.1659064745923945
0.16772621112535052
0.16161032772469622
0.1563847314777633
0.14979654276025306
0.15027189895097676
0.14799586158972858
0.14506917734143987
0.1399479349812582
0.13323505846110245
0.12803230851135303
0.12052426566445065
0.11764087504989035
0.11465863248222206
0.11458095383578862
0.10735439992398108
0.10216508139549385
0.09665342380589645
0.09062170911940813
0.09428005502978307
0.10270721515726555
0.11004353538250014
0.11087711322273629
0.11515033239034292
0.11626109217231384
0.11782422400346604
0.12335439076499731
0.1375759472997358
0.15074995776064803
0.16033028203561217
0.1722181800140871
0.1963930802347966
0.23433311056358397
0.26662410451098334
0.27897145516125477
0.28112676587765373
0.2792467467405198
0.2847916048672724
0.28382910931478783
0.28510746654802777
0.2737426995295716
0.2688411861373285
0.2614031187512997
0.25760179320945165
0.26150482731529995
0.27660268698956303
0.2805223212402392
0.28222317548287335
0.280280459983784
0.27993911722872866
0.2679925797049401
0.25694264573058734
0.24464383341860674
0.2370507688740786
0.23149424272152222
0.21995823803288836
0.20598004862719785
0.18839496011357706
0.17164138535608212
0.1497183538260912
0.1264928837677371
0.11195900817049635
0.10811993697216432
0.10428995991316038
0.09684755279856447
0.09407798328968776
0.09888782475880312
0.09997230302923535
0.10301612757449917
0.10174818816220438
0.10026641782597251
0.09434849859463322
0.09305033082604801
0.09248051101354976
0.09297095381786563
0.08758167289293199
0.08573180610691324
0.09155452805126388
0.1057247792660496
0.12265979694903023
0.14306828199703012
0.16873848449917203
0.18570767905943852
0.1979981256233528
0.20162005366721578
0.2116351805860206
0.22483146219871375
0.2607388315156683
0.31036580202115094
0.35987415738419704
0.384887953340563
0.39169562957794457
0.3890843412879546
0.38248573959857685
0.37760708128655707
0.3759766446926804
0.38334850893151573
0.38644159128036415
0.3811971331624538
0.36811286084549355
0.35242811173610483
0.33984515910152563
0.3266849113733834
0.3091111073990287
0.27691014299112104
0.24387130380639385
0.21170740767156565
0.18732880757023143
0.17760340509382136
0.1783480948547291
0.18142571672373162
0.17229485562981475
0.15917333516418625
0.14774750339068793
0.1431377574340056
0.14064043897319287
0.13360691115204756
0.12985219619598812
0.12245498957558346
0.11791850888044678
0.11340605259523795
0.1159780663986685
0.11661970017250278
0.11816712727479897
0.11882507142971538
0.1295882270939109
0.13455343869280378
0.1461431751119264
0.1575863030283508
0.1730856128418439
0.18485009900738744
0.19481221708234955
0.20441637467886858
0.21727677305304158
0.23431730748062657
0.24568954374910487
0.24646509019936536
0.2522246242720642
0.25318216444652575
0.254450999074692
0.25054626518914924
0.2526816033796785
0.25145288381750397
0.2527703931639215
0.25628498487873447
0.26091121118625066
0.26216008085196846
0.2605740962765875
0.2601461053436328
0.25820152578749794
0.2535509919491419
0.25116710194891073
0.25081239705668745
0.2456352768890864
0.23347696516698757
0.22457358152325466
0.22364988707139577
0.22259473693683204
0.21973195641066212
0.2158270256021891
0.21043958647304128
0.19836375949460286
0.18513497191203937
0.17710204915252517
0.16809430817439858
0.16302542323708757
0.1578333967470646
0.1574290100646499
0.1467111919367258
0.1369771119706159
0.12447405995855676
0.1205763418445655
0.11578589538814121
0.11101802701380174
0.09220061741348036
0.08526399852043694
0.08161401058690697
0.07129004172433856
0.05348372714001464
0.052236739974096696
0.06041071491107819
0.062064662542771196
0.07184821958309076
0.07491969196557333
0.07664358826747364
0.06823930480636145
0.06782683364434547
0.06653068427367814
0.06855808812897778
0.07666096454100525
0.10142535630849549
0.13171536696254166
0.14762550308011324
0.1601363483713012
0.17562601410385556
0.18867395481779048
0.19142746611211614
0.1961869579284297
0.20695679035962167
0.22085241473211392
0.24180158191798323
0.26343674862009814
0.29236435342476036
0.32208729171854833
0.3512410723383252
0.36649711903076804
0.37141516162190236
0.36950250653877476
0.3666923911285231
0.3680048693231895
0.3816921239544133
0.4059660586199761
0.42578900092336497
0.4438916280460023
0.46415374948779636
0.48802181448830917
0.5019727909324139
0.5047450570201968
0.4991118706645155
0.4939786729317085
0.49658561186839684
0.5012361503569291
0.502404796940929
0.4981894627281989
0.4933632774892105
0.487085945475439
0.4826009921821783
0.4823775101502876
0.4843253682106466
0.48311381164101713
0.479459584483203
0.47169403120687897
0.4631234702002945
0.45166731389915404
0.4405696816997182
0.43211096829128615
0.4238614345520393
0.41265206569942703
0.3973160279885194
0.38484151807459477
0.3727935601829178
0.3541188267122145
0.3376364026507111
0.33034678506144866
0.3275073438508547
0.31718051943605846
0.2961872205526712
0.274657858034362
0.24193228266996517
0.21275220933988073
0.2079771338595563
0.22893047544599782
0.24594564219780335
0.24607687364774672
0.24798534148108195
0.2337728774882398
0.20389174992963457
0.16146303754605953
0.13572328760758795
0.12075074321186348
0.11939548143125908
0.11464313926012623
0.1167547652763381
0.11563950030268788
0.11785798743152448
0.11890167874937776
0.120899680508921
0.1150790492231429
0.11301216429938285
0.11140190453598944
0.11345917531672298
0.1142194166691458
0.11815568531194029
0.12242305388431302
0.13038349423424953
0.1412810257485669
0.14900298353414984
0.1635403024318866
0.18816832842284303
0.22112045506918365
0.2524468178281279
0.2779024142845379
0.2937496991076988
0.30825662631980383
0.3374641663044948
0.3669884504974412
0.38313671222695106
0.3887629858583814
0.39360096672381073
0.39899854962613934
0.40540706544324145
0.4112275650790111
0.41166260358322954
0.4106349778950478
0.40532342536144433
0.40037190274526235
0.3995634563317171
0.40179723435348713
0.40302575238747385
0.4022900795822618
0.4012206156216367
0.400751485469072
0.40250542550480006
0.40265174684469246
0.3958413714346625
0.38379176851978436
0.3721793027898286
0.36821889257387386
0.35981308323385486
0.34578817855617683
0.32871272217340347
0.3160008961461871
0.3025753355362572
0.2759634827300675
0.24503070209881822
0.20803043569825716
0.17021668288506728
0.1366454913901356
0.11658598024334395
0.10641775818517837
0.09659810961720919
0.09026689382898817
0.08195651283979706
0.07520754728540231
0.072320436425334
0.06988212442734679
0.06928235760551141
0.066698230321013
0.06456830613827437
0.06257296077770826
0.06510554766812623
0.07213072698209384
0.07667262724958997
0.0784692459015155
0.07794706656247863
0.0873765807985468
0.09969700241366411
0.11192347153535102
0.12416153979260129
0.14005046950067312
0.15497395891068522
0.16745492735209644
0.18732074773879484
0.20700061306178186
0.2230392824643633
0.2433478023866075
0.2706297926357966
0.29178222150068467
0.3002276346182505
0.30189783656992647
0.30206363148927334
0.29672569545390626
0.3013987644451646
0.3135698002608007
0.32779058508450787
0.3311568295889736
0.33511354591209613
0.34112794337934155
0.3376978792726855
0.3195902914829424
0.29264250554599114
0.26707523305486
0.24399543830756612
0.23687522347218573
0.2367335317172829
0.2358348729201514
0.23107349949783518
0.22785383546525698
0.2214084159117735
0.20912697021922588
0.1936790077249026
0.17498794503649542
0.1627588268861414
0.15713378866284633
0.15159375784163473
0.14089789269100042
0.12279537826600602
0.10642802767957633
0.09201993477957533
0.08226155084475198
0.07226315600129557
0.0681096480206333
0.06340942907777677
0.06500494222254914
0.057068835678064575
0.04798321940601993
0.0385638859286616
0.0487931372383126
