-0.06471003668628404
-0.747291832162861
-0.8688640918928979
-0.7507010868223258
-0.507571494010329
-0.5245500571287319
-0.6129672888910667
-0.5450105815610992
-0.33407625870918883
-0.3153184334718436
-0.6323314326738444
-0.6319952013031763
-0.3982789403999069
-0.1072201726735641
-0.04517887625583368
0.04336981921258353
-0.05196410292288584
-0.02612766645933193
0.013814651564635825
0.060092711638403705
-0.023836165549649905
-0.052324853630284454
-0.06663535400732083
0.11510599998114035
0.09840332007543687
-0.040097867272415814
-0.1859964286378969
-2.0419867305166947e-05
0.10374464709623263
0.22296153750667286
0.5505617070706179
0.7573934512367986
0.8070525709805337
0.7173309761960882
0.7868382617279646
0.6503667223893713
0.47012000032577955
0.22226882124322045
0.09686939134357779
0.08523218525597624
0.16384853414699868
0.24984071040419528
0.14135579105511178
0.09973351681572297
-0.019739422455270574
0.031651258428653344
-0.0327434658118208
0.1518770646122296
0.1862331394962435
0.10193846439321626
0.001384109236561578
0.05329447366929816
0.19945790481308118
0.11720388227210234
0.10612004419574864
-0.017181622346351705
-0.02005077151854357
-0.4410412736409282
-0.5989670494877364
-0.5760272930008895
-0.31230533922064335
-0.3014358758974572
-0.1486905039187043
-0.19346081429202558
-0.3794745664043701
-0.37814492421264506
-0.6114082820494677
-0.8398531518332131
-1.0
-0.46877882181589287
-0.2634886894130155
-0.048666212171104416
-0.0646663384960467
0.021837746056299977
0.0258334595158534
-0.009833231580506304
0.006556227118347583
0.08859208023489902
0.0914108697794851
0.04254400403053741
0.015999978226150867
0.05822035580489496
-0.06587136184436092
-0.07528362993288583
-0.07664654496408298
0.03980511410088358
0.04394432877544877
0.44213686574973315
0.6614743379064942
0.6419111025939983
0.3488790306616712
0.3572262420281065
0.39153673811279516
0.46636282116738464
0.47957450321077644
0.31981996974454596
0.1640427893563935
0.15139863556524857
0.21463010866747328
0.22761543153639882
0.18520652589190761
0.027872926163775107
-0.03607203491179573
0.04226629607091045
0.12218065558321237
0.06810044444103698
-0.028561801521580773
-0.0019126534351290804
-0.016260509962844758
-0.11043442854782104
-0.20566090550997784
-0.23372031011489097
-0.18624475704507112
-0.16782570364526475
-0.1505199654929004
-0.16011767985459088
-0.1953116005186436
-0.17196098075156466
-0.20505779833393373
-0.2814769160179547
-0.492328571266069
-0.5081054608140092
-0.45924101847613547
-0.3155368857800062
-0.29418043505823116
-0.2916218048917903
-0.16413589320244049
0.02106315295471226
-0.051659473264336425
-0.09248351893235313
0.01742758688890857
0.08093765828592478
-0.04965185232442417
-0.1006118266244578
-0.08646735683862729
-0.06315741527786409
-0.010333106096794189
-0.012039690478391893
-0.00022747357740311686
-0.031104293503825604
-0.046034994207660086
-0.027942926249652087
0.07677271268004034
0.057279119818608955
0.16626370073249538
0.26345280342878746
0.39413382083443177
0.31202567521337243
0.3438142038806451
0.4196158359002882
0.42125877699689757
0.474569596926934
0.47013158879147793
0.4510904279249313
0.33852532477042374
0.24062223924929427
0.15718418145363688
0.10963052431301654
0.20284134778550741
0.29179839174507843
0.37768652787119844
0.38622851688987797
0.283120091092325
0.1757357839706535
0.042186864181350266
-0.02648630653308913
-0.04611887859115933
0.01770611268444276
-0.016456650140136513
-0.001619260518848904
0.007442644507995942
0.008065705096976378
-0.10017357710716202
-0.11358241675009355
-0.06107835193473964
0.0017671054442150872
-0.03596290284620792
-0.0595029536124245
-0.12934749459629716
-0.18178600984193133
-0.2533644830930437
-0.22652885379572263
-0.18645754963783692
-0.11364644959008031
-0.16430212290084548
-0.4206184545672827
-0.5651244221558284
-0.4734998578790323
-0.4447807496042191
-0.44388074205816536
-0.43422545812049534
-0.39598078851881513
-0.569240270964842
-0.48573667228613954
-0.30912603743325556
-0.02235555765228323
-0.03784960166074801
-0.10587915786842791
-0.1425989369315435
-0.025634134498980464
-0.0014302119720009953
-0.02768910544529841
0.002233726419583467
0.009132154679843426
0.057310839038233245
-0.029335578972530942
0.00482757330782644
-0.0026295834047759584
0.10898398804037956
0.21391299960635482
0.3741625369599813
0.47642043108370674
0.5209100785521548
0.6558363395835293
0.6323403759223453
0.49744872223449366
0.2519763768884185
0.36979958027214027
0.507471709264808
0.4870719421300817
0.2954185887931741
0.21117111667651503
0.11656469261529087
-0.05702699570628535
-0.21937291471355172
-0.12181068574894922
0.02953016439270005
0.0408430286572456
-0.0871384951403514
-0.10536237837393381
-0.06742485196297378
-0.08481735680404735
-0.07612292168256043
-0.07505780564329372
0.00022102446109102734
0.02508161081496592
0.008151069834032092
-0.0014225864184088724
0.01036203856957407
-0.024086672248405445
-0.08903412207325882
-0.12170670383202671
-0.1489164097476057
-0.1576442158208528
-0.26101230975169065
-0.390860729024645
-0.48822576407125784
-0.3407632743805088
-0.15066817143842037
-0.0754266548352228
-0.19503468067124335
-0.264240620406345
-0.17040722412444365
-0.181686388519698
-0.37551396035236395
-0.5510180893851379
-0.5394079088493124
-0.36754027674747863
-0.16486335341558367
-0.04851102589174197
-0.044692479069665295
-0.040063735015251435
-0.058979444727409194
-0.052031636725080876
-0.05521915038180266
0.018271945659522944
-0.002569979281692422
-0.05662295145810734
-0.13290718465625095
-0.08659330952840173
-0.03777217910650884
0.08100411442286638
0.23594903886402774
0.5589385487648841
0.6071485215056264
0.4670122214164547
0.3353499744171496
0.3604730238048771
0.2813348067993216
0.31345474190915246
0.5308535255429772
0.5851333144884509
0.3772589820911531
0.23565232080073084
0.2343920441896915
0.19788022360475616
0.13591324294585508
0.07818881826127401
0.10489039718796762
0.09974246460656307
0.1711121826902289
0.15866307926561524
0.07999806880739896
-0.0055821141951961995
-0.024970281580923064
-0.08339832738339427
-0.1120983891265453
0.02508597485239226
0.06776425569608148
-0.0498929232365944
-0.11108302770642445
-0.04546680458000116
-0.05899199349188917
-0.02944546533885626
0.049816262141038986
-0.028458228727684463
-0.12782769464555313
-0.18147338267263263
-0.16788577673029492
-0.17222159903723128
-0.11788402075660628
-0.3216468553297625
-0.32772724027840133
-0.29011814564292815
-0.25848056777907513
-0.34051780694233974
-0.30642867663046
-0.33791042466232174
-0.41700135081596623
-0.383630500414936
-0.3894940561106096
-0.31763632900848326
-0.22930549594321087
-0.08657823943842377
-0.07339613440432632
0.009155890517676655
-0.03909549846203205
0.020410145673659855
-0.04579746854309488
-0.07117341329271887
-0.1920578695990925
-0.13611141687568576
-0.05984091063315055
0.0349513321067494
0.09665196857516756
0.11897750384451834
0.15385110516025985
0.022478224073937864
0.11660340538190403
0.16832712265060687
0.12696168285311785
-0.11417494384777392
-0.10300768851582663
-0.09735125995128747
0.0712175052274011
-0.025576952409597866
-0.02124963722547106
-0.1719441048914184
0.016505592026459997
0.009256295542791634
0.008106376636487085
-0.2144971299057497
-0.44386558231878714
0.11018207987926726
0.396000736018479
0.2503157069187735
-0.272607501216474
-0.313764909627565
-0.17792801801342759
-0.09586250045975382
0.1495792521696611
-0.056288747748843855
0.07957733182817164
0.08457253028185507
0.13362340076390156
-0.09846588817709331
0.007354521502442463
0.07370325581219661
0.03748655825121721
-0.03364027377976367
-0.0377165530899936
0.05049649504566099
0.05483437645093913
0.1204533068773873
0.052303595986117106
0.060457409495289265
0.003484834802587776
0.06433733889860868
0.10209204712630338
0.07221853038120508
0.07741089637706666
0.16577956798727617
0.17598783710956942
0.15160403660568947
0.1912096341050989
0.43452220895263055
0.6068437033587836
0.5721802338825376
0.2759834388720857
0.0812944722163161
-0.0040711538441553004
0.0023927094061980563
0.014921004598217104
0.0882216358441297
0.0641829350131734
0.0806309431798586
0.06128588867581785
0.10021918613199672
0.09013494353768907
0.09936568346272515
0.022111545268054523
0.11443369543739584
0.15785320647975154
0.21743193735037536
0.17732711631874504
0.15990214349365822
0.024041504588873754
-0.018261690668284147
-0.04575583614498942
0.009689855049084286
0.0411196638119963
0.06899684155111473
-0.011908883123021746
-0.04953200458644096
-0.06060771953800638
-0.0177282917172628
-0.015550150212777789
-0.015169029724595141
0.0004155655512028183
0.07921629462160744
0.05036872414940791
-0.023988083271719318
-0.1881463294927266
-0.3498631310347042
-0.5369238312198829
-0.6149128579966915
-0.6533181195205341
-0.567445614899358
-0.4044338358903765
-0.11566548813340698
0.03034375974349838
-0.015533070671727928
-0.3325043369745478
-0.4590350857351303
-0.46857195331110685
-0.3021429526441403
-0.15302203361985237
-0.033827282141832185
-0.06405427077023938
-0.04563957320702796
0.02717764619919861
-0.0004357359794561434
-0.05514478817223108
-0.02017879602937932
0.006613704368392672
-0.03995181983319133
-0.01174825767886526
0.06634587178131526
0.12933654966017516
0.18405336656711344
0.2535348435682675
0.39708768497664465
0.5390946130176336
0.6116524033165501
0.4016182422219265
0.3707863414129675
0.335634134269213
0.3879705902774534
0.19299133341036379
0.17896060169663613
0.1765791536632466
0.3253087313517651
0.2676321258601628
0.3009738086939634
0.2740804452319748
0.29599714597860466
0.12152688243578572
-0.016137209466913903
-0.13208013759878873
-0.09211443704325255
-0.05514292228614388
-0.047498496610169104
-0.012767677676163837
-0.043336512323234766
-0.14067477329096528
-0.1564011253556443
-0.13125317884895607
-0.1221890881317036
-0.16925633891675887
-0.19215731203732345
-0.3316912065386365
-0.37148641580166303
-0.3765293485425912
-0.27437584423966005
-0.168247866381918
0.007386138625897416
-0.006732495002590047
-0.0820608939555796
-0.14601456743786315
-0.1756387527103999
-0.28357323787813793
-0.4756800366701737
-0.4890285052549016
-0.15163840313016555
0.14358755889175326
0.08444262426396788
-0.0493581721099202
-0.04594885064649982
-0.012341386536744181
-0.12554005988577763
-0.01220017598991463
-6.931564795904878e-05
0.08574777325241534
-0.054035917798598086
-0.003828609774241378
-0.014948059431766553
0.2222817184517103
0.41478760198257536
0.44343180854266473
0.2903461815942522
0.15378925987812464
0.16750282238720962
0.2775254522361277
0.30491577902004
0.28942540384207843
0.2256272358923917
0.29065978574080426
0.2932456417730852
0.2915786820967272
0.1460339992732943
-0.011737771744503297
0.024094376841993125
0.10524308331201664
0.18497253048077894
0.21797345801025317
0.246996414153922
0.16332407920044686
0.00566537524755043
-0.05987201013274282
-0.0747655559353383
-0.13491948463639067
-0.08737006606865363
-0.042623066750780654
-0.002722682029176578
-0.053220871811008104
-0.06727038011427108
-0.0894884339033854
-0.08468018620515097
-0.07586573472789532
-0.11152473420911653
-0.11829904845634923
-0.1478977345329586
-0.2575674400418361
-0.3243645625955461
-0.2072604511905785
-0.03897128637719417
0.014727026424045008
-0.02912302387737879
-0.03454327334030401
-0.019097011610305935
-0.07374200725766043
-0.1560221879380558
-0.19547701778747917
-0.15655281156971018
-0.09888514629800345
-0.03946222340353915
0.029603161607128614
0.05221862745567242
0.0030056940430982014
-0.058605282410095216
-0.050478836359321065
-0.07993616667704737
-0.12846536185609833
-0.16693103026898762
-0.13212417038801735
-0.11663224837598024
-0.09905103461052887
-0.11381216280825177
-0.13618408287261383
-0.14932135072013766
-0.11144152556615901
-0.020208217831517803
-0.012727103646401908
-0.023060417120349657
-0.05912234724413688
0.09088598005871444
0.030684571962749752
0.02563587025540371
-0.05020936926040845
-0.015231633608449664
-0.047481086648984996
-0.015377645245821601
0.014986746582635168
-0.03266074043426137
0.0808547425478204
0.1495935069951934
0.15747074191751065
0.011509121538989213
-0.14234355882396157
-0.17358252799085203
-0.04549079855435199
0.2665003234225876
0.27258969515321635
0.1510568974557292
0.004338838348015554
0.011991492634547648
-0.16373893219681857
-0.14940960403741838
-0.10823783046398841
0.013166289139197151
-0.015475213115338726
0.04754414052588672
-0.08195540599153987
-0.16706506096619475
-0.21848302876241732
-0.10392534125205387
0.037636178073252806
0.1788488050111102
0.14584621940064516
0.07341701678005347
0.011670790375727083
-0.02799007670308588
-0.055913800144828635
-0.0854555346723663
-0.056558834098216805
-0.06758757981678708
-0.09359565756310807
-0.1203763081229037
-0.07891722981127086
-0.007366213699526223
-0.003171540183395296
0.027233688646531553
-0.03729845810521975
-0.07891341711008479
-0.10396953941711345
-0.007800319206308755
-0.022902878941701628
-0.029749875383383268
-0.012469484718958262
0.03628629299438672
-0.013139192234932415
-0.008880190238391008
-0.032409022048497924
-0.021692540277641836
-0.04062121491522921
-0.010975427659960285
-0.002677389250958876
0.06580352557061331
0.1271189873429657
0.09104344559508207
0.05779766358435717
0.005173917866130794
0.02934108175502127
-0.0030872036366723426
0.10133477955889462
0.1795082089454981
0.2364913700050742
0.2700536433605179
0.29357519117228764
0.20884863377890767
0.013454818142167303
-0.09937007663366462
0.03363737613130641
0.220331556980722
0.3277361582845952
0.2997365922370163
0.2559641896353535
0.12292911530016994
-0.040756200074922394
-0.03752017800042211
-0.013324823080483642
0.05486125148803986
0.07488538714956253
0.0796274073464783
-0.016950141889496523
-0.07121257456000424
-0.0672535118539891
-0.06710369912750351
-0.07949552982170946
-0.09507324939302088
-0.0766219816484045
-0.05355981674855959
0.04748619459490944
0.09469566319676359
0.10102436826270385
-0.004598607608136072
-0.02865221351585092
-0.05513559404957559
-0.0993472250432837
-0.19000275060047736
-0.2090918899161881
-0.13406305852840605
-0.058959543061668035
0.012087781728304832
-0.06285073764806315
-0.12364057082599277
-0.16975886689422623
-0.28242328595744237
-0.39040433044056566
-0.38273286207688645
-0.20728628257171314
-0.08259367232086952
0.004815134884952953
0.034514760127960814
0.06459885910791403
0.08193193838521594
0.04098182268022442
0.028770877648451973
-0.022421450915470122
-0.026231584857767345
-0.06370752406096179
-0.07466282809555362
-0.06361730345654784
-0.0004499642695257451
0.012436697860589855
0.02407739553760072
0.014598756719551876
0.11412224490427804
0.11348254302467191
0.20102488146199324
0.3169671076770661
0.46999312501583124
0.3875709841442009
0.1982974035653578
0.05875430091107664
-0.03947725383102383
-0.006738060236930582
0.09761701096543227
0.1544004361397432
0.13375224419022677
0.06824873081169984
0.027557785034236275
-0.09945523203431737
-0.12985801163023294
-0.09029386217739305
0.007917769913247337
0.0010483860563373249
-0.007972000575139668
-0.03730530992398041
-0.08323472492005181
-0.23966761081652344
-0.26481240245692633
-0.0515516435746888
0.1828193303731611
0.2236432078007006
0.1497593680912783
0.0850868474967789
-0.027528124260979805
-0.10739072465709285
-0.19529711781339734
-0.2784547359862534
-0.2340103500958438
-0.1777639810160029
-0.16724236324487357
-0.14343382315213665
-0.06665111562482147
-0.15523110714101196
-0.19809467227629732
-0.1387479903710934
-0.04671099516828738
-0.07473220309439765
-0.0627119987171901
-0.04650663173021056
-0.0033253942406449026
0.005925090401855316
0.019493509618186272
0.020003347261690584
0.02461086891305505
-0.025226035834879857
-0.03681656536914393
-0.019107900279034796
0.008546106995979798
0.024459679031046382
0.0939923650386152
0.18484151654290645
0.11800944413607764
0.1105478739857336
0.12361174969277573
0.19136373277925872
0.14566066233475083
0.12768220898007462
0.11619479823413258
0.09632003999106797
0.09420855202953943
0.1647312394772847
0.2323150928758477
0.267435020394685
0.23726541345677352
0.18708863048952976
0.0791020052445084
0.026101564093217077
0.021775614818508333
-0.0005390958347081214
-0.021254778988843922
-0.04435041745871664
-0.0338633083897233
-0.04010306589692184
-0.05608796244770654
-0.06280930398751387
-0.011751514644920876
-0.019413314145688424
-0.030194146106919645
-0.052248599995631674
-0.04339530742653886
-0.10389532626038099
-0.08239575658429119
-0.027982821307776296
0.0008006815677846186
-0.12382918067001948
-0.3053017952811112
-0.306791693226843
-0.26923566084937783
-0.14885040296194388
-0.1486238735879382
-0.10255697198774417
-0.1636662368934137
-0.20900090941809688
-0.18327415103324993
-0.18445719666216456
-0.10102434544965057
-0.06218031704340221
0.07837053272146999
0.06600453352849833
0.043709439109577385
0.001370866777085074
0.019059915314833212
0.04339879223727103
0.016640609466696064
-0.016663279776096166
-0.007301189018114745
0.04349911126531063
0.10220656469999666
0.1040200098715806
0.09840623505785351
0.05567778191828945
0.1705863330306618
0.17555786684088326
0.12526440975201794
0.02877402229169763
0.0837867674232227
0.071389864278278
0.11638583693458043
0.25444642971381964
0.32029177602159886
0.23581954380724246
0.18712725944549008
0.15254091403631687
0.14986625659491212
0.024080774768590194
0.06599121111834667
0.02235711817663333
0.06562839298274112
-0.01847546193101935
0.07853337424563388
0.0379404071005042
0.0033758126629953944
-0.10009061567841901
-0.00595899300862535
-0.018867574016079514
0.04479637306833464
-0.023638687554240055
0.031171129918367246
-0.0757017456719939
-0.022907640509283636
-0.13775199300190366
-0.20834132090958388
-0.4169776215316307
-0.41942132730799137
-0.3794245000445565
-0.210948666883314
-0.09845945000844822
-0.032486864112159085
-0.04124552411661475
-0.07571371834885628
-0.02500129291852151
-0.07708468921633618
-0.06117701261593993
-0.051973204180838554
-0.04745134055944437
-0.09929352563518326
-0.037797107095124266
-0.005208896220197637
0.042171536955322095
0.09089888953384678
0.047330463689763264
-0.026611336745193243
-0.02328949232332946
0.0046740310801102036
-0.027511295514135264
0.06730245708205894
0.09827146798235505
0.13412284835096736
0.07972374186288309
0.019999207914615413
-0.034397621961221383
0.051708227591904736
0.06044353388543913
0.08655786506554626
0.1481583034258928
0.2392073674540067
0.25886678915051997
0.28900980068298054
0.19788941945832333
0.0548320152562266
-0.011721896966692942
0.05076597113845288
0.06328100498518054
0.07324137392824692
0.07819289380470573
0.0854100968616662
0.0477575152717898
-0.018127748918356154
-0.07070367844191554
-0.06232410861498765
-0.007896872469618187
0.024387115659137672
0.0071471798571903986
-0.0417319069262948
-0.05102796398376744
-0.09572416002087845
-0.12136062211255412
-0.0903750504589875
-0.026465987575520777
-0.05932161353735404
-0.1334204383581446
-0.2369455091656053
-0.2520216812934072
-0.2836480438611506
-0.19195334346260937
-0.15662115823637615
-0.0868937823729848
-0.0812105633238535
-0.010904531722433749
0.016364829704821046
-0.03504629696570814
-0.05557843931598268
0.03744151193150305
0.06090395669101709
0.06651307249821918
-0.0477150070370192
0.03178923882892645
0.011476175579994629
0.03010703540918668
-0.019441294033165208
0.030326209233522274
0.060904531733028726
-0.016147193021175087
-0.016772784908666752
0.02835562026629959
0.036810177174383216
0.03609525260675386
0.051411658367552474
0.09333481735306415
0.08615514757992226
0.15092709684285435
0.16473963716083298
0.0658882308353827
0.015678596250172046
0.005430069175611161
0.14296943632755557
0.08821677962549614
0.0936607743101057
0.024266396826230784
0.09619279316583242
0.009340187104750777
0.02013428126381561
0.01769534778099181
0.005284922121201533
-0.011455675248734188
0.008784160496408091
0.02925697026637847
0.04304341501393452
0.04086826852988773
0.03080504625364649
-0.02108812069012904
-0.023851929313926424
-0.014106573417472987
0.021989876898948612
0.017554841576868527
0.02415447384964651
-0.017027062255163105
-0.048267816046899295
-0.11079484770048001
-0.16821560604757646
-0.22479012532775994
-0.1672756229152962
-0.07275274760155244
-0.06272073953047526
-0.06803122358484824
-0.08855864236202096
-0.07592625784649129
-0.08965759938866746
-0.13600328993116387
-0.12767775896552594
-0.1628512464169098
-0.10090233003954518
-0.11897107637201888
-0.016417445316675633
-0.027800079278226385
0.022508661177287566
-0.007721423868881579
0.013046364761933285
-0.0009077298336008242
0.019123998985687937
-0.019549205351835772
-0.0188709075288633
-0.036488076601243216
-0.004655220422521943
-0.01684461347785959
0.00803683293815418
0.016797727880536063
0.014074799020636228
-0.03324330825491968
0.022323652257215543
0.1274995451155106
0.19560205974055642
0.13656323552475527
0.07729553289242064
0.04379885869596672
0.016965557277614528
-0.003365028250925425
0.007048001942312898
0.022862454939202897
0.04872322196313289
0.13774300828122601
0.12086958626745659
0.023776751030896038
-0.06765808028846909
-0.0297695492584153
0.021873111854122565
0.03972771518872046
0.04162097469523467
0.03367369639430021
-0.0016288392049821601
-0.010425723940227583
0.05905562657841015
0.059199064838240376
-0.050755912431071644
-0.058202991409745664
0.0204052887324396
-0.03310517748576209
-0.07877798349964317
-0.09762669802404149
0.00640427220031741
-0.04077544593533094
-0.0839373029317551
-0.16929255375475832
-0.12612070363554842
-0.08420625905284619
-0.04400284809331226
-0.008999118885920704
-0.0559234452291784
-0.03203754969648953
-0.04429383124880332
0.0034923826896493286
-0.04078952987532096
-0.05431080608975906
-0.08160771285333188
-0.006216832247740045
-0.00130866869681517
0.02530875432792927
-0.032772320801374176
-0.05374020807085464
-0.06482645703363994
0.011210903741121346
0.025881385037619335
0.0020151434852015457
0.007924204020677034
0.0005612936348476644
0.010158626761315154
0.011260119255112142
-0.03773496448110256
-0.009049006470338078
-0.03091614534123907
0.02183140669434381
-0.0001477437015278465
0.029243447747069364
-0.017087953398924043
0.025954267139951553
0.05759917151300053
0.010688438277665298
-0.009243920060584469
0.034548205304484485
0.05341780280697293
0.036683870649417846
0.11642117065031263
0.15874131100370537
0.07873041169344065
0.0608862624467311
0.021897872352403248
0.013967203700899801
-0.016027905579404252
0.08027106655762915
0.10921531923710615
0.15278470804191957
0.10996401410834146
0.06999719283512805
0.060413685131308
0.0739268220263602
0.05431983749534083
0.06869273383229003
0.07559316561502245
0.009523514496509134
-0.07629069018750893
-0.006052204283716271
0.10606232472138244
0.03238707423833643
-0.03124344668701125
-0.06272870340310396
-0.008344046174701523
-0.06637607061574058
-0.026137510494961293
0.05145596545087971
0.059731122908912526
0.02745735657241788
-0.10772477972731427
-0.20105522016765054
-0.3031935678546855
-0.18962687335773348
-0.036047489044150366
0.06419354405673523
0.09083322131124452
0.07533084065559473
0.06021396679034775
0.03469416779418234
0.010449901455752591
-0.018244189748244013
-0.08671741671518357
-0.13789687955332391
-0.1731648385964255
-0.08196162840970489
-0.08708629089860233
-0.05240935194082836
-0.04601920855997286
0.03932984441624493
0.017615360448307995
0.02415317180954404
-0.09123246364463226
-0.07866270175861209
0.09193211538575694
0.15330042888867904
-0.015255370330297502
-0.07254764273721225
0.00824191646548963
0.032326652424015986
-0.027494191472703527
0.009915731242704208
0.02171021484712438
0.0615250011680022
0.08262248634436152
0.09205579600902324
0.10354205092169871
0.06391592478294039
-0.01787431363514343
-0.06780291853774864
-0.035298309653325075
0.08709527120470877
0.13484111671489948
0.17241352044923958
0.0892054448142983
0.06774255549727266
0.04005507462820317
-0.021756147987354126
-0.09694865466481821
-0.11092487080009311
-0.0850568199742647
-0.10410011048609576
-0.1456723662532508
-0.0006713282734885244
0.16081294812481767
0.34850697809263825
0.3377048381788157
0.2522083254122132
0.0406251753920484
-0.05843381102276071
-0.0672740347469919
-0.11137328883532804
-0.17551416195931793
-0.12377818029455857
-0.04663746882122657
0.08183508024267527
0.2120938756581547
0.19667548930631454
0.06107967831334112
-0.08847242717397542
-0.08273409837750205
-0.09094611668501917
0.076460091149462
0.16088047008627832
0.18717998131050562
0.14232559842944578
0.11985344705731407
0.012583126969796807
-0.042832835263187645
-0.09019521392939196
-0.025648218243433153
-0.02871931880698907
0.03852224724511131
0.0402202654542363
0.06585543289958842
-0.014791624196916065
-0.02953354628210421
-0.06916302552384065
0.07840706749525986
0.09659409886887384
0.14707958118422837
0.037180044524420044
-0.005146351721015016
-0.0597887048564548
-0.05238366575940939
-0.028392863735160315
-0.059373558390646154
-0.08071257086859013
-0.09658171456968218
-0.0969455764391265
-0.14319430242508419
-0.22217179691580088
-0.11692667673669736
0.05137991741867671
0.046254601529534735
-0.055940726448361774
-0.10730097298563215
-0.07472698514464914
-0.055972626090465216
-0.05324293061432533
0.001357755259110179
-0.07412995249472258
-0.11906816806615594
-0.25218397361755
-0.2739450380645418
-0.2220574061357701
-0.068287231217918
0.009325981715551457
-0.03674502884888823
-0.04060777045364088
-0.06941389987599861
-0.042080301270110004
-0.055158625127916694
-0.029335772458515694
-0.02587672977396342
0.011492976741880153
0.011515071162661615
0.050468588962279286
-0.03293849906716094
-0.08044368268806845
0.016263299399261005
0.0804029635736868
0.029779031939230684
0.01206828878278682
0.11033948213539475
0.32756360976148824
0.4666269061670307
0.46941988294238157
0.30909665368381195
0.2246528268798637
0.2082176644048084
0.21772637621791782
0.23211301462916592
0.1575382154902142
0.0949365541164574
0.06780462609467403
0.04573411706814745
-0.0022691422097134016
-0.07760048230432691
-0.01570374204715152
0.05303674741223799
0.17970372963936335
0.19334538276561838
0.18455347093527658
0.0859481461511758
0.025013408206521533
-0.05442605426402496
-0.13616497612285844
-0.10419673194194737
-0.02230858733222689
-0.0026931172423401064
-0.048288518376111325
-0.02642584504354468
-0.01836839008752724
-0.04648504431368637
-0.09476483327832833
-0.11448290123562699
-0.09074702344301043
-0.22576984895690308
-0.35605940489818944
-0.48487147268724134
-0.3927108745803263
-0.28011459409738765
-0.024032539965636472
0.06519537150706359
0.10972006370975167
-0.0031911520149074894
-0.031988775618321426
-0.08366871276533724
-0.1438810804204085
-0.04805898045422424
0.08272548379108569
0.24647124865118533
0.15547205918449264
0.17599555089202515
-0.001153495737245628
-0.0759732614590482
-0.14903994899070966
-0.08027317342489348
-0.012932333904281787
0.022390168552333334
0.04644341186585082
0.043302123350250576
-0.02147430610741441
-0.11502591598606461
-0.03599370785552712
-0.009291713716021248
-0.0509987110620118
0.007598903415883327
0.049305210350243635
0.045978859372869975
-0.07166394425778141
-0.004183503923363982
0.0695956803892153
0.21521955401153015
0.10302992473959521
0.03961751243961312
0.0066704958662465695
0.033374627577692224
-0.042238933648947215
-0.09736488108495059
-0.1130740562195482
-0.07706723175225332
-0.055239690043158755
-0.018898232888014916
0.001706050502244688
0.03550042572102971
0.013960625723074225
0.01020658038059624
-0.02472662479589609
-0.026947096875175935
-0.029241308423424095
-0.029833523158709862
-0.05068503184354304
-0.0038204746035930236
-0.04020853437758803
-0.018822818683038953
-0.01576174332485203
0.03440522800911395
-0.026667312425086437
-0.03564148140818554
-0.034649668040035955
-0.010062398631406308
-0.007142305979226497
0.0012016630556097255
-0.015336462936119353
-0.0011259113714169398
0.02572532084124907
0.030925609098492925
-0.032520867268173284
-0.07357446389949526
-0.09089874662326873
0.032305507553486754
0.1432602193830146
0.19013779597912062
0.10578561050825046
0.012746554302210571
-0.10493567633743105
-0.16953171694674005
-0.1126709035734826
-0.061691101510253706
-0.0294038809290997
-0.02000320659612686
-0.057603298118174065
-0.14792156856849134
-0.23022046534952803
-0.2150847643021166
-0.1654560949773418
-0.09021579232855345
-0.06125924232799745
-0.0662661421175763
-0.0862926797708257
-0.06873724565644537
-0.07402220163375421
-0.09251603350464543
-0.008701278057002966
0.03624302099155926
-0.0095139206256851
-0.08600278260935176
0.008229728091194105
0.021168884111025063
0.042056609644383694
0.10201661434453799
0.18012982786286014
0.14771883672265154
0.0981637231467738
0.04446672434390687
0.0432838943830886
0.03999696230545991
0.0429798424436957
0.024023370792127137
0.03444654734442222
0.02032225411950156
0.024625664149908664
0.03819319278213833
0.012910186251225537
0.0046910864254350974
-0.008779060282543046
0.026007599689039672
-0.0002696721264784307
0.03903198884172663
0.009041657027581427
0.025183895501360624
-0.006125438857787628
0.026670022958234837
-0.020240835416763744
-0.0824152906759132
-0.044338253019387854
-0.01019215592814795
0.00910129538442429
-0.014949678671529014
-0.02349057519411171
-0.03621720425545388
-0.007278044287424838
0.05387369556234779
0.012119968822542397
0.013477080343623856
-0.045294607472083366
-0.03870108622199962
-0.04879252960899243
0.0035205170958543023
-0.01685647225689474
-0.021675202997948693
-0.03792823493805761
-0.049715975120861684
-0.038531885144194984
-0.05560502569385864
-0.021354567691921317
-0.022086671317935982
-0.0005752928184977385
-0.053520301380513946
-0.03843241121475457
-0.04081967406615928
-0.044671248814007775
0.02709393413055767
0.06241206463123119
0.054333237428292956
0.006173528597174343
0.03164772317571915
0.008226355053591705
0.011576650187867056
0.04095675412842608
0.10532571971760753
0.09756752926262449
0.07095246901589837
0.08804250135728092
0.17904079336382867
0.28098619097896943
0.23914908115717087
0.091445236016806
0.015962363322561117
-0.013923537006506179
0.041065559280083874
-0.0071283010789153075
0.009467592054241308
-0.08416816139064699
-0.036300908728420164
-0.055086783139940615
-0.02815285004831713
0.028906109909754094
0.11181567450109245
0.0290290516002176
0.012596630812009846
-0.014387870107492765
-0.00252800537400901
-0.08847678942548567
-0.08183648856144006
-0.09108575810722441
-0.05623470159972731
-0.04115197339463367
-0.08543635807574121
-0.1035233278373895
-0.1302362437944632
-0.12407800193080051
-0.16236331576282326
-0.17200925536530035
-0.10763877384494956
-0.028432396694683025
-0.028365044941194902
-0.05511892343580739
-0.020511601604078944
0.035621980844700286
0.008031712567636047
0.022542751220017976
-0.009390437033533401
-0.010974081967654757
-0.04382847269559271
-0.009614310093726468
-0.0042201204709302964
0.0036322494811817643
-0.03991334498389678
-0.013700226845299136
0.043123435750954925
0.10494574937217806
0.12542177936243348
0.15114649164994529
0.19011509374737523
0.12567489541125845
0.09102380086406424
0.026824221178146066
0.07417264405692046
0.09773247077831117
0.2659321788888643
0.3675403865341856
0.36666191551619065
0.18525370662052307
0.050418067639458
-0.019339361191694868
-0.04886964871714426
-0.036131642602876254
-0.012075113387522292
0.054596478572467855
0.022907557533704898
-0.03884077839500107
-0.09690292306605391
-0.11616221364388066
-0.09319011875898536
-0.09746560161982147
-0.1301526698047537
-0.2384823168673656
-0.24468766884029924
-0.23820778696402853
-0.18054940716997472
-0.07202692707154845
0.005515218031328127
0.022793056271977766
-0.06762371713738605
-0.09717878513903104
-0.08462041071077082
-0.034140061210390316
-0.018495293648534673
-0.05209073831732484
-0.027807649191945286
-0.05478416580428592
-0.03359745419098682
-0.033419527937952255
0.01904849193604695
0.00475197907199239
0.011460340002994592
0.004872774754387164
0.07971259081206647
0.03677266155264307
0.08583429856640247
0.08474850700582685
0.11478883884792031
0.08712850590350382
0.07378005730908462
0.07112898005670343
0.09524489891852175
0.12620324284295667
0.084223479114284
0.005743744564711295
0.04265546249901933
0.007091601245429998
0.009397067057167384
-0.028918698582396336
0.015814445571317625
-0.009099972418704439
0.009757555005118167
0.026029281743673704
0.03426211569918957
0.009249205321086923
-0.01174589901288153
-0.0031697270925275726
-0.014401675428269856
-0.03444213876304414
-0.01765523551438915
-0.0026269661811997667
-0.03834206940606618
-0.09004520212348407
-0.0659390051931182
-0.006840937748520927
-0.007814506595084375
-0.021201928113556135
-0.028920157005692296
-0.03989970453138229
-0.08943431505424784
-0.09797321198431466
-0.059492318510656
-0.06671188201050292
-0.037540472653884445
-0.038452466543931994
-0.002994912565689531
-0.07937681823848444
-0.07209119309232649
-0.09259836984934541
-0.028866739348100547
-0.03547834019146881
-0.035311125531123776
-0.13936288932466936
-0.05137302485364999
-0.027032034441564507
-0.07645994642963902
-0.13187465763900888
-0.009235263412140298
0.060536959585844104
0.012249237575213047
0.07245762333771807
0.022747512797743726
0.012767281715799226
-0.062242638637367134
-0.0030547867173316545
-0.009599361714986826
0.015015077266407823
0.060010399550508416
0.1834066039050642
0.22432967619256147
0.1178314436464843
0.092656087352433
0.11471741419314312
0.0966338489862875
0.020392673482474487
0.035249088228767066
0.07976203935784057
0.10291184613887185
0.1551508167159436
0.16023137119660275
0.21423961493355947
0.22012990352133913
0.2159146868886918
0.11298721725728846
0.03642332498892734
-0.014165240823666438
-0.020811887035809752
0.009720293986756544
0.1013686470584576
0.179774248534894
0.14680992617970748
0.1340691664667157
0.15006251380779395
0.1767683529088767
0.1033217869752716
0.02053157263280389
-0.04171972355953114
-0.03801677716079567
0.019307149614453616
0.03444217320254241
0.008655068258853647
-0.031219023650585667
-0.03574302380652907
-0.04649030580034332
-0.03321583909319445
-0.001655121631401005
0.01442595623158019
-0.008972862243531771
-0.027063430396548845
-0.05751216372388954
-0.06347410033475451
-0.08484499602189363
-0.08218974454111094
-0.06264575016469234
-0.06109655270846265
-0.08301727304586032
-0.11357963564483782
-0.09238698532044921
-0.08922791488882838
-0.138306221160264
-0.12206984325017459
-0.05398735484262387
-0.021029075711306244
-0.07648109482454846
-0.15547765877377925
-0.15944777892375617
-0.2423676177785756
-0.21610941231341627
-0.035364501799973316
0.1551817325825426
0.12601536828064072
0.0009719081649825996
0.014134229794957917
-0.10525837979479688
-0.22130146291629368
-0.31422964550866817
-0.19063016632526378
-0.11088758186429477
-0.010037151847568898
-0.0351961375181648
0.015638831754366565
-0.008259720779411088
0.016430251706854398
0.007729641895908024
0.014797323542394582
-0.04310795220536485
-0.015307476480284448
-0.011925682543782871
0.015236273547517727
0.005630394071664845
0.029152246928215116
0.03160439330868344
0.05895550934091652
0.08070778659757563
0.05718929284632155
0.10766427513955568
0.1823966706024929
0.2440454704641188
0.23200496342730575
0.18852570821371312
0.11736596310623426
0.10743919245224338
0.2163128320416017
0.21865865906965928
0.11959501652964143
0.04166852749987175
0.03583038293922107
0.03997482993753512
0.047461861091600034
0.04310697719733924
0.0032219218374417873
-0.0076106588574645345
-0.0393376837516523
-0.03667128010732056
-0.005987403710121395
0.0165434969975057
0.009098479888588423
-0.005448437904555126
-0.007920515668572516
-0.0034744066754875754
0.012989787450718047
0.0010836648152101039
-0.05043805787758612
-0.08924009803154301
-0.08600263323612299
-0.029331040899325807
-0.062253939390099856
-0.1038693040061633
-0.12646187698438707
-0.0941445630069692
-0.09943052509049656
-0.19708901363820372
-0.22909007005637186
-0.27402624170308265
-0.2800509719555121
-0.2486303026919041
-0.14856196953960923
-0.075306476046325
-0.07272491940451072
-0.04688937233791074
-0.06154719117251378
-0.049983252721291525
-0.021382120058272003
-0.018058288166757162
-0.004441909858338004
-0.01913820511959209
-0.015774349097650124
-0.01477765008868799
0.01875649380073681
0.05202890876126248
0.03363759187619203
0.013305867899195769
-0.003867292203309757
0.06983556062063491
0.09124579793126977
0.09054998000405114
0.09063588391323668
0.11767438767744368
0.11052427763223421
0.09243481757103156
0.14712748389381583
0.14575028928981792
0.11878336903655132
0.15040614379901784
0.20205209263178897
0.15665618517412705
0.06254724739500486
0.012369618065668175
0.0012278873387083803
-0.03953308158346711
0.03460903548723072
0.0901394375404229
0.10532000437841288
0.0249306132076552
0.029303683702512604
0.04454299642644748
-0.02540326509469487
-0.13410590547147436
-0.19957695500294956
-0.18935278777448333
-0.17093037507927059
-0.05273274766012634
-0.0010493778249053064
-0.006655522154501907
-0.03526302351819695
-0.023845029245000423
-0.04773517242605212
-0.0909571398588366
-0.11440855745369176
-0.13842715634783553
-0.09056959887277047
-0.0416593779914701
-0.04102980795925196
-0.07921423314257131
-0.13406833182106212
-0.12121760203783337
-0.10670721947659055
-0.07227118977486154
-0.07404872528093154
-0.03076113478490054
-0.034810109693517055
0.01181646818205643
-0.05877529168567915
-0.06728863121232947
-0.06976016129737761
0.07575846242494874
