0.4674999999999995
0.8027777777777768
0.7418181818181799
0.23538461538461616
0.15223880597015046
0.11249999999999909
0.4674999999999995
1.0
0.036428571428569256
0.37016129032258077
0.37016129032258077
0.41803278688524814
0.6830357142857126
0.2353846153846138
0.41803278688524814
0.036428571428569256
0.2789062500000005
0.37016129032258577
0.6263157894736738
0.5186440677966175
0.0
0.6263157894736859
0.41803278688523776
0.8660377358490573
0.2353846153846185
0.2789062500000005
0.3701612903225757
