0.4474495248035126
0.4464043703736091
0.4311793266474242
0.4566277550844693
0.5115895230277823
0.5352567154608207
0.5385790518969463
0.5435725192656748
0.5443027624225334
0.5475806009606453
0.5586985523215098
0.5816906880659246
0.6105646790635889
0.6039325610109308
0.6179245837623466
0.6182560190866112
0.6655303765995739
0.7069723842162682
0.7744959141566935
0.8005883014779056
0.8232320603784938
0.8483422201856471
0.8675507969667302
0.873491933418869
0.8738437040161543
0.8729639956050876
0.8729150763950376
0.8544413576217296
0.8531654808793001
0.8655609388982555
0.8639291065521116
0.840149515511313
0.8339561240839335
0.839702194144566
0.8293514789187463
0.811396099125278
0.8159095521046116
0.8204014217110119
0.8232234533369368
0.8090856765800836
0.8084046335778684
0.8228752205604905
0.8526816216691513
0.8634489605579108
0.8714604356871527
0.8754199722322902
0.8841200135109925
0.8974821774997334
0.910696161512363
0.9188286477159002
0.9132061148340077
0.914543967593245
0.9171012843397331
0.928658392680784
0.9332442734362044
0.9397293735169916
0.9420296589766265
0.9394284720110152
0.9383434614707176
0.9422894349545393
0.9324847574025604
0.9087747413993488
0.8778822075776663
0.8009858203162482
0.7173759464769132
0.568337599999257
0.41441442964698655
0.21971998755470845
0.1279366645218138
0.08659075207578762
0.10682759278111803
0.10646220341246562
0.09369352957291024
0.06776004242327237
0.05233490006096259
0.0526547815223011
0.04784063679505128
0.045318150779901534
0.07236953397996018
0.08726775824753019
0.06784790956742298
0.11296130574771436
0.2657347634764064
0.4227835915714742
0.5173547723436098
0.5967762276793422
0.6738192730175621
0.7345753496860848
0.7831454241912879
0.8222017494933246
0.8456850579700748
0.8650348080317882
0.8831172291029317
0.9107266501992973
0.941095590971311
0.9546291553055638
0.9534047188841419
0.927588703806986
0.8511692975108871
0.6758046006628502
0.47604706981115635
0.2838206357146779
0.1578721987339855
0.08242787389507975
0.08053282081474598
0.08274352019930338
0.08397210374383428
0.08346176497752285
0.08482012405110086
0.08753636655493441
0.08472377688600354
0.12518456077484666
0.20668536195620443
0.332026881399583
0.45333150113892806
0.5885967663206779
0.7070592515056114
0.8107953556122861
0.8689803894474994
0.897101244283935
0.9100813841879442
0.9367736325826633
0.9618949787743721
0.9833584612459161
0.9927309913180846
1.0
0.9949166756452099
0.9743354018949734
0.9155880441861225
0.8352900741082476
0.6603185813202812
0.4827867192384409
0.3040471718958629
0.21714106983192005
0.17001545537150275
0.18026198419449
0.18353332196320782
0.17000096656413055
0.14079477391341425
0.12412092912233365
0.13717717469941448
0.1362161109622371
0.10375424022547179
0.09976458652849972
0.09056506325674973
0.09672486810945105
0.14619554283884914
0.21653827845006923
0.2822411555987623
0.3529580478231485
0.45898812903891023
0.5308857604584931
0.5975883530572179
0.6354178669510441
0.6814909051650972
0.7078365275928707
0.7303854411369035
0.7453024461171787
0.7629745942089768
0.7843575481739608
0.7960068735793896
0.8043429262587344
0.781858541510276
0.7413522375900078
0.6611578623867269
0.5511716272009289
0.4079555958516188
0.23492335732845798
0.10661931621921654
0.09536012458594431
0.167539514663314
0.2181167856545833
0.21891216696774268
0.23154454073863617
0.23015600798319902
0.22974574247384136
0.2120164624764159
0.19913169900664812
0.19480704140359636
0.17968833220849628
0.1302109181548913
0.04962149389823974
0.046186841066252246
0.15903011563315453
0.3287958501945702
0.485252525621606
0.5858364171185718
0.6656107165594154
0.7100360263579419
0.7424446995256565
0.7590499070038375
0.7768256831846546
0.7947017701130091
0.8188309277878013
0.8417823428539387
0.8578298648824266
0.8707282785987455
0.8614725608737821
0.8110550703008024
0.6817591420753839
0.4836151179119114
0.26809888578699353
0.1447095629756971
0.10921050019150487
0.15220168681879112
0.21778983319116957
0.29242679675214717
0.3065022951056662
0.299342192808468
0.24791873383180024
0.1644109155600674
0.055448350814572875
0.020341405343314967
0.03691713926263971
0.10025107914527825
0.2090586373144113
0.34948870146113115
0.4754201263661688
0.5710872090300025
0.6489845346389473
0.6993170959890372
0.7342013614628542
0.7651279545990487
0.7837129397005491
0.7955758406529971
0.8059528213889551
0.8116996673263386
0.8103490978159287
0.7862508340753324
0.7096200039546486
0.5695689905220684
0.42513618713818496
0.3136559851799933
0.24309071789738682
0.21003891424659704
0.18152955415206123
0.15923607268565926
0.1065672623931344
0.09538731893195411
0.11084319182014488
0.15501379096396134
0.20957140576957964
0.2696110454368282
0.28794558655775304
0.2314388640327205
0.15133749272364505
0.08767905665803467
0.051318889251891146
0.026902998464227144
0.05101908059826317
0.18187774956577288
0.3451501844088198
0.4588218582506608
0.5186640944804793
0.5825021382514752
0.6263354657931021
0.6597158308211516
0.6801100026231228
0.709675878446643
0.7427408193521159
0.7700213760509045
0.78253625160513
0.789766987933505
0.7884137740090102
0.7858755235540681
0.7698027807302082
0.7172862043010045
0.5067113546389911
0.25820197000438894
0.0795728366172089
0.028404393562522882
0.06928823318409524
0.15926014696368634
0.251152230668027
0.18324415723471013
0.0693280860204033
0.040124060414035184
0.07606805246934246
0.14026321523011734
0.10950075872511388
0.1830692871128791
0.16736611503213555
0.1541908466397627
0.046242731962192724
0.0730583502474496
0.20028209180619086
0.3721314808440779
0.48913659083174094
0.571540021531222
0.64636787366146
0.7038184877067517
0.7443249201633783
0.7751905263075111
0.7951964704548163
0.8147360108951771
0.8263252320660629
0.8359303687245866
0.8404952888854155
0.8427449550741906
0.8248158596650405
0.7680952568359636
0.6255094181060974
0.4354620509137641
0.2524116238022512
0.1862493355731809
0.14468152893168548
0.15013573018968723
0.20315817166692027
0.3054133717243174
0.2843742544619898
0.221257266860213
0.13327540026535015
0.14437865310730208
0.14517650421365172
0.1847311056198416
0.12533298464908318
0.09452505810997805
0.029864698630399207
0.0379439164767119
0.08549232412748942
0.19569368899361123
0.3261140793729436
0.47662418719459976
0.6029675211426533
0.6781528492166374
0.7349981321100318
0.7809319260085165
0.8178095465363032
0.8328072924516672
0.8350015419133228
0.8426146733450947
0.854932762312367
0.8666933535796814
0.8672443338257455
0.8664776505021791
0.8653119242150684
0.8599689310852522
0.8269996927504278
0.7460451493001918
0.566798159076338
0.34673231616471356
0.18525618066746016
0.14244244245047177
0.14033495362786155
0.12827351693996236
0.15341954117264525
0.18712750051263524
0.19040841073624898
0.15671446726255633
0.14591895784461342
0.12925122486120647
0.09786671068025535
0.06848906534614187
0.09616475342852558
0.061040835436557146
0.07652031177510006
0.17090578010350352
0.36111376006475415
0.49096166719890627
0.6040432343034834
0.6881299932313676
0.7372922828081996
0.7751461350625876
0.8088203481112546
0.8311279440411751
0.8454842304777649
0.8541465276325
0.8596056733110595
0.860320413537508
0.855173172056815
0.8496664372366389
0.8433086912710764
0.8329170544214646
0.8259969220993745
0.830354051766537
0.8294407742350353
0.8191051885158095
0.7805639324775427
0.6969937446327367
0.49259181610833314
0.29313465177946213
0.15755053435570313
0.12733865839755903
0.13424645860998083
0.16102036636415604
0.1725737114585871
0.12019397506270078
0.11542496968946873
0.1267514095368917
0.14474856940745215
0.09410772678219095
0.0565595508494582
0.021468493214674075
0.007107548745750587
0.027996994943941637
0.05951940369054301
0.13841125514717065
0.26484170280652897
0.41895052395983023
0.5266459996422119
0.6036298839671184
0.6563942495710524
0.6861233012723575
0.7146411165475717
0.7349692134621152
0.7507410201655021
0.7552826133324808
0.7540893597231505
0.7405228867556939
0.7165339230534385
0.7012881999760741
0.6506063401086997
0.5988506037406356
0.5892472470631966
0.5710608809542529
0.5327700492438507
0.463999175195502
0.3915774156061598
0.2848205779329782
0.2387067234092094
0.20384844155852408
0.16649159627215973
0.10903309206083048
0.16546157720089474
0.1746228329788433
0.13322795197171214
0.03368653506675185
0.03400076558076056
0.04121507277459659
0.04879008215271511
0.04692737300333989
0.06636374909677872
0.08264632224194407
0.08103291704355184
0.06617022713831593
0.07563860737598238
0.11573319842870053
0.2253218628769283
0.38769366806108535
0.5358245425007248
0.6261151687217661
0.6787836295719564
0.7250247697324302
0.7679577080675252
0.7970126228429377
0.8089449753509449
0.8216817857514976
0.8355327682551684
0.8464701581813522
0.8496994640270846
0.8457109229485396
0.8490784281766381
0.8483623324191085
0.8356776734282338
0.7890024506965375
0.6762109305075821
0.4920682702676854
0.2509757642885428
0.11380963922319677
0.08404722372177258
0.07685130892238912
0.048070327760390934
0.09649178017625536
0.17046717636987943
0.1614704424072347
0.09400664218608006
0.06441208590173163
0.04076487771911639
0.01771349082808984
0.0
0.03048536111824132
0.10052400998459118
0.2476074610430216
0.43274798418784627
0.5874590865887533
0.6761748922787634
0.7230761339253581
0.7537397248651457
0.7857894234582302
0.8087233397385989
0.8217621760359302
0.8340765483446566
0.8467190806240044
0.8491344201084019
0.8551639153491968
0.8527585077546858
0.8505040894439222
0.8541596453052697
0.8688191072625192
0.8606496301977864
0.8346128626244449
0.7920416647195498
0.6968769931364941
0.4313008971167756
0.23012899363934886
0.16436941829898813
0.19463323840493288
0.12521358510078304
0.09237350746581671
0.07125295546554736
0.06612515371733255
0.05836685949598071
0.0858550733961207
0.08231180556936264
0.09588703465693453
0.09613349098029095
0.10272355736190704
0.08172743151050557
0.07070280199255882
0.051441267009401555
0.07201052296176175
0.16326079817294015
0.3039540915134141
0.45848577399075074
0.5572944554600301
0.636997613040001
0.7069260717423822
0.7830283323515423
0.8024928674383653
0.8202173007558619
0.8324404867340354
0.8472030428248023
0.8559307354329774
0.8653399629608899
0.8634721769681287
0.8649316965860933
0.8638624327365263
0.8640343449872115
0.8574305894491339
0.853673704394409
0.8549204931992269
0.8493714800822343
0.8362609288660916
0.8130458713427062
0.73930037055074
0.5804747436315477
0.3443313787333398
0.17967598794721978
0.10377534998900495
0.11652090780211984
0.11451732007209585
0.12971170456164272
0.12101136295253406
0.1028064535746732
0.09927714636402113
0.10191512389329238
0.08764961982155864
0.08536215450722602
0.10065838833663136
0.0840305996999883
0.04935563595679289
0.08119089989790708
0.17600846324990144
0.29847067586813814
0.4235525732315876
0.5314957832974879
0.591459108980092
0.645807727678031
0.706499723628194
0.7541440931872614
0.7675677065331886
0.7780504254294963
0.7932918947041785
0.7993905615163044
0.8061512841606379
0.8092086844912427
0.8152630573295745
0.8220326896411461
0.8288846549110621
0.8279741550324031
0.8225234940737086
0.796167117204735
0.7259197776189651
0.5876929774978911
0.4039666500882499
0.24818615253110224
0.14866535076706053
0.12349674776888744
0.12966888814857988
0.18032839483027355
0.15410586483510214
0.12126973366815957
0.06981122265234598
0.08704787688384284
0.094737161872592
0.09545010985238873
0.05646138938905547
0.04606568203263805
0.054195608933454396
0.0575055087836442
0.042880304122185436
0.04282657465600396
0.023454887585965596
0.06594731181330266
0.1552727383890743
0.27282805165311663
0.3477212859436492
0.4333232933924443
0.4906544622388896
0.5375997652132025
0.46106361444796806
0.4682626562259232
0.5425832950389183
0.6725583058300562
0.6809188457467912
0.6891898275399309
0.6947843725032978
0.6988576372949442
0.6969844426408974
0.6889307679267559
0.684547071767373
0.6843793567969803
0.6754708847588735
0.6544895768011363
0.6146542608282235
0.5424715217325706
0.4468330150546141
0.3244303075011688
0.23580647314987863
0.16081309654068468
0.10885581765015229
0.0658084730202748
0.06614282949097415
0.10152338731351826
0.09648755861005205
0.06023492448147057
0.03338761445243267
0.05665698809533461
0.07855654226292706
0.07089645816817661
0.056934303199959416
0.040310535150969315
0.03572489252071769
0.031193048983772696
0.047388930798591355
0.06148772308201507
0.047638357340923684
0.04935997723719072
0.12206929950364426
0.24834806227835046
0.34565983604682327
0.421969618483976
0.48617492129069806
0.5521519751625843
0.5831386826849455
0.6234788490856252
0.6652719399145427
0.7060876274984207
0.7234910373219832
0.7359447426676402
0.752257707102602
0.762782288333294
0.7761860557781881
0.7860449367241283
0.7981808941492908
0.8023331094877848
0.8016065779874314
0.7990562035943791
0.7785388371073434
0.7233779506800687
0.5637280897031048
0.3261984503024214
0.11615728795220025
0.01708029751548372
0.015353685552744616
0.06904669674581033
0.10510682835988144
0.0675292817124308
0.04677801332163887
0.0573304958931633
0.050608281199532215
0.0604649440430717
0.07064792921748778
0.06562578279756487
0.022373860532645656
0.0176372223269566
0.0443400618470481
0.11301969042972629
0.2475348301017661
0.4127683425335091
0.5344824397177423
0.6000838682842715
0.6635199049084971
0.7456953415835909
0.7817585561886876
0.8089186022337006
0.8327028525872985
0.8541875504329537
0.862909279905175
0.8660509095692863
0.8716882415233365
0.8771165295797658
0.877946622077851
0.8787044588381018
0.8772061962475087
0.8813706980331732
0.8831967300324342
0.8840143994889071
0.8552516816431669
0.7650332373328311
0.5613508940172635
0.30816429712483695
0.12156773768119032
0.05817044982343131
0.06798748194347287
0.09572574512198262
0.09384390059641302
0.06502416907434685
0.04549653180025016
0.04681600480877208
0.036541144712106996
0.027137179828196637
0.02442343766481051
0.02718978066462377
0.019722784611127264
0.024204902885252753
0.08920790559347623
0.17973718196577887
0.3075385699043419
0.4287190596738177
0.5478425715961264
0.6236989656006615
0.688778385952518
0.7348412995205279
0.7612046351174077
0.7877117753982541
0.8117733693031868
0.8314077688493514
0.8438840081041505
0.8555879546191537
0.8669463582211869
0.8779897416948719
0.8826858576681219
0.8780485714997305
0.8773456413896257
0.8674273282404907
0.8486609915494442
0.8224651977164112
0.7786486173246859
0.6989292534429165
0.6223108262917084
0.5573159472863505
0.49054624329695046
0.35736847599882055
0.21386512746308353
0.10694224235986326
0.08256473526914691
0.09955603459470765
0.10530543632352443
0.10013326786348967
0.0856686898624098
0.09899782907331058
0.10086279716270613
0.07972462234191698
0.07654515441091815
0.07202957526937409
0.11702260204144599
0.12518035622704154
0.1583560340881117
0.14407462108503805
0.16731795176862405
0.22088308527840053
0.34152440257450123
0.47206479667503454
0.5752088283179064
0.6477063624339406
0.7024127181312293
0.748479169828755
0.7889430543695473
0.8121161900229031
0.8290523872039504
0.8434122494929993
0.8636811530839422
0.8719109462350697
0.8700546555671714
0.870911143295924
0.8650192377266099
0.8465911693164292
0.8092398974453897
0.7334032298538069
0.5417060306498306
0.2984415755308589
0.14189003059758643
0.12877752599165646
0.13209194448880815
0.09697296046955396
0.10977309044494246
0.14101825372677745
0.12841677675515406
0.09879813932692694
0.0890422680422169
0.09445224104185208
0.07024931513215113
0.08041948518066384
0.07120190697201338
0.06477171490710913
0.061726697108983805
0.09052702620400832
0.08234878381344717
0.0588597114857045
0.09143818109467111
0.19661213599908595
0.33911866136359864
0.4730155389265563
0.5796650547492695
0.6403828318648491
0.701469082564624
0.7497033229419215
0.7867627785303412
0.8095376055696745
0.8185618720369259
0.8272897860474574
0.8360132076994627
0.8532618875560605
0.8544198251384143
0.8658457465971662
0.8728885119745482
0.8744125363118731
0.8477466511948635
0.8072146323299066
0.627417901282314
0.376955973046579
0.15374101222157566
0.07258964536851502
0.05640945043676532
0.08372057896083014
0.11314025289702626
0.1129787812907599
0.0963550042902524
0.08990180728408835
0.10659740796784639
0.11761725630198447
0.0892228257071996
0.06356290244388352
0.031532160527342756
0.02130676393859999
0.0734949355504047
0.17352628269055131
0.2892183096464735
0.4172972154551298
0.5519442430882308
0.6436977725070601
0.701426031478465
0.7627625863560135
0.7971206998779141
0.825381750457695
0.840028616741007
0.8544564807094486
0.8611857486609014
0.873506619212859
0.8812219919049005
0.8801226356500415
0.8888471838184006
0.8968738372082342
0.897424616670243
0.8931757821883045
0.8841310146041796
0.8549286630004338
0.8025317740043681
0.6308019220492654
0.40453341097802153
0.15423565858624497
0.04216273755554861
0.021246373277436482
0.06511368366430062
0.059889505843805674
0.052032963121250664
0.0619702525258505
0.06095378567541819
0.04944723797121412
0.025186042456472685
0.024082040529212895
0.02087316184856188
0.04586270559344916
0.041824356997874144
0.04638669922387815
0.08443295476670097
0.19216941017480177
0.3205232873524745
0.43549805574217565
0.5406208392607531
0.6065762341312215
0.6608591908136849
0.7049710427974111
0.7439326570500077
0.7745227038804922
0.7987544220274398
0.8123014114421094
0.8156248985021248
0.8262902125276081
0.8283207980115382
0.8346587306866771
0.8432279406619152
0.8505424729563131
0.8460766249573809
0.8244521992979053
0.7988141788768955
0.7354495521230964
0.6342872253668096
0.48266620051716896
0.35227094844497686
0.2553093335949279
0.2100432314858741
0.1610426126180423
0.12463087620412154
0.08928333968983661
0.10223452369804328
0.10366989258345058
0.08113579037804952
0.03759220989801286
0.04029828474440863
0.041952888289992725
0.05089971029093957
0.060471227647026865
0.07015026695561315
0.09026012167579882
0.10114144932327807
0.08107280934841195
0.05130872439344925
0.08194844326217195
0.1625326710688592
0.22820089280811812
0.31818075159385606
0.4222297922553097
0.5417761799514896
0.5981965346989913
0.6283206561433535
0.6570706551952321
0.697236680109506
0.7422368173698818
0.7691011701646782
0.7829772391331722
0.7914815914094702
0.7994252493774652
0.8006388544355774
0.8033163949531708
0.8142472829607436
0.8175286346232913
0.8137783792078972
0.7994651015680893
0.7840713956495705
0.763556752612095
0.7451067274708222
0.7305134958852209
0.7166519025034757
0.6899264008036068
0.6544503393037102
0.566816616892046
0.46482860308390134
0.3267618500924203
0.22902892059083374
0.13460601203648692
0.10602713742471079
0.1407750841954856
0.16127429420131242
0.12678277457454068
0.10752889314702284
0.12432498788569547
0.11120866066449869
0.07728951835444214
0.07095033406671403
0.07909889517082817
0.0637108695303189
0.047067492303826355
0.04090004964206773
0.12466756928674196
0.2009448715731188
0.2888065469703265
0.3966009653298976
0.5095119010421192
0.5785166646503423
0.6374482821032462
0.7126527786228859
0.7616194868439952
0.7942242433016016
0.8211374148942356
0.8333780587838906
0.8403632257916589
0.8400391255112825
0.8504551607637663
0.8556350334446062
0.8628896886365258
0.8660289587052342
0.8586620807343727
0.8232232116831373
0.7585018894269927
0.5936422722563136
0.3661350029091548
0.19207621627247395
0.12421615034446337
0.10940147879987479
0.08443036584553723
0.06482760679060848
0.041984987012329694
0.036887861676033244
0.036288954084983484
0.0967033324379824
0.10916135194635682
0.06792782284621121
0.043270922488808546
0.08627753840852222
0.0885233047842039
0.07566866781453332
0.11951416453507065
0.21849273773103692
0.3483763906507974
0.4726118028392538
0.559564964749749
0.6226357372312782
0.6808400585238781
0.7382484147953848
0.7667967937394206
0.7840613895652908
0.8019551340612786
0.8289697605845641
0.8375509399915656
0.8448863944322816
0.850084027168464
0.8647364063184744
0.8714393614044912
0.8714153263503804
0.8592588948961055
0.8452492782482106
0.8264700572507266
0.8094728556304572
0.7851125396716283
0.7354290984865927
0.6767922154774907
0.6021621069011199
0.4880916941972042
0.37113233571831117
0.2733678919333071
0.17836828042489106
0.1353026431086812
0.13684333031759371
0.13653234693607624
0.13402061402628104
0.14766104886241063
0.16281393308148628
0.1614350152958856
0.1700162684922525
0.17904103791647
0.14903177055496272
0.10162035528034027
0.06845978310448021
0.09457331402489687
0.08873794279506476
0.06338128890641469
0.0794508469951836
0.15849063424340815
0.25571549739210964
0.3595165177780349
0.47427013686283287
0.5686301579931987
0.6233925556025676
0.675227783364777
0.7293863952518578
0.7643711974662031
0.7902988958257079
0.8067342108592208
0.81587109399398
0.826928588150813
0.8432653221595255
0.8451920535920772
0.8445902816424011
0.8388242664633949
0.812304078885127
0.768530511443007
0.6152439057463275
0.4188493540637734
0.2329986846243007
0.14671377239453953
0.1563347589411557
0.15964326567335752
0.12195020564770982
0.09821195808609692
0.12955686299559727
0.12063815294393031
0.07083846156476122
0.0753862625680486
0.0799250742598205
0.08866375192608987
0.10298913568327082
0.10585662182663896
0.11194025714557991
0.073399447713361
0.03620126758994383
0.017328498181128565
0.047343925730772285
0.08382844757521264
0.11979928676607964
0.19604313709056542
0.32435917882800486
0.4681251758224949
0.5841285733549965
0.6545909909145615
0.7098051831564288
0.7606702539062601
0.7963702304480248
0.8218722749306084
0.8319322051760226
0.8500228584711286
0.8669524820856113
0.8802007138458886
0.8894667513324918
0.8953268872692269
0.8948184886677393
0.8701761598952792
0.8283839332662661
0.7125284325584962
0.5009615106193204
0.2473224020421295
0.10877453875930411
0.09072715861834407
0.11044491002740903
0.08542222836187804
0.03836419504057093
0.08688709313868678
0.1279518905937124
0.1107853409220695
0.07654252463375293
0.08165082090369047
0.04967043835896141
0.007599297089265581
0.02951843081222828
0.0621291390195668
0.11303152276032478
0.17756063554819204
0.27638880282837136
0.40513885281992684
0.5381399819447216
0.6206100890483874
0.6745982458913004
0.7402056469488958
0.7909501821583729
0.820522570411421
0.8309398293036075
0.8517110101582465
0.8715662555507898
0.8841326702702342
0.892805215027541
0.9040494981542851
0.9158384740065907
0.8982652339453707
0.8567832042437667
0.7973342932060392
0.7454086107943705
0.6240987489625874
0.4933883253080508
0.3650030725365479
0.21628253518508267
0.077520596619269
0.058144798308033686
0.10803948021862378
0.10528077603347623
0.08214694254291433
0.07852482324644836
0.08389398379252287
0.07275509578486776
0.08117710832411106
0.11606403851521314
0.12976883623968236
0.09685525926065865
0.08604930210576031
0.10113885566015798
0.08817046662359328
0.07925014363512795
0.14398729626476836
0.24960753440588432
0.36699602592179514
0.46757868629057137
0.5683463611862283
0.6359563704910731
0.6935272345357726
0.7291493815001342
0.7681440930499001
0.7981051261970695
0.8315973035368003
0.8355790680468929
0.8461704938007347
0.8433141327070559
0.8403787936062951
0.8059035565552972
0.726383987906087
0.5935977672384145
0.4619494101026077
0.34340880737819957
0.27975485598476685
0.22880889448942268
0.21634657690869688
0.18966369840614986
0.16804642289081353
0.13083657446745545
0.10322683812809244
0.11153489338969513
0.11640122518659952
0.1295543368602975
0.11141715870258963
0.08600184804739978
0.07224638351669872
0.0715950637062649
0.0713405128392928
0.05412898751465743
0.07104010840820228
0.08238438028434103
0.13300740414376966
0.20262274028165042
0.329275987474454
0.4476172320325793
0.5486860358378441
0.6170893848218577
0.6577204600999025
0.6903589650681166
0.7247680248320286
0.7779835840807687
0.8126443654509092
0.835596673064163
0.8508297087933889
0.8594304313999231
0.8569864844841506
0.852028375762304
0.8552313470714823
0.8534748724335194
0.8338148778083849
0.7952382857081629
0.6688128882706735
0.4476347942892207
0.21023686386741547
0.09003730727689915
0.11051953674813657
0.11556857532156294
0.07409144786259234
0.015672311669553227
0.08940776502536968
0.16574783252207576
0.21907832025599816
0.1871045290353912
0.16273932977844044
0.12918098252664167
0.09514931649651169
0.07621286627518761
0.061614769390562
0.07566470159904021
0.11368606527470196
0.23337951619829833
0.3747021726135562
0.48690455645046243
0.5647328941330133
0.6191303490598805
0.6841221329477826
0.7278452308596508
0.765055233757367
0.7902183792528801
0.7971096729801495
0.803435504012297
0.8064936024738011
0.8159707304110075
0.7847360854196166
0.7262106595617622
0.5936361445855998
0.3809717313111199
0.19036179691579388
0.08302657330917482
0.10289967277858965
0.1401653293562793
0.2083434034204789
0.24606197152566434
0.2255034416372913
0.18692548149494267
0.19403263787091568
0.19420075120611924
0.182512304868308
0.2253874011248303
0.23018683547945093
0.13875646689960663
0.06717214128120677
0.04744080593155618
0.07244708148818091
0.11806951308129825
0.1898754800762562
0.26263666746155034
0.3863237730770774
0.4906168167532081
0.5556655000029764
0.6113801122668318
0.6647223249628224
0.7011026045349937
0.7174429097841294
0.7223812953315845
0.7168050395958561
0.7236883200396693
0.7385174269159234
0.7513702524217423
0.7527748560198609
0.7368707328502375
0.6490386092259629
0.46002412401975035
0.25254887702704054
0.10657528578541885
0.050910164959977605
0.041413788415331956
0.07751851730763482
0.08984728204765274
0.07262755347012227
0.03529434813037888
0.05779466215110275
0.07137514758658231
0.07419777490193499
0.04726784870900831
0.04173422885890985
0.04116292038986796
0.06678773039115746
0.10029818168568576
0.18128455082386963
0.316283615600986
0.4574439527982734
0.5282333736301865
0.5831374947904384
0.6329561095689917
0.6701231506761953
0.6908110950772534
0.7302113341525481
0.7561727407158505
0.7632337908765948
0.7699825153646693
0.774558762220572
0.7772650097672684
0.7853998259470741
0.7979172193110424
0.7906661013651518
0.7738947190336276
0.7117090716717586
0.5477169923095825
0.3193656526371019
0.13123611706098628
0.04660373980072357
0.027273219787150898
0.03188602729278764
0.06471633893698316
0.08292923322130243
0.10310909083743738
0.08585831917357037
0.046840379887418876
0.058518750174857435
0.0945908891705704
0.12841070531405133
0.07207055463436937
0.06492671105464341
0.07374004828039031
0.11724010905399836
0.15712360287925808
0.2520077333154065
0.38802310638420656
0.49826523107910237
0.5700162988230134
0.6239074850759009
0.6677846465661107
0.6944530951131404
0.7191111226058455
0.7368324030237482
0.7335577353198478
0.7365395918977529
0.7534914581360218
0.7658563842754232
0.7670516700086246
0.7680763483433942
0.7502571465952693
0.6404048422825414
0.49847978432183326
0.3127951810347613
0.17106833946249556
0.05426083255384461
0.04088969948903873
0.027462576311835046
0.025191889425776538
0.01267967781913354
0.03310102199509963
0.04331323193453886
0.06859991073294956
0.05993945034420851
0.0734646704038173
0.08912535578743778
0.12245827033616109
0.09846566759233716
0.06756558800396595
0.04143864744679254
0.06388754815880153
0.12310185167902515
0.20966357080313033
0.3064255903871797
0.4283769898519339
0.5152035364770897
0.5627186904099098
0.5918054287766058
0.6289088969269901
0.6580088174221048
0.6951398347975932
0.7302245184603114
0.7483458309623471
0.7539139410754964
0.7591881598469268
0.7666111389438208
0.7694238277218698
0.7624311291583645
0.7256371890300055
0.6625170442665687
0.5767866474976143
0.4699523288753542
0.281344731032071
0.14754135763474593
0.08212547980702015
0.08486086770052019
0.050637389213588756
0.06524002916204694
0.06777469959936833
0.08405333645899407
0.09534825266032843
0.09119238152225821
0.08212834252525737
0.0849049244724978
0.0800485564748674
0.07811392577970447
0.08677426615313306
0.08056477810954814
0.0485901164598571
0.0551494710077513
0.07604132192257974
0.12694743343095946
0.23976102708496133
0.3755599689955727
0.4763536086650722
0.5409203786330331
0.6026274388503575
0.6454030733752713
0.6755959842072141
0.7091163723720031
0.7368004695583914
0.7558594984287073
0.7536306658101866
0.7640294755374827
0.7705459994092115
0.770814789484973
0.7740529723722133
0.7632193748650591
0.7211291795209638
0.5971814333856295
0.42681341749444146
0.24028879366297118
0.12252822193220568
0.06918652492703938
0.047099867082803205
0.06820169740229579
0.0687136500648612
0.11594553145859557
0.10345753604842171
0.1266968216574132
0.10076874226506058
0.10827704896694376
0.09453587392200705
0.10448881984612167
0.09898158772693512
0.07437861968359631
0.06518998154416476
0.07261300303889995
0.10337895625347632
0.20718246868952883
0.3403944503431959
0.46745343199530837
0.5122731991663854
0.5473680244782452
0.6099914867285955
0.6871978450986959
0.738979950579965
0.7315753721321714
0.7521251949229166
0.7670806695537475
0.7888626069587472
0.7908383181298789
0.798296465413457
0.8104618893536717
0.7814647823593476
0.7565506238939624
0.6902660934266007
0.534585018614306
0.31037401099877737
0.13086489497595682
0.03684628157672539
0.051632419009466406
0.07330758249230253
0.08449850173556364
0.05300539064921065
0.055107245896272784
0.09379777367413869
0.10759653893031285
0.0883265628711759
0.05060252784475026
0.06845971773254478
0.047762301768824504
0.034567751729779196
0.06824715388431891
0.11895548282756326
0.2084804727438639
0.3345231381515011
0.44270603179784623
0.4995345340044314
0.5506705916051152
0.6108528085154239
0.6542011565370408
0.6922457651465325
0.7225960875877454
0.7454826468381128
0.7489361044224738
0.7442112353907275
0.7405461326100145
0.7338828180743541
0.7308384195792729
0.7358253397138628
0.6966050352069554
0.685029226108034
0.6709795833693308
0.6929963470492642
0.64259226288918
0.6692247472066912
0.69135022110527
0.6717671897642749
0.4769470161333937
0.26826188594003664
0.11681891750488746
0.07093589459424077
0.05078207564925402
0.12922465893077467
0.14765684126989406
0.13167765859882125
0.06588718406984287
0.06535539203575978
0.051170400366741434
0.043332720771907265
0.05040221990679236
0.0627412935201163
0.05372793064851309
0.03851488028457056
0.03932753472417617
0.06167377700081539
0.07887663069003172
0.1216099814341027
0.19549543378705098
0.2875642489908567
0.3881752561739464
0.45432713886746257
0.4901239001794299
0.5290798480220491
0.594512361176208
0.6585265876688328
0.6759976076991204
0.6889189656631404
0.6991039960775471
0.711698187187632
0.695775785761074
0.6392458026001165
0.5347843717931924
0.3505758517721303
0.165876292474907
0.04969331055240297
0.07955762696371263
0.10880467432951019
0.10020308775687863
0.03602943826986973
0.050515748321098834
0.055763862403793295
0.061644439494857754
0.02503282664639895
0.07262048721023216
0.12484190093859703
0.15540768479501132
0.1292672975240548
0.09176249413862214
0.05890319109576756
0.04329367148003665
0.0682460612599687
0.1096715709056696
0.20235846131750732
0.3082357755302627
0.4159414946353956
0.4965996897315022
0.5732855345010052
0.5873094789920359
0.5996536120617055
0.6369375254360089
0.6844551214675086
0.7070725800953876
0.7347427247560356
0.7531604704294393
0.7576998529073329
0.7711144401464658
0.7815453205333397
0.7755934638964876
0.7768572432569302
0.8018242346867053
0.81515399029934
0.8089345842422787
0.7926901750104131
0.7564772802227948
0.6906290032273144
0.4838691680159521
0.2503502097525804
0.10217970566690657
0.07074084202494617
0.038269107840849914
0.03088833701826649
0.06483213874754769
0.06947292470263476
0.06143089609885152
0.07063796048475122
0.08053797479629811
0.06974623379731679
0.049825886551185194
0.07547032095244503
0.09417157932267295
0.07694541273571101
0.034144358624494435
0.036122824136405565
0.07175443954793377
0.12113909344421955
0.1669125282550465
0.2527288023527217
0.3740631097377285
0.472562755331353
0.5183757172728156
0.5375011022355252
0.5810717023402368
0.6211965286678559
0.6737482074749668
0.7182924058877418
0.7580154392498806
0.7699081831068056
0.7644007191555093
0.7614670291057526
0.7519848183608138
0.7205060769626829
0.6149399214729309
0.46690762068541786
0.3047730764728098
0.1735183678255546
0.08453918171308601
0.08563691219165337
0.1038127538046745
0.08821039110810355
0.10476229799985928
0.11439691834527749
0.1704107138091376
0.19669718700057282
0.20334487841532042
0.11507421521269803
0.09715827023252493
0.11450859308232357
0.13038854827952043
0.11912524193874914
0.17001206064806257
0.26563391966641525
0.3780096898153631
0.48375144754641003
0.5622519139843872
0.5906381959439403
0.6068295217710459
0.6764588951389885
0.7351621727900404
0.7430427317682041
0.7079589921591702
0.7440905658072561
0.7562526571229532
0.7798093296145614
0.7155787931263332
0.6120842496640592
0.4392749266010289
0.23808818213252947
0.11359939692108523
0.11584964249658812
0.23797811079197542
0.26757371778664774
0.24752700827132595
0.2226274939604428
0.16806660325553704
0.17748040645566432
0.1473778421229732
0.17578669910683245
0.11905978866453308
0.10517209655137455
0.05064261924990108
0.04730393978869992
0.056601093632710126
0.08955638456175034
0.1417764144262691
0.19991941655672849
0.3074582673559667
0.4538412123644152
0.5469142562762708
0.5673350980949432
0.596013645881486
0.6455520276250674
0.7015558108802851
0.7170874797307281
0.7631165186850675
0.7754864793864022
0.8034605100976613
0.7999075335499402
0.8095185264724064
0.7885520822970595
0.7944539127972922
0.7735005009151428
0.7443010909448067
0.6542531878465233
0.48408010136868024
0.2880981081063333
0.14448530154542652
0.0902795125499534
0.08346978278572831
0.07145942543218332
0.13659465002357007
0.1722819712128552
0.1984389021862995
0.13333046507465227
0.1328035864502681
0.1397699173054923
0.1403122282832674
0.10536563300563859
0.08303579265635694
0.10451856950361228
0.10917049628324241
0.11490259070264124
0.15826616367404514
0.2498747239075596
0.35485911497470995
0.4445712517418248
0.52577074590028
0.5757857248786477
0.6214226570108784
0.654132727514226
0.6694348304171994
0.6675939892839536
0.664786695596545
0.695149905990944
0.6922411300383265
0.6946443683313296
0.6848998272684363
0.7054135542545364
0.6474070130268159
0.5646021597020748
0.38963172986590666
0.23269829882475968
0.09988830992747381
0.05920649626544763
0.049951574139391795
0.11605418978668189
0.15257233817944352
0.14329720321527067
0.09616627127037838
0.13748043080943323
0.14583182591190197
0.1694421554381633
0.14712530775074478
0.13214317796440395
0.13377275228811306
0.14487316217827095
0.1631892616288326
0.12823820413774767
0.09374113149728527
0.040279254188059985
0.053586387996705
0.08915834882875896
0.1482323237978891
0.2351889454812965
0.35356360783243856
0.4499401449933549
0.5074214429689765
0.5493842424424741
0.6105622594919577
0.6456373205483756
0.6363238414590107
0.6050525300208317
0.6419436834420724
0.6299088762524274
0.6217217158613748
0.526600591098052
0.42639070569225945
0.26086496589554153
0.15478342927072317
0.06839595886396409
0.05947549469088543
0.059086243615703686
0.059608989536333645
0.041399570780942405
0.06218425227353212
0.07017896175703359
0.07315542551751754
0.070498304226697
0.0851704799738708
0.10089274920295922
0.13305033042378658
0.18887394975936
0.22776487223864203
