0.650145682223313
0.5783187613961706
0.4731122474277705
0.3486322682760032
0.2103155212601404
0.11035398370143533
0.07101741184762761
0.08192118542488654
0.09643225406962183
0.09876536032716551
0.09745772770497686
0.082577453893864
0.09232594271695284
0.21318110864867645
0.46272173353769225
0.7180069209233457
0.8657772935923451
0.9132380113919178
0.9225031517462849
0.9248595304585436
0.9279399861925465
0.9295741664503167
0.9260499271307873
0.9096640281057196
0.8541616165731479
0.745411794349347
0.5763396005797368
0.400626473886467
0.2836158478215239
0.2425845997031955
0.20475254557812816
0.1478904849523175
0.1025789123403123
0.08981496358204706
0.09123654696720285
0.09644317720967356
0.0930114617420951
0.08768832103540525
0.09640172065031555
0.16932477133910542
0.3408784400782894
0.5645940928005831
0.7365783918593399
0.8102963053644848
0.828095759854066
0.8278512119813874
0.8297853301819391
0.8341949479624963
0.838805955991729
0.8403217125580354
0.8434284974928568
0.8467655135216748
0.8296532591534611
0.753295039767364
0.5887168216052823
0.35518080630336085
0.16247275612342946
0.06493142351737374
0.05291873732047086
0.0426315961757119
0.04057124359631047
0.044101393227719526
0.07956973271231604
0.08723655396959239
0.06399736149335793
0.0454404359929471
0.11179904790839183
0.3195265690141759
0.5830398916263962
0.7847618977925953
0.8639685967573747
0.9014486818377784
0.9140642597788987
0.9251911745433314
0.9292938129103017
0.9395089918132349
0.9305682964581115
0.892505439617446
0.7842506560278595
0.5974671748870202
0.3787473828324563
0.20469725632672223
0.11107011334931913
0.0850053122885974
0.08759966915474485
0.0871913108879319
0.13744555650571266
0.2565962155412232
0.4790864287882625
0.7186870810662513
0.8975323372497952
0.9546270087088937
0.9635211029984111
0.9710000732547351
0.9730252751997799
0.9713537153526509
0.9708171263218905
0.9704324119638597
0.9588196975864434
0.9313672787608694
0.9170039699018745
0.9185530464221511
0.9312242267042978
0.9346778628813771
0.9458168072005303
0.9785242061286186
0.9939748313366946
0.9274373692156693
0.7644954787447011
0.5788838508252183
0.3856825706554299
0.21232830559295524
0.09612795898504944
0.06399628624334586
0.07430931867554078
0.08176323309939909
0.06466204217019966
0.06095033696236276
0.19329628544580618
0.476685390143125
0.758645102591984
0.9060153274984984
0.9497960622147523
0.957988608559053
0.9636061820378792
0.9716563064262455
0.9790830475573532
0.9806769390444366
0.9836178425801217
0.9719965980113213
0.8879515746106781
0.6891855437037755
0.4199322011256547
0.19401738513684158
0.08519258705402104
0.06287837004070433
0.08594098075145977
0.17244408188961372
0.3643255648428662
0.6282649067578959
0.844046587572985
0.9446349620014555
0.9717342650057297
0.979602995677048
0.9860336405090919
0.9948323318121974
1.0
0.9642978179273226
0.8582698136883222
0.7204654572795689
0.6090827358807461
0.5826335496083549
0.6243521979508949
0.700116487039022
0.7792691612711238
0.8380414051286234
0.8582843938149919
0.8040145258999096
0.6141425529403471
0.3278108565292025
0.11351666518116986
0.05872843899451045
0.07262071519053415
0.07152945586367139
0.07273431467998072
0.0674286512067451
0.060448324048339906
0.05407869448523688
0.05687870350341507
0.09671511166100509
0.2672895621754729
0.5464997108684463
0.7857171285138591
0.8878350948063004
0.903411401471063
0.9008878989845541
0.8961432529732445
0.9012916166871833
0.9134999709793113
0.9155447256738679
0.8872630549472339
0.8139792143035196
0.6779974951358839
0.48463790456846595
0.27812630578159203
0.12736672844561625
0.06683217426766727
0.06646308507740786
0.0729047336946653
0.07512821827558072
0.0728735832209214
0.06289464757570103
0.03928635644924141
0.0988602051344767
0.33148171514432506
0.6525463554661058
0.8735729080077945
0.937699398305939
0.9295089220967852
0.9109220117764637
0.9034543478242186
0.9127240605717207
0.9312536071576558
0.9338693623006303
0.8631545290255503
0.7161021393283789
0.5177356110538441
0.3453556692236386
0.21956969121282838
0.1398089541934671
0.09387010045127629
0.12473161402642932
0.16202566501324975
0.1648084209910901
0.13635912574707562
0.1305534165838241
0.10570330389202619
0.06768390248441342
0.1505471907886894
0.3989568439666344
0.7053526456086086
0.8821727717686687
0.9358246712818336
0.926514332929323
0.908568892829939
0.8996797119483266
0.8967936475166958
0.8962761879165536
0.8946448810085444
0.9047964221988094
0.901345914796644
0.8504484701562967
0.7138138325314555
0.5240690223066957
0.3308635119288902
0.18872036155131341
0.10993540005017789
0.08583971749780621
0.08160347170031128
0.06883897277620674
0.058398077328835174
0.06256943966670249
0.07226949449611189
0.0717523448505349
0.11118398819518767
0.27196823501687284
0.5284484803891882
0.7497212511631491
0.8385238789291705
0.8464872557778574
0.8425023121470602
0.8383257783780966
0.7914717866218078
0.6378262828932475
0.374955899339802
0.14665981111200976
0.0508484623040985
0.05593941062774088
0.06259943995926845
0.0890009468528919
0.2081494091241896
0.43716743316819556
0.6856836869881602
0.8385319231100756
0.8967513585294533
0.9057752457716598
0.896750711240301
0.8921769112713589
0.8977695003800945
0.9207997533142706
0.935801561308082
0.9401149761927511
0.9353754006151741
0.9359889541588053
0.938959434218815
0.9384397270009472
0.9259944086567609
0.8839177470965479
0.7597615370390006
0.5042435684314573
0.2268061141451097
0.08386600566081896
0.07459505079586852
0.07846591032155864
0.05520248121249574
0.0549458928062058
0.06113617179693521
0.0666761566453117
0.0631476413418836
0.07520298044175114
0.21692827998457073
0.491652537407646
0.7598122324400091
0.8715060906258316
0.8957687231932906
0.9048089109005483
0.9172056913091532
0.9284329862642896
0.9332429169442992
0.9178000913127154
0.8715313604059132
0.7487375949778526
0.5297773752075721
0.27322841891927874
0.1083357778032486
0.06022999972635479
0.058095901576264375
0.05711489340201492
0.05372273654558386
0.05850359255105583
0.05260099764268875
0.04861590926994387
0.08725844121850745
0.2578820830472448
0.5381655809833842
0.7833705948692401
0.8879661506862276
0.9035108135019106
0.8926832663071542
0.8915892795490216
0.8940622717995506
0.9095826896167426
0.9127737204680557
0.9086318794744132
0.8839032216144835
0.8238240202912782
0.7105945585089095
0.5216229892617573
0.28952704490805337
0.11800278594363857
0.05405507250155176
0.047998309248300466
0.03688823003605368
0.029817635488612916
0.031452908407238196
0.03389792594582539
0.03101284721551539
0.03662660624491467
0.05121622350043863
0.18342850250146647
0.4469824611459164
0.730803470949741
0.8738566561869185
0.9161885877318107
0.9243563092467427
0.9285029335937672
0.9357677077599565
0.9411975355971248
0.9364701062159559
0.9124729826768625
0.8494383278039871
0.7007943440406023
0.46862440291511204
0.23389274938926544
0.10752800741516892
0.07043682655098744
0.062093795915770696
0.04468362837512322
0.04404998008812854
0.04438666553293264
0.048425885244052516
0.046772483836534644
0.04067493495920211
0.02483011142566737
0.040226270284725404
0.16886043278675852
0.42979927392149136
0.7031352009972744
0.8574583347496223
0.8948212177452984
0.899051663364636
0.90817297769101
0.9173339711708687
0.9182176592429778
0.9079225912941756
0.8693490281074322
0.7395494509506925
0.4957834190931734
0.22321164325502743
0.0687997244574032
0.0334764211949649
0.039220367489511215
0.03593949042315817
0.03519211498456172
0.03548094208110871
0.032330303045910856
0.02442035463194104
0.08986825737578137
0.32019433109844236
0.634389622815961
0.8462626660976271
0.9154845499427717
0.9219287404714799
0.9229806189685273
0.9246838740659493
0.938140578904251
0.9537982142328302
0.9688376068889962
0.9757368456524753
0.9747440423311725
0.9478743791500822
0.8637944434827541
0.69129381287479
0.42037393780647025
0.17605870381830901
0.049320893821913576
0.0439944059363603
0.044996264392042504
0.03764580454556448
0.025457486851381498
0.026083121434369645
0.03151168158165639
0.027501054789957593
0.019244498430994267
0.1309925608697418
0.4084519718300094
0.7165386536319697
0.8759350055199624
0.9181108807613164
0.913869430068611
0.9078653379649254
0.9062113112686637
0.9288923402123838
0.9381539628652881
0.9146685101409545
0.7870050229735004
0.5531790566569376
0.26600984504872943
0.08659684996738003
0.026398174592206686
0.03426722457935497
0.03408455213138669
0.041501984100882176
0.045586726606736704
0.04968784613937974
0.03315061232362482
0.07666742947137314
0.29827520188355244
0.6382091283944092
0.8746587065963289
0.9424722259732959
0.9346698458351062
0.922249982238549
0.9142557574127145
0.9186837881810306
0.9191829972744191
0.919241179870722
0.942971238920897
0.9355807780239015
0.849261849661622
0.6045577913108497
0.311742318644538
0.10258494930027234
0.04994777901653205
0.049628901221188376
0.05123927103395556
0.044245464671650796
0.04240105954624472
0.038374333706021294
0.032211161047900734
0.07631754256988826
0.307209034257615
0.624265715909295
0.85646363695063
0.9166468077008186
0.9294006837778533
0.9271891510984703
0.9379439749257421
0.9541095692000684
0.952806129507354
0.9109681249520856
0.7932466896345842
0.5857787712826817
0.33045630296948353
0.12925081886438053
0.044276869200677145
0.02993797598030092
0.04089675888747799
0.047994775375530464
0.057305313136354424
0.06390155262596267
0.06714086086393892
0.05186207530652747
0.027279184146667412
0.05580646415054808
0.23851439937581928
0.5249891600934055
0.7752645183314935
0.8830182897838312
0.913536221540085
0.923950698332221
0.9352843983235403
0.9395226325885033
0.9410023944012237
0.9242072900267683
0.8547942927793185
0.6713914872825913
0.38659426426806204
0.15041661274720808
0.04860126874703964
0.037572448401439036
0.027975982103093173
0.030120219970473823
0.03557255053207817
0.0352486119866778
0.015175109732603765
0.06599915597539639
0.311446224649792
0.644988902311274
0.8658847509564019
0.9184416413366198
0.9266228508289106
0.9351589052958612
0.942948911119748
0.9467670752677835
0.9396744791436485
0.9419032866180275
0.9480522125374994
0.9366083192283085
0.844685218110596
0.6143510459577758
0.30592715238991447
0.09629422074729475
0.03847368337795744
0.042740712794527395
0.03231635034503003
0.03247554538734974
0.03393680145690351
0.028670682582112646
0.019631632219729724
0.0027446711412228643
0.06005524781426232
0.2844802040139545
0.5980086917922924
0.8275523285333206
0.9069590346864783
0.9295047593752563
0.9296131347719179
0.933389610462569
0.9407508030677719
0.9465560450202497
0.9233898563788008
0.8406836470701493
0.6376657543462848
0.3593323606818693
0.1378272395457064
0.061090603797043355
0.05386804007557858
0.05726990396022073
0.04902888137689019
0.05532673443167129
0.06671972720662576
0.07677623727350717
0.07298496323345159
0.0552093192569764
0.043043783081790285
0.04647022226287592
0.14439165645948726
0.36348779251192176
0.634704507162816
0.8143109321058122
0.8807243955047925
0.9013047562517563
0.9141307120896761
0.9243981538729621
0.9241239434032105
0.8804697745158713
0.722106755468556
0.4407771495777845
0.17918302253364998
0.05414382011929617
0.04620889539924555
0.054906222960615314
0.0604028139294703
0.059110617637901694
0.06153432164276664
0.045237078117809415
0.037588762621728965
0.1692919085766463
0.4659634615618069
0.749877618290853
0.873183752986631
0.8850576012375823
0.8637222751232584
0.8396954418361839
0.8475295318839806
0.8856739171034098
0.9109600053284038
0.9050160886587942
0.8946302677660819
0.9276263318930887
0.9465357532244164
0.887198460186335
0.7045231568911697
0.43001129716796865
0.1740366625953764
0.05249420510962613
0.0483182178568883
0.05421708386225876
0.04914051166063912
0.04735170857906046
0.052737854568576444
0.05309873142130488
0.04054101699206003
0.025416843688702354
0.1412114342280512
0.4166562572308138
0.707264327891881
0.8552272567106067
0.8920496864814924
0.9044967181166537
0.9160320710738766
0.9208439964779203
0.9011581205556867
0.8187550139126295
0.6327030115169051
0.3439300060209106
0.1243118202365716
0.039057996778437916
0.04651675464577665
0.04222678162454886
0.04041689464842129
0.02914750814672986
0.014051663441451591
0.014724972940062241
0.02569447118395054
0.028396757278351167
0.13659432509579497
0.38145451677719505
0.6753943497519944
0.8425412890701852
0.9059929104288005
0.9097422171438264
0.9209020428273627
0.9266545426602759
0.9343867250025291
0.9381945033512591
0.9492021854250879
0.9472664786122891
0.9162933088397169
0.7929201072140236
0.5602882026874799
0.28651733441446087
0.10263254349503903
0.0388516721352407
0.040399424459117365
0.04021526103218605
0.04095130904182788
0.04032084786983831
0.03686398410846085
0.03580085909239261
0.04169297123695686
0.04735255043931109
0.17644356891402327
0.42862382543975686
0.6990383213899534
0.8387676203213025
0.9028793143559891
0.926242484168309
0.945283959603413
0.9548411979995408
0.9468681255969309
0.9082029756263617
0.7927532602647774
0.5877082759501654
0.3337830905646795
0.15290447883744648
0.07999370971356908
0.0678097108784107
0.057138063632602154
0.04742307400039169
0.052934224365970395
0.055318948572151035
0.053019310711501524
0.12868319673323145
0.36068598226734183
0.6500555139268277
0.8435294423579296
0.9075231409544965
0.9237392321264039
0.9291380269981692
0.9411819486315459
0.9548739357664647
0.9645694353750974
0.9679198082783094
0.9553741891782311
0.9165102107549474
0.8024791815186708
0.59584430513755
0.33623413811481984
0.14140990855479404
0.05351644096886717
0.03988305780832009
0.041424844222167266
0.04209850238457141
0.036227753934772136
0.040368831295000046
0.041939538635007295
0.04511778415643998
0.04790089272305167
0.04646842958908156
0.10145954485911446
0.29269231260691325
0.5599863514824412
0.7646205349415575
0.8625913326839486
0.9076946506408007
0.9196871858655974
0.9262594800132852
0.9252743895117275
0.8828208034151769
0.7612979823466182
0.5218798542328913
0.25412496405912216
0.08150272897870896
0.045410984899929105
0.05046835597473295
0.04730144913294728
0.04456431213851339
0.04644274965191455
0.05012579112058111
0.05399047924243711
0.05195640950195176
0.09305506427575627
0.2710920677051645
0.5438333319704667
0.7707841231249964
0.8784850297311849
0.9220220163580487
0.9408739796127458
0.9529368073182529
0.9697447844808266
0.984043487993684
0.9910489588436171
0.9737721007014049
0.9290341493247596
0.8099306189454629
0.6021069128330312
0.3305842109791873
0.1336577512164653
0.05382344531601873
0.05419740326493589
0.054789955648025676
0.0868058960498416
0.09602973634658665
0.0819442614846514
0.046020539943350085
0.04796211130525506
0.04658065970625167
0.14165939425042917
0.37882145020396396
0.6618741779805762
0.8294184471209437
0.8888492660356895
0.9106559700453702
0.9207563202363949
0.9178138067620952
0.8951476908971506
0.8200755570520681
0.6600605586516339
0.417597035093069
0.19494918649665977
0.08084591396516069
0.058642766455829255
0.05128814197056608
0.03897153487062728
0.030199444650811973
0.024320476501942724
0.01773753118728609
0.021075591307717065
0.029440102832303586
0.03416668217469681
0.03062655255447737
0.04299062369448115
0.04174484135000237
0.1267903717332979
0.35184603385627816
0.6474716919971555
0.8299811296906796
0.9037345792637312
0.9260388126862931
0.9446487060621339
0.9585439277858158
0.9667421957397203
0.9430182953566106
0.8618393254894331
0.6852933242962572
0.3947266303539853
0.15228896828727326
0.04333285688260346
0.04738555869075582
0.03745625500364756
0.03526775733521571
0.03390168570001497
0.03503632781625455
0.029613935553431513
0.03274993177624075
0.035057264520559864
0.051112166927327736
0.17771977749227355
0.4337962162048288
0.6973185234350198
0.8410848960840316
0.9030069408939332
0.9248081498598686
0.9370526486432038
0.9429775645971393
0.9561024635096359
0.9468789167139956
0.9185098363635972
0.8347514742391346
0.6416727298544947
0.3508211801993279
0.12546221827070672
0.04787663379721354
0.051767537251934136
0.04533869581631537
0.03753925038681845
0.037157315766470043
0.04348565110819573
0.04829368109407011
0.04446476123605525
0.14498585017871227
0.38981158753464734
0.6736609272920586
0.8354118184611287
0.9012978679049768
0.9299821382079604
0.9491305780985405
0.9595684709152282
0.9708016066492461
0.9777931100123136
0.9785742037663805
0.9728198328910458
0.9541490831390796
0.8995716171494909
0.7614075492473157
0.5388605499964494
0.283042313224562
0.11514499810636057
0.04725164261746616
0.04581156888761829
0.04231322718090888
0.04125725665811928
0.0388444857680459
0.0378853793046577
0.03393731037743727
0.036835119639601344
0.03993158681302505
0.12368474517675726
0.3291613106812898
0.5976555723474506
0.7850879727208687
0.8760275882399938
0.9143823434151461
0.9320515078158268
0.9404035345025339
0.9497531952929371
0.9498644052054552
0.9166587794411672
0.8182059025076293
0.6379841671624986
0.3776321006816675
0.1607062884844282
0.05949602411654374
0.051159489913119194
0.04721734993867089
0.049539810988956115
0.04488657590393807
0.039113421875859825
0.04176226263128235
0.05713977743763277
0.05606115081381181
0.11980026806758673
0.30548541322259787
0.5697259140296528
0.7647908099351586
0.8632249690669833
0.8970258197147336
0.9155734503723126
0.9242923224171332
0.9332733800213616
0.933231226094796
0.9303550868794045
0.9075021982048292
0.8291286553347068
0.6594286822513152
0.4083904581334403
0.18221022372016651
0.06692703279798862
0.04949440158209953
0.052780384743756216
0.04072200469888964
0.03472060700177201
0.033886681314680124
0.03739077747421397
0.031910557805843974
0.022552398553581692
0.01612379882742251
0.09785892961530683
0.3282270785392856
0.6163748252886425
0.80523377047604
0.8753289188705582
0.9021460784309198
0.9197754276604455
0.9331025122300329
0.9437566105687102
0.953707489073321
0.947823303049956
0.9216380778475299
0.8365265424508899
0.6726913273199113
0.40327292286766103
0.15958870089798452
0.04081231225355519
0.04285335028832394
0.04900475811517681
0.0445842688354872
0.04015776074299413
0.040558345607030866
0.042850435148205364
0.04709094542098639
0.04502177051982326
0.03959592392489416
0.06615211715512061
0.20010523677192799
0.43075873010216004
0.6642957295911814
0.8117412027569364
0.88581527577911
0.9152540349331045
0.9271974939862332
0.9309872385285586
0.9244013718519433
0.9017164599738225
0.841887095867107
0.7193091678620172
0.5219284532490002
0.29673623456749953
0.13175404956921222
0.058539207911196885
0.047683190576082085
0.04965875570774049
0.049432240241514595
0.042916843013747846
0.03515711719897729
0.039987516511972514
0.044328293502258066
0.04201194091720925
0.03432806260641065
0.03191865347195816
0.08421900743106171
0.23946834834160646
0.47858226933307585
0.7022637945862913
0.8399128249395266
0.901702260831159
0.9252595039431057
0.9368338764683681
0.9407657267336239
0.941127997108596
0.9389315534654403
0.9239756491834068
0.878462156328645
0.7556476629266891
0.5196448538196253
0.25340191214863506
0.09380757423912377
0.05635664782325778
0.05715217065277594
0.049267301032832146
0.04601226864836029
0.0418847481389817
0.04520855059123731
0.04634534986280438
0.04269775661313307
0.03200228330320252
0.1112196822139521
0.32383828734698766
0.5905457021838187
0.7738443524033203
0.8589078572408313
0.8992736875945239
0.918139046507109
0.9288350336480978
0.9357744834509554
0.9385312459304664
0.9290252668643327
0.8830996260036323
0.7690212894646835
0.5485011498285941
0.2884920833372226
0.11152511744854395
0.05698291635298982
0.050053512317787284
0.04696609984344759
0.047575036973759074
0.0456290721868191
0.03587840339521846
0.027497712515531767
0.02491768585245502
0.0301326272764455
0.04429493749591601
0.05721012528809835
0.08406863651362331
0.17699057514029368
0.36451602285786583
0.5871340180395497
0.7642150981295258
0.8449196341409242
0.8736726350596677
0.8966819235188678
0.9263391692648364
0.9350542649966196
0.9346807640035357
0.9268606539626981
0.8699202641098303
0.7185414453650575
0.46410254506716153
0.20579070870251615
0.05507573467047654
0.031005525971615346
0.04785282435701312
0.05218544548119415
0.043165462542046326
0.028612420598171262
0.025061230492610557
0.023219976774811798
0.030693720425519055
0.0399728495130646
0.060801672472599114
0.16354759815209657
0.3739655699442944
0.618892621019508
0.7787251460068385
0.8638499054002302
0.9066065672636432
0.9332088608040833
0.946960115669851
0.9586614842457293
0.9592785333547628
0.9643432281803005
0.9664505493916176
0.9562623486004794
0.912005037001057
0.8015603635689507
0.5950288877986986
0.33257356009546196
0.14007651112688932
0.06316682572100273
0.05764740959332938
0.06759496857889498
0.10196380135179302
0.11130406852675463
0.09676040031633612
0.06782259562091282
0.0668169527894413
0.05034663973873583
0.051740942859158555
0.16176459010977834
0.39179571427071486
0.642497277783985
0.7951413075255307
0.8603861690886445
0.8761473244388565
0.8847976793761874
0.9005134542734089
0.9208076989807411
0.9379208358044939
0.9332441437872122
0.903627591273749
0.8167610634099379
0.6344869536390717
0.3810535108824159
0.1701908539449019
0.07286293870202258
0.05638015627670715
0.047239613148287424
0.0322107936677202
0.024870047042496776
0.024564702772001658
0.02684360659025175
0.025537211096488897
0.020182278422833988
0.02440313427180643
0.03111676994535229
0.09115890226108649
0.22373268251355027
0.5177106527828806
0.7450616446692421
0.8464370981039074
0.8356751958559137
0.8820243888113833
0.9180396265601504
0.9317805825968161
0.9284019896230169
0.9109278119625196
0.8751720734952401
0.782482421664328
0.5930771891230853
0.33310521336576243
0.13108156121802472
0.0534678751762805
0.053858892298633346
0.04960909962168897
0.0388723403721138
0.03127306832933538
0.026729054093195093
0.019360273943514528
0.020939961779397765
0.024430596214843392
0.05364653208292935
0.2001268771188806
0.45076665674244926
0.6831153914657606
0.8037269312189913
0.8644530037413491
0.9020812812615977
0.9259826929514289
0.937201701528491
0.9408272144306147
0.9419662096554217
0.9368256758248446
0.9117406190759741
0.8301987212525207
0.6764284158183741
0.46992020193354905
0.27539232347187503
0.145208724589698
0.08246780118850203
0.06146798226316828
0.04827891039672525
0.055030650503857324
0.06639352228746612
0.0734553806537429
0.07001838622137482
0.06965521417838035
0.06252730219725018
0.04836830506033536
0.07942517134111682
0.18530550361836504
0.42625772146476326
0.6677151997165094
0.8210589455471801
0.8499399417377677
0.8812543039249023
0.8988203302896438
0.9028610632645011
0.8700497852025095
0.7766547619033807
0.6029615142203731
0.35637490155671764
0.1563754330340692
0.050622080496256584
0.04027177633174648
0.03849879631260956
0.043329581665858784
0.03774207252952153
0.03388861773390874
0.036505679360799466
0.03293007716843158
0.08630984178115338
0.265724377640153
0.5345873979775531
0.7496897245145829
0.8491395200417742
0.8870478891920701
0.9043554541839283
0.9177980219637412
0.9248822781100922
0.9313469445512059
0.9315917297898092
0.9257817686098373
0.924252422355484
0.9150799461094968
0.8861256331617205
0.8154953326863359
0.6463523076685042
0.38674933122069904
0.1563934241202564
0.06383025306040407
0.05593229767534908
0.053387203475580035
0.03909365427827783
0.022519957289746286
0.01604158816197365
0.01563647342302216
0.024997786750406103
0.02352617890518603
0.07137448562552355
0.23085456774423424
0.4776783493341152
0.6959704904284153
0.8223731435674045
0.8755503253024645
0.890050593665433
0.8913793773864822
0.8730134191732606
0.8096448342922972
0.6982409933265181
0.5371075396894837
0.3591586086904749
0.2090333852153679
0.11469048449359578
0.06277386154609768
0.0505322389608309
0.051947454048834045
0.04166973799001471
0.02099145234526955
0.018462449283663168
0.026339429460852843
0.03152489490274878
0.029110645857061267
0.0308089071878655
0.032771445082617395
0.03560977679456207
0.12547078514823493
0.3273094354981089
0.5840454955258847
0.7611611493469256
0.8484260897243123
0.874056297881039
0.8948813180755539
0.9105553428807132
0.9069016116160676
0.8835685412118961
0.8227438896728864
0.6709263867593019
0.43830798031147283
0.20909339652724254
0.08230402661727389
0.044548030717309776
0.04831606438112987
0.047802549714722475
0.045707714740943615
0.04299211260675537
0.039754051120937745
0.0423906423246981
0.044650175952675654
0.03933037110231253
0.030162534998794604
0.07499508483660576
0.22970560537478144
0.47330729150484296
0.689626885381835
0.8164051334029255
0.8664499437194889
0.8907040168899676
0.9001481764929942
0.9099287344504492
0.9100410860596639
0.8948910640471666
0.8149332681234157
0.6565921100590855
0.42798415242668614
0.21332435412912407
0.08279650947801383
0.047514629857690775
0.05293728398282721
0.05433784831677685
0.04911706115330141
0.042376095971480565
0.037755385294275697
0.03750568271795434
0.046312322221400595
0.1274638584365684
0.3264235014827443
0.5717161752109332
0.7558131220014362
0.8453041283559846
0.8923168757999508
0.9117088954508414
0.9234068422423176
0.9347189032847915
0.9435070883486699
0.9461149457777349
0.9515994239927819
0.9456104774411295
0.9017838741515812
0.7819836970493101
0.5891899470514952
0.34077031971248567
0.14584502899878626
0.05748842632028568
0.057928855059348285
0.055356346515661514
0.041425710271423936
0.022670568243836762
0.01667950620672245
0.014400175835770064
0.01853916079984008
0.026815190025751716
0.0676682795589056
0.21016822333609403
0.4368773155757678
0.6650604611709682
0.81082132869471
0.8877152951245171
0.9183278018011584
0.9304410150372818
0.928232940403966
0.8985650817102828
0.8224158864802589
0.6980937725133081
0.5163831364798132
0.30643674437645124
0.1348132019600292
0.06159718829842413
0.05347570779084532
0.05413205369153343
0.04897284144927068
0.04263790412738346
0.0366478804474904
0.03161108989452348
0.030462845148320913
0.031839990354316526
0.0367714336955584
0.04721812693915074
0.05325792426781205
0.0673354240821435
0.15715452462463436
0.3370076497932201
0.5652060904110553
0.7374546793400405
0.8405799093889346
0.8842214378327304
0.910285589374656
0.9249614442433128
0.9317107854471323
0.9222310177708153
0.8627002999364822
0.7204394010392439
0.4857350172359367
0.23429143066405866
0.07531416509400202
0.030975189536674434
0.033883540429387654
0.032667945622128186
0.027794003306697318
0.03159199855856586
0.03554727649840911
0.039022057453816754
0.030988100065254626
0.08197626136601588
0.25730565280350426
0.5164073125585401
0.733061549525572
0.8485006222212129
0.89909229666722
0.9190361249581472
0.9274199419382646
0.9301710092907196
0.9308900058946179
0.9284808491010299
0.9050715844465248
0.8225474790994454
0.666198492929804
0.4569690240760922
0.258668919765015
0.12110558548478746
0.06529572598776308
0.056416837454388774
0.057045674736182786
0.04823446409253272
0.04586433908215656
0.04149707009078054
0.04321749071697433
0.0413387595303944
0.04550750893452761
0.03628593450150376
0.10639695315050751
0.29127600939989734
0.540689086513428
0.7370396964307245
0.8466617580274769
0.8850448797614252
0.890624039168864
0.8959479173405166
0.9000186452979829
0.8919037104519393
0.8631225392093693
0.7885698404393943
0.6321194035719123
0.41601432616045075
0.21022747144406936
0.09225702018815053
0.04875435509127029
0.03914471118216486
0.023655501979145174
0.014459640011363096
0.009289626707196626
0.004398876494471184
0.0
0.002823808372760699
0.011783306581495727
0.015784990394807675
0.019927700680391867
0.1072338037839795
0.29992916327243274
0.5382139553693668
0.7120753001885787
0.8197450519722196
0.8706514942295269
0.897434279283761
0.9113163314776276
0.918648009981198
0.9104735513636899
0.8828184178009333
0.7998685848255159
0.6502593372631545
0.45123486571785215
0.262112155961611
0.12078275544845381
0.056646534867840236
0.04416433703380887
0.041121169539190094
0.03467359688333661
0.0352876414090114
0.04253909988364254
0.04657953510113274
0.038632207001421615
0.03659534339346186
0.044445712580157004
0.11107894401088675
0.2685296632244308
0.4955960550610156
0.6884766384994043
0.8049214604268952
0.8643451712346738
0.9009000135516905
0.9238752217569556
0.941174133074304
0.9475806195540599
0.9456990458622164
0.9213393542436003
0.8383973756138593
0.6642563877220398
0.4286256172070683
0.20110658767742254
0.06924795929650314
0.02978487177931263
0.030897784543811493
0.025082091581242236
0.025647515950864293
0.038862082368417636
0.04735503525249239
0.044276064920490195
0.033224326854122334
0.023284317862828717
0.02364278378161139
0.03408001085466198
0.07178078275938682
0.1914718741130855
0.39794700842205205
0.613333724087978
0.7583223503252999
0.836728986106075
0.8755151027817887
0.8959663396327573
0.903510709032155
0.8770156754222646
0.7815217036296308
0.6089331980349022
0.37041421503912897
0.16180549495130472
0.05609402592274512
0.04575677036429608
0.05003171989602788
0.04518718587606298
0.04035707486086647
0.04171709907872185
0.04574976021545599
0.047335401017016075
0.04090074599968219
0.039249967240898374
0.04398105620850869
0.04125902400605397
0.0830368393661314
0.22466755966349475
0.45590209274000093
0.6584655322228334
0.791738153210272
0.8623256233351647
0.9060472216439368
0.9260407181499541
0.9349844086603055
0.9294547327811669
0.8977202786400142
0.7867068371155004
0.5941914404710091
0.36616173620757125
0.18725188881910448
0.08817497290976943
0.06343184793981985
0.06605972164992194
0.07294196017432497
0.06940477719864407
0.06770195276783732
0.06614697361129317
0.07294688782098815
0.0638323569500431
0.04838802818772372
0.07527423523027404
0.21575944688674079
0.4403100491561399
0.6617028622891244
0.8031812788061493
0.8715267660734696
0.8942327262131977
0.9097335875898637
0.9233099505575343
0.9263330669469
0.9242829362555933
0.9145682371151559
0.8792425780912424
0.7877529440147284
0.6185054132077108
0.3903960793978409
0.1817157222642425
0.07108331834897497
0.04187571875357422
0.03568852644907154
0.025067748500897293
0.025957679761807146
0.029036917714777285
0.026355603521125516
0.02435235653020652
0.029148258656364466
0.024528401369060482
0.023646457692597215
0.031179701409119784
0.04728449412360425
0.1441815357018008
0.33277024933781046
0.5734722969713378
0.7398885834615564
0.8420864932430252
0.8823283659511676
0.9094102892438484
0.9182208470234281
0.918791313916699
0.8998348673848767
0.8244110859504072
0.6719905007165082
0.4420437446289004
0.22554120589203908
0.1019134434945353
0.08065438505116145
0.08630050404460732
0.08736324702302022
0.08128599997858961
0.0803466007697705
0.10395899782949292
0.11077886167681258
0.0933368652193177
0.06324903264153386
0.057092443433705946
0.04764206889518695
0.04018603114043724
0.052716663678390556
0.15277843990734405
0.3538761558825076
0.5930581858047258
0.7546608204915372
0.8399830717717873
0.8801253527111393
0.9088992507297976
0.9219609651743316
0.9321224730146279
0.9308742433424443
0.8975551883960179
0.8050221962948294
0.6279142109913285
0.3745766528843901
0.15029841006587993
0.03764663948214524
0.03367511455112202
0.05172393283862549
0.04192982977005759
0.015970773208929246
0.0031136160844038884
0.01190487600747291
0.009830201568674741
0.0174796104858008
0.033326063098362016
0.11976821736456839
0.29218615233011497
0.5182360244029035
0.7014693451620181
0.8094128043163854
0.8548359097104264
0.8730403556128903
0.8889454678274207
0.8942039752948459
0.8817386647686197
0.8453849129063669
0.7843221994477797
0.6947413461037738
0.5867721788613538
0.4552396954178181
0.3096505281483218
0.17285329062042026
0.08124179658068843
0.04556595733246712
0.037864865948527525
0.03366396784432744
0.03310216878850726
0.03188096093062093
0.03256004364928966
0.028338450601428578
0.012637431429556341
0.0004909181402063975
0.0681104091775825
0.23741335860437285
0.4621938170222611
0.6484808262387093
0.7684835928262188
0.8249708203914573
0.8564162912789968
0.8817165364677509
0.9031502980689523
0.9205411789041389
0.9241638698972277
0.9048300557637965
0.8266858740798018
0.6463265270948392
0.38826404548572985
0.17115510861384514
0.06045526256351336
0.04214646532942615
0.04029553942654156
0.039449702936891026
0.03096566636335276
0.03166906035488171
0.02739773842993413
0.057675335186628596
0.18523358734432616
0.3998949956036282
0.600495955116404
0.7342789246859247
0.7995256675378716
0.8294847776139749
0.8332537306723418
0.8378405250547647
0.8420030018947828
0.8492986473401007
0.8544836277070601
0.8587869905476052
0.8628750859108323
0.8633812905354781
0.8524891847809926
0.8172345000950998
0.7100661611451652
0.5025105064364347
0.2524416436251897
0.08841075734402513
0.034891586039609714
0.03287437801960598
0.03680696518498841
0.05335591744754211
0.06117217543781066
0.05324701465421186
0.033628160686434594
0.028053134646573597
0.033784365333320555
0.04654616686811998
0.05680433243496546
0.11396860269672869
0.23440550421701462
0.39119873012213147
0.5363845524686014
0.6658291131532976
0.7609240793499333
0.8202471905283666
0.8523176166803288
0.8511636626160699
0.8000424719742009
0.7009815793078289
0.5495451102009982
0.36417908419604045
0.19884157890442983
0.09983019793568502
0.055485888131043555
0.04964951492176876
0.05405197654807264
0.056240780898236406
0.04741285307606465
0.04499340612167782
0.04018592398631883
0.03844845437667523
0.03550674038905237
0.04289640131569266
0.05590161038235922
0.0598153113943362
0.05489408281417109
0.06986760207605966
0.1694947810627084
0.3400311978109503
0.5335740074136605
0.6740617387515502
0.7702361528697059
0.8234202242729418
0.8596570569433759
0.8766341650794189
0.8674831303308822
0.8183965895191353
0.730764122782447
0.6109671572599983
0.4651132849127385
0.3284198811395646
0.21845144749454676
0.12577291052324355
0.06643256029651323
0.0433042268452037
0.036716499291079285
0.024309127216742075
0.025519556686696084
0.034346201740623784
0.045720553587492344
0.055621660206019316
0.055440484539696806
0.08818895154364173
0.18917647751698585
0.373881165097452
0.549285452187122
0.6842790796716348
0.7638647797840469
0.8275828735489134
0.8677260637539183
0.8955051975123646
0.9077328797678632
0.905988963383435
0.8791359029185671
0.8223948775548088
0.7259585428369093
0.5832943158819429
0.41165379920186856
0.2648749559090794
0.16235398439280155
0.0933738219501042
0.053352411918315974
0.03973226264233046
0.03111865062878403
0.016867799883908886
0.008969061794336873
0.007052567931474917
0.011554282466680435
0.01678880591549973
0.03416695869599619
0.048573368359167424
0.07386289768045892
0.1531745373698105
0.30839478194563075
0.4861535549293398
0.6264637405229753
0.7161369283183914
0.7640026744896751
0.7923953472573118
0.8087334948521047
0.7986865360059123
0.7502468209353927
0.6353881351365059
0.45059624052924907
0.24291901974049418
0.10564071840168307
0.0475909379293055
0.04348856646538483
0.04359821418002231
0.0431801153126621
0.03701133754460266
0.03929767581124194
0.041311766362091114
0.04236537315885145
0.042615708324002174
0.0423189714836263
0.04055924117863792
0.08240635440645054
0.20205138388375365
0.3732260258781858
0.5410754171531106
0.6734747151956941
0.7622873316173447
0.8128070131886764
0.8414993116290218
0.8563805274744577
0.8522541041487685
0.8244053431279408
0.7636682044480486
0.6590876091519983
0.5097336927058117
0.3244386251100768
0.16196608307504065
0.07184065479826911
0.0482059612810893
0.044786016468751494
0.0339331750068119
0.033309954629573924
0.04136427387062952
0.05604657504242589
