0.29122627422461467
0.3530094129672704
0.39033746143790704
0.4100667357627888
0.40900304068675364
0.38944316332674933
0.3324264342970189
0.20272218401370107
0.25289290534742126
0.25374909733348316
0.1936792418626411
0.045839721181680074
0.07814087136727414
0.08193544688306525
0.06811784045755286
0.1157796743518783
0.2710574979309955
0.4960201526375584
0.6857810288059777
0.8136860582228037
0.903785057215156
0.9491216061229468
0.9715244275973516
0.9730957038463737
0.980338053593634
0.9746291111876917
0.9737331937524725
0.9684622019521725
0.9685420264578114
0.9509118300798358
0.9215615115852375
0.8489661272659907
0.7294765137707916
0.4806512442737841
0.46584617103032083
0.33797427108131883
0.29815672373676727
0.24081005835481933
0.3335722123744021
0.20317092513119894
0.08681264108160985
0.06553238074826656
0.04939822677486127
0.09733979360415042
0.283255145413986
0.565853264569406
0.7933520830936092
0.8994138677852104
0.9373992003288417
0.9438701715163738
0.9524438270474411
0.9729448330356161
0.986781398427501
0.9848617097727981
0.9724669298388882
0.944673022540349
0.8978162725387984
0.8230499710165657
0.686597002922568
0.42649378797500104
0.21767116825113159
0.1310400066580767
0.15516469837063124
0.19378384476878763
0.21716238124440038
0.19285180238581484
0.1661023184263917
0.13615524982610389
0.08287162268309702
0.0766829737221773
0.21949161486018376
0.45224312520612164
0.7022315877873587
0.8730525398520008
0.9448344509242129
0.962341115891153
0.9787009758138016
0.9876509632679961
0.9927544691697106
0.9954852968586221
0.9959893451227381
0.9808078426258006
0.9626069635521751
0.9078230158857944
0.7929292925253374
0.5833736824045374
0.3367182247029361
0.13792375795670736
0.05973855692063584
0.05027927166709811
0.06457882559439938
0.06651365626978592
0.06302856327734126
0.05599408917026019
0.136702691891001
0.32910827265661424
0.5776016077749471
0.7699945856884436
0.8742829632575019
0.9233891523914971
0.954547346987317
0.9782969523495346
0.991767314334821
0.9947664418701478
0.9888974167117028
0.9780103997373314
0.9742006450326904
0.9431621636538181
0.839014634964112
0.6330244017461695
0.34275719293802387
0.1257706348512055
0.057016631774147404
0.08615794071218741
0.14482770130615416
0.12905899784926056
0.0765329338694128
0.023843275275932125
0.14270988198941364
0.359162890218589
0.6318003673024314
0.8250273075614484
0.9118376584051052
0.938275490325374
0.9529910252790256
0.967081619480565
0.9687955165625002
0.9668821225660057
0.9304758551847219
0.9144246038443578
0.920178788494928
0.9491441089917201
0.9188160773495729
0.820875272173625
0.6284029438143828
0.342972033749474
0.11873723994461241
0.05439782376112521
0.09315592947428451
0.10444667240635556
0.16880881801662947
0.3533735281507709
0.5847277598732199
0.7574519357063929
0.8514658663400267
0.9026076996834943
0.9332923634758442
0.9473777797064816
0.9397608308119237
0.9218665139923182
0.9013081516039066
0.8751521417233374
0.8015003345157802
0.6649507134354271
0.39987525086511694
0.14638641559257612
0.029144735006620754
0.06482914948276228
0.08166475424298145
0.05857891855698483
0.04225642054005776
0.047771422870627044
0.1398890569013418
0.3244202942902426
0.5603280758588252
0.7375628572507268
0.8478101842081742
0.9052549234308761
0.9376119225062733
0.9522427409230578
0.9590137829939168
0.962814291524373
0.9620492969282938
0.9678416325834795
0.9739076044987975
0.9722980018661616
0.9174664156554545
0.7963703707616652
0.53100641305709
0.21855544367775326
0.1212936472318038
0.20829548282732727
0.20992046329830968
0.07942044700538856
0.044998122953186885
0.1752784411971167
0.4009792371525166
0.6324111790466658
0.7853166042507704
0.8620387945696595
0.9062909895215868
0.9329533094897627
0.9517278767084056
0.9621609881613445
0.9576955289550841
0.9215150112020308
0.8253546053741955
0.6715280859505123
0.40450171654592126
0.15295257872126497
0.03159343984446308
0.04891078801566276
0.0829006306615902
0.07920470189664597
0.10131769529701368
0.1997189235009083
0.40598474989828015
0.6086896243082002
0.7474309378001529
0.8371927217572146
0.8941443235739095
0.9295808910258865
0.9464138804212691
0.9574196440582673
0.9659273774766038
0.9631769896634597
0.9582677253099867
0.9462491301349578
0.8720636550064637
0.7010844557889724
0.42739712330657453
0.18632587667047937
0.07526727635885505
0.08457017317799487
0.10266694579365099
0.07176397053641659
0.10087313334038554
0.26412233667621443
0.528584130894036
0.724804049828181
0.8292679277704016
0.8962536972218121
0.9470479069797707
0.9730473960634592
0.9820766610013045
0.9913954142389867
0.9926233216794452
0.989415526271234
0.9791991999801393
0.9807917207744362
0.9867080676949195
0.9593927824478371
0.8382786390769589
0.6007270375690218
0.284837750821854
0.11246050098317813
0.07201949750986468
0.09019944297871683
0.12625672468835958
0.15621861528329045
0.187057108437336
0.31153529794663676
0.5847305888320831
0.7975305552610047
0.8974989112481163
0.9312278779910292
0.9481243021221114
0.9610305534383062
0.970637135546062
0.978976155735243
0.9880501839229484
0.9888825281932437
0.98748148651917
0.9879253235524578
0.974803443595536
0.9348483972117144
0.8348016399679369
0.6761838087680776
0.461370413626024
0.26331578414666573
0.1508686321203591
0.172809371702572
0.289003864124367
0.4615018514705505
0.6401945343729056
0.7790653943514501
0.8600568509184388
0.9049733804210501
0.9308062935775722
0.9249399581198378
0.9138991978433805
0.8731603763108607
0.7903494760700172
0.6486869980980867
0.44197635042565153
0.21027178056995055
0.05676470358142722
0.038398860264460176
0.09648168251323785
0.1018820437784519
0.1102758005340179
0.11716689700025568
0.13113992544345748
0.06263395475390338
0.08093352015050646
0.27796364367171567
0.5827475622367747
0.7982284969191299
0.8824848097706631
0.9128665679773431
0.927579347195723
0.94094173721139
0.9437371907895417
0.9446013608931517
0.94094332240843
0.9425432705455775
0.9264883059792584
0.8481359045664688
0.6913252125297121
0.395716455618169
0.16210598055093825
0.0562840965615602
0.07702724091107142
0.07535095962280658
0.16122346551353736
0.35098526611533554
0.5761218500603732
0.7384695427373678
0.8195403495446618
0.8635282399387473
0.8883266097641211
0.9105162860024921
0.9315776055482847
0.9410150906482303
0.9440503357513083
0.9525934022973239
0.9551744310012544
0.9081741568827114
0.7991488856077194
0.5806737897688073
0.2852956440805348
0.08695724173961547
0.04520451707144088
0.06642849264016815
0.05010844980719798
0.04055563357588601
0.037163380738390116
0.11127779776337951
0.3116895429641407
0.5736925424776879
0.7799543843373714
0.8985466095185213
0.9516739890650655
0.9683075693464992
0.9778989781841231
0.9896229302641819
0.9843238028168997
0.9818047246249725
0.9751698034686485
0.9664783394229798
0.8884203618274451
0.7145859395651797
0.3847878374716308
0.12555256119521474
0.11031153266540004
0.18891094364426472
0.14423257775266976
0.036762849288633895
0.053329946315344025
0.2047756106265877
0.4629984819693795
0.7052775349570953
0.8447315548989031
0.9023854186652974
0.9376573519837305
0.9591064183108557
0.9734433381289009
0.978597533614563
0.9830921754608908
0.9677501220936188
0.9076463982244324
0.7771015836616119
0.5205925556329135
0.2284983914244468
0.05616279023690443
0.04957068941226035
0.07020790539756466
0.06318315224754485
0.04754571903572766
0.09743254494020001
0.2962396652212476
0.5867440034930922
0.8146836694011236
0.9114298086985005
0.9496965708520992
0.9670143887240437
0.9804070325517033
0.9792381979778026
0.9799583051097867
0.973944943442865
0.9645067095289612
0.9493359026608571
0.8894919376273535
0.7580655436590257
0.4945494189699855
0.22045970739287904
0.05459987011129515
0.03605514437512028
0.04189106623800203
0.03999100437134639
0.04146509643373459
0.07484020655229803
0.21437568741962373
0.4656671799899608
0.7287151350644779
0.8913436895050998
0.9650901720135228
0.984326321736847
0.9921152533528182
0.9837464136006387
0.973319606473015
0.9408486073469469
0.8590286953416818
0.6927227097690445
0.39692806041993034
0.1353084023597392
0.017414441450405882
0.04357922171376984
0.05536838292244828
0.05379643000399963
0.038324327804474236
0.0326113128981328
0.12138602112523413
0.33044257293090373
0.5799304615847922
0.7487758398905242
0.8444712755049114
0.9049414745804844
0.9477169418785194
0.963098638307047
0.9645866656205033
0.9609571839137968
0.9522291078396546
0.9474074043725933
0.9322431704372963
0.8757615671023071
0.7336788125189938
0.4651111161401067
0.1887175270741783
0.04080988355397899
0.03289469559070922
0.007878047175560605
0.23224676750554088
0.35111296473673503
0.4127694663539995
0.43013517085061115
0.6881333298882133
0.8226094597591908
0.8886706522632087
0.9385489310886823
0.964233305306097
0.9774441037300691
0.9785832644439915
0.9823294884604338
0.978636266283221
0.9781611966479583
0.9497934297661703
0.8568714471606814
0.6697442562478082
0.36013584372776886
0.11555177730189166
0.015754690332219747
0.07567520189105406
0.062209320870565375
0.12775065457374996
0.12385349298611159
0.15981559786254487
0.2381874578160612
0.49654340524536056
0.7069097717930044
0.8365219249262501
0.9009782717273864
0.9440462768492973
0.9705723548182105
0.9796933929928524
0.980540892071342
0.9705846879379926
0.9561892710817149
0.89241506069354
0.744412780142651
0.46050824019074355
0.16276163734220636
0.11370722895796882
0.12806036292500592
0.10023129737640073
0.008563717528402974
0.11440536926093058
0.30731158950186516
0.5602816826431944
0.7442308967418274
0.840038092814122
0.8925172921130192
0.9345151944226421
0.9573540471552789
0.9622660142200746
0.9578002641535973
0.9518010546374457
0.9346033796364352
0.8766082327013347
0.7648680984968999
0.5702707179769109
0.3083949882552156
0.11166043447138131
0.03335684063053998
0.08904479376798662
0.10867876728463263
0.09918333090924673
0.07928799500645518
0.29950981943490346
0.3823297576288864
0.43883506619516355
0.5344326889703518
0.8011548998219594
0.8967108981464592
0.9366926034098174
0.9684079050230494
0.9852382535649333
0.9837102770794592
0.9771669299486657
0.9623280221786081
0.9476004474247423
0.8898102912335528
0.7641700482618939
0.4902030355684061
0.19878549894240835
0.03296025912225853
0.03546345646607181
0.04383042916203131
0.03216792662881026
0.024485590347824073
0.08286659963123572
0.25548171238185513
0.5196240118864967
0.7307839884642842
0.8404685991939584
0.8961807713328219
0.9369281378816184
0.965750446156923
0.9807362184917541
0.9839719484399372
0.9647807332274124
0.9461875600221852
0.8977739978343425
0.7973500645352996
0.5754191422661832
0.2846431062277954
0.07385571538636802
0.030555235274320837
0.05522090878186336
0.05469478189438242
0.04051797746996959
0.03829292523166658
0.03834083484048426
0.06008537865824087
0.17683011012826
0.39018864344433013
0.6198565995883223
0.7789426198151903
0.876810731891498
0.9306227402294227
0.9564160408125063
0.9665628698521045
0.9495991543553387
0.9110293829033168
0.8262096551102065
0.6858511107966717
0.43004897950653265
0.1746224028867076
0.02261518695768628
0.058118713110374115
0.08266461610718531
0.06824605484841967
0.0254833407712783
0.03735192754095358
0.1373009684633471
0.34561353783510385
0.6082089657222485
0.786244874260773
0.8820927055541641
0.9265569002489357
0.9647645652381364
0.9845638950277508
0.9905183862811809
0.9949669231953624
1.0
0.989126985329621
0.9580683413275103
0.8695445664508664
0.7157954325873455
0.39435753947859614
0.16330398905039664
0.04713345695186465
0.11478195054601958
0.09543864880845698
0.07716132904832841
0.02379150533049398
0.0846008769671549
0.2561707799410605
0.49071270007120604
0.6817548284289183
0.8037828214783529
0.8646705664544252
0.8829093991959466
0.8354724963824797
0.7161680028344197
0.5076069785430094
0.24319465553213793
0.07105035146355396
0.02970204896894345
0.05729746203309481
0.02451187134630559
0.12544292458312617
0.16166490289401567
0.14406385247897885
0.08656705762566241
0.2586673555500758
0.492277619989364
0.6950991986629687
0.8117412737129936
0.8675243737688171
0.9049010482899015
0.9135282250185054
0.9098701832598698
0.9112523204671182
0.9160312272379645
0.9213262573669506
0.9237925181429077
0.9117496273311679
0.8778718734417116
0.803151156284724
0.6745739802835256
0.41199523329822674
0.15983868457695308
0.03596301514899507
0.0933118815613139
0.11743739222801008
0.1543594157996315
0.12641472054638778
0.10425621909841191
0.11999347898415869
0.31038156514741533
0.5721442456859859
0.7743457397504236
0.8758192609211894
0.9056457413962711
0.9154844732595617
0.9182936462538779
0.9249922551408043
0.9341770365979228
0.9384065220326753
0.9508597641448568
0.9588541505256025
0.9399385242934312
0.8623325718075888
0.7104406080709931
0.4434408610855824
0.20784496377488781
0.10471465664831132
0.17771565538832867
0.1838812090259531
0.126804849186614
0.04470189164340904
0.09458186081628661
0.24781072471116847
0.48547615701250896
0.6926619990847132
0.8168129266168527
0.8809861273635022
0.9221573375696348
0.9424460387458119
0.9413863810066969
0.9162519516714206
0.8719395386395129
0.8016304645697412
0.6715412448844718
0.39202500210597563
0.12330765184828026
0.0
0.038540818456569315
0.06882285809315292
0.062036828804733074
0.03204416561603359
0.010164895503760802
0.004867388068539319
0.010242126463541083
0.09195885428791599
0.2724376575157955
0.5113534319357008
0.7060226487275184
0.8302499441479959
0.8993699372924783
0.942846785534498
0.9602789985510994
0.956441935711103
0.9126458545669326
0.8146303273307323
0.6557712903415371
0.3818704739363152
0.1327755424909273
0.013706338669649
0.07112253509673827
0.08038181106027377
0.06681667180785873
0.03845312106807157
0.07976298696427725
0.19585783367009402
0.41905415974320304
0.6543195500248157
0.815427869836036
0.900078337744768
0.9484492415192292
0.9666630316971816
0.9715466902848202
0.9672006909420449
0.9681178005089782
0.9678017591648213
0.9618328273253541
0.946294474262716
0.884416136437002
0.7397778119187725
0.5155746750562065
0.2581971298463444
0.06514848599147029
0.0718919389085167
0.16833082565036123
0.1573988604255267
0.06233059748922994
0.047032737121758234
0.15862253666038192
0.3439346595614072
0.5590998538740038
0.715862854926597
0.8020647892223174
0.8428766481699866
0.8601653634982972
0.8659155457649919
0.8741597144778982
0.8784275484434694
0.8705709883217316
0.8235096675290451
0.7167906907678713
0.4827687803384478
0.21594325000079867
0.058067600606719214
0.0389199383837152
0.05359742572747802
0.032970995367868225
0.12740304960695353
0.158312108051789
0.1394243450443633
0.08809812477324695
0.2504435060745013
0.49298147197922676
0.7292240502118497
0.8578955559825134
0.9090401590341947
0.9354190935533675
0.944991615324908
0.9466871428303391
0.9420151220249717
0.9114313380108284
0.8266605679475935
0.6658440628645367
0.3991271848375588
0.1471546837607168
0.043681909867655376
0.06653849665077191
0.08826070540582076
0.06201222848950576
0.06146720963735061
0.15125223205514335
0.350484481214967
0.5782792928151249
0.7485785332632043
0.8502153476378804
0.8963044728961829
0.9283292708746661
0.949516070624487
0.9606503876966973
0.9650767813507584
0.956423787681509
0.9460887781347393
0.9141217701881577
0.8430402045072515
0.6913961522271747
0.41937841418628
0.16403939005643198
0.03360200875673032
0.05122292250693028
0.04976358179511493
0.03952254131477856
0.0216770812313157
0.036537671545696454
0.12170425956641347
0.31639547042631794
0.5546691142609107
0.739596606583767
0.8542209693185939
0.9084799555167632
0.933018292091758
0.9479860156010224
0.9639878045032719
0.9783712188625968
0.9733416408929164
0.9286182705946238
0.8306297605711382
0.670267643706207
0.3960795574938683
0.15221763338351924
0.055110228502277904
0.06710355413763427
0.06350515332406204
0.04333922574087586
0.032284735659464
0.03291515912687839
0.1330814384635948
0.33522107338442947
0.5698272259623514
0.7336648020632754
0.8388245984109713
0.9077793284828176
0.9538964776109686
0.9664578814774005
0.9719398006032764
0.964769151835615
0.9341527604914415
0.8425514615796946
0.6779638698591588
0.38571510777089835
0.12616418832083026
0.019805213550466487
0.07535301259339534
0.08441178938242824
0.06780188047072538
0.048015507025016016
0.0891644134373408
0.1980253603807385
0.39623646168141186
0.5976215253129521
0.7357028245837907
0.8321359080097579
0.8939177786100462
0.9314958064623453
0.9401875286591859
0.9511095668174253
0.9586401724658492
0.96609011815685
0.959160907344299
0.9045241258003152
0.7870071158769948
0.5638880054289842
0.2665187405674065
0.07585606406912632
0.05453328609758004
0.07469192931219851
0.041445537101831006
0.016944345797925642
0.02276040052803186
0.11035295812807841
0.3088562692876588
0.5547239611899771
0.7257854913758454
0.8156533732746017
0.8626211824589713
0.8987068955929731
0.8977376511395907
0.8512390589904152
0.7522713441178419
0.5910532204341225
0.32439419741322445
0.10912839636800675
0.01905933618206414
0.04353515740263718
0.04536282982031542
0.04147682530156955
0.038672612195345415
0.0350201815919119
0.06636568926001478
0.17839104580040385
0.401368985446171
0.6292350840285805
0.7783823452945267
0.8454757039043634
0.8945581755823169
0.938822450750328
0.9585299248917537
0.9618224738746303
0.955593695258245
0.9171235409146001
0.8233650964469137
0.6647848396445266
0.375939276403008
0.1427965971385046
0.03862673055583796
0.076860634370744
0.06455285147877932
0.04341838186323124
0.013257652739335575
0.07784284578796184
0.24702810282595652
0.4627313104761193
0.6479089818736776
0.7702677766948041
0.844367974891257
0.9030391417594392
0.9433643081960577
0.9420001927833717
0.899958270573679
0.8319781888285381
0.7274368176901237
0.5347416651172731
0.2546132946159419
0.07321737224284079
0.041954089083908935
0.08124778309164217
0.06469443765599751
0.04401546485953357
0.014554076905905098
0.001993521337038917
0.054970662631716065
0.22193729685888094
0.48241203527300325
0.7092796552443463
0.8339023529009697
0.8919737045144606
0.9398013326057499
0.9651304591630558
0.9635483908665526
0.9629717669963114
0.9578133013529767
0.9298542903862647
0.8523688374801506
0.7102628486094835
0.4471899532452779
0.21620823094265001
0.08583026325483249
0.09354427404066681
0.100844912800504
0.12543423695571085
0.0803003936540412
0.03464130571358443
0.06914687092436834
0.24278045634044834
0.4728026998178687
0.6732374596510785
0.8032962123804787
0.8821143418698407
0.9313565697334372
0.95821439037269
0.957415972969846
0.954538467436114
0.9293384969792876
0.8498500572923778
0.6987441650489814
0.4402032690800845
0.17576333859050658
0.032212368874871354
0.02889047621600723
0.036653252426449
0.024886407991449276
0.015734501525371064
0.023791476569696237
0.08678542819937297
0.25227145514589794
0.4968882421831995
0.700678877542028
0.8017826183982802
0.8481116480878415
0.8948791333132785
0.9323771477913493
0.9396100930539152
0.9360907604160279
0.8977426796534187
0.8033926341281542
0.631512375129174
0.3548030246540115
0.11870596984855153
0.019449597988027735
0.04773435356668994
0.051954236280634364
0.03668459791172418
0.02027455722533431
0.014512143453454822
0.029455206092433586
0.11032572364535075
0.31542093733459814
0.5910764348593173
0.7847218447519128
0.8613620122378526
0.8993927119413141
0.9339294614119037
0.9417612810608892
0.9210757836385675
0.8876852738637618
0.82600576767578
0.7213656271552474
0.5328425981180847
0.2548244065717625
0.08579023206627025
0.05428199185408026
0.10565994142902434
0.08229909706778242
0.05443968672874311
0.028645112683447906
0.020169182779292902
0.05808676085407945
0.09397081146389256
0.18153177139030643
0.3395995340182456
0.5756017487298257
0.7426459612879126
0.8306653162255251
0.8833375505739636
0.917619207949491
0.9256847505948461
0.9161208396602087
0.9164508409265129
0.9290268558709399
0.9383498233334548
0.9399075865323695
0.9198049768136658
0.8239930909465285
0.6286623502791471
0.3430978884130685
0.11031919060490515
0.046022624536943
0.11983890311021968
0.12111699075148173
0.05374443943517712
0.008925277714830454
0.09619520237091557
0.2782354698046852
0.5059971115164181
0.6753626203530192
0.7700735991458492
0.822890250644051
0.8673658487725084
0.905965280316391
0.9149856988345118
0.9078454991683609
0.887925787800394
0.8279738031515137
0.6992701940520102
0.4334624524954422
0.17481965909446062
0.02733995965113019
0.04278380366074132
0.04725018345883542
0.040629514251958765
0.023172692707647432
0.02619535941960377
0.08281828175400387
0.2349814249945782
0.45879850334817224
0.6439513345381157
0.7544252243296359
0.8171393091208144
0.8741556918857811
0.9120037032072006
0.9354923679276623
0.951794023909566
0.971062584580823
0.9824482649870757
0.9847591979085497
0.9519559259191575
0.8531321486666463
0.6781101063869246
0.3745369621314656
0.20535702875005196
0.13580882810675562
0.20232393763514628
0.14357773915825472
0.10247332147664533
0.027150131392350233
0.05199754520820794
0.14874467510254796
0.3137212236698261
0.4897697472597638
0.6375662058846808
0.7595997117848522
0.8618159734881337
0.921463146364485
0.9449752254439624
0.9251140043265323
0.8567512381763666
0.743266042455534
0.5985123665894524
0.3632191703043206
0.14079672857361966
0.01681295777182843
0.037578798653168634
0.06628832451156914
0.08484195479856582
0.07657442740472395
0.0755424380125292
0.06497301306618673
0.0440306840012756
0.10720802031662828
0.31377739874877086
0.5958406609789819
0.7927429006155147
0.8800465067123185
0.9035962126205509
0.9284742132511765
0.937064686067678
0.9143784967399835
0.8423838674839814
0.7263799061805948
0.5550717895685374
0.2962866104434955
0.10448249243303113
0.030452082380964893
0.06946808821434274
0.08242319064616085
0.08061342983943057
0.05179022133483501
0.029682218922400774
0.07872296775589384
0.23201094127790062
0.4635431632185908
0.6561430973578789
0.7793401694922365
0.856403796159228
0.9188491419052437
0.9549460102134493
0.974186510511968
0.977066454932895
0.9706735409636554
0.9421014483875113
0.8684847515986426
0.7364740982538134
0.4435599973020833
0.17157243934026722
0.03895111657219211
0.07036709618844697
0.06653777661302766
0.04945211386562132
0.036268791951663146
0.058757576635682485
0.14771988987739457
0.3017601614467628
0.48637150956410946
0.6552835295830843
0.7724307739672721
0.8556554917299798
0.9112101360054453
0.9519714361614888
0.9598880245094833
0.9546593567422662
0.9472234285789297
0.9335211723459542
0.8690403829742752
0.7399476007709718
0.5448440250049302
0.2936399570941423
0.10506318201545264
0.04721178533020005
0.0668040056079849
0.06419362342002194
0.04451180971724747
0.03880082443663337
0.05907336571650467
0.17598051024371353
0.34275254316820114
0.5118118748815974
0.6230275098418828
0.7016634505948949
0.7520235066032885
0.7958508398558835
0.8425939022276606
0.8768820719995276
0.8878697926470247
0.8445863853233703
0.7372149192957835
0.54115111148324
0.27984064474537856
0.09077080679326222
0.044684833565943466
0.07164748563126207
0.06735907633098762
0.032979973014829356
0.0937899214845074
0.17454393556129902
0.30242513669407217
0.42259517223232423
0.6027870133017842
0.7195637837607126
0.7994188177322956
0.8564775678602174
0.9046866219046077
0.9399208282478818
0.9556109445378116
0.9479675791350579
0.8822782040590044
0.7609660812759785
0.5645111385529966
0.29781531717641097
0.09680855479269147
0.04358957269149904
0.08069320878198184
0.07347438212643953
0.051022958517977654
0.09838196145866673
0.16610806009528428
0.25488770663135873
0.3491749003161745
0.4936593407567337
0.6098543290396677
0.7118169206399474
0.8018843300173903
0.8741403971657157
0.9145797689501084
0.9201863258442207
0.906546081494371
0.8823299150662856
0.856663608610891
0.8168864060388132
0.7398019803707379
0.6083450072425086
0.34783533324666305
0.13915353022032365
0.040171016808847895
0.06254160775057752
0.06238242749441236
0.06948587305570243
0.05409175565070051
0.03598104667474457
0.057806793270998615
0.1505876494604655
0.30548100341500745
0.4703828289348969
0.5952238635211706
0.6906868745933171
0.7499723091194521
0.7925965692494572
0.8254110569998925
0.8501288286568407
0.8508625235001656
0.8182071767595542
0.7265066062799675
0.553763282894789
0.2965802185661094
0.11221447867644996
0.05534861406914382
0.08747344242462757
0.07395165138801936
0.024684709416303918
0.1601774265803726
0.2534214685095692
0.33435353309944443
0.3692600985606349
0.5702722148441514
0.6959371805821742
0.7960631032766359
0.8724954866811268
0.9166203430087169
0.942058971346337
0.9600465420445347
0.9706532169153537
0.9627412090108769
0.9265880041167465
0.8358169099655732
0.6733104119932175
0.4126832229561215
0.18015529338783934
0.06661742758389887
0.06016412092343378
0.05787040978007211
0.04562021853378169
0.03603927319678232
0.04226451251214171
0.12591206798446244
0.28099676923157635
0.46144663448189466
0.6134815923340917
0.7108197340925577
0.7650287997526347
0.7622414769425901
0.7003300624118329
0.5669461679843878
0.36270558760981597
0.1551356090005682
0.044531987309292115
0.033476940278568845
0.03849807618928371
0.025355984705714277
0.024736561895459034
0.02595171813090161
0.08188384894266379
0.22128756079669135
0.4117386045664572
0.5745401727953873
0.6973545092850346
0.7888441278800251
0.8494961608550129
0.8904470358407259
0.9256167672491913
0.9512948770016212
0.9663409200606824
0.9774357593045084
0.977849389750852
0.93881714763492
0.8334422132616031
0.6722972792132622
0.4132828044930046
0.19402387708300986
0.08132156816645501
0.08148072267919353
0.06857001254066786
0.05077613946086729
0.029203179147452272
0.018112457521254927
0.05302049579820281
0.14636037202126906
0.29878040620141216
0.4741095746870734
0.6436238928624117
0.7685259891211161
0.8417939158660256
0.8770280933847925
0.8975498807926922
0.8799394612709585
0.8289967985686344
0.7304749919450992
0.5721566977146557
0.31252194408641254
0.11372474837504852
0.04023754545264106
0.062369450045093755
0.06637026918510358
0.08728350736000384
0.09370633312772433
0.0857916407728104
0.13747324764949734
0.29598755444872754
0.4907803606487184
0.6431928785530238
0.735383116293193
0.794624793223647
0.8300009777927387
0.8601110624204119
0.8863885430064657
0.9129689239640126
0.9285081123738219
0.9336179027678991
0.9036274758060946
0.822226530965104
0.6705919238355639
0.390581028113262
0.1536363085190226
0.04589078652357259
0.08046426748878609
0.06308691788352795
0.045308502399661436
0.021711796641986816
0.04432898124463586
0.14307387292267076
0.3367155375282868
0.5554910534926425
0.7160771408415383
0.8057644773878101
0.8626597585212342
0.9101309542903847
0.9431686211307522
0.9515870413885003
0.9517673847932885
0.954565160549517
0.9251001868346073
0.8365557122872036
0.6755735805015034
0.37356608933822055
0.13165287550152124
0.03212857098273616
0.08517183774606293
0.0767503996053221
0.1078906658147841
0.11205773398259168
0.10330048802260419
0.07915131904229646
0.14335850108109513
0.2911626187224957
0.48609863261192565
0.657837654371307
0.7663686969997447
0.8427598835123719
0.8942258542387667
0.9324383860322134
0.9501305220275994
0.9628918609626351
0.9589883730025159
0.9606912063700569
0.970309615285732
0.9713521150627268
0.9408616827691797
0.8857037742286012
0.753727752047686
0.5051219467420923
0.2388774008551604
0.08640699318075729
0.058433948246382865
0.11719082952971345
0.1635090639105082
0.2769621445291319
0.24813996021351692
0.24359278373315743
0.2796901420655463
0.4972584838970698
0.6475845214471219
0.7581922528309645
0.8343362601962312
0.8886104755369924
0.8979142511912445
0.8365887636242759
0.7145931415244208
0.5343790676589946
0.2808022497144605
0.09868481890571855
0.044584075135802065
0.058616969707191297
0.09807456333617533
0.12716677333382445
0.13063283508964907
0.06936722119362003
0.08448288453920337
0.1884421765860572
0.4019813819959216
0.6183286587444461
0.7723954792925853
0.857160426605302
0.9089910664722128
0.9353382848526386
0.9469445387223984
0.9297967145949106
0.8635944826927571
0.743882469046605
0.5658586710493226
0.3058421425278522
0.10104703454728804
0.026599746966026527
0.060525302634364966
0.0702915322506506
0.13684293721731094
0.12589637566869838
0.09003960049498368
0.11454688886756649
0.2983412875723538
0.49369170549839003
0.6507921682076764
0.7600173517761263
0.8195441116437038
0.869130720409791
0.9177736252851906
0.9526597713242374
0.9689471372117328
0.9719550497469577
0.9709564792978365
0.9518380110079689
0.8950457315805406
0.7826507450949475
0.6043225528828636
0.33047179588233255
0.11839455485988143
0.0514667673509666
0.06920582455110437
0.04757271388115809
0.037343113674296345
0.03755856264329107
0.06447488302828505
0.13716842158413334
0.28583120432606896
0.45613159383098334
0.625689842197768
0.7398818415178615
0.8250883776616346
0.8791749211064156
0.9188044562902107
0.9352275311052107
0.9409271134603368
0.9315284156034455
0.890724946482935
0.7977937896856535
0.6436700967179539
0.3605590899219501
0.13333483045183
0.03789658131022395
0.0815980728264616
0.08563501807221345
0.0741196222137092
0.04253719358774127
0.060456875949060164
0.17596818776022247
0.36608186072312543
0.5584799097793524
0.6966612175800043
0.7779741016914075
0.8403978943413336
0.8913958278823539
0.9254702075623441
0.9417227006542838
0.9472682711616336
0.9143451536321975
0.8281573805993526
0.6935182120550674
0.4619251045503487
0.21755362181826224
0.06839017724215318
0.05346968975626851
0.0636998454728757
0.06766909988655175
0.06469330177908601
0.04826404566889433
0.045375829519198496
0.13406820945904524
0.3322848327489644
0.5615652523541583
0.7153559266798181
0.7971464832381343
0.8554047082461209
0.9004400539376036
0.9302112930859077
0.9457019789249834
0.9616993642894414
0.9689509383356133
0.9589451780603556
0.8886141020420927
0.7458086520324632
0.4690888275577585
0.22236115337552587
0.07714210784269306
0.07598256817626484
0.08698132051948923
0.12389231423621459
0.11088686151399135
0.07368885396775288
0.08606478633805001
0.1621799769426796
0.29331198655008556
0.4516283357737969
0.6238669387121868
0.7376917107770489
0.8178447207752245
0.8691311586171807
0.9069233211252393
0.9267962394591726
0.9206253323144261
0.900129879539498
0.8696846905005042
0.8002374191711056
0.6695308011032671
0.4082719231140312
0.16574371393639956
0.038215333996709976
0.054668900054730074
0.08045429726768293
0.08360531416893086
0.07014061286583263
0.032207578007682584
0.07381088416945746
0.21036260618940097
0.4224318648694849
0.5976063770449834
0.7163336638729508
0.788406050697499
0.8429643686549503
0.882586384671709
0.9043966042407237
0.9145330578245237
0.9250327536815239
0.9408669383368956
0.942497870694747
0.8997587620538883
0.7869949297757297
0.6163493105935645
0.3490135565751068
0.1319386659354253
0.042903471707012066
0.08048623498673488
0.1235775229547203
0.21011090328580936
0.18265924358724694
0.08383613771152976
0.04314328516329812
0.14015913754671672
0.30376019439443025
0.5302702512430717
0.7344492212555803
0.8322285761220715
0.8795708674429562
0.9279046813814054
0.9463177357746686
0.9130876459722551
0.8266440423330886
0.6885820276450252
0.4720985598108773
0.21716917054569995
0.07913150793675275
0.0669352753349785
0.09785123092027159
0.1113642312036036
0.1455887373353612
0.12713614101164963
0.10112541977788408
0.08148343175142778
0.17743883694696205
0.354834712393916
0.5809351789272151
0.7155339448953512
0.7821462477838085
0.8179274442436971
0.8550407278809105
0.8888652108427335
0.8955354482495951
0.8687722446997056
0.7911976370065906
0.6746909923759693
0.4947521030798324
0.2572354643425029
0.09314245550811545
0.053895123061150206
0.08397568681808
0.06827149254205868
0.06106506935738751
0.042634771324206615
0.03234406377488208
0.043019340051209
0.15648456204550204
0.35504810128761644
0.5722040321471104
0.7200553473623512
0.7907611400344806
0.8379677365717919
0.8881695251557425
0.9340363822324111
0.9501655568698442
0.9589467700694835
0.96613172434364
0.9768102822022036
0.9639322589423092
0.9061916276538663
0.7705244518131494
0.543238124882622
0.26950033049026245
0.13958682963285649
0.14188668652997843
0.14640699064511561
0.09469870287222526
0.0837344661182912
0.07844924434665711
0.05443623089509851
0.08434355585561336
0.2392695886668259
0.4614662288892865
0.6469173328805247
0.7533980645984705
0.7994616199630994
0.8331908466698076
0.8632190815319521
0.8763633364301658
0.8185734815682083
0.7011216024337806
0.5135608302252417
0.2668825609297038
0.09254006737430939
0.05456904735861428
0.07554587965480551
0.07216323472232165
0.0545995760991193
0.04343196439732551
0.040932725522446194
0.0937376581488322
0.19525142483729802
0.33921621230703375
0.4784575529202352
0.5842810308708004
0.6550497151126283
0.7129270455888537
0.7705535492694677
0.8196792279265
0.8497469381196693
0.8648028821070861
0.8728349371244283
0.8397422867126866
0.7316142102156173
0.5576687880655433
0.31584215717227765
0.12673909286026833
0.044192947078676596
0.05003309570179852
0.04669041054581109
0.047967275954981806
0.053252747984456374
0.04782839645306319
0.08509277496476374
0.18810204506817424
0.3526255142675372
0.5267640874858044
0.6773992167245827
0.7772451416671894
0.8349842938106835
0.870369061652948
0.8917778742177362
0.9094972730393793
0.9103005288974453
0.8935078115205386
0.834476045242521
0.735162846923658
0.5757357920998682
0.3468598296525373
0.17643084762623615
0.10771100251794184
0.0936548759465354
0.06706711136258667
0.1399368405375052
0.15539803126754193
0.09152901645798478
0.0510491042187328
0.21719287441316823
0.4464624297268703
0.6476852102345599
0.7516760397603182
0.7946867929917409
0.8258476084570073
0.8613591725040768
0.8969176649747352
0.9250165497039561
0.9463586808532338
0.9263511211109471
0.8212548228631898
0.5998124879163412
0.3038853666141627
0.1100514202545858
0.05210823257854298
0.05672748446955284
0.049142300241527125
0.03801817684939993
0.025389927628925096
0.02351723566579329
0.08402982094711332
0.20313702210315912
0.36732304554114475
0.5305921839643529
0.6524770185734023
0.734706829064373
0.7859539933755489
0.8305001332014638
0.8665901864372428
0.8797669227767513
0.8494466825221013
0.7683012969763586
0.6330113366726633
0.4402408533477181
0.2131276188658558
0.08359398441244885
0.05378643280966995
0.0690398452510516
0.05763158456557019
0.09015469491858531
0.09034140789995138
0.06830822837246019
0.03804224805707209
0.07395003354753343
0.17459686019647774
0.3541647093385452
0.5449026817435004
0.6754243651428807
0.7482149672685074
0.795855653051026
0.8428152695340914
0.882492310522487
0.9181301824934862
0.9405179012015887
0.9608126348522623
0.969180095124904
0.9353138409925091
0.818528096137039
0.5949976270599292
0.30437638010549256
0.10620829310837489
0.04813465530061039
0.050371679487834
0.02514501460724284
0.013917528660337644
0.01825772721565471
0.05219224748944004
0.16537329019831473
0.3492606512785732
0.5409557771374627
0.6648825322653197
0.7311786576235445
0.7705955864099493
0.8172959648654328
0.8617126295631401
0.8827476805626957
0.8427156173017695
0.7441205861846625
0.6086121922949714
