0.8566433566433566
0.9014423076923073
0.6360946745562127
0.7016632016632011
0.8144796380090488
0.8144796380090502
0.774725274725275
0.6360946745562118
0.8144796380090502
0.856643356643357
0.8144796380090478
0.774725274725275
0.2115384615384598
0.25303643724696323
0.2249022164276398
0.22490221642763839
0.21153846153846048
0.856643356643359
0.9491315136476403
0.2249022164276398
0.22490221642763839
0.23872679045092726
0.23872679045092882
1.0
0.9491315136476349
0.9014423076923128
0.2678571428571417
0.22490221642763839
0.2678571428571417
0.22490221642763839
0.9491315136476455
0.25303643724696323
0.029585798816566467
0.22490221642763839
0.0
0.901442307692303
1.0
0.2678571428571417
