0.19155960855256746
-0.001949624182408922
-0.1166077427988833
-0.21533085641852417
-0.283663577593882
-0.32755513449876256
-0.3915072469285231
-0.3312811775862485
-0.18182716353021805
-0.01988738909487952
-0.026107132413303282
-0.003655277033036638
0.012746704531681934
0.06392282966246506
0.0647808877240579
0.14195604411203966
0.1413165665568935
0.1952377503347531
0.19094963877427054
0.23161524178994733
0.18884141828622947
0.18395770622986496
0.18786883623679515
0.17862678046125133
0.14216670735109213
0.0739041760403168
0.048103282317304215
0.06476283667526891
0.10377325794966695
0.11113343388273438
0.06951649445433644
0.031740500784294426
0.026475166593540326
0.042167140495996604
0.03081027677482607
0.027911454741911774
0.011622124258082652
-0.06772866175190329
-0.2368910961317337
-0.46447109549273696
-0.6621963235741827
-0.7253643553322482
-0.4233488752319552
-0.11040015143491354
0.013657582551778971
-0.029775302079734618
-0.011270192414499988
0.009421614268189715
0.05225383694029314
0.17996706117209388
0.2112955364693519
0.25332825280071225
0.2828059857528803
0.2988267486455428
0.23334765432719748
0.15827725437450516
0.133233377841703
0.12764271935661867
0.16045348130366383
0.166091957562119
0.15787781066619214
0.11996604178292347
0.09034026014091126
0.07930452353753784
0.08149073562732181
0.07191940407260192
0.07224836751914146
0.050010176844780076
0.02757817316443022
-0.016497890289936583
-0.04657394334205996
-0.20224253999668543
-0.49075850685757283
-0.8681518461362236
-0.8758748685734039
-0.4410538507748001
-0.015505520280147709
0.07299767392725345
-0.030497536289059317
-0.021965697267164363
-0.05975464815822438
0.00043599665507899665
0.13492133777443927
0.2286311017251403
0.27416593857793514
0.23879268387203537
0.20941838059513737
0.10360797049449824
0.08797888954470702
0.10157372546199386
0.12934381250703142
0.13832777874765656
0.1238549138027759
0.14162284727872348
0.14892274495484492
0.09119877880250583
0.0394766144520043
0.06481832933141989
0.0638079759420341
0.05967306176635384
0.051488830684417314
0.05502800506748066
-0.002577193231236733
-0.01860677522974073
-0.011839149487551041
0.011239603746756983
0.025275854674559062
0.018573633082820663
-0.09490487626247772
-0.496515921708767
-0.8060151664061992
-0.7169973114997196
-0.2583648958447695
-0.041316190555493196
-0.0009354592813060029
-0.038967445354619476
-0.03028312607896735
-0.036787479909062684
0.11222852601900095
0.18610409031764047
0.2743670972576343
0.2960078471013253
0.32101977512534197
0.18802089147536255
0.13523884487277332
0.15358284609200343
0.1613916046232955
0.1570760792185664
0.11654891747154224
0.0966504036472626
0.08290011676301393
0.05697538372842072
0.043265635321710974
0.04680678835448947
0.06639810357286331
0.035708549636439185
0.028734869627215012
0.031743858726283325
0.041517830317214406
0.037372174144353114
0.03122414954207435
0.015300844939329566
-0.03557544955088548
-0.2704689361398867
-0.7603978818949377
-1.0
-0.559154207654976
-0.03552457367209443
0.07420481339509778
-0.04138414096571317
-0.025404815726871557
-0.05178869903003765
-0.01095778713955872
0.10702134590595246
0.24201542911842744
0.26603678047265966
0.23426154939562144
0.22082082834114866
0.17090320302175757
0.14957837050611458
0.1337800709386839
0.1297015433464006
0.07718021844150343
0.044508074424739225
0.04962718988964581
0.03026962937443296
0.08628077998310485
0.09495549934353764
0.08807048157405638
0.04888090033494058
0.03915262776606958
0.053045110152788205
0.0392226004363693
0.029782147196441337
-0.008424386422025738
0.009218897292663538
0.011864246823219678
-0.06069147067000174
-0.2721863186895065
-0.5748070810615404
-0.664992276880473
-0.5006690467520513
-0.16787675127908844
-0.0007591690650009583
0.010881860506942717
-0.024873723441159363
0.0035995672887669462
0.01524156445921162
0.03328382689116603
0.117403841010188
0.2071269030127256
0.19444902761879027
0.1326083999475113
0.17860385622460756
0.19824242308554446
0.16572103897538018
0.1051001593960281
0.0700032507389588
0.04655708482047873
0.011499858520920265
0.025027514267036522
-0.01893432877369739
-0.020161572064351294
0.010562629639603508
0.044587944151350645
0.05832728449224885
0.02850013099941968
0.036111697387980854
0.022419118570231163
0.01910281451396724
-0.010639981424677177
-0.05895380254356508
-0.14079784952846655
-0.255518186685116
-0.35097790548076097
-0.37134754562484806
-0.2044416003071992
-0.0782002989198924
-0.002774146873443838
-0.0201356653400122
0.0201300334008583
0.009377432311055997
0.041995183586562713
0.0410084899783077
0.049366367848831035
0.040991870652179484
0.10227320690937342
0.07043505354416414
0.08442503983962946
0.1054959663067367
0.13912511991142118
0.09580694264445312
0.08498092590312673
0.0797737064766531
0.03501407968119652
0.02310738249629244
0.04685519654415433
0.06641964102958405
0.04823952154520265
0.04780269470853388
0.09126849454897296
0.14279066321697564
0.13263670669014035
0.08247531374458346
0.02298325524381965
-0.06523130810062011
-0.2751214313133618
-0.46115615806870675
-0.6077033250512264
-0.38889495944007074
-0.12613296954867145
0.06188203124786193
0.02261266841227655
0.028065696239890376
0.006895373077448468
-0.01445522487755879
0.05360294143142857
0.1478349850081446
0.2036041735170422
0.16392586089115363
0.16758889742949784
0.1809899374235604
0.12799344208905789
0.054702866496284974
0.018916874862294823
0.028450689349444523
0.007816759969502499
0.01192253322619739
-0.002580950810455609
0.03099629365222797
0.0647355548170892
0.051324672482958654
0.03505513361515302
0.06284983497481818
0.05971214415079807
0.055153196402310284
0.05031189178508245
0.09993953978951785
0.08855189124114163
0.0741332520865977
0.05088829280877525
0.04720154402558228
-0.12853844718234506
-0.4743798627010578
-0.5992609633940582
-0.5110771295732727
-0.19259984346102527
-0.09167169242824041
0.029104373706483208
-0.019324907800025614
0.03506848592898552
-0.0025754563550650453
0.04493317512488226
0.11129125664609373
0.1957666427737249
0.19560341594563427
0.14217019680322313
0.1879594778323049
0.19238919017600667
0.12861722152269028
0.019163827757840046
0.014898949141284411
0.02556079852031778
0.05256634818311944
0.04647323942300463
0.026293042442308408
0.050050519577776995
0.06158371039768867
0.029418099656645713
0.019258392136141868
0.015321442049560213
0.005025878851766294
-0.007561894734697056
0.00663789181468607
0.06710189171471875
0.10806108928174192
0.10362543966248136
-0.0238777809178808
-0.32478299183217324
-0.521917238102456
-0.5636929493224125
-0.31348356066358757
-0.1245110106447839
0.040946699918411045
0.02854261435247852
0.019533402364183744
0.01639338638817515
0.0437004020008772
0.13061805696736017
0.1829252585439378
0.22410287225296496
0.20132487676710037
0.16339491663580674
0.10469634563816839
0.08488334561313497
0.06885448230576488
0.0498624251556444
0.03496776481793058
0.03584654274791985
0.01027250712923274
0.01434078075523303
0.009277580027024538
0.02324308957037899
0.010684495153291252
0.036715438382435565
0.046496777572217034
0.024289920957952307
0.039103578506584476
0.019368600734279522
0.03791345114464906
0.032555284322373305
0.04911500220464173
-0.03281243470440034
-0.16407546622430308
-0.33470055856909753
-0.4854150270107692
-0.4459501176016319
-0.22890696175332828
-0.01998663637238541
0.03692732568517904
0.05681478712048316
0.08575283319238228
0.0782820508684803
0.10119626747232208
0.13658360462864783
0.13706063725799356
0.11788634727777325
0.1305538793526088
0.1417145008886841
0.08679712857161337
0.035397384105434325
0.006370343745526278
0.01839611451636125
9.968532205402652e-05
-0.015336080145639268
-0.009402468106619948
0.0032914028980144737
0.023696121034125227
0.014070078695678383
0.016183978731974743
0.016996378191022447
0.024575115786010543
-0.0013412010268302142
0.016437245188722697
0.03627757690001697
0.02386497173802338
-0.031484926481989924
-0.21266545470918402
-0.472501844539581
-0.479362146758902
-0.1763782625569149
0.04344374904671951
0.025007628089642214
-0.037078925306736114
0.003152530270803387
0.01090857213954409
0.05827496346330263
0.060677590219980225
0.103453273969127
0.08719782965988768
0.09358309871590081
0.06722162409145738
0.16489468289783876
0.20874694332766566
0.19394091006544067
0.07740355729798215
0.014403476142193266
-0.0031279549461533554
0.026701871712129763
0.04685411409316008
0.03315778542899107
0.03668615658392603
0.04066115011791678
0.04197580844363061
0.023652079588396643
0.001405407669703667
0.01784676660772804
0.036432970589771366
0.03706682672610987
0.01939066414006445
0.02101337654514124
0.013422385417408146
-0.16637760896969514
-0.5037170407440961
-0.5788016397322034
-0.2729077907026388
-0.02203255116426936
-0.02092434474875571
-0.07883292521489796
-0.0031894538349050592
0.032186468941936316
0.06829812546699086
0.04830877211627188
0.045138310456120156
0.05857032352002251
0.09370184867110969
0.11671408575653579
0.11294152629625273
0.08733621495059647
0.11815656743844921
0.19565916643741255
0.19678717522289152
0.10260496842960105
0.0333381452076609
0.05595359417964672
0.04423015957727549
0.04091145924973209
0.04724853034276777
0.05311850708274759
0.010535237646372195
0.018789270435407443
0.038298226888344854
0.047644026732153476
0.0265918490233903
0.021286395676948976
-0.0888961355147176
-0.4071794366027691
-0.7001890558017961
-0.4766799617325193
-0.07030313665163801
0.1042955664336304
-0.04255839263589343
-0.07341374895676232
-0.08090881828134547
-0.001510862401935647
0.04684438425104866
0.06593937442339921
0.08953479137891537
0.14478135313751642
0.1628057794581051
0.17450737403351357
0.1691916095145896
0.17791664668092624
0.12866116165953573
0.09541451021174173
0.0566014008085828
0.07170179070875607
0.0600066358657866
0.0687719431100724
0.0679999677126726
0.04924032186117925
0.028829956524353304
0.022617864588753856
0.034305433772005386
0.03237418405525705
0.03619436095636795
0.027625108968756813
0.04429435869735469
0.028066184586005353
0.03162834477493955
-0.022470726633560745
-0.17129784353180652
-0.44350580927976335
-0.5988922229796318
-0.40441653111510234
-0.12345992223111699
0.010141464561239572
-0.022532151442744393
0.012757723344915197
0.05864705630129448
0.06696479264488901
0.09025338405352117
0.13197943237382018
0.20667250388196773
0.18628929531454833
0.12250255397661558
0.04722301396128722
0.035415742707072644
0.026371408704742146
0.027825385301911743
0.027813601566881722
0.029034163205778965
0.043906342992191004
0.03441698596611517
0.027554289192765972
0.010664405478524692
0.0154545929284373
0.007643197000630469
0.009320932030247659
0.015183228803591341
0.03044921099445307
0.009108513489431445
0.01591609560722783
0.017309704464505783
0.07163398356727099
0.07831532289308343
0.06832405898668097
-0.23840167246472466
-0.5407159859622935
-0.5810729979455445
-0.25916241649744215
-0.04397056349764889
0.03531424117732943
0.019711023989599886
-0.006571924973325957
-0.006144497154644741
-0.018457805411663586
-0.01633040713266058
0.0622689817297663
0.18536155326788847
0.23919847259836372
0.21412588145217526
0.18086952756421454
0.10257874941053652
0.04440454583452625
0.016416229885986868
0.026074945963444923
0.066167927652673
0.07806807448378723
0.05127871256466532
0.03782033078241976
0.053358874807052224
0.06097363360915988
0.0490537631214101
0.06896422307762931
0.05903536470589111
0.027923074741969964
0.019608013950954666
0.026112586924638578
0.04688072289042261
0.04160076736362329
0.0697977278199751
0.04206573309104945
-0.2357989379261465
-0.5553273258587839
-0.6466020831676923
-0.3280746702747301
-0.06314477102283349
0.04864759748509312
-0.003854821896506734
0.0008260892149363096
-0.03475574401148942
-0.02373140114861074
0.017509608688630243
0.07880881563380539
0.11067498341000329
0.14250512729450815
0.14421162466558235
0.08377089589934655
0.04251870003185299
0.014069637531990467
0.008030293930265978
-0.01670949296550154
-0.01087190173145752
-0.0003960431496816229
0.01842862460299634
-0.018701124190867533
-0.0021685185195467337
0.008566346854375776
0.06715092917355556
0.044774254950409646
0.01762399175863423
-0.024036265888958394
0.008687117032654505
0.025003627150599537
0.07493197783322465
0.12081231770566445
0.039780078432562004
-0.21254204721671158
-0.3926588772364729
-0.2690627031876514
-0.05115941990923479
0.07219036455141781
0.02434111282244753
0.00208331023184006
-0.01099895429939699
-0.022160994270526313
-0.0010538781028945484
-0.0057353827166683365
0.030285952584004534
0.03425647149947161
0.05350383302731692
0.0251634066260855
0.03982515770744874
0.05475954274297653
0.05768988074964656
0.05640757854694612
0.10223574806343197
0.09794554979764022
0.08075519327025445
0.015883146732766088
-0.0031909517977194695
-0.0018865825065042838
-0.0034558479082746553
-0.007505804353292726
0.010823481861343976
0.06733643538968251
0.08644118025166396
0.11868389912187002
0.10254123949398683
0.07008509308910076
0.016973569604989986
-0.028276220618281642
-0.2284134559645982
-0.4098343343742413
-0.36880000191363976
-0.09771094973094518
0.0166938630052242
0.031177691609121733
0.00548222928891664
0.00937092862887993
-0.03439580591257493
-0.027987267188733234
0.014135478281240453
0.07665852812238153
0.13355828450928403
0.1562461402777693
0.1257707386816585
0.07196684573265652
0.08350527556355904
0.1362333187722307
0.1125101473987994
0.05613275270496173
0.041672539778108156
0.044870692038153324
0.021537819223960482
0.031175799758739815
0.009993981485589384
0.029569386415566064
0.05000804665906609
0.05609217180633697
0.02793491172491533
0.011166763251448445
-0.008543761030508861
-0.068870081565317
-0.19785440622570966
-0.4274312446946066
-0.40843811924617635
-0.19150541900007992
0.005096231005689912
-0.01489082184239274
-0.0040287507143823625
0.014188180981479656
-0.005243421995915477
-0.028159021598332865
-0.01531877291566124
0.04587270879000891
0.13535627088319765
0.17183228909234122
0.12418147643040232
0.11000072511308456
0.19248116982753818
0.17460042459600686
0.06973567650112351
0.0027423938022521307
0.03549072006885452
0.060638832346932736
0.06539568826370948
0.06543681074266353
0.054094682086616566
0.02056390941385914
0.005607415952008568
0.0237647730430934
0.06308270221001877
0.07089872507033136
0.027197717589684537
-0.012873528540853316
-0.016775891392618404
-0.005532621764640842
-0.08450529966573798
-0.25050234749900285
-0.41207775229544075
-0.4632883642845081
-0.24911809071609758
-0.06902061683566871
0.030462806212066897
-0.012859279064338633
0.021014241652697586
-0.01803909879232314
-0.00449630896524416
0.011012097072218237
0.018623928784772387
-0.000514405952988506
0.037461482490259344
0.14758665916035074
0.16552999488107645
0.11347745215457664
0.1353535865720909
0.18669294759043556
0.17823383707301857
0.07871907615855152
0.0746645437316759
0.05457979757607101
0.06259778529222096
0.05328499275935229
0.04622810372528898
0.017487409780193964
0.008910559213211957
0.03484993805705584
0.05060991720787865
0.04456789564675338
0.07150901088039402
0.05763736100499995
-0.04257185916950588
-0.3062303271989345
-0.5065004897394817
-0.5048592651472953
-0.23394673061486917
-0.05350373914342723
0.03108151147520384
-0.01765300744401106
0.03030768494170638
-0.0071055365166972076
0.005317489298288333
-0.018011671380859594
0.04683142011989795
0.10829191330536382
0.15848769539023277
0.16626865261136528
0.09633122956662776
0.14316820895221327
0.15516221234014024
0.16129032535404855
0.050862223118825135
0.03836884602435803
0.014672038524526872
0.03551139147944237
0.049644613921864894
0.0679414324090622
0.05273548191975419
0.033361491461880784
0.03351028300347045
0.05897477604238507
0.05894832417702051
0.04185281192417701
0.009741689851059013
0.019311492316271186
0.013778200874558723
-0.0006238820560432407
-0.09531629041235064
-0.3781298769146171
-0.584763555477538
-0.40534663840463186
-0.09253306740953308
0.01898174240288836
-0.013469287708486807
0.006307048238339665
0.00505847076348519
-0.0016066869965597353
-0.004623500860641855
-0.014694455423829989
-0.013961538762583643
0.01482639408312462
0.0819934198047993
0.146294750547194
0.1610883793265143
0.13033780376747145
0.08396372981227754
0.06031303724962464
0.06950505231359322
0.08651914962370094
0.06780898690163092
0.044073539179860836
0.024307204349145236
0.059993662583567336
0.08237147924191793
0.06965183188004359
0.04688720647907466
0.0711669100203882
0.07886282077496615
0.03896094242970657
0.014054542975077097
0.02329383697609655
0.03773713705895222
-0.2256431365705355
-0.5818244675849202
-0.565112965869706
-0.2013105409054682
0.03881193348955877
0.01231993189844908
-0.005806555234719969
0.0011490605078506074
-0.012962378560589306
-0.014511077814622625
-0.017009564304005537
0.004869070995204768
0.061061448467391165
0.17379196304092126
0.2245264113367285
0.18365274914552196
0.16519924423739699
0.16003292535710822
0.13637383645469897
0.07452131113471994
0.06718467663749134
0.07410472398305733
0.07725604009774184
0.07148061590660953
0.050683118436999686
0.04247714543298452
0.03225390114243363
0.04921840125407718
0.05029654214652715
0.023218769312620152
0.022233981067458906
-0.024435867012272922
-0.21127922316119918
-0.510435178036271
-0.6139194590038052
-0.33047350948840204
-0.03218526686435967
0.06260029360573777
0.011800698504945422
0.006062813914762529
-0.025837035176645824
-0.04871840903473795
-0.03744559106533826
-0.0051888206860751344
0.0854740530972923
0.18442970478709803
0.20289495155108417
0.2769720334986914
0.25676184400482904
0.180978197864554
0.0773602159760772
0.12626312211446095
0.13566788148811834
0.130231284764809
0.10784522589438136
0.074028060695934
0.05073565241036184
0.04198613404989585
0.03211256788397685
0.005120550889496813
-0.025870375857130822
-0.026267574515617818
-0.02267676919626654
-0.28329217954545
-0.6326189181074982
-0.6151247246344347
-0.2715450707183717
-0.004058938209953922
0.032182628581836376
0.015230424223013166
-0.011561271194490881
-0.018669367987335667
0.00134734521370571
-0.03189419602657458
-0.012023263902576483
-0.00578941492972028
0.06651279798839686
0.1480594077545953
0.2043656818715623
0.1425025148348114
0.08866440473932644
0.18326050926726636
0.2093431049746483
0.13500164269614884
0.04158546108108361
0.06508155725315656
0.07036967422295629
0.07277842174332871
0.05356191202765902
0.034784104387330664
0.043740313067558975
0.05716210687053742
0.037053834316237495
0.005046948255662664
-0.04223693602654929
-0.09798597416772341
-0.15936121124611988
-0.3047410291221546
-0.5140654889518596
-0.40710283391285973
-0.11226018659430126
0.07482392540583058
-0.007646098729072723
0.016158565516180414
0.012348776629120248
0.017227926920736214
-0.026867658529536362
-0.002392585862739699
0.03347085753164223
0.11377668931274715
0.1714191882652617
0.15085942167361777
0.14950465461376733
0.16657846438140417
0.17465136911153828
0.11240596111819796
0.05782108181895662
0.04192660994669942
0.05041620575452555
0.05959120109250957
0.05366078736676128
0.04064939996218853
0.03441291704846196
0.026331634857051492
0.03895103827714923
0.04183739230901107
0.023912417986672724
0.008903955674437383
0.025142329858452682
0.022649191250594614
-0.14874360680694085
-0.4147833654608649
-0.6398435118006185
-0.3978110704711671
-0.07239988785060675
0.09788879765838233
-0.0074687009696149664
-0.007734820792731702
-0.011786855793000775
0.00015508799528770554
-0.03131563467350159
-0.032469242990486896
-0.027757578968809146
0.02932037363187568
0.05645147889047206
0.16044122909716993
0.17524887540888875
0.12836826897653583
0.09895603068589047
0.1693263343132109
0.16313739204621525
0.09245824790709574
0.07416991528137692
0.07964353603045105
0.08101688553869692
0.050580970011601896
0.057058017442034495
0.043015685301160116
0.03794343997267726
0.025288028681966793
0.03689454593563659
0.011502963016768926
0.012101093798764182
-0.015912474456786656
-0.22287450163759107
-0.43596711385606046
-0.5429291443947079
-0.29336215151569683
-0.07801356218642086
0.08691959886313216
-0.0039094100249699466
-0.010168523254569172
-0.01628666262136638
0.004178130928597016
-0.033572406120888985
-0.029115166922601216
0.005652859577644218
0.08620206982465253
0.15343552758499007
0.14280065429200345
0.11574522458628296
0.09218958277719268
0.12750763556889363
0.1330814796354329
0.12704620189990937
0.08393598192670232
0.030749715722459086
0.0352484956097259
0.03899135910749875
0.0548129351510904
0.0356944015160723
0.033203038680727305
0.0275356064083097
0.028343897802221647
0.02463836917882675
0.022019627393815216
0.008142929912092192
-0.0015558423080023192
-0.033526231626902055
-0.05146838979998208
-0.08935436493941183
-0.26508190257665315
-0.4967879548187286
-0.35854524890746076
-0.06891053946929503
0.060109806290609635
-0.015508041981056278
0.01257904741827245
0.004633688410909515
-0.02312362407060543
-0.010451998349693329
-0.005206506698378912
-0.018093506693271776
-0.006489230430437247
0.06367882591502094
0.15881390679735777
0.1693927456013461
0.13212470619003777
0.09709966799998494
0.10273120705808376
0.16492882547092128
0.14096499375929603
0.1044455205553778
0.07387044534603363
0.10074852099908795
0.08358215652332504
0.052019676754194825
0.06082924369922453
0.02201760110683277
0.032113558578603464
0.009609784296550246
0.009443512971112506
-0.01139503774369744
0.013224140760820687
-0.3189894760138866
-0.676627777667692
-0.5403747348806062
-0.09682029030460533
0.0815879651309164
-0.013185900454955941
-0.009361715019851466
-0.02931890165582759
-0.022518242274087802
-0.03590813924463362
-0.009606405776439382
0.11434307777461941
0.20050142865884077
0.30389172294537686
0.2751222101386399
0.1975276786878227
0.08816766586721513
0.13984918281596811
0.13379186688665162
0.06871879190248495
0.051408943001357274
0.10002647968487184
0.11124610059365071
0.07306797588624196
0.04099075089707925
0.05249459348764159
0.06778789698992292
0.05537166435432677
0.03590304547582843
0.042791107444316454
0.024811634627063123
-0.07801503458436614
-0.28649493637229534
-0.5872466838066693
-0.699539971023995
-0.4063096347452269
-0.044654580240871884
0.040860938433142514
-0.024784902319903202
-0.026502199925933893
-0.018187305354740262
0.08042792461508894
0.24460529386873878
0.3969674587071834
0.3394640771218113
0.24116153011931718
0.12406645945846513
0.09831643267475393
0.07862603864244862
0.06303901099328763
0.014928362916942276
-0.024256147399332455
-0.024040621716466946
0.02399502570959309
0.04244882909857454
0.03895933593028167
0.008629859093892647
0.01794888342237031
0.029931410075744225
0.007611828632029469
-0.00781632533173662
-0.002604326053504163
-0.012082197681023681
-0.22137054219501562
-0.5012070158507297
-0.6281847192300227
-0.36571413897665883
-0.06458851815980705
0.07465250772338221
0.01715624272131057
-0.009424829446480144
-0.02495229432918857
-0.0517323929620243
0.01491114813843195
0.1557982792416869
0.2856375485802628
0.3269401810955106
0.265976703187587
0.1976099835666928
0.13010103222655067
0.18152717970402865
0.16130069311459766
0.10279037123934108
0.026223578343027694
0.03649443629324647
0.049012702989572644
0.05137993780666775
0.05390979265691388
0.06790411702372988
0.06794323548328064
0.06609412085744291
0.04053784620077285
0.03462205833094374
0.02496230000523173
0.011694130074194575
-0.014724899618179256
-0.03201726293447022
-0.06769514012380295
-0.22338502854930647
-0.5472516942366253
-0.828036864262375
-0.5425674724340716
-0.1058562436454312
0.10289141061255001
-0.0023235993278156136
-0.012990453886965684
-0.04684242982943857
-0.04207871950650453
0.006687895118702869
0.14784162085560398
0.16931948483498846
0.31767535877092257
0.2636143822991386
0.26132836275537863
0.10954425184006682
0.1981471662759391
0.19520979279968084
0.17309757261414574
0.0887376057106953
0.073660356262017
0.07614524902200341
0.050283505961017945
0.012167174116216192
-0.00472699157569055
-0.014131595333482572
-0.018882704118664224
-0.01296854349602825
-0.000712165917865575
0.0027287134624588475
0.011749810079415328
-0.04930608052823871
-0.22879465237290372
-0.5813223439680509
-0.7387577236667279
-0.45269393651469486
-0.0711297922607787
0.03834772242445298
-0.04116665330631893
0.03216612447898159
0.08202930358831675
0.29484867422948813
0.3960217290468658
0.388260479948242
0.21735972149450608
0.17858591473822896
0.12118321980244454
0.1092207165015186
0.11387599861105473
0.12847410571410392
0.06941533735039608
0.03359723400525198
0.0024389750117371316
0.00066031010956736
-0.01820122756290531
-0.009985492935128171
0.0033040641407275817
0.0051856941969743
0.005784149170448098
-0.0027658630868633758
-0.009001583741627045
-0.01023675466810608
-0.0030568975824941864
-0.036661892483349494
-0.1762269377916727
-0.4529842164973249
-0.5800441424354751
-0.5530726291447465
-0.2541491016827108
-0.08372943700253217
0.024912050657887132
0.08445511048106945
0.16809010182983936
0.3650961255400483
0.41602078641096535
0.4390523094533093
0.23279981758181328
0.17028035803914823
0.08159418356078468
0.04086100464223608
-0.013115121652520122
-0.03323687113292624
-0.04695379623917357
-0.033863444351183644
-0.00806075407755167
0.011298514068772827
0.004700382274144872
0.011831129289779214
0.03922244784896499
0.036280322692827
0.021605729346327113
0.009640905430849521
0.016587121910881745
0.007859274356141243
-0.0966485488119192
-0.34633724445741565
-0.5781141621479458
-0.6125167344309053
-0.3373256709388646
-0.05924055257321814
0.0634939385330334
0.013293515844525422
-0.044553687134054505
-0.05106769672479621
0.09985116937102925
0.28765664385352524
0.4107610627922291
0.3664474970375006
0.32936983274747317
0.20582728929411126
0.15168716387465375
0.09941319526771801
0.10739413010285452
0.09634151503301504
0.08794093906517232
0.07778137166252447
0.04069189915816554
0.004046477214010883
-0.022638531070453542
-0.009265256472742662
-0.0013820536223252263
0.00873297113244036
0.0002916279042574469
-0.024744819828149498
-0.04298997446248695
-0.08873409068116105
-0.19794144176671055
-0.4600972059879872
-0.6294663925230369
-0.5801074316415441
-0.2997374638855555
-0.06404228550170216
0.021105737668295127
-0.000447267796719025
-0.0036751541345245906
0.009274107932501335
0.01777069343940696
0.04601151135608947
0.17815695935876746
0.26386686809103593
0.33236260919811783
0.28600087002554847
0.23962472373328628
0.1571180271420406
0.15126638640947113
0.1314541477932321
0.12176076992923969
0.09879284971651343
0.06633624926014814
0.04199757052656938
0.06394040659192164
0.07940289528774237
0.058396707130202855
0.03301992756837721
0.03630763932770142
0.02866921663603774
0.013342868617472128
-0.05216073120471205
-0.20293209981257126
-0.4098270363355519
-0.6311567947530315
-0.6663820952858795
-0.37493095148880023
-0.053968747391355376
0.05065892550862041
-2.4678185101039005e-05
0.009370631787999382
-0.011594434218664629
-0.0058694015307077544
-0.015792852329944426
-0.027697560973795096
0.10339670846740877
0.2730122607759069
0.3264413355379066
0.27257953205363666
0.2499964533633828
0.24772674116691196
0.2046962066991458
0.1536307322005002
0.0924814012849852
0.08493343102576469
0.07816063943583779
0.05305657297807856
0.031817742428138444
0.014316305201367674
0.003707291581443789
-0.0032795465058778964
-0.005493545581336322
-0.01593436034493253
-0.0030753060472453082
0.00037886842931282913
-0.001261047694658451
-0.04013733520950198
-0.1900724451271775
-0.6149680863193386
-0.7703173043518088
-0.4696287097286746
-0.0173131570011461
0.06349204989295806
0.0033232802962002168
-0.0364135616801155
-0.054061100717540084
-0.03549423664976515
0.09864294848600959
0.19569647542783636
0.2906860259330496
0.2734687330447711
0.26758410969728863
0.20502393615663878
0.21256192050904843
0.15065209150425046
0.08787612351413994
0.07160474365525912
0.10006481906245097
0.12304897583512472
0.10060667447615415
0.07104875376238665
0.03236739047974177
0.04690349602554931
0.04852664070211865
0.04938233448101466
0.0029869223617201225
-0.0033607801960915504
-0.045095824279872375
-0.16308457096967446
-0.6156918516791727
-0.8841907699168193
-0.6430582104357659
-0.1137866495123924
0.0785010794484408
0.031628662898344734
-0.026348559649300815
-0.06753976962000774
0.038706948524193874
0.1501348910620307
0.3377498822417226
0.32174860747762174
0.29255943681666513
0.18658975000187336
0.19179719213096455
0.12899913854539655
0.09424023854037518
0.07761602834272405
0.05390865329138606
0.0395702189851871
0.0567772001399176
0.04713703638677923
0.0450345063160595
0.025987294308394564
0.037559507908445554
0.03077410073898707
0.0404582194164781
0.03313138991747215
0.04149299633847696
0.03799751394196618
0.022276259293821495
0.008165210211824656
0.024348462860928545
-0.07636876758772133
-0.338877943719105
-0.6870544114915025
-0.7611556723731718
-0.40498103095880655
-0.03791797748153233
0.07156234941678512
-0.03673106756487952
-0.03170624571066704
-0.02550443552205234
0.12917279131284778
0.22572421060256387
0.29880701339185123
0.2930300633869167
0.28264202948783307
0.1804799784392783
0.09650384783814182
0.057192035004365635
0.03762520029192011
0.031937190958436064
0.01398019698964671
0.020725681864561692
0.01976386829051721
0.03751119454750333
0.025771744638384782
0.024863629851607963
0.0156751958919377
0.020637659895128287
-0.0005019686104464972
0.0018849902372260357
0.01917308293677016
0.028119027220788226
-0.005450934935026933
-0.1816606010982067
-0.5520084793930371
-0.6935024360843478
-0.39963369372347524
-0.02589495638303171
0.04475872789452919
0.021999932178833982
0.016918572123224843
-0.020256815016691243
-0.027989541486473177
0.11772958668345228
0.33205048145604676
0.3818988862728635
0.3711759442038766
0.2481363395693358
0.19883492563632368
0.1083082343468604
0.15136218449095806
0.10210549615607946
0.09495824457828202
0.06518152878523699
0.06352423382703032
0.035077766269718466
0.015446458878480864
0.022427191261161546
0.009945184835420099
0.009595644192908053
0.0008629595913617989
0.00693832745536231
-0.0014908693372143796
0.009008523003740726
-0.010378636104720979
-0.09798776029519768
-0.4466334573671204
-0.8107374234220871
-0.7215272121108117
-0.24483898990650163
0.02521141193626416
0.016668238043500844
-0.009355687575867501
0.01977814684376456
-0.007894994215736814
0.031804231641414826
0.16309495381439623
0.2454660938741599
0.31943403837359624
0.2928801025101485
0.2780801341310216
0.18009994568364818
0.14830662461559366
0.10592220431034251
0.07996114393365121
0.06808966570914403
0.0502269540139874
0.05978090253832351
0.06050925683568694
0.0698101371877938
0.043814263307051134
0.048878413709783505
0.027624772060573816
0.02305788690031253
-0.017340729032728826
-0.018081329407195017
-0.04626957831020113
-0.2643947271206652
-0.7656467588277375
-0.8212926368458002
-0.38910716220056857
0.023084216597373548
0.022327542244311275
-0.002994314133623444
-0.013661712541226095
-0.06031721570160669
-0.013734769568646141
0.11500447565021914
0.3155372659931552
0.41153108112205355
0.440331128136684
0.29724791210997886
0.1740183911799602
0.08901034255419676
0.12481244322328715
0.1390186440942117
0.08087048952651382
0.035562247417158944
0.008583562982954812
0.04240532311668389
0.013683418357182243
0.01622297241796477
0.010895857391277323
0.01866493323934826
0.006759319163635084
-0.00034583795685496087
0.006143013538837517
-0.0017100549296755268
0.0051330668060640215
0.0002171457878535848
0.0032723817380997996
-0.1032413748042219
-0.3879693376413219
-0.7018352846138328
-0.7588881935106364
-0.368517920460131
-0.019685449453780424
0.07712136700685163
-0.028180985237545284
-0.013456879335821877
-0.008534000375196492
0.013287143697997782
0.04201602124785274
0.10896302109228001
0.19072393806691104
0.2481531271565156
0.2456138271660188
0.19051308534346184
0.1784348066697837
0.17739455392125483
0.15748636117517764
0.09396317209441764
0.06017792645045469
0.042965765356234926
0.0332603530301662
0.02148874206934589
0.0198574406770458
0.013487358924345537
0.023730729710793187
0.019175845953004707
0.01796588591646792
0.008827828022773786
-0.05951758440293993
-0.2197986592119422
-0.5384988400119198
-0.6377775415806369
-0.3989117365134271
-0.03360935672874351
0.031163747866049453
-0.014627323800459448
-0.015223288520180896
0.02079042931979345
0.004154504263097343
-0.013374346897333685
0.04620139773164425
0.18106199501821868
0.28277044327013756
0.346776717529894
0.31326624033072226
0.25373952918268144
0.16307824283001432
0.14280406872816728
0.10326153997284243
0.07878200567235467
0.043931916443917245
0.03150533914336612
0.044533756092297795
0.06644977110061137
0.06270558403410008
0.02846210676312095
0.009647162831217384
-0.01654000643266382
-0.01038999887360467
-0.015602672264295838
-0.004064686636668153
-0.0037845222635861063
-0.011798483739368067
-0.005965595484592279
-0.22884880860705697
-0.7082631152018037
-0.8207478859553801
-0.3977963928052082
0.039419843213999356
0.03717403619162572
-0.002255004526403772
-0.035339335895600656
-0.0314372366092229
-0.018935887404215656
0.0208609038743626
0.0625820383546638
0.16843337599667563
0.21893214232421815
0.30067323004410984
0.26844257685171236
0.24584552623080427
0.1824907970461749
0.1879035731042441
0.12478762402111214
0.07819641444077034
0.06942925486691451
0.06547794344664887
0.043501502219356065
0.014483663606716
0.005442478585112215
-0.001857065191332141
0.001945470332389548
-0.009704554848588324
-0.076669597665009
-0.23667813291224996
-0.515605618690695
-0.6558120396639765
-0.43411311309623796
-0.11217978922675588
0.028001038952658895
-0.003810632465900986
0.03977477203785096
0.0613632198972669
0.12399668475954552
0.14497686338130247
0.1686025894866987
0.2916512181646119
0.3326095877748829
0.27353680080796194
0.1777051270159476
0.1803386524971825
0.12687994120312052
0.06742765638126332
0.08232336627536975
0.11984676917219411
0.10707393443628317
0.039424116483256215
0.020465116875880388
0.03961022077789659
0.039730054320118086
-0.0014397456482252886
0.0013869844605382342
-0.0005560168899335394
-0.00870573006721835
-0.04978068838163542
-0.1367184489060296
-0.46666515884871207
-0.7937712646106334
-0.745851086282633
-0.2899082033352641
0.005370998149753457
0.033975226879126734
-0.0054379111468598855
0.03454005204552139
-0.010159185975740592
-0.0301132922707717
0.0637171948779663
0.22355626937741394
0.35899161274416735
0.32496637671946815
0.2318201524404622
0.1872878656809999
0.1958566483609148
0.14883916445036507
0.09519847608339398
0.07083448711620705
0.0661550986327156
0.06118724299187455
0.04786846646966849
0.02744121049043539
0.045165643596361355
0.05122220614587866
0.012788333890091864
-0.007409478727997699
-0.008916443076512156
-0.025425095543306755
-0.15692891727418873
-0.37760511907166827
-0.7065949008323295
-0.6712459827301388
-0.28183793219158093
0.0464092012772988
0.03522082580744331
-0.011908692491805822
0.030218585723260184
-0.0036410099707834915
0.0456906167836513
0.1689579209756208
0.31321037511628735
0.32924885296991224
0.2809288798123643
0.21184731032249912
0.1644083690800196
0.13594371766669713
0.1114129750423498
0.07822202676254057
0.02547466319658853
0.034871575740574784
0.009668662547903533
0.010777986593778929
0.012298233945445936
0.03910812061361778
-0.008127415798061748
-0.06591356446715156
-0.23221057192306252
-0.6030113399998362
-0.7341424727589152
-0.4144035485601082
0.02492705741105652
0.06071552454221076
-0.01788027590158442
-0.02830522507857509
0.016549303827830188
0.022412939078918052
0.06089463469430539
0.12093469500366426
0.19597403237867128
0.3142360219236029
0.3361364479623552
0.29294072139778193
0.20938784546356107
0.17608264719506578
0.1267057671892747
0.08615702242668621
0.06569046063795039
0.04094263078050362
0.034984195796321615
0.0283385227015253
0.030102714564661456
0.011042269115388598
0.0027183690402970365
0.0020796179401152423
-0.01007477725848641
-0.0006756066601772836
0.00919196385293653
-0.002227165618225684
-0.011073301919649307
-0.013763344968731554
-0.00016082419318749796
-0.06011126639836764
-0.20735658472775884
-0.5713647928708576
-0.7292784865270406
-0.4996291016896426
-0.11770618329094688
0.015634766180181857
0.019193363908072948
0.01378410275592999
0.00914518940826128
0.06085030292111779
0.10517287530792521
0.12989294716660343
0.1168182961198298
0.1396700879502705
0.19464768733835572
0.26308715236226254
0.2278791455107656
0.15418754631325943
0.1646419539282623
0.16611908529421163
0.10605007696976336
0.059039891099036346
0.04500754930764776
0.023404655277882696
0.016091664038140687
0.02054008906553717
0.010454350653630411
0.01671345396205937
-0.057075530864635474
-0.4615743462030285
-0.7972186534280469
-0.6268947459067915
-0.16871850872615402
0.044463943800822615
0.020414294169382646
-0.037489345745535724
-0.023274170762269217
0.013080640319058744
0.03682729340484613
0.026059594244042483
0.09050043760650851
0.28950565655124927
0.480946548767367
0.5499270286739582
0.4230804071296938
0.2665267149937335
0.09712099406678878
0.03203238030489262
0.03377346304932152
0.06467284975696866
