0.37421019925040505
0.5326099128207228
0.6462747907313006
0.7299989338953319
0.7851209779944501
0.8196728571609299
0.8370718363389906
0.8519448238077849
0.8655861231567684
0.8799579140049084
0.8793894714540043
0.864162077298694
0.7970718007090741
0.6590292471748121
0.4377485911639145
0.19816342275734974
0.043391476747360755
0.0
0.008604908935228889
0.004932776322410252
0.005801080684619294
0.008111485467357599
0.027335143644293933
0.10913697608171875
0.2418224351593988
0.3906125530502157
0.5314654445143193
0.6551057862601981
0.7376530996372619
0.7795501621399601
0.8121584385896844
0.8393337855024082
0.8549248500470041
0.8690823085558931
0.8801110160018993
0.8927659882751579
0.893488755852717
0.8852304817896297
0.8473550787583564
0.7513154482747095
0.564517461782338
0.2989899926333943
0.08870342077302211
0.0066000314157566705
0.00910406303433501
0.00755169180410607
0.006961023037955014
0.013965352302651399
0.017671770455379463
0.059433604096418395
0.16529729688536077
0.3139401357667182
0.46826007883303716
0.603178804563295
0.7079790149312969
0.762761055923823
0.7979266442780072
0.8131010573002432
0.8230060985613645
0.8336149182353977
0.8538015799278482
0.8655228056541987
0.8638700331394481
0.8398256459267419
0.7658059295006994
0.6103137651746023
0.37384697359727437
0.1514513854299769
0.029144913831659517
0.009444924689859184
0.01325140995394387
0.011446829701813651
0.008118202969907546
0.011630025145887337
0.030106621544261664
0.09024836246882878
0.1983797085365502
0.34457391654157266
0.5075199487954484
0.6493211965105705
0.7395091923194368
0.7834391752520854
0.8122767810083491
0.8319128284094669
0.8462530809281695
0.8606957757255463
0.872633399617299
0.8794566776372098
0.8842618344220383
0.8799028436464634
0.8649181957605602
0.805002497975787
0.6868233255879466
0.5082711701182181
0.2859603930735334
0.09924211347730459
0.009786219567865977
0.005763500783932285
0.012863659345423854
0.010925610143056071
0.015244996453812507
0.015541109440291218
0.050448739025761725
0.13572390824084363
0.269218328689316
0.40775592014822976
0.5504531518334084
0.6742544874732768
0.7584193242574104
0.794720484350769
0.8130702385576714
0.8257293241259079
0.8383303431457235
0.8446251148117379
0.8484305494837877
0.8330299944442666
0.7667088453465564
0.6280371243684492
0.43516639007594665
0.217913548326582
0.06452562714871998
0.00985554052432417
0.015692312417503008
0.01573039021710971
0.011484207642401583
0.030038405239993873
0.1147471091899213
0.25345608941566955
0.4016877462984585
0.533037152279927
0.6606602938809352
0.7510616827853603
0.7925983368736306
0.8063867222000348
0.8202551354743811
0.8309705025633755
0.8430906044775573
0.8542238770664982
0.861673386607989
0.8576060960126823
0.8402723078490986
0.7740659904624355
0.6440293331143181
0.4636547246788215
0.2532147553392454
0.09008956414924939
0.019812445425766288
0.0225693005237965
0.02166666927404261
0.017467891082618283
0.016238085231339426
0.021881104181276805
0.05532462273108864
0.14064547495994034
0.27341732910070465
0.4183990435273058
0.5547266254542923
0.6622976963925709
0.7416874320219314
0.7821778038140592
0.8088313924868535
0.8184662631975421
0.833055548208828
0.8420110899884949
0.8496850442431155
0.8225472242874069
0.7447277508990764
0.6037710943761926
0.4228278882558288
0.21553111694285
0.063525509281689
0.006064635617021922
0.014143663488293544
0.01904770994895708
0.01696278584406287
0.015599224562473462
0.053456875166237795
0.15210304886252696
0.2900444106523422
0.4290112488570703
0.5658810871948184
0.6734283704215601
0.7399877840199341
0.773226228775863
0.7982124749378509
0.8133160330950854
0.824984925554566
0.8355024963111305
0.8444121652741946
0.8449366161754981
0.8145222063788136
0.7298448173776674
0.5654796585856158
0.3579900107910097
0.16222999559157594
0.04540547988849822
0.009254294729701941
0.009090103677378305
0.004787429717421519
0.0002506346377832359
0.004017267889446926
0.041062792317148857
0.12271007012779367
0.23716266326466584
0.3498161273593732
0.4597107763639248
0.5501904840654153
0.6264142143637337
0.6837057875040755
0.722275886489062
0.7386602388597556
0.7523271388119488
0.7625996689901372
0.7687123959317468
0.7524658163972484
0.7135169252424375
0.6507738382005184
0.5789466025736022
0.4905567120486051
0.4058146393322945
0.3306332847545912
0.2515133488285057
0.15166771029821952
0.06371777388995967
0.023955326188966987
0.014744117566374693
0.013588836679657492
0.01123870342762579
0.010691760326646307
0.006327863399198921
0.002863447906757561
0.045891491450506645
0.14891668318411425
0.28111423149987796
0.40404326030508697
0.5408111638261466
0.6619196600700841
0.7412846418878278
0.7801568930851449
0.8180739060239286
0.8468436056664498
0.8699450566151175
0.8745965194092004
0.8746772692904538
0.8495233617783265
0.7789179738886631
0.6526585978688392
0.49975929240767686
0.360888380870603
0.24302031379423586
0.15785383943071074
0.12017657759032178
0.13652123645690933
0.171326837538568
0.21102834975504461
0.267852873678955
0.34313933382301226
0.4162699063725788
0.4726790739995508
0.479686480114349
0.43772777627359544
0.38438475344892276
0.33889051372103773
0.2936686278546674
0.2408702006727415
0.17044758241726235
0.08457430316540383
0.026288783609942433
0.015015365533735083
0.02026186517642035
0.017958396684195466
0.016030090352734918
0.01731747325728576
0.01751355780867641
0.016338233331736157
0.06707931507630555
0.18100424653151095
0.3193835279066622
0.4374114601198152
0.5671035870947075
0.6740894306812603
0.7367748584656432
0.7706908862927293
0.8080305200334688
0.8374105035422569
0.8536662895796084
0.8592129332819937
0.8269784774456381
0.7422516075478663
0.6128367557616227
0.4601750639333433
0.2990947544036888
0.13881224376479462
0.03625081516459608
0.006787168616275757
0.02280415439278105
0.024612729675728112
0.043491553364474606
0.1139535099322959
0.222223349318781
0.3344393259948843
0.4597197279412468
0.5931897107374873
0.6813065422826846
0.7287725391464767
0.7581704193197458
0.7863730868726092
0.8027047861612104
0.8224721748740915
0.8335443530693849
0.8376110710091795
0.8188422891396984
0.7631874015292518
0.6566714110027316
0.5063414750448317
0.32949068211040416
0.15656239153466942
0.04926736083237624
0.016398177466702444
0.0243746330385103
0.02348738990383061
0.03253860621897144
0.08018825593124401
0.17611364394796855
0.29164978686085813
0.3947105981597248
0.4875643298603483
0.5642524593541108
0.6303847031576367
0.6801921445266416
0.7224626905454298
0.7405838218915968
0.7495202702851546
0.755105767822946
0.7602388935085136
0.7442481245602801
0.6917252282648252
0.595413277802529
0.4686828043275036
0.3616207899441046
0.24567779418895022
0.12851166289472762
0.03734557351145006
0.017433543747023845
0.016135263149020654
0.017352589254615428
0.01768291658326822
0.02228915171583653
0.023328004722681175
0.059139434793307036
0.1438661713385074
0.2625325999420204
0.38144381902867275
0.5131883097690018
0.6288714791280778
0.7082747276993092
0.7615457002386684
0.8066320656455978
0.8309583581871877
0.834414454895555
0.8133178914727144
0.7571472123892719
0.6737858826238956
0.5679942574997671
0.4548649360172283
0.34592313249167556
0.24618642726664314
0.13253752343788516
0.04732760939879525
0.012629835220972819
0.019357158171057695
0.02121136774710192
0.02509312772881771
0.027500430305684408
0.025681418471784772
0.0362351292944897
0.08737482281790433
0.1797973249571651
0.2875959186836902
0.3918473486936235
0.4923023339874987
0.5851054397819793
0.6660373280468408
0.7348743241069443
0.7875673400202777
0.8226266881056722
0.8434710732236271
0.849489547289557
0.7785354414169442
0.6585661746041055
0.4887244326520573
0.2813595674317638
0.08699471082216753
0.010092215183220248
0.019679133861372964
0.027194361804188764
0.025644139735434023
0.026364945352008444
0.026130786484777062
0.014298491359345512
0.05035967952769152
0.1422871785907942
0.26761009945303105
0.37665827727562257
0.5004973538365619
0.6174091479691238
0.7046844993124252
0.7566931674290941
0.7894661080422619
0.8017594499991212
0.7638781885313743
0.6707851317735909
0.515100950770728
0.3152847550349004
0.1284126747094785
0.0271222035159236
0.012486815411637061
0.022571169614300248
0.024990359626717838
0.02048330103318397
0.01594793366650373
0.015445899639293515
0.012581712717091388
0.03055923706550052
0.09533526426226481
0.20560048095671624
0.322570284017152
0.4364426184308289
0.5503219532159553
0.6466600481101049
0.7073059508479547
0.7479227535721319
0.7856401800277357
0.8179641202080142
0.8417702866977227
0.8540787091121711
0.8360615149450623
0.7676307773181902
0.6571281424453488
0.5121794234849225
0.3471829302340571
0.18573193007373925
0.07361966532785759
0.027355534844035592
0.024247510153877137
0.027503335953484514
0.037430263981792694
0.0711673459634758
0.13236760409858825
0.19768710009892562
0.25182769329713056
0.2880053058614726
0.31405602246215586
0.3340165250212947
0.3657005145411263
0.4151539399782192
0.486098627687691
0.551825110661102
0.6033726788105727
0.6381165449970587
0.6658421673336592
0.6864222699808179
0.6981216578033336
0.6872679773309792
0.614007281749844
0.47158656219840833
0.2972614137071081
0.1373151580776344
0.04413974188963891
0.012554043073037017
0.021869195483365484
0.022315753492979578
0.024138991841430993
0.01994661733702369
0.01850031292278923
0.027861379982388246
0.08100717884440851
0.16959146883903256
0.2776702352503891
0.38368724079915345
0.4977590332767584
0.5964424389799758
0.6706829250532609
0.7206651235841715
0.7656555321498826
0.8046201644259211
0.8302489462838181
0.8450038757109628
0.854015969149804
0.8333753775575338
0.7594282051429403
0.6331288697595087
0.4727896664118683
0.2998805725114241
0.14173488565032397
0.04521046689798074
0.01300252034353204
0.020498372480945087
0.02377510990934118
0.020688471127657582
0.03828540795091552
0.1010982971313962
0.2043837191942733
0.31514055442560646
0.42050311206249497
0.5284810579459219
0.6207592119613112
0.6831347255054541
0.7123950245617909
0.731281372951726
0.7466846459791783
0.75296635892591
0.7325186458627112
0.6676908873179759
0.5687984506872449
0.4479199441476536
0.3165774150886168
0.1804864860836275
0.0718485601725734
0.024123348235346235
0.021962400170171138
0.027620734885633588
0.02649727321341605
0.027475183723388464
0.02900591908031211
0.06535830763163405
0.1384603380438716
0.2256059206149174
0.2949805512862507
0.3516228624721838
0.40391527554433154
0.45592849057094054
0.511795242607184
0.5721953999725211
0.6299611307729478
0.6728651995399834
0.699457068684033
0.7233877651875534
0.7426118867581087
0.7522504160687655
0.7382899747853344
0.7023303802280508
0.6412638614680041
0.5417456177501573
0.41686122562017414
0.28717073260064085
0.16010396187585513
0.061861017421665075
0.024431925606500277
0.025201005884529636
0.025149425608926784
0.023174606371732034
0.023580668526783297
0.020128575096815485
0.016681672148613033
0.031389156922637294
0.09242547969603972
0.18580191806467827
0.27975985410845083
0.3669070779007151
0.4684055199220025
0.5685266209650899
0.6365506884806923
0.6728261559606765
0.7017928539828905
0.7190051768606472
0.7229173088640733
0.6988801314448625
0.6488393161428321
0.557952125417091
0.45145787829043144
0.3206945818249378
0.1656803572427269
0.051279280409071974
0.01448841454749706
0.026256746172166223
0.02401137458464785
0.021767143477825993
0.020648871447703596
0.01761374343172265
0.013029297858465795
0.012957972618022626
0.011523929508591562
0.03178493681594948
0.09440599141489131
0.19132717528731272
0.2833234842284021
0.36967570629635627
0.4656815440076736
0.5625891793862379
0.6301743812723487
0.6636704007566008
0.6825089628982571
0.6867675518082991
0.6656129781326151
0.6155566306651437
0.530234571979883
0.41670354171358165
0.28339818296440616
0.15030750139109533
0.055784051159923576
0.02513994592922276
0.026806923471610067
0.024214911629747253
0.0195294433798736
0.02056249680615482
0.01918739985304992
0.01816251825530201
0.011582953352800482
0.028742399452136993
0.09861815669482907
0.20805068696242676
0.31511737018309455
0.4047514215049685
0.499227203867004
0.5868903560026021
0.648735196028867
0.683468573606414
0.7119081623637142
0.7410060310627152
0.7609496852511854
0.752638416137334
0.7169206413066939
0.6504303813420892
0.5492841025940388
0.43166732777149236
0.31659444916174306
0.20551648044062676
0.10258429362916
0.04548176807828444
0.031110548622208987
0.025858085697816672
0.020037126377995537
0.012023698421259625
0.011428910696562423
0.011503575025919179
0.017294068894219413
0.02525260495154342
0.06282102866719659
0.12984338345345584
0.21014896193419622
0.2780769395981966
0.33698333199233693
0.3816558162780316
0.41134491605065016
0.4257345034089557
0.4294053596645893
0.4303762387989059
0.43461471182746836
0.43146650329491454
0.39682951797907706
0.33029781864540336
0.230908661613273
0.12203416015511255
0.04396606090545709
0.018824922124248373
0.019658371172991174
0.018163016684253484
0.01622539106210019
0.017045517437881387
0.017683554374814607
0.02024260487839577
0.01864804445605547
0.055788363430624516
0.1406408616206541
0.2524382467600425
0.35621440191818793
0.4743751443400911
0.58583098709104
0.6706171154756203
0.7306758847007538
0.7976674336802972
0.8539171181096338
0.8851730914223657
0.8829746693787521
0.8320072339129702
0.7406897546337775
0.623668017139725
0.49346436121879333
0.3398463372275817
0.1802348886818667
0.0667691895711151
0.02143053816772574
0.022235890983581016
0.025219211744823392
0.025649944541684306
0.027648300390728762
0.06916437272270802
0.15202872356872751
0.25173812674156304
0.34040554341018453
0.43224055456801114
0.5244850772224618
0.5975166800668484
0.6464596528565273
0.6662501243355697
0.6758556753668838
0.66886556973792
0.6375535439550993
0.5608585659550583
0.4522552916029695
0.3394011195351541
0.24198844324806823
0.1403819704067372
0.06322526032539424
0.025713359701302677
0.022696776375770895
0.0196016374494849
0.022122533563028488
0.023534799502581378
0.026301245764771525
0.029600115031303095
0.0412416909088175
0.08327178794694137
0.14986218951577313
0.22118685336116103
0.28025636454067887
0.33086279580619266
0.36728390455380033
0.3964063586051056
0.42610656212997117
0.4704832576168737
0.5327192495687036
0.5899777184535031
0.6284338569792641
0.6591466029547669
0.6893683816520741
0.7090619993089794
0.7166519969017779
0.7119159250430491
0.6979938288800183
0.6706800613573078
0.6299059010566103
0.5624465652668172
0.48013260875587216
0.3884839469890576
0.3097197991638189
0.23418545306193844
0.16052771708204888
0.09087754212207748
0.04961397759827919
0.039465525567701616
0.035573777525017516
0.031507790916881454
0.023982519698137996
0.029495803328973152
0.03539530267846857
0.05335661973462414
0.09960695388163576
0.17550392601077705
0.25715310246133893
0.32687390473701405
0.39707494756896544
0.4705442301809866
0.5521999913172061
0.623735699684625
0.6663932037418401
0.6822404218022633
0.6791319222034509
0.6337227949271166
0.5392876061511518
0.43259238301160846
0.33884313762026597
0.22420079672739515
0.10316623976411261
0.027972422733842775
0.015596051070130578
0.02153004589231454
0.02013668292803546
0.0167205200301797
0.020316992620996267
0.025257706376068785
0.0374333939957198
0.08500202821744829
0.17811480471423113
0.268149136073948
0.3310502815620203
0.3729038101942165
0.40193415419002726
0.4123258295318935
0.4145523143982964
0.40902408061666284
0.3937652140819536
0.3767194744995652
0.3518659371828212
0.312864307114432
0.22351065329642275
0.1134179886072949
0.0347828713235395
0.019294583629941905
0.020845538715340187
0.018202082193361373
0.0150430259611518
0.015089137911623387
0.01394702245415
0.01531917208150097
0.01781676967574316
0.020736100603989786
0.019039037340491238
0.04985702022530517
0.12409725514101602
0.22425891906150838
0.3091097616489912
0.39601959651438096
0.48662805332928105
0.5739892944048245
0.6354149500160263
0.6819453392130714
0.7207882753269438
0.7548755579761663
0.7814289642126067
0.790148822251865
0.7630424762734508
0.695613814443607
0.5960310860616558
0.48377868179543987
0.38379089747365397
0.31741837930203115
0.2692885913709526
0.22207678271216472
0.16414391466748451
0.10199388337298618
0.053352990893300166
0.03126567155957883
0.026890665074994265
0.026416916775687947
0.03059841268807243
0.03582948109473914
0.0380404516420247
0.036276340811156944
0.03482630551111209
0.035551224623544694
0.03701352904957059
0.04043803653334959
0.039469293595768784
0.03728596669048869
0.04541294340515678
0.0865206770051518
0.14482668620904976
0.2040639963934753
0.2598143634450869
0.3263006788447735
0.41263567678333407
0.5236725977182567
0.6316557549126574
0.7154705893017071
0.7883948655244831
0.8660744677878667
0.9231323652500889
0.9523594791541443
0.9488516546498585
0.8983876133176197
0.8001317180152955
0.6875847087034445
0.5512760480237654
0.38879516353698845
0.2565173299810327
0.19024930220485142
0.15054019505615124
0.09835771908868646
0.06020379571687232
0.04476065493134859
0.04470324963302331
0.042929628451047516
0.04090146677927117
0.04144832170659589
0.04373167181325894
0.04707251946202173
0.047590310987117114
0.04690089191538856
0.04385777527334957
0.0424225516376339
0.06302558706639004
0.1207701909897287
0.19330489052916838
0.25377012305022434
0.29534464563084145
0.3339695817920065
0.36881626281248026
0.4256659394066086
0.5047154776821703
0.5959263100584719
0.6583249990389035
0.6959868448111104
0.6930280789457629
0.6462639310782796
0.561456938326357
0.4736513397943611
0.3967544498013234
0.329887997015241
0.2768468456308152
0.2233886395418648
0.14069750865519842
0.06409868167027905
0.02684264940472034
0.029845746545662265
0.02854202329979245
0.027185900605181522
0.026969291473418148
0.029254360317404915
0.036786098704217
0.04010570242464366
0.0510075145368472
0.09129511903621117
0.17434729846073843
0.26210878254908854
0.32993975697496514
0.3772669557508008
0.4240901092654289
0.48671387702202024
0.5677181184236121
0.6630206584800143
0.7488009511459
0.8132451086674171
0.8449194060038386
0.8583309799457137
0.8647777770720816
0.8661051740672544
0.8502819170040324
0.8089725267965279
0.7318854275443823
0.6015444725672681
0.4222713235280324
0.28121801577561406
0.17061125545759234
0.09077087835182601
0.02967666695707317
0.022173679596474913
0.02321427934089973
0.02560128336815541
0.03094520314711752
0.037636863617468264
0.04405227338077268
0.0661349196780235
0.11348093378406739
0.17942603274805788
0.24029621024127915
0.28727285172750866
0.3170803715877873
0.3335520670000788
0.34542503349942316
0.3591085181313321
0.37280639476961036
0.3784542689879651
0.36982381716468693
0.35573330771505696
0.3365590289553368
0.30300972407174687
0.2343317925819917
0.12508905459330716
0.04452294415329188
0.015010006193537066
0.021549109612231644
0.01817894916293098
0.021171944004751565
0.02061581148006864
0.02135338905554385
0.02434513285392487
0.024137867583562952
0.025785177443206943
0.028620635234437336
0.028914143808423904
0.07048797769325707
0.1547693153424446
0.259422266585951
0.3431870183993776
0.4394340172169735
0.5416567428211574
0.6202794555836968
0.6755426452288384
0.7300952787764059
0.7954147072984663
0.8362933792232015
0.8248840340744712
0.7572217780827912
0.6493861984412755
0.5134978092645088
0.3534174259322738
0.17525682730192998
0.057666160373585525
0.010912501839362028
0.015030217826058737
0.00978187999611755
0.012875372071573772
0.018269318649979785
0.02371281008189874
0.04946024545873564
0.11038896921568248
0.19766180797799499
0.27766617907670926
0.3496775900279499
0.4316803062979319
0.5286795261883458
0.6094322851049208
0.6628427986717943
0.6939705142858171
0.7213254454015263
0.7364544160703675
0.7262624641254821
0.6895393807697932
0.6359697261608115
0.5726528443004458
0.4753161805530965
0.34958660647957973
0.19930830078357362
0.08160492754476074
0.025218203363743367
0.02388619595470694
0.026923533221926924
0.023912878259363324
0.0198662069129278
0.023558388883862597
0.024287843859224407
0.02148458766274139
0.0195209931752832
0.02519588031273405
0.02474968036403671
0.03917415230231772
0.09458091104667614
0.18170230924320901
0.2604434267375836
0.3242006808887169
0.38494799597268065
0.45463322805731193
0.5240593555162478
0.580984697310057
0.6131623847682952
0.6130830441261388
0.5652639480309456
0.46976359429625614
0.3525071680258419
0.22424107860054726
0.1021407377686373
0.02864623552968333
0.013112171652891315
0.01788444303537547
0.011823104265578852
0.008382987433713442
0.0124034179347052
0.01600211416610302
0.019678455404096105
0.024649744223917622
0.03252084520411587
0.07465366990781074
0.14424661977810782
0.2235006602287502
0.276367571551024
0.3263347481602471
0.3713128393906787
0.4281882688095402
0.49699346276214496
0.5710581201807101
0.632478673046359
0.6737382217287369
0.7032017997952243
0.7202858913863315
0.7321139953973276
0.7382224384906779
0.7464463284574518
0.7262409699216406
0.6660774338788097
0.5595516762679911
0.43767369557301444
0.33642026103895567
0.2481305167035779
0.14483323248159913
0.0560000623396471
0.023300537748315912
0.028992409942448755
0.030458726367088337
0.03284227268953396
0.036611050079777815
0.04031147807194664
0.042974630943243136
0.08662709416771361
0.16591498457751291
0.252829056167456
0.30361755294773174
0.3417403818681501
0.3708930934182473
0.4038182552025441
0.44148694552334894
0.4963880941352005
0.5575060792109999
0.6095133864404739
0.6414815478410059
0.6575354895251833
0.655977700210068
0.6258741588557937
0.5454577233208793
0.4330484834155483
0.31706768951763387
0.19756585738187443
0.09126398346656998
0.03668668607040204
0.03167304516834148
0.032488993277615695
0.028130213165347338
0.027794908318410375
0.028364551557532022
0.030004468216390235
0.031352226805137544
0.031060912336520096
0.03028255788548235
0.03966386337115395
0.08139600879448229
0.14302437466804305
0.1994892033742334
0.23913837338999894
0.2778741113896897
0.317486258128647
0.35711801424631956
0.3936145980190394
0.4338692866365287
0.4788084602892698
0.5159151941143157
0.5363496550185564
0.5426530084884166
0.5383571622611083
0.5218462616794756
0.4892931258349607
0.4248656441430334
0.3403666172757509
0.26727375045608104
0.1863461139174376
0.09603729638275947
0.03511565510870851
0.027606145445219027
0.028094875634028207
0.023823354292895046
0.021589559777261864
0.025129107172325693
0.025732691904723635
0.028324742541109966
0.029759532823272813
0.03173467047783312
0.035768238066378
0.0728908270167687
0.13507741790646627
0.20410997606628797
0.2572598740591949
0.29903791942249747
0.3259381843727043
0.3489288443812174
0.3757832940934014
0.40207400137003263
0.42578827252107815
0.4443322908062726
0.43521665603284027
0.39514147486910195
0.34780961628480145
0.3192970226590691
0.3050709342083464
0.3023672101058994
0.3013889135734617
0.2642519339356854
0.15895324958737742
0.05932101944537459
0.02106739515369667
0.03097525445923698
0.029063364594630978
0.02645779636352655
0.024198083285133638
0.024958925437361303
0.02496087640827908
0.02614672842709655
0.026863987847378645
0.027778102726186988
0.02687942461562666
0.0396832348202349
0.08835830520759333
0.1595645874311886
0.23556872931573733
0.30775755211379324
0.39610488439386743
0.4969266039049926
0.5982860737080276
0.6822507884854218
0.7482932689642491
0.7949461117626855
0.8338340117536754
0.8698983998505557
0.9022881921316177
0.9074990124707935
0.8813081741271147
0.8264818670187869
0.7573389021430184
0.6893510050360732
0.6013108428873575
0.4845779605222079
0.3514220529673241
0.21169680076736902
0.09644205071348767
0.032677431762868386
0.028319702056067538
0.026252489934345237
0.024182725279804772
0.02661641333826399
0.034994137410191944
0.034811504012739546
0.05372616376449917
0.11434910224981258
0.19743360089845366
0.264628890752783
0.30879940485637053
0.337374759139158
0.36233863187024695
0.38839192013872165
0.4270361023766433
0.47447140512074354
0.5339651876526008
0.5851007076197584
0.6191787707972285
0.6387066877315909
0.6501320598243213
0.6578355589047156
0.6634277136619996
0.6696005629032864
0.6635124023457837
0.6375672869318549
0.5759052404264378
0.47323188470103744
0.3426601272310735
0.21798257326723128
0.11288058299679822
0.047745720146807294
0.02484463762310581
0.026006647023422903
0.023128731287121798
0.016972063634503314
0.015661899515998806
0.01772068607000689
0.01691542919146258
0.02753164158129105
0.08055157989706967
0.15926856569849338
0.23634505795193075
0.2890337196911788
0.33972575922948794
0.3937657492456571
0.46813709042920554
0.5489753371306266
0.6164467797421338
0.6581085801806816
0.6870286737730712
0.7038841876509498
0.7115230864132087
0.7038867885752507
0.6862214560759344
0.6523635770505808
0.6113942008115882
0.571556501064823
0.5298292806149155
0.4707755316173067
0.39708203231888145
0.3336141920464629
0.2874394469757627
0.24076497610954223
0.1683782574744769
0.09592862379417184
0.05272532390530355
0.04783936680776747
0.046154506491548
0.042434320085048424
0.04107268836823948
0.04559158817966564
0.04905401392068536
0.051239263917187375
0.049586533155602
0.04719757955154047
0.043766335425112796
0.04902170677943869
0.07655796849391432
0.1274920433149451
0.1864218353358693
0.23537548065164274
0.2785804844310852
0.3207318602512758
0.36696348352808167
0.4108417263806136
0.4658107932456806
0.5315779462264753
0.5925588058189278
0.6396986641386703
0.6806790868321786
0.7129404422716784
0.7273226848363624
0.722616419996158
0.6864586383624031
0.6184739236781231
0.5318416286354477
0.44441746756886463
0.37058027052947573
0.321178268290792
0.26505934708167317
0.15795941209865577
0.06263951523547477
0.023933456134767807
0.033474805935782045
0.03244236855558089
0.031762182743818174
0.03321308331141459
0.035616293831911304
0.03904527908364157
0.03657777102794058
0.035666427301146206
0.03407190251845535
0.03604159891289939
0.061218688744143844
0.1113283826216298
0.16913903316788284
0.21345636690954822
0.25174674006632697
0.28541329792436015
0.31533969169815074
0.34100557223045086
0.3671301368285472
0.4007182594450916
0.41962140686736304
0.3948127915928279
0.34341477004716053
0.3050649787695173
0.29352056889294825
0.28777961010145225
0.27382923732215564
0.24413891640852636
0.20300441638486658
0.15166156448504428
0.09459521645359266
0.05262264423856696
0.036021868178966195
0.036331766028551656
0.03698225877536331
0.03865365557555229
0.03719206533246933
0.034775190438375625
0.03290359246168697
0.037866286295586374
0.04110941227302044
0.053820386107413645
0.08111598841002092
0.12701370768537215
0.17563961148750304
0.21480389454106927
0.26200243119343186
0.33548521633835027
0.43813744491915224
0.5338996517025917
0.6325027804278129
0.7313622929082273
0.8205297423266869
0.8922066512957864
0.9451599927626844
0.9855846733550719
0.9992617847191678
1.0
0.9696372988723556
0.8960324212626248
0.7787444867471421
0.6341970353422144
0.46297763401119096
0.2746086986919371
0.11273204077221144
0.033138810421959
0.016844300452939515
0.023886924002052026
0.022251570346000872
0.020170921154824453
0.018278469573260788
0.013301756387035004
0.04010615313099757
0.10362792130720846
0.19603313861706625
0.27555407148111627
0.34462258983691046
0.40289928319279206
0.45343219362320525
0.4884699196499854
0.5133006367926285
0.5329532514026797
0.5494580306620376
0.5475448922450017
0.5219299702465691
0.48231512128068393
0.43468131991816994
0.37937956937136463
0.27505644476454294
0.13873694051835067
0.03727932641165192
0.013482803954162518
0.021406862544884796
0.022968382838229048
0.024756624171968954
0.026666075768422913
0.026236977857196607
0.024859803555614374
0.036022357639689466
0.08432056394572422
0.15627038904104373
0.22875226926928863
0.2938135173751247
0.3590333192983116
0.43533013856304237
0.5307004607429122
0.6140253212409814
0.6653733103715944
0.7032879244121442
0.7469285414911488
0.7804263431142074
0.8042189081404861
0.8113212966572974
0.783246290882394
0.7209778278408514
0.6411373696321284
0.5485859166541116
0.45217130647962545
0.3671533119581616
0.28044528744136415
0.15936302112569134
0.05974161636734813
0.02066295891598056
0.025224970356645914
0.020144332914821303
0.017248761794239672
0.019540699580149742
0.022612777263859272
0.02721985767414877
0.031990711121424466
0.03661360716382649
0.040930935058324604
0.06201699457147705
0.11382667856713886
0.17643082179472167
0.2269394661266819
0.25977924146498055
0.2854874428740107
0.29813880766533113
0.30504758958027006
0.30755545178100413
0.3001452703384007
0.28133797949612505
0.26201580458999535
0.25453557128333326
0.2538300652118818
0.25191241559116345
0.2411783156844602
0.22421777097184076
0.19755406857208832
0.16721326666140296
0.1474698524808857
0.14679910252172496
0.15639536156525669
0.16866518823669807
0.18346210956316839
0.20344962314494364
0.2319081669295021
0.2762697667305921
0.3284132524721281
0.38655765033710304
0.46732592623158337
0.5643076334324775
0.6450041761625042
0.6974979409578588
0.7416296172473015
0.7831010144656027
0.8160294501920993
0.8444518952604032
0.8536678924305849
0.828206933522213
0.7561488493672144
0.6500675192690833
0.5202855253550062
0.39432806966053663
0.2736932997869727
0.15064358476683049
0.06123964791438797
0.025419878655481894
0.029842445384513017
0.029134025254137726
0.03217614113901441
0.03107871928324348
0.03249353234748721
0.03675087603231409
0.07521559010842617
0.14056709803088543
0.21946519404664466
0.2853232968743777
0.3382481910886187
0.37817824273135225
0.4247334524730911
0.4864981895143793
0.5595209388445405
0.6270513846113903
0.668652503538901
0.6840601363428006
0.688006475575475
0.698146126729941
0.7116605819785229
0.7252601459029205
0.7222036869973877
0.7042030890028272
0.6592733261188173
0.5941187285343795
0.511930198924833
0.42517316363188606
0.323623366275503
0.21118250524342264
0.10224224154136455
0.03922866616791132
0.022928718274223336
0.02542128793630064
0.02292146663393922
0.02240438677406649
0.027797289838100623
0.029605550073848873
0.03170298056910172
0.05933489773426654
0.12066334627516445
0.18834117939112388
0.24551103078628256
0.29512863857800614
0.3382774690151165
0.37165492370116937
0.4103136745412234
0.45516426366790863
0.4880922474799286
0.4984041934676685
0.4906098241447305
0.45069304615081374
0.3822376790817856
0.31159815207771424
0.2647616822715552
0.21003895020513716
0.13130380658352064
0.06411707551802011
0.033083742779844834
0.032751311160201926
0.030785579830527418
0.028046629130034684
0.025736591718454424
0.025130222474116903
0.025763361809073425
0.026277802237725766
0.028711686876650128
0.030783094877056223
0.03552327496705129
0.05866084892133368
0.10185584710725357
0.1546303887544436
0.20163315803653892
0.24468053207271825
0.28298298844040237
0.31444816430355765
0.34500984013730474
0.38046226038359754
0.42220673368545897
0.4530147492808901
0.4655877879257037
0.4524697473652455
0.43847166880539706
0.4233809940472922
0.40995603848309914
0.3919069240262162
0.38173965185685005
0.3708572221493142
0.35644603551928755
0.3317311614037121
0.2795003037294822
0.19160450318750402
0.11286405828407858
0.07137749443650758
0.054751841449904935
0.037212550022907964
0.029304965355173847
0.024965374341175985
0.02222421164442929
0.017062994260132643
0.01893326240335082
0.020937026922835993
0.026006767615544553
0.025488472531037278
0.02670658234149913
0.03080857500755979
0.061730655024944764
0.11550130111471309
0.17508783236563177
0.23461096865497177
0.30487301995237265
0.404596922848489
0.5222096007457661
0.63374345264743
0.7117325685847825
0.7710625884196175
0.823400194707973
0.8734197058855696
0.914484855082396
0.9454424410452226
0.9639762148050965
0.9657242170147612
0.9538749817330796
0.9223408061700833
0.8596127697337955
0.7529356272232149
0.6238039284234778
0.4894917342510328
0.37387939665694647
0.28810633374897127
0.19103827905929277
0.09172917872036936
0.030783593730293792
0.02574170911088983
0.027783100752029992
0.027441557900042036
0.029667924751416636
0.028741513306973603
0.02741378722122578
0.03213901745115094
0.03983488018992744
0.05226642214685423
0.09137209323464036
0.15641525280697255
0.22675480679281892
0.2827671129145643
0.3374049662822016
0.3912018111017078
0.4592546048996911
0.546438790780023
0.6233479861940348
0.6752010285998021
0.7009138362716021
0.722572138248909
0.7313157619790553
0.7219826533352284
0.6737022883780841
0.5824196698711595
0.480112723926639
0.3823610804473068
0.2976834048342732
0.2009704055512073
0.10582078330895311
0.04492211634537989
0.032030542568066825
0.03999789486079252
0.037795265095315916
0.033199559775783836
0.02418144641577292
0.02098454745357444
0.017902653377799567
0.01753288959057717
0.015553293734935353
0.04329001959286222
0.11079401652313393
0.20537930924729425
0.2905533662216412
0.3655862821915039
0.44663335761336975
0.5379537993686099
0.6238176936662544
0.688920421516864
0.7483107637533177
0.7970413716721793
0.8297213967240719
0.8410563454000993
0.8375674519517503
0.8002560042799758
0.7417613345513143
0.6728314886457847
0.586031976463806
0.472618939526309
0.35620387384105306
0.2611455796196398
0.158673020729404
0.0720671956168305
0.02604841675049293
0.02673293298175983
0.02745324050218363
0.025239693973019266
0.02214618761013879
0.020626371548890295
0.021536932275759212
0.02250289034398922
0.023529195030003853
0.04342864267860189
0.09935775750112907
0.16650695605157773
0.2266674113126978
0.2733878840032072
0.3267358973733812
0.3788697813103402
0.4433153826243459
0.5232054461304663
0.5999962962015324
0.6570084182726598
0.694483996457043
0.7390237571440995
0.790968164080183
0.8354553418311167
0.8680123658483762
0.8885115547560087
0.8995730795132927
0.8762362273084918
0.8135607004917578
0.7324963207625422
0.6501348411927116
0.5639926474352696
0.4620699105235362
0.3629248427835725
0.2920122392405887
0.2474971875429599
0.1759581122834189
0.08685277096168918
0.030035276054588462
0.022825951374237888
0.02646944920626498
0.025541335296179506
0.02506833348911209
0.026536787928101453
0.03026220335128965
0.04864752047404823
0.08875021359718832
0.14720781537989538
0.19839289293643628
0.24496729954432542
0.28869574945422644
0.3301040102424005
0.36875684532405023
0.40948731943731437
0.4638870526833081
0.5344084405115233
0.6023934133080407
0.6446952344514483
0.6643765303372501
0.6762060119567614
0.6878466332882576
0.6955390686985906
0.6948417054516599
0.6760438580393648
0.6274891506646165
0.5514694988755029
0.4548837696856871
0.35657320376360035
0.24866333070972194
0.13378966628620004
0.04994865437261762
0.021835020718963854
0.027334845123939567
0.0292183735633934
0.027329469926214312
0.02467782544482324
0.022224182673107183
0.02149131412458142
0.0362968358259036
0.083580003636948
0.14314281925777925
0.19756388101088268
0.24526967395835048
0.2907196140830269
0.33302358722701164
0.38032030576296905
0.4390811381407692
0.5125545861906102
0.5872880070222082
0.6393005842211477
0.6551466354325243
0.6589451284588478
0.656340539691177
0.6427196108878889
0.6034013227870912
0.5318384915626229
0.44698957211436907
0.3576566205910635
0.2527834561864774
0.12439551229629653
0.03927826477201913
0.017186396330929794
0.030086562786576978
0.030952598406089937
0.030861595920966413
0.025274475504705032
0.02132210285078859
0.019966628499833328
0.02308947060240434
0.02314770871155534
0.024614779401170656
0.04719969831244186
0.10024188814659792
0.16521472009454938
0.23118178360755007
0.2907638620932707
0.3471796101338104
0.3963559039343567
0.4517843110622746
0.5200248948333741
0.5812303220440118
0.6175738488533403
0.6202531981232172
0.5970014914087787
0.5334307465326795
0.44267001813945106
0.3526146800283411
