0.3374455732946303
0.3735849056603778
0.35516093229744744
0.30398322851153076
0.5265467310223783
0.4127358490566042
0.32039871840512635
0.4127358490566042
0.3203987184051272
0.35516093229744794
0.013976240391334606
0.3203987184051272
0.28816466552315706
0.0
0.6703078450844101
0.8157602663707
0.8157602663707
0.28816466552315706
0.3039832285115287
0.9021226415094392
0.2302526383114803
0.1457975986277891
0.17969451931716077
0.6084905660377339
0.11484823625923019
0.28816466552315534
0.2581926514399216
0.9494826536822913
0.2302526383114803
0.5798435342843993
0.8576329331046293
0.9494826536822913
0.7037225905150425
0.7762803234501375
1.0
