-0.32373763827217006
-0.01673111173413939
0.06605458415236896
-0.03188676303247485
0.0022789918105988924
0.012940775105682773
0.007291634904624439
-0.034360354120500244
-0.0181849145245289
-0.03646936405931962
-0.06347052087289844
-0.04778666371513607
0.029548057364055972
0.026404297986469608
0.0038348813079115847
-0.025360346605342338
0.0035049408066176193
9.342683790994325e-06
0.013510249156537273
0.024391689449462888
0.012990177592442085
-0.016781023662635102
-0.027302841863170557
0.006095607898908382
0.004113804687514589
0.005970499418811673
0.002123785090560378
0.005018596995026459
-0.01417043939848388
-0.012414290507006752
-0.0003903604871360937
-0.13936385662339065
-0.37054095882664423
-0.5005380893232068
-0.7364070807271409
-0.607707359453077
-0.2643636069791428
0.05507084361253703
-0.03642990877733745
-0.026092294760785686
-0.0014777404820538202
-0.02747631025730107
0.002690105592590792
0.017622307976563764
0.0027773457964817665
0.08152770973576172
0.4186514877271926
0.6228945798430469
0.6155241336943335
0.4092553822163104
0.3445868827727775
0.1320745116513605
0.03486507827424379
0.013094033154749817
0.1583086217515238
0.1188228688039759
0.010468474533898138
-0.12451150838189777
-0.027378355556221055
0.0030094542003182424
0.023006055254391273
-0.005013381124774654
-0.20926068990887586
-0.6081425814166492
-0.9981315396326016
-0.7058976861964831
-0.3004250288545636
0.024032315339351434
-0.033310484164006886
-0.01568868965174318
0.004944541549958129
0.01270887637648001
0.010894649020229257
0.29266677333632013
0.6036709877092734
0.7119310739761935
0.5085660492550064
0.3960074299655948
0.17524030304943797
0.11667151327295501
0.11385859551831201
0.051390387339313004
-0.05402342652238832
-0.004288915192801583
-0.003222034752672199
-0.03211121868473573
-0.049282580131870014
-0.307555788625796
-0.7490880838231706
-0.9762925856005704
-0.6294938747660027
-0.20472778367217762
0.020022268126201642
-0.018448249603974832
0.034596113283575924
0.04113098493862435
0.020912121222797706
-0.034435404786828605
0.14459224968100032
0.49415178038244173
0.703361399256062
0.6144155145775604
0.44213023788473155
0.29088673171061347
0.1287399889930515
0.04752990027933001
0.09795877423770537
0.07545968559575714
0.05896368036842219
-0.031081857246362442
-0.0378082867628935
-0.10929261481488206
-0.03071280966577782
-0.012977023955241937
-0.12447731016769799
-0.516155908544322
-0.7947848928498544
-0.8351051400602727
-0.4821059903000225
-0.14168700903254264
0.01957804311045241
-0.017697604128781626
0.010140467522427988
0.01684349428461855
0.1591351555681165
0.43735771589565153
0.6175212946733047
0.5245323585492814
0.38140676512197424
0.2683930450114258
0.1691109617002838
0.10303433001869705
0.027446225198335113
-0.023415227766566817
0.004249519475849492
0.01665860447740487
0.005582296046797482
-0.008969242586977013
0.03647074665226445
-0.085808470150741
-0.32623598416509153
-0.6700856375183851
-0.8734078111068825
-0.6475874474378528
-0.22351927086220574
0.03487906163328147
0.014215362312174332
-0.01211415647249648
0.0020523239489911877
0.00441433119862614
0.23447495695184709
0.5151635005802135
0.628942204963727
0.4724568405495497
0.3819043262004521
0.2309761672378175
0.1585813121733324
0.08083189955307754
0.05634422058398063
0.02265386926326338
0.12764917410583854
0.09528063950180486
0.005396151935616308
-0.01242488736712553
0.05353132674694167
0.05213836298969102
-0.034100389615995916
-0.2795549614516291
-0.6318268313805236
-0.9376033418177893
-0.8171856832114068
-0.41877675637174006
-0.03607332392219812
0.03252816576948286
0.012546646200732875
0.0040731794234397
0.1554205344745509
0.5153263857612042
0.7314900298953869
0.7062237986301537
0.48901653975964765
0.3274408120093366
0.17701689043256325
0.047414583465931824
0.043133425435090814
0.05795948648350469
0.043162726116431446
-0.03639130091301608
-0.06371958737197488
-0.21593825011422385
-0.5732045268132535
-0.9234742826532408
-0.8933665571700666
-0.4522770692503085
-0.08169927227111196
0.026479539740465012
0.0023342919828076886
0.011952801479755065
-0.0017288798536740197
-0.010089364408048918
0.3051843158595597
0.6417395890189357
0.7874805431052543
0.5731866819279211
0.4084157545473342
0.23597059460136638
0.17567912520080875
0.10872947110736526
0.05394051061306311
-0.04212768341293292
-0.030022172880014936
-0.0456742458654523
-0.03519446145414178
-0.03170801008728969
0.0181164690756433
-0.1228235141168585
-0.43916877427231155
-0.7718880693623943
-0.9223334125408038
-0.7008271468344858
-0.2814692410627339
0.014419111928485983
0.027483589844232752
0.0008860064720344907
0.03837991851646524
0.03695447250558042
0.20917124471446077
0.5118469035109701
0.7352348760224651
0.7063837453326278
0.4903018938207897
0.31838747791288863
0.1794135762071992
0.09541348991045719
0.03053308655086777
-0.004201944455105691
0.0019005587454335071
-0.04006785274182385
-0.18260453797046497
-0.5305257108626246
-0.8064101885167603
-0.9597521873163604
-0.6803838260006331
-0.2589906918483297
0.06875990674411478
0.026532176800935326
0.024500394043546727
-0.0013360851544082458
0.04272370227114032
0.3770762599559512
0.7507821804248527
0.7914205546439618
0.5435270526989051
0.3526381178516691
0.24295647580109883
0.09339207446051945
0.08203837490201346
0.02918493996780185
0.04682235748585217
-0.01270845144478424
-0.009436692237797055
-0.07860391953593458
-0.2545541350999463
-0.5596996545623366
-0.8946119200592334
-0.9244908235518483
-0.5613280457226724
-0.12404276095854064
0.06590355526977162
0.03572685585537608
0.004005016216862506
-0.03449100797156272
0.007805266675943073
0.3196422349810976
0.6321240429574353
0.6886180607939881
0.5267136718511325
0.4117313319604625
0.30087094901414513
0.18292752295754727
0.0975060984454456
0.013068566502612847
0.04772026556264222
0.04710203010860511
0.011030865113255794
-0.039566457955549826
0.013255465128768924
0.018337292534421287
-0.15297274842556696
-0.41474883938012563
-0.7307376160972268
-0.9594382975488485
-0.7808275585202946
-0.3152485536566477
0.023586562311871045
0.01929289812531271
-0.0022139739006635066
0.023655817237311045
0.04116881098628734
0.2745560642900551
0.5992146480677153
0.7107217396500493
0.5825612637960667
0.40421736235587213
0.30297972046020133
0.15703183632331494
0.10906292633526338
0.06375336906844538
0.03427978789200888
-0.09994896134249402
-0.3567065082871917
-0.6075326684643877
-1.0
-0.8970704997254368
-0.47901128373665686
0.011973900113605412
0.03375879829728234
0.028818091978797682
0.0063085449227827045
0.008471516022588468
0.028948270757180847
0.2030538626050862
0.5990554602707121
0.7956248260236497
0.6434674671856238
0.3853980350854227
0.3057989398732768
0.186644946084975
0.0622402521711964
0.07879715903990463
0.0909240158617968
0.05301803235438492
-0.03357311603512402
0.01262387401699026
0.017913842550871025
-0.19298289578836383
-0.49267257720862745
-0.7551985531001326
-0.9547856518189369
-0.7543756751886563
-0.32724485821974075
0.06020994613376897
0.022699250988266625
0.03389630960766606
0.001640190683268643
0.01419131250328306
0.026985119754750816
0.285380846003066
0.6157469741088583
0.7176940608088305
0.554991616811034
0.3877336445971016
0.29004401435362914
0.18269918109619412
0.11203826570840464
0.07012750797563279
0.009786892702805637
-0.015535860627830408
-0.002473965389870591
-0.05807069474727697
-0.2765599701558148
-0.5765706830690173
-0.8569214506541262
-0.8818891026451521
-0.5168393470743208
-0.088561830202863
0.07181714749446065
0.013401542203019798
-0.005630481310496056
0.014152144596460416
-0.01609367348155564
0.039809330533419916
0.32241711453512917
0.6042732389659599
0.630697588138163
0.4835338967841794
0.38837450401858237
0.27410923585791436
0.1778147072723419
0.0841109065621564
0.04141808701151
0.031943140378542755
0.03320156400380331
-0.036578012883622266
-0.07114528019834115
-0.18658355524119324
-0.39503426450543916
-0.6942772651766717
-0.891236444486395
-0.6681043505266995
-0.2557828488152161
0.046742945402245044
0.00859469797835166
0.02911865513166523
0.015618077804894697
0.019105011636681136
0.17699374861109451
0.488546835420167
0.6741962997220209
0.607750955510744
0.48348202709688637
0.3569203418557331
0.26562931594174194
0.1829166922127695
0.10210962127234673
0.005643329527151914
-0.04622597084537626
-0.03185436540553207
0.012123338544654642
-0.023864336174801944
0.011923003745709839
-0.0985508473916701
-0.38748616829538507
-0.7115379607438197
-0.8404536120638681
-0.7911285139021367
-0.5029846637577423
-0.09113719304717412
0.0724911619009476
0.03487926260610979
-0.002281546278972528
-0.023880001225311906
0.5677834646898126
0.6742596039580298
0.581392486681947
0.2183476550960166
0.43851317957981584
0.2548357323435697
0.1739757594929388
0.10380574574219795
0.07257677713564882
0.004628535972488432
-0.02565352398202884
-0.01304479256264027
-0.06351001042756133
-0.21732434597861727
-0.44878722674116783
-0.6606372286437886
-0.8517589193516882
-0.6577683795386691
-0.2565886705032525
0.06123728457954667
0.02723726022713024
0.011156446736817706
-0.00011796707156468006
0.13202163002509504
0.38015368827524804
0.6124637706232512
0.6219624375856999
0.5093538474103475
0.3665588334536867
0.26173391228969584
0.20489576244558233
0.1425324892974704
0.04861648624199698
0.04231447770573531
0.009718594010065534
-0.002420780660043739
0.01671102461972439
0.008076064199907714
-0.16889881025367898
-0.4549758379824391
-0.6515330557687005
-0.9253214418059192
-0.8278084833923199
-0.45383118614109086
-0.01925600339075056
0.06744050452228496
0.04807714649714866
0.0073685208770275104
0.10982330509577999
0.48009941062339423
0.7267963797431157
0.67546336178367
0.4748932733270423
0.3339682248052957
0.2432078158339659
0.21052500361703166
0.17143392633130702
0.0642731720335016
-0.022482759988080678
-0.008208965051465482
-0.023336032617905376
-0.03619194785086817
-0.10773260760817766
-0.23122435519322534
-0.4637210339658154
-0.7274181304083707
-0.9357228678175449
-0.7306331904110872
-0.2876146138914382
0.04365587008675203
0.04428049545948751
0.025469117817504217
-0.01676131177463212
0.1402843907097186
0.373608739080384
0.5995487789369636
0.5943579881661257
0.514734873730231
0.3624040817417932
0.2486527391688382
0.20921580585111094
0.1640272616248888
0.15482389401539107
0.11557127362511158
0.04669974115604981
-0.028474744322670692
-0.035296194633473256
0.027814829313473607
-0.04309966145542558
-0.26121750708760505
-0.5314759928186081
-0.6852240738483032
-0.8283829293869496
-0.7424602203665879
-0.4018492745444398
-0.042784039151452506
0.05506445181596539
0.03137711229481666
-0.0047653462831291436
0.06642523035769853
0.2884831999930705
0.49444022032509244
0.5134024764616272
0.4439473571405053
0.3993064279996824
0.35288445348582975
0.27337359598885214
0.14392280818673964
-0.07858686202455115
-0.3285377939774569
-0.5561807475345671
-0.8441118022594715
-0.708674198543087
0.2891689220388845
0.5569492452478
-0.20598406874024966
-0.4282226493444974
-0.24143054336285974
-0.16690985409930567
-0.3109377092194705
0.11018712623232112
0.17479092319016296
0.5203962010863993
0.6413051162564777
0.5392083159430424
0.35436832614033464
0.37758510411694035
0.25284627618537037
0.17675485985243936
0.14052162760770323
0.11972400577901483
0.02503427885092158
-0.0030101435324385666
0.021680607908517682
0.02008892665102411
-0.182529110987892
-0.47216546816802274
-0.6906648275253454
-0.7873486064256807
-0.7533634289408653
-0.45546259592431865
-0.10424732092688839
0.02595875954664005
0.015672398817454733
0.03195020058407587
-0.01639866351097282
0.04661017754301985
0.17917473960088726
0.7248056796709014
0.5744342215859366
0.37938267022376226
0.12056493694632124
0.3996080374359516
0.2635379603215222
0.18420977069664857
0.09980662538913163
0.09324826712718312
-0.030250187879836285
-0.2824086438391202
-0.5417542345161248
-0.665833566479104
-0.820450175837882
-0.6013993592970351
-0.21733236579396867
0.05171958313102463
-0.016639702082899555
-0.0016587706526457423
0.031061151843585
0.03012546894114264
0.04791451255048503
0.2124176042111805
0.46893092192518415
0.5535228280093946
0.4792585149164907
0.3631422231221532
0.3550108853501047
0.26499898891275975
0.18323179353927363
0.13210776327615673
0.13653876370053084
0.06902074701837754
0.01647577200780341
-0.14267088027371105
-0.3768212463358608
-0.6441304433870356
-0.772724995871158
-0.8046674298559351
-0.5174800988468754
-0.15051367361305268
0.030606685603772138
-0.015039925021342942
-0.005526703479207823
0.029225292272546582
0.017926272163264596
-0.004357863341798643
0.16401413989002123
0.35108014174502633
0.4947475192538923
0.49778105422260255
0.4958729239892141
0.4086198804440796
0.3018794292336617
0.23906691210186037
0.1764731180032467
0.14220136884005002
0.09605316695982305
-0.11168424377815252
-0.40329756632218977
-0.6284209022295862
-0.7739997252560489
-0.8617680592659223
-0.564452064132444
-0.1381523571682103
0.04092109452915228
-0.00730319396474282
0.021323775563360858
0.0119538209275429
0.00827219637534679
0.11672695749167604
0.3030565535027788
0.6125044819786847
0.5732795109360864
0.42080577315065626
0.2176342124561834
0.30915952785760537
0.2374360577198696
0.18558105568049776
0.16767926103220088
0.13612931035824974
0.05176727127601486
-0.008974746487236451
-0.08134822397219327
-0.2666238977626003
-0.5208119066005439
-0.694967691407126
-0.8840705783784308
-0.6486658191464728
-0.2385711246798742
0.03385582286293548
-0.010231441657413281
0.0023254048014966144
0.03579054295678831
-0.000895897541643712
0.11891200106140143
0.30158848128386695
0.46199955955911937
0.471555102810225
0.4510375714394272
0.3798636553878407
0.3124687428590952
0.24759713163212446
0.19915943918596168
0.1504943581879358
0.14101506100403424
0.07534741533231507
0.05450251352119508
-0.0025454771231278235
-0.016888356692379248
-0.2326502405266311
-0.4531935209122424
-0.6540920330394815
-0.941781441525987
-0.7972168815826477
-0.36830538706015453
0.12290733988312448
0.01938054315405193
-0.0038603400075187966
-0.015473219244244931
0.030035973069574787
0.16134655681537455
0.35117933525526374
0.48573541432937123
0.4524878162846103
0.4017662999087437
0.32539633802635687
0.25494557612564095
0.21278518091432969
0.17566498677930922
0.12462986635049299
0.06852320036577549
-0.07545019186872895
-0.27414323446710326
-0.4817993826408877
-0.5909468007808495
-0.6768174432350986
-0.5891489585635381
-0.30758198675826887
-0.0388468847045775
-0.0005426792144342167
-0.0004711641110170934
0.12660352163661379
0.4010434372463957
0.4204060118360502
0.4049919322280056
0.3359683148639303
0.3572545357624836
0.29366282836477664
0.23507199264569162
0.18860462274614548
0.13161509885923875
0.10067354783031562
0.03993191243219668
0.029545102794485658
0.05407702985904404
0.028481961353920705
0.012839767302335476
-0.16734047334960753
-0.40222590720159335
-0.6335947680719387
-0.7536632435513004
-0.7274531727514117
-0.46995693267748273
-0.07863793606391316
0.06546514504252128
0.033631497210913214
0.011547047981561778
0.16870002132591969
0.38851142738745065
0.48282801138324344
0.4658799742210969
0.3442977948972845
0.2754139395937708
0.20708307142293816
0.18498483487805897
0.12972900859719774
0.13791707022273977
0.11351411236706004
0.08764934309906872
0.04933272046445245
0.058763534061817765
0.02468556362045198
-0.12742292547588677
-0.378134261182161
-0.6114387432163978
-0.8303272487604201
-0.7693244659304749
-0.4278489420484655
-0.05689660339740383
0.0032449285057954
0.005299101405284507
0.0074684034261214526
0.02311065853343041
0.1673579237705605
0.3413472526901876
0.49927378964601005
0.5125370244603112
0.43273692293584093
0.2708167343647138
0.20555054965401615
0.17498081263074744
0.13108158792178823
0.10666656309232317
0.0973969589121374
0.07377500390428747
0.00890943786674995
-0.14664044358482642
-0.35680812281738616
-0.5618443051067704
-0.6978238658533461
-0.7052831364666006
-0.4197761797951475
-0.12131373281096043
0.03866564894992434
-0.012883143788927699
-0.007938588606127464
-0.04321942643451526
0.09485726580255606
0.27593624146120493
0.45387538607218525
0.4648012853512083
0.4083499513951319
0.28571767023312145
0.21453734976156003
0.19469834922479798
0.15818416250168893
0.13021310786118317
0.106017641229283
0.09625486778858919
0.03504807154358937
0.011933982599577283
-0.07913724680557503
-0.2760584878778769
-0.49903871857115445
-0.6933993123117931
-0.7620894090628567
-0.4917281383378629
-0.12352128913852084
0.020613130710245245
-0.04434266207349263
-0.02215821819255976
-0.00982660281932972
0.10326626277557896
0.300922067239832
0.4603771960659008
0.4684783612814953
0.420494576831729
0.3310765186228847
0.2355971429566003
0.17739152492152951
0.13446193727002514
0.10094223539845765
0.08732560929019884
0.08269610971344639
0.06573513988644063
0.06703756274927618
0.04183150468118085
-0.08419867955737348
-0.3428211980306469
-0.5938431658386328
-0.9605627376151619
-0.820307502682633
-0.34191405889402515
0.06233299003815598
0.011617759022250635
-0.01340930772446493
0.043851908109565726
0.024840059739718603
0.0034186923111920306
0.09379014211590324
0.2651985894836299
0.480327874248136
0.5284614847926756
0.4518844082145919
0.3121308007613703
0.25202913822299194
0.2285091049316111
0.1738109216527687
0.15117409586346167
0.08287191005005018
-0.07703742553224485
-0.334733289957433
-0.5510264224766769
-0.8090415861804604
-0.7594147628558897
-0.42205896368864204
-0.0281021788947071
0.03177731383354681
-0.01264562718851393
-0.0167509978095598
-0.0024268879216445996
0.011271683525433835
0.10123431118505577
0.3657871911428142
0.5718902737229388
0.5823720671878232
0.40948219702903116
0.2971814273188864
0.20116890562910145
0.16712552315443063
0.11751873942581365
0.13052201576581568
0.14810048492838218
0.10619146488634577
0.051105351481476546
-0.009568665592964772
-0.014846091978542853
-0.202908447976183
-0.4236965510882176
-0.7052200746191924
-0.873960181302089
-0.727924666876805
-0.31643166295043657
0.019914613700567452
0.024670653029689037
-0.004816559053356515
-0.004714510799275578
0.02343307271704352
0.13669374655727975
0.30941916529959657
0.4652794923309507
0.46616098592521493
0.39695827354539354
0.28630985268886716
0.2153401490694951
0.16026564092467252
0.13514348902145662
0.10748544850738935
0.07553683234329017
0.035808505090546276
-0.039394835489246376
-0.18807357445629627
-0.35386946931328256
-0.5822388202775116
-0.8540263681929445
-0.6703296410184019
-0.21421222505041856
0.06843215079108705
-0.0526032321523642
-0.02132263188030065
0.03571150693127508
0.05722300797456957
-0.015563924855882918
0.1444225423691286
0.3940462677898352
0.5342678738281252
0.437586393753742
0.3512436104440941
0.3030081640348056
0.23962864866873232
0.1901030483232732
0.1613610699612769
0.13433669825899014
0.09583817639271758
0.0550023633565496
-0.053437458317585285
-0.27884452133157406
-0.5130878259143243
-0.6997741780906326
-0.8591360267013598
-0.595734208338608
-0.17265578125708086
0.09363789912145914
0.010154446189623167
0.01592681382316811
0.0046125432651489195
-0.0019122130139810943
0.03439216313112915
0.14256526318665594
0.5161668355226753
0.5323387898812239
0.39888959092961307
0.1878707020756684
0.3144315543956887
0.25463997292137086
0.2023622479305763
0.12332875788130945
0.0950990808381612
0.08348512795483783
0.03138612562071892
-0.1048229293713107
-0.3185704073303754
-0.5200783526026382
-0.6897662910142129
-0.7580544353066806
-0.509412777666207
-0.1088548640037783
0.07720414819270933
0.017085417209903347
-0.022419425038366355
6.972996924571438e-05
-0.01993108564479065
0.20148072617648635
0.4074824222456528
0.5629855789648291
0.41290441806905076
0.32086234907997846
0.22846704517130353
0.24696880111078337
0.20905416240195077
0.12570369919424576
0.11999192972922483
0.05917753640477383
0.06719127879378439
-0.021097759784289356
-0.07448400972585863
-0.2747577045551703
-0.4648109940916095
-0.6272285383003661
-0.779063644342983
-0.5907911010227433
-0.2555922526488499
0.039390320139516245
0.023482483596565695
0.032088000462513595
-0.004725793205203008
-0.008412272957006025
0.1505604500192314
0.33030874688589207
0.4562093373785771
0.4413712007896341
0.4091847302133571
0.2857904017642983
0.24913181135660303
0.21370029948883437
0.16545561886965368
0.1288033846683827
0.10969862435017232
0.0932018087236657
-0.030847676899387486
-0.24389612669455454
-0.48956640251769606
-0.7097247402155659
-0.8206521143650616
-0.5582859998350405
-0.12865861987619454
0.04686174195984964
-0.03957562190858078
-0.06662900506860889
0.04119087893571755
0.03761281635545002
-0.013099647219357476
0.06977333077841186
0.33040084595499697
0.48665718646284006
0.45000275812316975
0.40211229858027653
0.3125366712327766
0.2526965325554543
0.19588960211718548
0.1826291977689302
0.13107732872547753
0.12244371194672364
0.10589194247213837
-0.00037286166484766563
-0.05449014503632895
0.00629665341808753
0.021679100484273146
-0.2349845501062632
-0.5297826174614301
-0.745352997091624
-0.473840522983433
0.1951589216132996
-0.02210354376260379
-0.46982981012828023
-0.5635583785098481
-0.05879136974832616
-0.07271453032037592
0.02343615432561694
0.17389255684495566
0.32210195867375324
0.6124588221535858
0.5077317056981107
0.32316822605341083
0.1625567513920044
0.29586567965668886
0.20834750152311943
0.1363057918963593
0.09439931792702032
0.060516304972158576
-0.07510203591636695
-0.2719719553211257
-0.45277387874919445
-0.5582945428086695
-0.8990139259134996
0.07622017651098076
-0.08991315332735177
0.42780973905426145
-0.37775236677257074
-0.11668780308086579
-0.6570566270593254
0.028716448157455787
0.16208017060661592
0.2505497238871256
0.4033558095323054
0.41553923961586975
0.38025624573298134
0.29595867537241544
0.29714029861605423
0.2095033633179624
0.1869150012374846
0.09509698746442596
0.09718466584996537
0.012335379152295833
0.05338884130733831
0.02709363926703153
-0.10051109374259028
-0.4004548747510171
-0.5677633737917372
-0.7167228719879319
-0.6757933986641969
-0.4042925168535775
0.07117884312020957
0.06625663091031703
-0.07046109221766729
-0.13458261592135556
0.08546055557030544
0.13530186836316244
0.2686834394518561
0.43956063479954827
0.46067653953616905
0.35575142791648134
0.25153181161638105
0.2798129112572214
0.23977094257412362
0.18214041553397897
0.1341980153001381
0.12813027254541012
0.07966806108033007
0.04823894478392364
0.025683276761039254
0.03090265819466515
-0.04567375753609024
-0.21574734780313737
-0.4744272294844048
-0.6908206445814291
-0.8277258914381391
-0.6303862992578187
-0.24729704202961236
0.03842165180221976
-0.01386499357608338
-0.01807116449875009
0.005115102904479116
0.033987344248444504
0.0782050840381882
0.20505766444779985
0.5726854078415377
0.5407231286431202
0.4041771122484522
0.19017626110764174
0.27633356086489713
0.2002477129887776
0.18471042202270901
0.13085675462431517
0.10971425895371571
0.07790707783534276
0.04410595123715709
0.014250426052489317
0.010772909817512756
-0.1472108510655279
-0.3874478966334087
-0.6091958430146959
-0.7494512491849544
-0.683320016760581
-0.4261859925702891
-0.10329908833777854
0.005484185014297179
0.0436221441134239
0.012240282784199865
0.029919235825245544
0.05927734562568098
0.2124924827306878
0.43048196482422013
0.5243557643659248
0.4543640450423929
0.3008601113403357
0.2814842676442377
0.2422858959332455
0.18419869428002805
0.12076532688061012
0.07761610281297432
0.10731311799709722
0.08647196773599472
0.08021053093987496
0.006588630842293081
0.013540008530144369
-0.07184581571023099
-0.2569103414248944
-0.43412010271581725
-0.5576340482531481
-0.6334979644601397
-0.6925588822409686
-0.45037227523912304
-0.1371055810084149
0.04590706563055745
-0.009956637077449992
0.014937590362878589
0.16486900267403187
0.29573429612582725
0.32816504778926947
0.35156446567251387
0.38655198246957334
0.3576563793607256
0.2610066978123656
0.23622025462751567
0.20349487517660061
0.13919234823956317
0.07507424588233663
0.0456512268623097
-0.06004041811858565
-0.262011197791385
-0.45046402995069557
-0.5615284651005871
-0.6628937054688684
-0.5837652122272546
-0.2103074006637068
0.014730851500105106
-0.02197590961751813
-0.07886532338177543
0.048471909836920506
0.12338438068003146
0.18906584181941724
0.27389573668355943
0.378180519166977
0.4425455231533228
0.4288415950472442
0.3409987213522344
0.28371700023470126
0.20592605218565635
0.12445478507658361
0.09565231373848687
0.12126883717080561
0.08782733540211257
0.0187822917793539
-0.022968488175329024
-0.09617435105443367
-0.25335570799251395
-0.43098679113714705
-0.5801543483460145
-0.6640104103692691
-0.6327431138969106
-0.36295537037611475
-0.09781687482119489
0.02926036835946163
0.006020163792418702
0.028554789607377028
0.04735334066900716
0.11427499195117415
0.21378534703422505
0.4482360461936741
0.4693908284098729
0.35453531091673063
0.21122210853136994
0.2566786115868543
0.2482522559225615
0.17438515271826407
0.12581471654379497
0.039419423101473776
-0.02709096514469965
0.0019544865989189813
0.10955361232864629
0.1269886352015714
0.019497580305631847
-0.1670201511785841
-0.3889434066849613
-0.5420962581998072
-0.7119216606491163
-0.7151214388387658
-0.44971945917017
-0.06992475055330279
0.0284846111625435
0.011080315182985773
0.009279293689317753
0.048282088822350765
0.12004899311264933
0.28130881708177763
0.4435914889438548
0.48051535200532086
0.4151822937279925
0.28720980821597314
0.2293173526085001
0.18471326081768336
0.17681663294104108
0.05094003251289948
0.04656478654196837
0.06999884310294557
0.07004439658940531
0.015220699504570842
-0.03196542607019911
0.036318219467315345
-0.06777466133691849
-0.22895875143896477
-0.5213678686673117
-0.6268619754999137
-0.7699201357364586
-0.566977543691655
-0.22502326452141377
0.03997696226651777
-0.01600357199676711
-0.02426195037492599
0.057175782894784685
0.15596805998831534
0.27832099446799985
0.4173545732009723
0.43781894510279645
0.3676114989245045
0.2732997770804009
0.26602556063832444
0.23068807520662094
0.1747782106960165
0.12055707910619548
0.0006875620522568044
0.07227717761230022
0.057409340400698776
0.07246344071514674
-0.05845821951903141
-0.042339571761995556
-0.14586146709785014
-0.3102954865257635
-0.5486704558348163
-0.693456391159777
-0.6713803781151468
-0.3694823830373303
-0.0870449348475703
0.030443349823252117
-0.029211166978812226
0.06268946447820868
0.1245641222821829
0.29507885101599735
0.40065467999048576
0.4532462263637126
0.3362356989367766
0.29099894354958555
0.2920785241553449
0.25491833507979045
0.19355362860442993
0.033604729999236936
0.0687507527078466
0.0032593684694186783
0.09728096480076014
0.05391701421330567
0.03285781377858877
-0.19608923414069931
-0.3530645504216103
-0.5031691368828863
-0.6332250925191477
-0.7393591459494341
-0.5522548102971815
-0.14749532192512207
0.05895151602282205
0.03793062301747603
-0.020896546883236573
0.08510666755655269
0.10325764152523415
0.2787764872678908
0.4510878204371729
0.4337165681965038
0.34802781609533484
0.23675444386965655
0.2402144434829569
0.17204568879256144
0.19150821614588273
0.14033530685502557
0.09600868412895767
0.06775260906571696
0.021417186821654215
-0.034246655081828524
-0.02493816585280067
-0.09281476084108133
-0.27186038859369366
-0.5410411169617559
-0.7782040003771559
-0.7059733785226385
-0.35060599809390547
0.012304892094207731
0.03372103051249626
-0.00853572218048814
-0.03229547881037753
-0.01658311999726386
0.10726928798498529
0.1887276268587762
0.8807080230109239
0.5737690058629333
0.21294944650556485
-0.1825867510112894
0.29038826667926315
0.20195265103879312
0.18333932214437706
0.13268426816527595
0.08902229108355862
0.06890771896794905
0.06560783200317863
0.03344159480779101
0.04956386053164336
-0.09573723572504443
-0.3233365408612733
-0.6072900141608363
-0.8400686801952383
-0.7076644396141648
-0.3101466244521667
-0.012558865072426628
-0.01146705106347455
-0.012938499734482157
0.02832678883856111
-0.011402010364490036
0.016290714635517806
0.16356819942288317
0.24721960718287528
0.8983332952400316
0.6720808002526061
0.29092791138406554
-0.1642583272155171
0.27558611150510487
0.20027356155490575
0.1453049031414302
0.13365048563627738
0.10802668269303166
-0.036646549038235623
-0.24121042480842073
-0.42806155506983723
-0.5718784750375373
-0.6913392656902536
-0.6133588563742176
-0.3613983188980831
-0.08685026096020808
0.004494726329869901
0.051855299293025854
0.06161535240993921
0.04751842379104492
0.04630077744931592
0.09707313499800647
0.8581476917636905
0.6458440258386184
0.2577430396297667
-0.17526801234593697
0.30552835270087997
0.21743383721167583
0.16488683953094507
0.11058574252530068
0.07306069484882734
0.04086861497722117
-0.06271166435406061
-0.03430057538810228
0.03229484494879597
-0.1064926503820554
-0.3986775145487267
-0.6126793047760964
-0.6904207532452833
-0.5804908369737249
-0.26589966655971875
-0.043765120303799275
0.016604740728537452
-0.00645751742432723
0.0015429476487294222
-0.01255065625209578
0.1331029655118396
0.22059088508969535
0.31931365203019424
0.33919837357138805
0.3938556482968452
0.3873640568076001
0.25879109185070975
0.15545745159242963
0.10703292464887908
0.16440097884647126
0.11466645317407333
0.08218508623612719
0.04628736173973967
0.02958497972771768
-0.12185157390594943
-0.2969107642110961
-0.5418368259480271
-0.6856852244737169
-0.6820816950081554
-0.3911207963998513
-0.11148146148556078
0.008210048197588833
0.027135334069385047
0.02867954172868719
0.032441862304660236
-0.0018456735986707774
0.08451636949075352
0.18128072311023533
0.3096821630899172
0.35563088364379275
0.38234100734526233
0.34381220703631027
0.26940693175948754
0.21386686195011972
0.17230898816502874
0.1516660324596362
0.12004485056031523
0.044193678689399434
0.07799108291510456
0.014390693720928207
0.009818163228869605
-0.11955533966927526
-0.24745673637624246
-0.48693206712858433
-0.6361709764527121
-0.6778840986334937
-0.44423223167887993
-0.14112151710590679
0.02938323076254668
0.003926953353480603
-0.0004465257339516507
-0.0065411997679875765
0.045384623475605464
0.14474980950974278
0.28048007871686415
0.41443704205862286
0.40456334150111034
0.352933428746089
0.27043704128142665
0.24027302623702296
0.19033250035056923
0.1787363464092126
0.14538755854075536
0.10399066275105623
0.08301354963733554
0.026993534154175425
0.01789834455300566
0.02753840156520311
-0.062341542375119414
-0.26026984879253784
-0.45834788008579025
-0.5914011301194837
-0.7299288152910814
-0.5838466031990903
-0.27032724607431086
-0.021680303809513114
0.007166826406755597
-0.010761767120329235
-0.004613719686540644
0.019465024941785185
0.13455568588207095
0.24966618277268926
0.3956479832819659
0.436862011883822
0.40543559064778983
0.32236712498294645
0.25999554597372093
0.20371135132068469
0.1601170125482767
0.09617653868199869
0.05088085766803109
0.02178791276602215
-0.07210744450735045
-0.2791811284771315
-0.4657092065300024
-0.5640220893143102
-0.6332340842385286
-0.49845242694160136
-0.20128279000769586
-0.002496889176542827
-0.00755843291155562
-0.0060830466338371745
0.03734989816476333
0.0684707469830386
0.16938852735057774
0.37649543586094186
0.4682314029972087
0.45827302308176304
0.32758426840974925
0.2547373321939923
0.20434161283988175
0.18327720280613527
0.12115335862499911
0.035074189897976296
0.008559157870668988
-0.039376412752426725
-0.12868843272154845
-0.3079609775531025
-0.3976408263328837
-0.5197828087351553
-0.6362761038112752
-0.5215751847788096
-0.19585722073407774
0.04064406873817725
0.05113063299061717
0.012590176927134294
0.0012399223410319022
0.019612121421893128
0.09009574284329265
0.18410528067607887
0.4606417739117047
0.4402368045569877
0.3598388112509166
0.20916482866911185
0.276392510082009
0.20947465411356536
0.18798754529009654
0.13466075190671972
0.11305236367870347
0.0822656867101224
0.006108990234962073
-0.013413175677958175
-0.021292885310354653
-0.16954045265594211
-0.4231676188723289
-0.5967768365075363
-0.7454096831376166
-0.6021345363042079
-0.2729306733214279
0.04001460836718744
0.020585670486866617
-0.005828425736216223
0.008368270878802089
0.01767623276820349
0.011066966563991422
0.126506291813442
0.36266500394532775
0.4276242511831934
0.37817808571303524
0.29015817491721463
0.27720946419503645
0.21702791425268497
0.19477805213689856
0.1003098504968001
-0.11200852828380461
-0.2637645936301154
-0.37773932780450054
-0.4184657090407955
-0.5519414323619432
-0.349345876682156
-0.15267519939150548
-0.005274046023314085
-0.07541359940059408
-0.0157124596731613
0.06078601529810218
0.2202958881506774
0.3027254933184609
0.2630085148505506
0.2374442106733719
0.29309327229920856
0.28921890134751527
0.21053570704146068
0.17119249040021772
0.13634686910840493
0.09509324058772883
0.036954821417062585
0.028047848124562177
0.005587812696922447
-0.0048546417228703
-0.012297277377258858
-0.031805325288733165
0.0013481566517691865
-0.13943688237651453
-0.3565743109106758
-0.5577698824398761
-0.6706656495872982
-0.48491342806578597
-0.19737239827156078
0.06428932802580169
0.0008299347497344332
-0.012413200083622374
-0.01830660743269776
0.0008463622904659584
0.05515841205661752
0.18025996289705096
0.3595396715357499
0.40965832233106675
0.3658631970386526
0.30929388378731454
0.256772804246001
0.2211499969939665
0.20026020118912863
0.14670794404832352
0.08210341409787013
0.0010513904711448615
-0.017561830038576004
-0.03922389048322734
-0.026799880951184078
-0.17542977678704744
-0.34540846215607257
-0.5519450513883731
-0.6054894572835388
-0.5555667746118607
-0.24314074812614067
-0.08819201827705941
0.04918291385701788
-0.0027472947077907157
0.05085135658591857
0.10902347705583443
0.24788534551096778
0.3500308371010828
0.38905371923296483
0.37927256648506424
0.31156963031586515
0.28587121517775604
0.21466283262608518
0.15095700214590693
0.04294947244006706
0.003329209054122814
0.006612372299864624
0.037655569382423246
0.009915658964285664
0.013890432594118141
0.09738774477320628
0.0166669834404156
-0.13078484799410678
-0.3001627633701018
-0.42092638182044956
-0.5163998370842032
-0.5735772805999946
-0.47261313314587605
-0.27717314516227803
-0.048901245852092934
0.0034999523922104488
0.008654475072471033
0.0591641165588149
0.17371153237632414
0.2644380996817127
0.32369085516055524
0.38247838341075396
0.32101043920146616
0.25068396909175983
0.2102044613020493
0.21145232769448258
0.13298942559190505
0.07840475858149204
0.00039257195680710244
0.004627922369159078
-0.004165338089935697
-0.12394208718042216
-0.3299590647774765
-0.5381970187358385
-0.6269179461785925
-0.5220990289201439
-0.21918467442318046
0.011343966522632849
0.008646210133898458
-0.03237126727376885
-0.0487732937780432
0.07308935679314436
0.18510413109990945
0.35009908471590945
0.4271116546476436
0.3943303144036151
0.30743270281898
0.2711796979595637
0.2561853337458516
0.2175991162579381
0.16010893474122448
0.09832988548782368
0.07461875665402361
-0.05339589576601716
0.0006347523113052476
-0.06961043591370003
-0.07495819167675234
-0.3011756745061899
-0.3799584570676882
-0.5482132445759671
-0.5129559151793776
-0.43007952454132903
-0.29149265170074423
-0.1559407143001281
0.0036263626667385907
0.10754907322252383
0.1452643656270811
0.17564182323313315
0.30510853544164634
0.40850252560577166
0.3785944643737444
0.2890336357674532
0.24921040886701612
0.22876680362277874
0.17293423795881518
0.10940150495457442
-0.0001894815190266406
-0.04089116354658831
-0.020574844348382693
0.03694527524684542
-0.08467068488613251
-0.3250532284195631
-0.6067217836803509
-0.738957586826937
-0.5385569253588134
-0.17222622562325426
0.03305258731131905
-0.01301663415881758
-0.05280887865563562
-0.036358007615269514
-0.03508807477971742
0.04428073751781859
0.21800350785779643
0.3364007619549428
0.38940039747390964
0.40628404881134705
0.36990479161010403
0.2492388151775291
0.1807827704329418
0.20413191182789067
0.1616539939850179
0.13779324682692495
0.023196574885088153
0.09788735063881972
0.1361385459936097
0.053664928424780885
-0.1310765783889467
-0.2606188995257982
-0.38513875731533004
-0.5568703716998384
-0.6037309535698988
-0.5536304803572525
-0.3551576847555981
-0.07687861855498328
0.01586045230750311
0.022788795305029464
-0.05111850965823035
0.006201511712455268
0.10258924624171945
0.2629362061880442
0.4083654101990199
0.45849558716918154
0.4261576116893429
0.29563564394547587
0.22484479609860167
0.16142064133199116
0.13081368423854847
0.07714299888469599
-0.01465534864712519
-0.18499087408922635
-0.3245627968969271
-0.41494328371743355
-0.4078035505992574
-0.381646948765044
