0.3641578130862479
0.38373894334155945
0.28061150741568897
0.1294621276312406
0.07180543809307419
0.051441199206496854
0.06117896450026787
0.055934059936073165
0.01602664562904968
0.003191203648013139
-0.011050841992774967
-0.09195323095864677
-0.17631104784027976
-0.26765641286043806
-0.4340612154789481
-0.6547704336098001
-1.0
-0.8267376372861794
-0.40914077794759796
0.018627345031452705
-0.013140685407704654
0.0032668197893545967
0.007916434129666142
0.10915667899754988
0.3336201147972238
0.5347308705542759
0.6026818390340334
0.5242751265823116
0.3963134559728867
0.23709850814340272
0.09456029730405549
-0.0014657582123704463
-0.09542769661005572
-0.239480925669061
-0.36591057772173713
-0.47609322756019085
-0.5206081295771003
-0.4837295856566528
-0.17190709115027117
0.09091804000904256
0.21437482741309494
0.23673507013419495
0.3371168446396981
0.3986763919282784
0.3031522590360066
0.15345216887158897
0.03128512933008869
-0.044171365310437645
-0.16400668514174077
-0.2861185637458404
-0.3993374401745269
-0.5521595919209873
-0.4496467548450477
-0.16240769893949966
0.06066222383080881
0.09383906417895257
0.21729293257758378
0.37236716665515157
0.43963569488820736
0.36649338990279284
0.2516896025313926
0.14944446555210905
0.09467148044118003
0.02187512918737309
-0.054078765593594036
-0.166135827444008
-0.29205953626417397
-0.3646335500342252
-0.4913737293417066
-0.47251409335634226
-0.2601495772440307
0.050598564886719835
0.1835952671979834
0.2911906991606916
0.37627909880531263
0.4084083183498338
0.3400318957684324
0.2154612228634195
0.08191563609418602
-0.0007592374693052585
-0.14142997545731936
-0.3214091682057607
-0.5865493233122392
-0.5592546292531767
-0.3050589727041465
-0.0014151836082463229
0.04320881600103243
0.024624656043112272
0.06904540763908715
0.2575791433349344
0.520608153269799
0.5491630357422073
0.33651767152034734
0.12974232322277807
0.06090247395982005
0.03743355344885444
0.010652026151339805
-0.04064586685043265
-0.18182840384106827
-0.3881291647611032
-0.6591611872608464
-0.5800745232117228
-0.24815413006130257
0.04393117179754008
0.030002297667831447
0.011361962644560521
0.09340727314650216
0.2817010091658903
0.524069199400084
0.5620759472698422
0.38199073964643954
0.18666681567037105
0.11297100342745342
0.0816730209835692
0.02451357255089455
-0.09623505291672728
-0.2752726577898388
-0.4509025420108537
-0.6038949516850786
-0.5567481719788971
-0.29216888076847897
-0.013875466327479023
0.05577124720778666
0.10545977251555855
0.30259164851369863
0.5369645570146494
0.5730053602691072
0.398934664542566
0.19134128975837528
0.11517256516536062
0.09257787692044886
0.06663930544602603
0.02592975650216608
0.006319899640150661
-0.02095975052264425
-0.11118565369132678
-0.3082219732268684
-0.5824393822392265
-0.8523137332003752
-0.5788575470150163
-0.13884644347254588
0.1285451203629568
0.012077186556267515
0.03139502392967104
0.04602225060536621
0.21928523722005835
0.4331696483143476
0.5523338345266877
0.4640688857288406
0.29836922417091455
0.1400126337750346
0.059759285811758454
0.05794674409501119
0.012614796042200201
-0.03715811012848356
-0.1371072190250866
-0.2754276708333388
-0.43519091206738464
-0.712980793589697
-0.5861214615548773
-0.2448136400900449
0.08475385450188955
0.03385665135028892
0.15256895665820808
0.32602841583874337
0.48995544621218784
0.5581535685425836
0.4636722066949484
0.24472953652587487
0.06524629470553861
-0.014983137443806601
-0.12318474293532465
-0.3112859114016815
-0.46363560280578825
-0.6481133657327133
-0.5327426385028879
-0.2325167057771026
0.06374393663864286
0.08953343718867564
0.19913095172524836
0.34410520341535883
0.4239573729200139
0.35819043701201375
0.21465935042133555
0.013680969530640524
-0.1316050990951839
-0.2270523312465851
-0.2507659143701274
-0.276252688950858
-0.21056756297101453
-0.08192422938520298
0.1415385673118799
0.29113289809423804
0.3911000604814127
0.3556374512775213
0.24426852045970282
0.08859893874148182
-0.003453180097133203
-0.06188134117999308
-0.06882106964092617
-0.06580265596731795
-0.0888500214336259
-0.10306936488522324
-0.0479924460510945
0.035336262605381585
0.03556277454003273
-0.04421931302058156
-0.23314816593427187
-0.4943058224122511
-0.5448141772149099
-0.30684479681266824
-0.01911877567145399
0.0414220451971778
0.018590449445752884
0.014070220762587944
0.011677644406621682
-0.007193779599118987
0.10632018591633004
0.39249564624440264
0.5817817120197234
0.5302842016519366
0.30081500815050255
0.15321874206853467
0.04892013175758829
-0.044778848199213704
-0.24249318607316594
-0.4233802910504288
-0.6508285532223343
-0.5490236475424481
-0.24759774953739466
0.040549285324985626
0.004003920050006078
0.01074091408428327
0.0086058012937444
0.08214049990383551
0.29638636854430944
0.55404366008911
0.5832540386777727
0.39604717093892905
0.1877306446267551
0.06947581970648077
0.012988351574541633
-0.045834034013789826
-0.2040571351027007
-0.3973110316386625
-0.5372219750985814
-0.5895820453617739
-0.39689827322724597
-0.12676674587173195
0.064417389803805
0.02485448932538358
0.12318795293459764
0.3343977325163595
0.5390013790202408
0.5464155640718719
0.37403014975797316
0.17823475301855404
0.05203507461718334
0.005127528312998141
-0.11676605495424494
-0.32021244868947657
-0.508919964485812
-0.7007617693911871
-0.501408814028259
-0.17336658554471288
0.09059101431781724
0.024481589429570485
0.07564381951161539
0.25776893563808123
0.4857000404708058
0.5793227039821807
0.4434870611415592
0.24001332660832753
0.07870249673194156
-0.015281208224084228
-0.138177944963577
-0.2888689772752456
-0.41920679444298464
-0.4865029462549574
-0.5049415259663046
-0.3014316409516327
-0.04325414297216645
0.11437935209366665
0.19498382314260754
0.3752972548476614
0.5158066870565062
0.4923025522011812
0.28273638386455013
0.08321547839950272
-0.04546882293333312
-0.12119630775756948
-0.29445588978113496
-0.3939267788548582
-0.47728494591714915
-0.43063875332598184
-0.23883557587111273
-0.020001160338127183
0.11185848954212184
0.23713684798305795
0.4063080639497304
0.46470240921621114
0.389237915282194
0.2039576742918228
0.052630465992324696
-0.03846215275396199
-0.1404454475292082
-0.3093357053002755
-0.45978078772713094
-0.5444753970548509
-0.36571928198574377
-0.10472157533677398
0.068439560981648
0.07665356227196975
0.2282097775706536
0.42109711814542916
0.5345016423066661
0.4808482616752226
0.31744403927130616
0.15770375110485646
0.07742026427721896
0.04891294878683889
-0.026657241983311316
-0.16003545790707183
-0.31014580925347135
-0.43151167007931507
-0.5935905407068427
-0.605193607153712
-0.342465032818804
-0.03646961640154221
0.06307415871366157
0.06168475386758686
0.20134395105925135
0.35333018268745164
0.472442420459129
0.45715937787253463
0.33101169748969667
0.16333178577187593
0.011689094706900308
-0.11189981627473428
-0.30149051429996976
-0.41035462559160585
-0.531490816276761
-0.4201876168617626
-0.2116596462055549
0.016767185989770502
0.08460395424293013
0.20220051379573586
0.3580397193023089
0.45878069274814637
0.4275613782037896
0.26609600199720035
0.07887283061179438
-0.010576656708027233
-0.12748071333401392
-0.30289258223060406
-0.51176514005109
-0.5232354270125963
-0.3116043265114934
-0.06254543387130586
0.023895013991849085
0.05333716851904076
0.21523810571989732
0.4201944236229478
0.496458518570612
0.4090911033373981
0.2434044591444273
0.09342881842838997
0.054127625810338864
0.02362975240274806
-0.016226437754826017
-0.11754112070569563
-0.27130088301849903
-0.40957557123526483
-0.5060765710117969
-0.4501908702437596
-0.24867228366235908
0.007051427458060131
0.1567733430437357
0.23211249249695182
0.35477721277826973
0.41958715875242
0.39038933367975687
0.2368216393713471
0.0839592449668059
-0.05807888571005727
-0.24754196567742975
-0.4099954655283493
-0.5899076806500528
-0.45463714203029043
-0.1982186187781745
0.05513426171679451
-0.0017873958697805013
0.006164433231341731
0.12722863722304753
0.3378005190564553
0.48846107428155233
0.4839371244584344
0.32661346937177016
0.13514215738444385
0.04137739266307713
-0.037072749416855885
-0.18761490924424318
-0.35350773911699324
-0.3860308065790177
-0.3893969320095889
-0.2874033385484047
-0.09490376860327113
0.1412749258933419
0.26599778911254507
0.38234086352052465
0.4113232885353735
0.33369641131791605
0.16087884730948965
0.047515776779608436
-0.04748581175571038
-0.19445870055848094
-0.36818805392318393
-0.5472107003841663
-0.5139152815672469
-0.27583620706338474
-0.0163521614304538
0.03505093741612792
0.01606282673189821
0.019576321341522478
0.15759170902619443
0.37920007327704003
0.5337428591893769
0.42704870971261455
0.23263406975921327
0.08930411332740676
0.031535090464153474
-0.038203267886116034
-0.16779043368963456
-0.3196383290439795
-0.40175737941668477
-0.47570246950059153
-0.35913042439275134
-0.14223195006256223
0.0667104156799026
0.056905404626014545
0.12904652308343592
0.25211322674805586
0.37541547793256097
0.3493480452165734
0.2446243502417989
0.07636589202930981
-0.04882489501650281
-0.1703551438044941
-0.30656684438162607
-0.4856449345691445
-0.3923462289255692
-0.16399255406168733
0.03144400016855946
0.024729103632411466
0.06908460419842848
0.19564552690072967
0.3292972114177652
0.42055289685860575
0.3492400476203144
0.201699976923671
0.058010100033174875
-0.006618659890525775
-0.08975907016623495
-0.20953027107066513
-0.34155477140997603
-0.4714384987608902
-0.38543687617073175
-0.17314628586687422
0.032474863980719824
0.07517193720549684
0.21200834751009315
0.35349516643499396
0.4619482352779753
0.4541936305662656
0.2946197379355011
0.11604806080416097
0.017831302529172244
0.046551172240704916
-0.07104395376829419
-0.25625749624553273
-0.42374019198753876
-0.4672578453128477
-0.46360754235829904
-0.30170927333923075
-0.07047347620827038
0.09710441438399876
0.18147690100146108
0.2921016447914853
0.41173513653867355
0.4338740278575958
0.345695591951856
0.1663053936034466
0.05541219417250025
0.018853826094299597
-0.016324690748169446
-0.1770715576136039
-0.36599308568696903
-0.49739571804276955
-0.5148504931032882
-0.34065149978936554
-0.10858182446859621
0.055748164700757004
0.08355185473215955
0.21793590473638033
0.3618136966036929
0.455428405533987
0.4152725803949959
0.2699904204987816
0.10447616569955163
0.015971669662199404
-0.05504887957310546
-0.2477662143743533
-0.41036068548337656
-0.557952532327636
-0.4432618193952427
-0.24140546589434042
-0.015779844970571843
0.01505536900488801
0.07052023588233505
0.2397673628002705
0.40075823839186897
0.479161343950976
0.39677324463052893
0.23361776579923066
0.04919724897298111
-0.19297432779107532
-0.37730085982904665
-0.6467301709513189
-0.5006745804444739
-0.22198666625213598
0.053311620060482956
0.021281791662271645
0.019359780582682146
0.04270052381790961
0.2389406751623709
0.46512795218070646
0.5271644983103344
0.37865704698024816
0.19661169935519882
0.07961534344697226
-0.0051874875735291965
-0.1425732085586948
-0.32037564386656786
-0.39075022200138193
-0.3890579867508987
-0.34372050532721593
-0.19988182709419422
-0.00988729606202688
0.11594725553105939
0.1950803946523138
0.26201934189482085
0.26718306389155116
0.22446486481259065
0.13693314590675273
-0.043673682731815926
-0.24315908789717422
-0.4922383312009601
-0.4247043705955234
-0.20936415653639243
0.01822682459072264
-0.007496869429227995
0.002178684797141587
0.007358259668750172
0.015120297390032655
0.16209293641165842
0.3900814093310371
0.5484547401098743
0.4546918382710126
0.26370295387775067
0.07599125409170476
-0.07258192722286817
-0.2713566459081872
-0.40147405919403434
-0.48923567605028107
-0.3769957271820234
-0.17976150114826256
0.01057668780689977
0.046174172606355125
0.15351015768952495
0.2988080889753067
0.41092367533264357
0.3905006812015978
0.2743079264019202
0.11306779656925865
-0.029438407244989313
-0.17740892417639906
-0.32613675275392917
-0.4711564585025303
-0.47900237851598004
-0.28767540183521395
-0.03856569086812276
0.05979308372012048
0.03243943132962472
0.1096908361041559
0.2818092228928305
0.42259703311904145
0.4230307461091079
0.3150777256302283
0.17858406448263778
0.06720296665356029
0.006491585576540947
-0.10720166314703752
-0.2939239954300824
-0.4186931301755132
-0.4787290550363018
-0.37778168902024734
-0.18938436793163402
0.011743028519865256
0.07277986957640693
0.17194922496441856
0.2836651167899325
0.34901540190382596
0.35045111056028244
0.3434931460775069
0.23785679522494246
0.05760359093377097
-0.21290814548160025
-0.3936953378963954
-0.5708832016292155
-0.48598322799773164
-0.2608855896974635
0.003678293505447641
0.03365777398931429
0.014301037764177156
0.02784290330921032
0.19821082326455017
0.36697502392385306
0.4514124032527026
0.36760643653069297
0.2598755718970103
0.135788027170921
0.02561046460817339
-0.12439940707292099
-0.32280505527389775
-0.4389178563664336
-0.5143397750284369
-0.3619231004313659
-0.13790225593506297
0.0566629153223723
0.0355037187413169
0.02858336625446098
0.13658658521256048
0.32357989570715523
0.4476132083124771
0.4012408652695862
0.2578871309736646
0.05830477592109813
-0.20632681343003267
-0.36469178361657284
-0.5562518157829847
-0.42893094803885756
-0.2026317964361197
0.05494637268183611
0.020595908697614365
0.03882373930252038
0.15357609079062196
0.3534476684239726
0.45965459837928857
0.4281884352328613
0.28129163843464583
0.14063408909783048
0.022723014992628403
-0.06815073425481463
-0.2667268376771695
-0.3998674925278213
-0.551523936321951
-0.4144578138039933
-0.20052510402742016
0.05773939051193929
0.02999320173002841
0.09126182504420914
0.22999154254362866
0.394867736607397
0.4441472544415677
0.38466833997151956
0.228871544349248
0.06746967170970575
-0.09495495996567183
-0.2513422447866697
-0.37299922718108997
-0.402762305377068
-0.39551101033518804
-0.2742230138944774
-0.09629403471831748
0.05789329265151741
0.1419336275830264
0.2698263688204653
0.34215919355905544
0.36132135886453276
0.29148448868981663
0.13752097983993491
-0.03311679318975567
-0.19811646623216334
-0.2949221513219122
-0.42140615789939373
-0.3852799200058662
-0.2221606459749805
-0.001991922482789295
0.030286062525325022
0.008075714221372432
0.11568518084675077
0.28891127515273685
0.36841761497574277
0.35131372695118435
0.2821260355563008
0.1434325287783933
-0.039881362888557696
-0.18444825961365155
-0.2979493519861061
-0.4668840733330771
-0.4222072425083541
-0.22395330527899943
0.006409410364874284
0.01630627292544893
0.01057324243820816
0.08455115348802442
0.2555427149993603
0.3921514346049082
0.43108119807268225
0.3120996019264126
0.050909565814372594
-0.22792561726357283
-0.4174930958067156
-0.4989884979823506
-0.35069051129531553
-0.10714363881275202
0.015506267737952838
-0.005931222222756115
0.009969969401449869
0.07750371544144082
0.2641059723830525
0.403160342338333
0.4376094110072431
0.31334347552358444
0.18737619974559624
0.037607679425425554
-0.04438704583450665
-0.1162546520840418
-0.1927074499453971
-0.22845567690397175
-0.23861810296512273
-0.22669096638536484
-0.16734911471671074
-0.03945147491513373
0.097689885442279
0.18291884117583887
0.22070582800423516
0.23748681929562762
0.20718342589262154
0.08020669748151564
-0.15568772508568232
-0.39104164060137403
-0.5292111423905962
-0.3681094605158805
-0.11573034237549831
0.03238372477043314
-0.008441769575037063
-0.002660548392663845
0.015073670066057787
0.024579563664995367
0.17950475409917577
0.39897297932951997
0.5210950313305833
0.39369494108831893
0.24292719581234754
0.11860306137728943
0.005368361980846574
-0.19670498932342403
-0.34048133621063514
-0.3827071840975818
-0.41026017732149667
-0.3344630177519224
-0.16829594786551347
0.0166037032195762
0.11551388179397379
0.2592372265492618
0.3724889474843723
0.42341736791160167
0.3812812240817567
0.23782918086480967
0.07744591465701874
-0.10938837784700473
-0.2930861814528556
-0.41140579413708867
-0.5111347399021544
-0.3939220934078792
-0.16960508085145243
0.0425083866689521
0.017428016285783384
0.03984148224715499
0.17870340798486914
0.34656567670723504
0.44157046487511964
0.34664075132851624
0.2110103670017133
0.04616820096364155
-0.11132074499944553
-0.29900187756214464
-0.48150112027064695
-0.4758427972618831
-0.2801133089723137
-0.050256542984054096
0.02022380412625997
0.02892495643719213
0.0398689556924686
0.17463491684037774
0.32216156330677403
0.40068021430497575
0.31647129705893723
0.18489496974864386
0.013485848968553031
-0.12804896852923983
-0.25794667261801985
-0.34307903321396227
-0.39610875802993584
-0.24894852347174518
-0.0766656540177811
0.05489276487302993
0.05058560932481288
0.17533936078995563
0.2776301393793037
0.29619324697162625
0.2576913040382831
0.1823113555030986
0.026498732189601564
-0.16110029329967157
-0.2697291027525072
-0.39173090714671305
-0.33056277039366566
-0.15718809777540715
0.010801111229501023
0.017824831998257587
0.08084948349910143
0.2214883012069507
0.3335733380009641
0.36412172169740664
0.30777012108504753
0.21668804174691073
0.07769406728938831
-0.07229901311981568
-0.23361919406543313
-0.35162359356081735
-0.48131453353573644
-0.3844964928527578
-0.18440227209617874
0.03944585834180899
0.0427682903611313
0.04140396735497066
0.1583537306503502
0.3269052137455085
0.4011056117304403
0.3391879674312107
0.24105720759287996
0.08732880397915894
-0.10868555566367323
-0.2664413335157119
-0.43769286101636473
-0.4649600499190303
-0.3015649599213965
-0.057569424569863074
0.031901317156588
0.027539162441690357
0.00884087230700081
0.1480643396504951
0.33358654157695455
0.41366417779341885
0.32492456784197193
0.19981843154278867
0.07976952484779436
-0.09078090216464031
-0.23651178977191417
-0.38639618914387086
-0.44963003769394433
-0.30695954124018265
-0.10827087124770865
0.02750911241920554
0.026949348838842715
0.03188215131914042
0.10082367212096788
0.2674781790719851
0.35537995058784466
0.30938528005681204
0.2238862673562706
0.12588456461066036
-0.02991480142705125
-0.18406975732151806
-0.2691933695180632
-0.4000796950661194
-0.3590381583149069
-0.2056948098705334
0.006139147213659555
0.028313075223287836
0.04129187206057535
0.14645177711257154
0.3003005856253607
0.3691061442912921
0.3180386712987828
0.2228327152053492
0.11249647918050366
-0.03240711737144855
-0.19054106904339993
-0.2806170388903678
-0.36586724253182923
-0.34417556750702305
-0.23296349704046176
-0.05512119126495308
0.007030741245239957
0.029314322052899345
0.14599392303371245
0.27234315404799303
0.34641616647481027
0.32383929083847385
0.2570562557533007
0.158659555106952
0.017377167467428338
-0.15211395877836642
-0.30224425430804025
-0.4876375888992162
-0.4400894879861205
-0.24501543567079162
0.005037257197394636
0.014010929153062622
0.018710399398471314
0.052616545479887894
0.24096363196885742
0.3992300865228182
0.4613745725799707
0.3554441929479557
0.23802484664990792
0.09389798542757101
-0.025360521611707706
-0.17349571586231113
-0.29480468091486256
-0.3373624190844057
-0.39088015215150224
-0.3703981745352288
-0.21535253725593753
-0.033127350807683885
0.05590375570892706
0.16040583183030477
0.27754864615182023
0.33097445584621593
0.3568900772512545
0.3338810843347845
0.2154552412287826
0.06409919911176207
-0.08992178688909691
-0.2635190889487677
-0.40760236541647116
-0.5353623647990927
-0.41526519166369713
-0.16745707368401508
0.06455674007560162
0.036527322181854185
0.017797501607436275
0.029398696025251754
0.18211874605848621
0.3373044343409002
0.403950583718188
0.353268063038033
0.2389085345268777
0.09902040096669702
-0.04172154838435099
-0.21051349314319423
-0.3271224028272941
-0.41853947433533073
-0.3800736914113573
-0.2600246707227401
-0.035940158658718156
0.021472459902082828
0.00934952650413238
0.11098431253342683
0.2995764898592261
0.3987766829152038
0.3681688978122062
0.2987631849882656
0.18997620111791458
0.07002764470197981
-0.01290036968536828
-0.12111152205701789
-0.2772941926569267
-0.4075144392404805
-0.5102123979082852
-0.37146778494705707
-0.15347091321949372
0.03602638289645202
0.011616706700083345
0.016144616488580916
0.0117333240082776
0.11722336011779574
0.29842768692396265
0.43357603285057184
0.4245610318127887
0.3036347136875862
0.13350666621495497
-0.05551980800627888
-0.24187746777953822
-0.4036621087165074
-0.5165664839100595
-0.39103235912656886
-0.15158369051380077
0.030209968224647058
0.01572591637496811
-0.003745233917529904
0.043331095113947574
0.2305627215177616
0.39621798049315204
0.43579351272106165
0.33362718406003344
0.2371550484058722
0.102625593446518
0.02964881662802297
-0.021480018289354582
-0.12333267964128537
-0.2723866541059509
-0.3616676895668506
-0.48587814771908455
-0.40694992290157017
-0.19082914865069128
0.0358254793268222
0.02154344150801004
0.01669568632421367
0.07680389247496458
0.23294242352766845
0.3467116487316053
0.36985113546577775
0.29670528268059637
0.18338945209671698
0.041941521748480454
-0.10689968705999325
-0.23747193184258272
-0.4157020047522183
-0.45372903669332854
-0.29411207156017655
-0.06546585164995931
0.02227926692406829
0.012221791999776702
0.11607268717320489
0.266149356134472
0.3758377793402476
0.3753053010154454
0.2741401236281873
0.18112796524123456
0.05230918447409222
-0.1188119418610444
-0.30084812500924685
-0.5165706663363835
-0.46812487853719226
-0.2798726269433183
-0.0133623143727845
0.006844000872535245
0.024115594251389358
0.017751287695864326
0.10864610560860251
0.3076690267131609
0.45207675605528935
0.4161640443381098
0.29023494450096726
0.14909518961182316
0.029022180054740034
-0.12819087465555937
-0.2695071628355391
-0.33554881937999353
-0.3345174161205653
-0.3589945284578595
-0.26454054086321616
-0.07075347462877946
0.06992213853890807
0.14866271835932107
0.2872010037394145
0.37311810015277036
0.34492114947917757
0.24532620284610102
0.1333792714071905
0.013066856570114558
-0.14242263470706723
-0.2927422297397544
-0.4695744091673183
-0.44289761589823107
-0.254293058323954
-0.01779779445478834
0.029893163505484287
0.02878879708684231
0.06669613927373645
0.21089378662088776
0.33605164084106887
0.3895649537179988
0.29158876233829983
0.1571382482817652
-0.03459578619925223
-0.17401684627741773
-0.26275240363412167
-0.35521934797938354
-0.37275682953731976
-0.24380852243568513
-0.04981113734307972
0.036987806564755664
0.07255355499728264
0.1856210565024974
0.28564541112411246
0.322439508559043
0.28878969515397573
0.1808532668266108
-0.02440164413730908
-0.19942797975877452
-0.27640881247497356
-0.4097865181920106
-0.34604961323536443
-0.15881344941525782
0.04029917447930893
0.011256862468515691
0.022743638312251412
0.15004943675022675
0.2906619525678283
0.34948751519592614
0.2608986657877602
0.15108215267859024
-0.0428253095194128
-0.20099657834624934
-0.341556801577566
-0.36969122030650065
-0.2622769057775174
-0.053253613638907855
0.020629179547092383
0.02523468637489923
0.08059089654389404
0.209682217291297
0.28837765747682087
0.2852929804203326
0.19449975853773216
0.01463503809632862
-0.14586321163430988
-0.3141028691113902
-0.3435741473139756
-0.24043252587875108
-0.05485404426678348
0.010620186659396035
0.024195385964677744
0.027627658340382458
0.17144245282732243
0.2963663532171121
0.3766122409921685
0.3020226849666148
0.21399046335773453
0.04991605845986294
-0.1341399292406967
-0.26488744635037975
-0.37959791061611375
-0.3840031476458507
-0.25091407749178374
-0.05848094039840988
0.040853345952688885
0.058836442462695336
0.18841337279534695
0.3010036403394158
0.36151715042708227
0.30270452769098094
0.20332111641880665
0.09514251017986457
0.030832664719855067
-0.05778322682941248
-0.2027691122036689
-0.30721533148436925
-0.4460483516208571
-0.4024670507889461
-0.19889078468170038
0.03783162404124962
0.046086065435459816
0.044307364603192394
0.1614945223898327
0.30229174904640116
0.3576580174187292
0.3200276149907642
0.23014326523459774
0.12115417426396043
-0.08816554187474845
-0.22578784528846502
-0.3296831550749211
-0.4280800709733889
-0.37201318576542414
-0.1681663967598014
0.02742242420619295
0.004098912340514439
0.012811678137837507
0.12532522577298605
0.2956878754822218
0.38059080649909177
0.35593835077549724
0.26537959715716214
0.17397772459530922
0.04497034452322778
-0.13364338596551836
-0.2973948680597638
-0.4982915217870335
-0.46543726239224953
-0.28001273889687867
-0.03103995486691728
0.012155751221753535
0.019458033681494152
0.011696616367613513
0.16049684646321521
0.3581269723304319
0.5113551427473049
0.4594458608937531
0.33309949340946604
0.15299047958650513
0.036774654360833485
-0.08450950532609322
-0.2852552720279171
-0.41512777927922945
-0.5160016679901474
-0.45864910937521763
-0.2700522031722947
-0.017906201613600733
0.056931157266583585
0.06568763183094063
0.20509934583802458
0.35890887344236333
0.4367099577314409
0.36360991496582623
0.2517091114524856
0.1189604280199605
-0.0491290555953841
-0.2554814884001779
-0.3671362069554175
-0.37234013594102033
-0.39094574400632526
-0.2982553442583222
-0.07563135094073274
0.07559306109058468
0.12132345761565196
0.19810878217629305
0.26947879842926203
0.2656107860416647
0.26273808892401546
0.12730612519493106
-0.11443713309822967
-0.2974226138672706
-0.42979943942237614
-0.3342641268981946
-0.14623584211538854
0.03950507391217295
-0.005208785253802789
0.03878456110990897
0.17532358184587954
0.3431021264059208
0.4147238798430287
0.37634311213024807
0.28232071941897513
0.13613923247320187
-0.024316366049810474
-0.2052616454635395
-0.32134331372844227
-0.36591576636334633
-0.35819081621884397
-0.28137353380323665
-0.13606756386956362
0.028685908869900002
0.13583526538500512
0.2151878615887534
0.25290817247223074
0.26644873330771957
0.21656035954925143
0.06822642411985971
-0.13350822671080242
-0.33116617108366303
-0.4568237089202641
-0.3368783832776469
-0.1021991319130434
0.045681690204970156
0.020140113778873724
0.019277708746986377
0.05050335458084007
0.22177938614303283
0.3517829640637574
0.3906840679794348
0.26189368758466963
0.0989976087671364
-0.12247486580789092
-0.25156822744735796
-0.44257903749692773
-0.3945337861102203
-0.2026789136961537
0.03187913075155188
0.022371318247185384
0.013264006077574256
0.06489676264906295
0.22659318670154976
0.3852928628112768
0.4327310574654157
0.33539741262425565
0.17237575024835702
-0.0035841336579253307
-0.141862817461022
-0.22541723383950904
-0.2558312721133159
-0.22041981741041564
-0.1872899432580153
-0.17176660191045218
-0.11417710257797374
0.016462207750025097
0.16252956800157334
0.22991167568107945
0.2590038335855549
0.2623892350617381
0.16569338502129696
-0.053608472873336234
-0.2701444503422722
-0.5369498138245421
-0.46630546843823845
-0.22041133228357365
0.05593680695831794
0.014114650487593696
0.017652718885132635
0.0016958330164921244
0.0023848933016205253
0.046801424689596687
0.27558179660042265
0.44424699707000215
0.47771372350858854
0.3560619121468141
0.22094880797157096
0.042055594284728694
-0.1752016707941042
-0.3244110898446183
-0.3989058167809742
-0.4324132626584301
-0.3547273693206532
-0.15739846515006922
0.027697307010720987
0.03790375312612733
0.10317873180961218
0.25172953174775853
0.39415526917173777
0.43514442782017004
0.33387437143760235
0.15616114164770176
-0.05128961264907493
-0.22157321301715643
-0.34190956806441536
-0.44977235509719915
-0.4260652744116355
-0.257110960525057
-0.03991995834009232
0.03376738724986707
0.03461367526157945
0.02286504630328044
0.11922724711838957
0.260948835013523
0.36828747682721374
0.3377718888292367
0.20616499937589133
-0.004542734898607277
-0.18210104151475637
-0.2796156050612748
-0.42391443958823644
-0.3483636990659896
-0.1462742346020596
0.04366067149334415
0.018247548037212014
0.013432833364453374
0.03794243410121559
0.20389823629838053
0.34481399250713324
0.4172923496100978
0.3386239090639865
0.26432424530642923
0.133835182201533
-0.0012345897984245332
-0.1994589740126157
-0.33515506322619504
-0.3664436430329579
-0.4106679604844012
-0.3251084329032967
-0.15301210745020394
0.03195107001566061
0.01821215217804317
0.08477042354788387
0.2216703490839996
0.3245302341862605
0.32537347080261064
0.25652432458759505
0.12939468740532176
-0.08585536978962523
-0.24147799588386995
-0.41986400548140945
-0.41236107130169813
-0.2343811205583358
-0.002079442314541223
0.029981417464975284
0.002741978322735294
-0.006198269556216238
0.05378689410527314
0.2305036324816313
0.36468202595449917
0.38279283703198974
0.2827348557782037
0.12043282956885139
-0.11133341175201558
-0.268429284696394
-0.4415586745646626
-0.404950767762511
-0.22239428199465003
0.0046022426801727466
0.01129976297522052
0.003668551457980767
0.004199652773052189
0.04393822531028883
0.1840405499504488
0.3138321212181206
0.32647854018063743
0.19290104138952102
0.0166872972672781
-0.1589932132664408
-0.4281118834817583
-0.3870026043866834
-0.17770577000039506
0.05209081004293325
-0.008567012829369726
0.0008310831265682506
0.012459656650740879
0.04046980812265885
0.15502907612805805
0.30435250377171436
0.3845961333735322
0.3486454985842544
0.2707500892756192
0.18071258672450385
-0.04495292742283489
-0.2601679145965424
-0.33438134359270283
-0.24381703685300898
-0.2147500416314046
-0.24737791097389028
-0.2122293254399971
-0.06076543726883295
0.08383282775718376
0.1520593023682681
0.15511286238888178
0.18307359311947707
0.15396277005945516
0.11873951733573763
0.006885499754408143
-0.1948564270167416
-0.3866217111396606
-0.2898675054724704
-0.0866884142311512
0.022787364323263035
-0.0028693169512776138
0.000578924573248433
0.012493982781738881
0.059096714067223464
0.2358715919452075
0.36784297094760016
0.4004405018362173
0.2925395881094241
0.127691928467053
-0.12799792843285557
-0.32160919965939294
-0.5171364233560709
-0.4121155460501559
-0.17204578047026414
0.052547711590575856
0.008367254658360952
0.0038221437268817176
0.014915760847017807
0.12127453135132855
0.29515633578363815
0.4031856039239604
0.34867756061724775
0.22055367455103536
0.08304706164326779
-0.07906701140923968
-0.20445995155092786
-0.27924023906099416
-0.30096223113722187
-0.3252384103073408
-0.21112541713055397
-0.05165192307802515
0.03056082525022233
0.07617942842341965
0.17716984985499562
0.25982424733223886
0.2463323709544654
0.2098980698879863
0.13272657820509393
0.06832405838776807
-0.0033611471250943863
-0.09961683583421509
-0.21123128774025698
-0.27947598079727226
-0.31757210393251095
-0.2240777335607874
-0.06274371525185697
0.02949606601128136
0.021290253228471043
0.028718568644258452
0.14287075215818007
0.24265062499932183
0.27027842660436846
0.1955483763770285
0.15223266235159874
0.10514421713193386
-0.008364239267503971
-0.14356663727967867
-0.2727087730891386
-0.37982410317478127
-0.3079517477129553
-0.11461941585678133
0.033304521004908834
0.011131440909483313
0.04381880614716237
0.1621309060617245
0.2867044325806803
0.3199871272187188
0.2746550907251389
0.17439699686345658
0.02755248416345716
-0.13651133984363545
-0.2600462711848577
-0.42325283771456557
-0.36059403119247063
-0.17260369662907543
0.03462267468139175
0.014187726771836308
0.01208788458427786
0.00466516223297248
0.019995369054654426
0.15971313162116485
0.30989156063315665
0.3611785042769562
0.22998025977105302
0.06292247358659016
-0.12930756716231961
-0.31429765601385745
-0.3961140390195223
-0.2905805149055134
-0.08891357875350801
0.0360865681811567
0.007183498091626912
-0.004585718059665376
-0.009174103142126891
0.03383683432416624
0.18825258812007759
0.37092506712013656
0.43257718532227774
0.322525944113335
0.19888903320157378
0.06894149039168802
-0.007375365734842445
-0.034105914394335766
-0.05589390783197354
-0.10439846200486168
-0.17533630104529765
-0.220366914471671
-0.2571635548812552
-0.25494479919216617
-0.2214185339740063
-0.1347218450032388
-0.0515484901449882
-0.006984661618916512
0.022198088977934956
0.015519052153935033
0.012277153148730522
-0.012978985751621066
0.01591341912651997
0.11002010920716547
0.23466180290854957
0.2998685123772854
0.2701264594286793
0.2165257511840924
0.15646286531972686
0.09818950368170914
0.08300058711163531
0.08170148456765983
0.038440911980987064
-0.12439039486617845
-0.3014481577599443
-0.5551339813155884
-0.5004454684313162
-0.2682190427270615
0.01661260451258665
0.026475056591944986
0.02262942911846168
-0.008698937770054411
-0.030158051184720275
0.09665518830714064
0.2893835265946725
0.41901697925818265
0.3757073147249906
0.2875201079148296
0.1867240180803377
0.06242433982769539
-0.10968509593746079
-0.2734434205641588
-0.3882837918939047
-0.4664326240842965
-0.35872630912234404
-0.1461454821913544
0.04016966381939263
0.020858784536136613
0.004867617800223283
0.029745010639718288
0.20742957453398547
0.34569244194868953
0.38143801562473434
0.30776657933201135
0.22354074353210027
0.07136973040059882
-0.10319037270721222
-0.2542184237449528
-0.3913404536158514
-0.45647468860960855
-0.32527407424971544
-0.10283598403338506
0.029670459039129248
0.022924166124451036
0.01176420317614029
0.009924711549231694
0.1816054255055009
0.3406718279420154
0.3942583112747554
0.28032480575688656
0.18414814355189169
0.028816923702225952
-0.15276936274251754
-0.2969553885685451
-0.4010720537228467
-0.3522254433948588
-0.20812389973642625
-0.03698633567397363
0.0009060136747445138
0.019328268630765023
0.05960530093686448
0.19781263121038378
0.2945166618500063
0.3294756109430746
0.26707161893338666
0.21108625549474927
0.10610338734961892
-0.012011820225077411
-0.17199260653377865
-0.2509213539885308
-0.4124684237893976
-0.3993540219573045
-0.24760211622152636
-0.01822299865684277
0.003638533876086921
0.0009651534012194016
0.012008804213911787
0.05555583986372788
0.20384557190434743
0.3004693189222694
0.28583036571300113
0.17453739467836674
0.02942105231444102
-0.1228652083888377
-0.27198343026090566
-0.3214688131740566
-0.2463978442909037
-0.08333457999669328
0.00853577663878824
0.003314160199223429
-0.0016014545458471641
0.0266284255915954
0.1821995851420624
0.31273510256419224
0.3864545360410599
0.3350750390764983
0.25963233913982164
0.13259167587462486
0.020453133194312488
-0.09693896950926936
-0.20667005981856187
-0.27785781930428544
-0.3952511150872282
-0.4153291839285637
-0.2607554007110099
-0.035377094895243454
0.03454077112501592
0.009339779315989434
0.03266345383848929
0.1845275078793248
0.3398136626394484
0.403966837868073
0.32864596888937114
0.22600550305897446
0.0714554514790867
-0.08406165042712063
-0.222193327910535
-0.2876104692768984
-0.393740294789689
-0.38438418138775865
-0.2248413888927647
-0.02354761670657384
0.021228191859687176
0.00990129184013045
0.007258756504771355
0.13565663399876993
0.29144258208354223
0.3793518928627504
0.2969802115523302
0.2094297974256118
0.08836552339475037
-0.033850172637903776
-0.14800064987451733
-0.22633736221480052
-0.23559128406559832
-0.2556687781096903
-0.24828798956973192
-0.1653553431800195
-0.04434898344695536
0.009687892295485695
0.045415178950431345
0.13123440790413618
0.1817644431471732
0.16741448999553615
0.1208160839529149
0.07723156987538468
0.03826330647480753
0.002796267121518026
0.0013353200742700206
-0.0068244889182412566
-0.02178677977405939
-0.053747305946394465
-0.04787985492505754
-0.03175657822820775
-0.03439942772376706
-0.06994438129002066
-0.25692552804197133
-0.259470873985301
-0.12227254685539737
0.033827326133561986
-0.011082807581222624
-0.0076299961964112675
-0.0031536782332560985
-0.004082785385402154
-0.00039040787114569156
0.012203696551468305
0.12834998322220031
0.34276560951668045
0.45508939258858827
0.3693689760800406
0.21993058355019973
0.12156664521622403
-0.0018601078500344677
-0.1666280689513004
-0.3063545243149106
-0.47674670953647796
-0.43310216784278843
-0.22468757714578003
0.005663910963310128
0.02090016067011161
0.01575136268397616
-0.0033044401226230225
0.06562769148621912
0.2403722551310062
0.3700430307797428
0.3682345218429109
0.29629519058669906
0.1707688753305117
-0.02356668476774949
-0.20602460771857423
-0.2953549603509841
-0.3932326663390719
-0.3840837370388924
-0.24245038694279977
-0.037559019470196756
0.026352590834854257
0.0025187706758391867
0.00831103124849676
0.07130550456433934
0.21317716550019272
0.2946636879085389
0.31930472776677726
0.2694071242306635
0.16652078999936692
-0.0032525405818276737
-0.17927621008146225
-0.28994462467938714
-0.4244389672721362
-0.3360070462791202
-0.15066319623749017
0.027879021871213668
0.0021081687127167607
0.0013654342384026485
0.014377617507395496
0.058666975386207854
0.11120324348839665
0.16077293168996673
0.19460069691324125
0.14893373670374088
0.04070895940293025
-0.09092773847879469
-0.23380358596506276
-0.2630190270486748
-0.14319690455721273
0.005162586512382224
-0.031234388700184985
