0.338942978812885
0.48950013635824646
0.5632428449588112
0.6085135974975843
0.675146824899554
0.7252724403260591
0.7848418554379071
0.8312179538241723
0.8643324718239633
0.8809763048146279
0.8993696644595225
0.9198581664492614
0.928044183538556
0.9308803988024127
0.9318250716508752
0.9386708072064013
0.9402383875023754
0.9454339421884662
0.9489757490679059
0.9440547800414968
0.9396101330948824
0.9411772994044599
0.9256394873657139
0.8233877971068688
0.7795082966348972
0.8358910618398492
0.9328837497291458
0.9430883159008191
0.9433963557005847
0.9498584342600764
0.9524596964013163
0.9498545027732525
0.9500514509947701
0.9526894800496689
0.9457358103401814
0.9409644949637825
0.9466780946441047
0.9565318681858667
0.9482146178200809
0.9405032738606397
0.9444977058497063
0.9553520448629125
0.942192465559927
0.9498734476154732
0.7390731641924808
0.6924156806647637
0.7877884343325229
0.996838710009231
0.9598314635643892
0.962453421772624
0.9655207437526603
1.0
0.8856745477035843
0.6341569215150666
0.33648431864737965
0.49900512693392346
0.5746773614017805
0.6905371910622151
0.46303467297407064
0.48987322156951346
0.6091032704185466
0.8213329540351055
0.8152027230168108
0.7590580826463083
0.9181346951602185
0.7351223677524975
0.5875462316262758
0.3431558349935189
0.5383796873878914
0.6702639020545588
0.8260967415147527
0.6547188486682212
0.5256814646428476
0.38293650870018403
0.21553665382998907
0.08905135895828725
0.03948722782489176
0.052193435069154116
0.05818855399752212
0.06125181636144801
0.0632786683428215
0.08153170363820747
0.13054541163679964
0.22935097270528376
0.3565917827206831
0.4880157268613696
0.597638750948379
0.690865131630712
0.7586173325282496
0.8139478240734712
0.8603642356801131
0.8891637585173963
0.8985991064334599
0.8976272606426763
0.8994558398291312
0.9027279453082877
0.9119076921507282
0.9161361679074619
0.9180582690067244
0.906297919346138
0.8834090362290736
0.8463946642223708
0.7758680572480134
0.6537418412127148
0.482760881794418
0.2818131439189964
0.1266623538277393
0.05690256365410361
0.054405913841959
0.05537804024121751
0.07813710750994285
0.12564404898964093
0.2273964783686722
0.37642314078528394
0.5554752962972344
0.6999860705919396
0.797321355940348
0.8504874007044884
0.885135338477776
0.9065798908457985
0.9208248920873262
0.925994888068258
0.9272874449433095
0.9186215176925697
0.9067924418376678
0.8949090149721012
0.8877433890705103
0.8763959781225912
0.8291924205068134
0.725027795808845
0.5510326611805552
0.31336155874554916
0.12529755857992675
0.05002370638236368
0.059738385910879106
0.05800776993047618
0.060628870866873054
0.07392572103040285
0.12301283503732142
0.2398348800728647
0.4123919715700347
0.5688536745001193
0.6663199760394983
0.7307588586507308
0.7975717334571206
0.8517603616488255
0.881555920673694
0.8939646150074348
0.901207618473448
0.9097339698788514
0.9162802649483643
0.9205629387017494
0.9184269363728004
0.9187554980726315
0.921520856377508
0.9306443682731523
0.9359159186750213
0.9346035717770499
0.9340730472646056
0.9336878105831369
0.9263812530772527
0.9083694911714699
0.8844904508300818
0.8215910444671336
0.702862089809006
0.5342821675754411
0.3421861697123903
0.16507943468998096
0.06580315573106985
0.04578805350894327
0.057497787030213555
0.05588817894693703
0.07235658945040666
0.12032842896375859
0.2243512498302921
0.37659230380493075
0.5444275122407152
0.6925386013614325
0.7934534879872537
0.8558953770682173
0.8825889930514715
0.9030023630944379
0.9219865914022607
0.9341732589638242
0.9388515388294055
0.942682942270206
0.9457190372935536
0.9475873383960939
0.9490678086690705
0.9486462370582205
0.947506783526684
0.9458444768312085
0.9545425485516926
0.9587390706044929
0.9536220052581669
0.9170737199927627
0.8653349754078768
0.776482965754313
0.6408820679974522
0.4560568108710884
0.254037206342003
0.09910324143941317
0.02523889330739997
0.007531890900093126
0.0
0.013284390529482241
0.0416480012702894
0.10740092869232318
0.21840192009523648
0.3777123304480266
0.5430248808403831
0.6913037656365776
0.7926795701571187
0.8509377749311268
0.8878976291436179
0.9139244293197025
0.9309837264744724
0.9371350269985992
0.935011134787647
0.9396360962404396
0.9438411658309184
0.9426482578679363
0.9399993957084197
0.947870350253577
0.9536416710131395
0.9509701085888798
0.9493625043902691
0.9529067797001312
0.9583680205529227
0.9485275883781489
0.9204440291568627
0.8698208578053834
0.78096192190744
0.6488033611990313
0.4431804404511676
0.21047675321075865
0.05328428474575789
0.01758087006534774
0.02967665959275227
0.031136122364733957
0.036946130583557585
0.06912598555800616
0.15273222046396637
0.29504631196815156
0.4609771740853399
0.6253526900374476
0.7637127364478468
0.8507262157094774
0.8926168822962299
0.9119152340510148
0.928555097028625
0.9408667895036136
0.949635868842034
0.956870221357906
0.9612588850776014
0.9705239770294883
0.9709607871092713
0.9700740861616889
0.9667613883937257
0.9643160402068461
0.9589778306888921
0.9539055473343643
0.9441375352034828
0.9227683219286247
0.8892712867763242
0.8363631734761627
0.7248858795898963
0.5442536278765256
0.32568716843183515
0.1471377816266182
0.044325223306869145
0.01317159631807765
0.010723900455807787
0.02137868989849949
0.04186045293971778
0.08672463569292867
0.1660321050371793
0.287976522266054
0.43210680931655954
0.5730531847084946
0.7002252191971386
0.7970482363658058
0.8565125527519686
0.8839898632403598
0.8992106834290499
0.9028727339664497
0.9062633582816373
0.9117824525221117
0.9152800245605688
0.9096297048428149
0.9096068788676338
0.9108415580234331
0.9092627704270828
0.9022574517529288
0.8936232058110938
0.8833416663348701
0.8382763046492085
0.7394320828643662
0.5743038725697996
0.33563494539578875
0.1390163415076017
0.052613322676725666
0.061500625811988875
0.060241604768458905
0.06619743800356455
0.07372276057409366
0.07956950985409855
0.11819269712389976
0.21256723551093398
0.34905976331645555
0.48455947620495227
0.597212020169797
0.674148483539572
0.7294472435466733
0.776018730565324
0.8093801734619974
0.8255346799113418
0.8343762416108779
0.8457791026406419
0.8595579711622613
0.8689390984825143
0.8716021196944342
0.871798293858364
0.872747799352277
0.8755290871595078
0.870804040657104
0.8714140965869458
0.8615679759175588
0.8324867397188156
0.7628106899940544
0.6704419515099322
0.5476882198365632
0.3954731918610143
0.20946086421764856
0.08584388471201704
0.04564454600519786
0.05867250845154326
0.063399486102384
0.07358664786739895
0.09337796747700579
0.13431497264421244
0.2387562021211331
0.38313974579424503
0.5278210252563211
0.6266419273808805
0.7031232734324481
0.7664382210011356
0.8149674541024419
0.8428840937208509
0.8645684814154958
0.8745991219197538
0.8729459914438351
0.8631053785824016
0.8616706833969762
0.8638722513873376
0.8673029703797155
0.8657722001817899
0.8677357520658943
0.8689938610247256
0.8666238876209714
0.8639802645737257
0.8680061095558094
0.861885755765711
0.8271744657933655
0.7691626227106574
0.7031184181172646
0.6228176839673569
0.5135558603920931
0.389377927519412
0.2814498567223479
0.19620069594005773
0.13407638099386815
0.10340393168783911
0.11634004371078396
0.15105197298405534
0.2031826772702424
0.2693535775019082
0.3487944368572472
0.43228340056871795
0.5122485105573152
0.5802632088865584
0.6267244020026572
0.6750799828552467
0.7167456087327103
0.7570655029159762
0.7754469196437767
0.7906865663668889
0.7997980355230322
0.8106883830081683
0.812522878579129
0.7853916745851756
0.7284788776292505
0.6259000294550912
0.4776462405867871
0.26801147029080546
0.11104329500224461
0.05161510159059861
0.06417963412273014
0.06637021486710493
0.06568288912821561
0.07001197592723828
0.08135682792609082
0.10924677876568965
0.17941047869714852
0.28712502508138016
0.3994048158902054
0.49264276210256275
0.5827340742288394
0.665108645093576
0.7326077826677713
0.7805058159742662
0.8167314312530894
0.8413422690569736
0.8615290807176599
0.874785575037947
0.8831946854441294
0.880555633054093
0.8771214429896754
0.8798455670116544
0.8842488737710067
0.8873816294424547
0.8860934049202978
0.8805452073684557
0.862072882882054
0.8164392155689842
0.7163082354016794
0.5469955482321813
0.297023571796879
0.10209737039269137
0.0288424196714269
0.04668736254746354
0.04781128280572311
0.050223410061796585
0.05419127831342165
0.07216887976571547
0.13227957673291518
0.24670158324824643
0.39087805974605944
0.5224925859380558
0.6216313798285622
0.6915129866869953
0.7444373350375831
0.7863648831465326
0.8157532493594974
0.8310101050221822
0.836954471245738
0.8426518592629466
0.847093656991977
0.8500968930750926
0.8519523857267097
0.8512111780163274
0.8509622715935589
0.8493854431479989
0.8442984758055728
0.8394476756914343
0.8229120843521417
0.7754476734250858
0.6766636540486288
0.5363407185796075
0.3866849087364041
0.2716293569377437
0.17196103280596292
0.09919306389259196
0.061447332534441214
0.06496065180376298
0.06615227081351545
0.07347177995741999
0.10729270840043008
0.17699384787234365
0.2718184498197344
0.36569617790930375
0.4544754599757255
0.5238865112970237
0.5743030397152394
0.6244156180936498
0.6824506036596384
0.7282564259614741
0.7547427349772471
0.7790335029358328
0.8055595657053743
0.8199252964002421
0.823775037379733
0.8219379294181911
0.825278255374096
0.8301478790722224
0.832251610933767
0.8335987683883772
0.8370084114914255
0.8239674692086351
0.7700728963917608
0.6652669814695618
0.529108700835947
0.3820065993537424
0.23133380235856793
0.12614193733514523
0.07701729316708858
0.07571216524993879
0.0651095172669727
0.0677351106028438
0.07375890017016419
0.130855093635063
0.23476734011306677
0.3632914003507908
0.45718361564350535
0.529528002092385
0.5978944352383943
0.6609539779506991
0.7075230027934435
0.7359201970461723
0.7583571549351912
0.7819373786068371
0.8025837891093169
0.820384887464171
0.8297359081938372
0.8355927378678165
0.8390629647767419
0.8507756381762993
0.8565196301860684
0.8478460302356785
0.8277375459343336
0.795679631146909
0.7371326293198288
0.6365542219889602
0.4965340221942534
0.31286894789429764
0.14983089716434436
0.06601002434691187
0.05884181129378976
0.06401205629921948
0.06308269761969058
0.06591763684610755
0.0905392226684875
0.1520338272356202
0.25786352785236666
0.384475040930293
0.5072876467555075
0.6016439171449679
0.6725580993549132
0.7285759333098
0.7753022545004294
0.8098239336131657
0.8315372723806148
0.8437760890320324
0.8504259373006883
0.8528949341815066
0.8570811786790221
0.8644402506632466
0.8706993501400279
0.8685135192901989
0.8636196006054953
0.8570573807321147
0.8284625020697649
0.7535899874719304
0.6195243235758401
0.4430433740156457
0.2274279011735142
0.0850650439714205
0.0353366896400579
0.04896221601057682
0.04201794511469072
0.04562826686812804
0.05088534446956491
0.08244995307593933
0.1462579621165272
0.24008483848817633
0.33460429167356553
0.42671322795612454
0.5141586738014692
0.5989563760254006
0.6780938569461239
0.7496987179427124
0.8070929799960928
0.8385367790729042
0.8507413557208148
0.8602973720491353
0.8731394176148721
0.8829314166408978
0.887214408031124
0.889783427400616
0.8901107290799349
0.8861256652743026
0.880261542089479
0.8706235911179908
0.8500453965502228
0.8043307243711959
0.7340399602235117
0.6256198583047703
0.4787267917363413
0.2918697552491927
0.14039039523366978
0.07385540645805225
0.0689759519157965
0.06982817221538626
0.06697117155528202
0.07451234408339011
0.0971825806888361
0.16150471228031774
0.25857956868710624
0.3574156065948272
0.44362065219973823
0.5141645379727581
0.5821847697328667
0.6476999352087632
0.706997464191579
0.7403936729778008
0.7620031327183593
0.7832773805561648
0.8069289429113172
0.819089216680716
0.8228826889027488
0.8203704449628263
0.8222533820689086
0.8220261572415672
0.8216826960369857
0.8167766111233971
0.8134218615348295
0.8032455300977784
0.7764701307577156
0.7135927119591599
0.599215957066295
0.4358092707924066
0.23706197269344917
0.10570462050364264
0.06688111459144624
0.08170043451131162
0.07873627345593023
0.08093818771872942
0.10152332245898547
0.14908929062988072
0.22467979207045932
0.3225605357108884
0.42679354155119026
0.517571423089601
0.5860931018939507
0.6477362149462582
0.7108688532806509
0.761395557544973
0.7911781942428985
0.8065090558906275
0.8157439567155241
0.8196697961814279
0.822784224638771
0.8287318538347398
0.8390732669507427
0.843877607787659
0.8484790051120076
0.8521849423645557
0.8547931256386612
0.8529383720051292
0.8503964999535246
0.8475733391518632
0.8406149368248124
0.8355413836062645
0.830905396547536
0.8266743186896178
0.8218956766580245
0.817282001132333
0.8129738365021889
0.7946535123941761
0.7727437493302675
0.7303510979608563
0.6439914906663121
0.49629995825973316
0.34706556864412563
0.21877863340168438
0.13017707816238566
0.07522618571325555
0.05958438917066835
0.05352279462773572
0.05162029571695961
0.05697976858714507
0.09813204469035315
0.14880943607933128
0.1792889384928953
0.182999479358911
0.18739618621553988
0.18867245340447156
0.2010627672444168
0.24492975078135462
0.31299624572767
0.3964979863002391
0.4715767800053904
0.5346976561906246
0.576261936277562
0.6207328555444638
0.6564902051174926
0.6835584525336754
0.7046316771772827
0.7395081633422067
0.7757572404188224
0.7909861148537268
0.7939389992272597
0.8020858761440357
0.8050306099223485
0.7752509258030161
0.6891703619713987
0.5356236517616381
0.2961856938391386
0.11109426400083602
0.04067839914287839
0.05946237895657925
0.058048420858134116
0.05573052539444374
0.05198073095703431
0.07831194823280042
0.14534433816755016
0.24600468772125564
0.34101727145737437
0.43093002555310916
0.5153362719531754
0.5951269319223564
0.6626456700150789
0.7135130856759662
0.7510983204606582
0.7784512807943874
0.8007803706581397
0.8151349614311438
0.8245306229897581
0.829121957238703
0.837148161906862
0.8457899242512577
0.8515922830842514
0.8410573680521682
0.8017017997493532
0.7279752803661355
0.612980997652375
0.46585184498917664
0.2905313145818865
0.14242025535548847
0.06330150905875223
0.04625502004274249
0.048348657839592524
0.03463564621658896
0.035774620328561435
0.08372518163384793
0.1859622846413754
0.307078527464651
0.43997663243770646
0.5726585937530646
0.6761874537208906
0.7419915777465266
0.783270545499202
0.8111556047954283
0.8279754680551352
0.839171073871602
0.8475484647036742
0.8512577955341868
0.8522611553240333
0.8549571354790825
0.8546280879339905
0.8448786649106955
0.8082653437522345
0.7323065403762354
0.6045796233521556
0.44714305159133555
0.2509918577202937
0.1088051942952562
0.049779444763795734
0.0606712263380153
0.05989839209522622
0.06491848438427093
0.09489809979059455
0.15879732875125407
0.2566702215668257
0.36019729237012604
0.46884575904138054
0.5641257985342597
0.645967613064744
0.7056583445344744
0.7488224383278378
0.7721338810765618
0.785384116784417
0.7980404158892448
0.8089904879888188
0.8124035060487459
0.8031704415462957
0.781741222974861
0.7537316250255394
0.7013494077820249
0.6032812418837828
0.45551973620591907
0.2517159135123368
0.10455580096759673
0.04907092041862974
0.06758335235624088
0.06435910620098106
0.06820543689152676
0.07192353970559959
0.09619900567380879
0.1595672968604105
0.25918044067330803
0.38117087573016845
0.5028697760136288
0.6167499122113914
0.7055284783293785
0.7701471643408487
0.8041305399929758
0.8217699097627092
0.8288751380276881
0.8338441318873394
0.837623779307279
0.8405925739758424
0.8313953496926284
0.7932180330384655
0.7082230446290354
0.5708717017865385
0.37456512356231375
0.18115388493295617
0.06771180636124695
0.04401213835423614
0.04888896856310644
0.053384933999558
0.06171306809501067
0.08994362532356537
0.15276002151501586
0.24699539503682477
0.3494521548212441
0.4497117176913149
0.5360399801393633
0.615578631070913
0.6822210170864479
0.7384001891695232
0.7766923299303161
0.8106620001919714
0.838236303573149
0.8576028605896705
0.8676581095111453
0.8644947791252121
0.8554076393565917
0.8367706645109286
0.8191185084268608
0.783995921799083
0.6860792790869604
0.5244704043962787
0.29064449311103224
0.11509935446397182
0.035483743816491296
0.049666367323729005
0.047695793142449684
0.05007174100483878
0.06130101040739002
0.11192314890884981
0.19490191690580178
0.3102715047806679
0.4277126862956087
0.5447666019362012
0.6365322613697338
0.7116776378442888
0.7624371473642724
0.802639759206044
0.8281671233171854
0.8421663615838273
0.8379986768181108
0.8420834871458154
0.8510720412443222
0.8591830396120976
0.8527960926055763
0.8359070906108038
0.7941188481159642
0.7243409017617385
0.6218866345550136
0.49800512279346915
0.3667434031753047
0.2261242742173086
0.12156780774184782
0.0721042843217793
0.07378123453258578
0.0726898240471604
0.0802488700198269
0.10764160338761271
0.16426963877639025
0.2366551807071002
0.32332676015179734
0.41090785753516584
0.4914978976759554
0.5539828567888597
0.6144290618924623
0.6681748246141344
0.711074902712641
0.7408366343154021
0.759901109330587
0.7748002738363473
0.7846608397470746
0.7931703672349916
0.7956487667159933
0.7819389961910191
0.7439455608481073
0.6829394560799709
0.5959586221253105
0.4711830821852976
0.30653139902177046
0.15663954890540624
0.07460871177468395
0.0630464415445622
0.0723973294411
0.07862378656139497
0.0899123424242801
0.1174260865927334
0.1741321847546571
0.2607963708358834
0.35554444162491
0.4349263395080811
0.5022982553599903
0.5668653560448644
0.6330020923216295
0.682580496999034
0.7118041064381434
0.7217771425200467
0.7321742582507463
0.7403013161897699
0.742774509906453
0.7336758887487792
0.7200222753970897
0.7120346691011916
0.7043273698062478
0.6788189877662277
0.6313950725403437
0.5692729488610376
0.5008897167554536
0.42200407670993506
0.3216524853552268
0.18433417102976904
0.07288391921510218
0.028225869495726814
0.038315250343832534
0.041090653686702
0.04229184405224736
0.05372044985732595
0.10093002806440611
0.19344174539044726
0.32104723676881414
0.4489020087981151
0.5620102932377321
0.6588925959078642
0.7398826645840808
0.7985839099069606
0.839096444585806
0.8586611987569651
0.8622522620229961
0.8548187959143712
0.8382235983213705
0.8061138989743186
0.7610903667834008
0.6928896770680641
0.6094915410141294
0.5268932367468631
0.41583224278609543
0.26372139124188504
0.11519168694031598
0.04820146216198032
0.03878634168750157
0.05266916768653921
0.061166983394904645
0.07734003454350241
0.11891545200289702
0.19192177549788764
0.3031489910123237
0.4277805475055344
0.548269434712046
0.6296619678695814
0.684930280245791
0.7323299347046198
0.7802025485609904
0.8113462785278098
0.8271673981527871
0.841814519975361
0.8565454859382675
0.8552075764789182
0.8440139871013328
0.8295168081158215
0.80489933275042
0.756598486424011
0.6914264689592603
0.609226412412532
0.4994811273262695
0.3708023449296934
0.22835768418214833
0.11626759322394002
0.059081248140486396
0.05462672829370978
0.06029897495589844
0.07322300381855017
0.09455833190209942
0.13170326796651585
0.1847985349674087
0.26333644464924044
0.35208848328158493
0.44753099165196164
0.5343261099561541
0.6085423801125895
0.6618318699572262
0.7023482623163181
0.732513363504802
0.7500398026918158
0.7553360420895938
0.7559875981183989
0.764421567545335
0.7761787823221478
0.7893722806775583
0.8026967353871153
0.8185292933389575
0.807490399524491
0.7563042508567986
0.6674557783622549
0.5645925058910419
0.4506314632327716
0.33879017911648424
0.20072688986967366
0.09100415339308948
0.039494457152670887
0.052890502748038686
0.05733427148858263
0.06421613035955429
0.07151725301439987
0.10220578406673
0.15636748025972602
0.24279870042042762
0.33122288682996176
0.40955131621322743
0.4697796104377465
0.5220571664242789
0.5768571071510189
0.6323557032930492
0.6786683020668584
0.7064085052707213
0.719755769819253
0.7267368550173647
0.7354225668245177
0.7452028116920733
0.7544000769461795
0.7607500721750745
0.7686139247012009
0.7774869844322999
0.7671324981441344
0.7310744647836732
0.6831471547310718
0.6162245858201587
0.5103023534835561
0.38094966844358885
0.258854998052884
0.14686835342096216
0.07480990427900872
0.05359136954595132
0.06428830413853935
0.06983822680422724
0.0738134835930964
0.09479620654204886
0.13478515619335774
0.1889883073513189
0.26237986614954933
0.3541944475007797
0.4391815273979431
0.509101743828021
0.5684873456308787
0.619799634243276
0.659745182733159
0.697421666571483
0.7210720626657087
0.7347131112324112
0.7453546418207153
0.7593324250222171
0.768881542618544
0.7725053771972851
0.7776828948976909
0.7782934111791368
0.7583784008946455
0.7111694299179561
0.6263250764498371
0.5169875292241067
0.39044327144846747
0.25393682612305907
0.1323182646393204
0.07119948469290745
0.0627681880278606
0.06881305858715657
0.0657742555733895
0.075542509900776
0.09213917735077665
0.141301641654624
0.21567922523868144
0.31241498956867136
0.4084210991777982
0.5015843407599451
0.5901526588169217
0.6596938527846604
0.7135746095636823
0.7499370377289111
0.77328631596266
0.7826536641519122
0.7854096871875288
0.7815325698010581
0.7732650616186617
0.7633130128433051
0.7422766247897691
0.7090337902121753
0.63634530364622
0.5218448788472997
0.3862863565822547
0.27458737258026994
0.1891416615387866
0.12943326111411835
0.09658321047236512
0.0862750131905719
0.0807281836575996
0.06817397217817509
0.054959852216128445
0.07023100901551543
0.1036744894755751
0.15292236507819784
0.2129195490841642
0.28597994498496615
0.3556639103667071
0.4198872538483326
0.47045055919320045
0.5014704413373874
0.523843139462202
0.5541466818205983
0.5884759885515795
0.610574782039838
0.6187030087670798
0.6165426311821944
0.6174010791856555
0.6206850037975885
0.6172055596873681
0.5718010175658922
0.4820437020376948
0.3627138283305607
0.2204126754672322
0.11224627056177025
0.07056376756448028
0.08525020501826468
0.09019010332289634
0.08994550687480965
0.0954826642521396
0.11224726385111031
0.15529491713930835
0.2364860285939647
0.34095745739317007
0.42460885491611017
0.4871945118533277
0.5506726338150651
0.6116986033252333
0.6554526669581847
0.6780908504599719
0.6915680758420947
0.7029916831478571
0.7079256797969222
0.6952477106629137
0.663305624512479
0.6324946697150735
0.6123242785449188
0.5990443431449416
0.5853269537087578
0.5545198860998911
0.5019501923013923
0.4399842626198088
0.3828121713608504
0.32088763093572453
0.23457050263753362
0.13099329547964866
0.06082788671888851
0.042250760789182
0.05176313413360583
0.05360068851811753
0.05490374923722253
0.06403133645801237
0.11341174105984343
0.20063672988128356
0.30454721821265346
0.4009976923102142
0.4928445436714564
0.5769931934921573
0.6458237278166064
0.70655080682742
0.7493501760745344
0.7763447920090385
0.7744852700024369
0.7620849429482083
0.7446298217296369
0.7343827011845876
0.7305497340779269
0.7275601074286212
0.7149069011227852
0.6723957877993519
0.591481933932254
0.48209268027826124
0.38682921307075246
0.32809945406736585
0.2919071796859826
0.2503419158139959
0.18122319382332802
0.1010501632753095
0.05169414441059339
0.04365498463507932
0.05473978184602064
0.054766743804227545
0.07547085530005476
0.11822914049892722
0.18271767258098623
0.23106148610944577
0.27011381195377526
0.3187683224653336
0.39290721271164064
0.4802568430623905
0.5551379698854212
0.6135976285715188
0.6607171699858194
0.6984990392525344
0.7233571454929337
0.7315738683346447
0.7351897036254881
0.7390032678218829
0.7499889847969355
0.7545009199757321
0.7579741615258195
0.7573710259926758
0.745051847179026
0.6950296860815428
0.5982842777965945
0.46148602915247156
0.3231914251313981
0.18257204028775362
0.09376731894596622
0.05714596020141099
0.06707080686510832
0.06470744596919142
0.0692930810301642
0.0690358938426093
0.09187653440357564
0.14664554150890524
0.2250066711272767
0.3011687716098277
0.37757405783364817
0.45177756520281775
0.5175768533084214
0.5883200346646394
0.6501583466222682
0.6929693131065915
0.7106322557286722
0.7215016504858509
0.7207710413099239
0.712285792410203
0.7019030382513395
0.6829087504751107
0.6512593943010994
0.6054626538696083
0.5481963140677938
0.4577557370761215
0.30243727277173255
0.1486511339646547
0.06494833314024318
0.057085632804231005
0.059834325462789564
0.06406943353508594
0.07253862344353516
0.07626596097488432
0.0817431166995242
0.11370050523420938
0.17796354104518755
0.2635519909416351
0.3514696252704519
0.45840604870237545
0.5733086128931163
0.6788025844926203
0.7514871368908972
0.7917070854319446
0.8114734498997511
0.8214785612231017
0.8345764693601792
0.8475363243748608
0.853989844616498
0.8436176808451117
0.830389100324455
0.8142622386439969
0.7942125862723614
0.7653162047060461
0.7210973639637597
0.6399166218473419
0.5175916083939516
0.37466524344635393
0.24100811850137155
0.14447547200626137
0.08641970916454786
0.0656655361536682
0.05948968094348473
0.0611870233218601
0.06069291811739971
0.06366484104252682
0.0665367182847216
0.08826930104558138
0.14509639269017105
0.22883490028496634
0.31827507245241515
0.41569830722291806
0.5155216085397821
0.6046008556563609
0.6672340785340661
0.708990600517431
0.7336780159218388
0.7482710670106992
0.7591194878481199
0.7728510121962554
0.7893576022981991
0.7990151851999567
0.805803412618058
0.7906167856351808
0.7346710880885847
0.6281933238089965
0.49022766028353104
0.34692983835088764
0.21258842649205592
0.11542082734845682
0.06505875204964848
0.056805185014320914
0.05679491713954461
0.06227077888255518
0.08410156050176022
0.13188443685202894
0.19299144830178266
0.2673833866501872
0.34547043817656553
0.4291057770965102
0.5058862580981541
0.5757092577945172
0.6236540897341971
0.6499637514930908
0.6553188666012614
0.6495529649937261
0.6432505876669972
0.6456701340384016
0.6545287903177713
0.6616303602960929
0.6657655021547347
0.657932401778969
0.6399578538280237
0.6113950860156748
0.5806147960229844
0.5456794595221569
0.5111163576240713
0.4884598685539878
0.48883560713032476
0.5018257891103781
0.5155518651449563
0.5276114998587053
0.5373563166343994
0.5472685287531383
0.5640817545891416
0.5874140487853454
0.6066738236959781
0.6159000658383265
0.6152701010918991
0.6196661524163635
0.6371405282792637
0.6591272740926927
0.6766972473535213
0.6863367430416415
0.6929234057181932
0.693151855669723
0.6928801874018036
0.697888606250132
0.7117440038517137
0.7253008123292929
0.730124410229723
0.7302147991227529
0.7382242306471897
0.7622836956941804
0.7899194684812423
0.8043080641903719
0.8098749202317042
0.813346853052895
0.8174339562669612
0.8222371187342339
0.8344052818851598
0.8397651455508732
0.8401324483529816
0.8395899959275981
0.8422742517411979
0.839539071940335
0.8228141194580719
0.7865566429630945
0.7152099624938728
0.6096952436562413
0.4628565147905128
0.28397746081423875
0.12873471373402565
0.05482480899836274
0.05295276925005458
0.06285465956729841
0.06748619759784244
0.07041331806047163
0.07871726345305015
0.10085543125555463
0.15977691205092934
0.25358423958608034
0.36149783196580687
0.46209227986137325
0.5504059333934812
0.6143428092164152
0.656056421767099
0.6851540444924736
0.709277955000972
0.7237408383422096
0.7294549726064063
0.7342853545783935
0.7380433480983313
0.7397728282534207
0.7316904449527554
0.717092945013077
0.693226385413204
0.6608386213494467
0.6116181437888436
0.5223281158466592
0.3885554613308545
0.21954363116302056
0.10182394659712035
0.054094346081968225
0.059784628847550224
0.052725408657209205
0.0548786711851001
0.06440273765577131
0.10348640369526252
0.16890996920761353
0.26224273052287156
0.37172468146663507
0.483948716659971
0.5808773368434026
0.6513337568460639
0.7018952839844619
0.7347992740199043
0.7566358254753505
0.7674899476043486
0.7724714309507841
0.7740141606949114
0.775724963951093
0.7737516470657937
0.7756754327431482
0.7620891174631192
0.7166404973457301
0.6108512640415747
0.4640203481602633
0.3217206586629371
0.21785648980109645
0.1475228578736066
0.09152574742146524
0.06042109821759001
0.04814015681254127
0.0478366852535289
0.061095781451088106
0.09098202380008198
0.150062192522831
0.22522149505093006
0.31831010031115875
0.4065833520942114
0.48759959869010483
0.5573460081469969
0.6170667213140512
0.6596260581373627
0.6854305107691988
0.7024104861177854
0.7236719148321702
0.7396572860622196
0.7545577090146539
0.7613860580606913
0.7691541263990395
0.7589933834728123
0.7187820920916358
0.6426116304604942
0.5394568900509534
0.42299141124340933
0.3164714511412501
0.2159574908935322
0.12478752709152946
0.06510578316309448
0.052703077829536406
0.05238427617916709
0.05429727827595688
0.08144483376242954
0.15357514403381456
0.26318645878686453
0.3843078645670577
0.4932453695674035
0.5834403335829528
0.6547640752090992
0.7086202891252761
0.757844383693079
0.7980644192490514
0.8174459880282522
0.8197902715069147
0.821992955402093
0.8221584142989325
0.7992734979053531
0.7514525470676131
0.6822364621497282
0.600656800983376
0.48975449854384917
0.34340038330511585
0.17354911083470373
0.06341319260077521
0.034814313054427164
0.05147631501989948
0.057748809851317875
0.062192134740812866
0.08066218587768594
0.12512879567187032
0.20477911643646812
0.30053868764310604
0.40653220247751365
0.5065760176114755
0.5897679759535629
0.6520554459072403
0.6965702808233594
0.7274871265201509
0.7453366964076318
0.7632050236290759
0.7741378318468769
0.7855603552320558
0.7905871243919286
0.7660639078009177
0.7039776793655667
0.6126541450115168
0.48479630450641964
0.3139900949741974
0.15034804185362816
0.06148769319454235
0.04396448150773845
0.05788991220476328
0.06537316683404992
0.07332756251091802
0.09526939458842058
0.14126382008210803
0.21780011798478055
0.3086118528470233
0.394780929092577
0.47540290155577725
0.5640189469583982
0.6449468340647785
0.6935883742229914
0.7175729327098782
0.7282185651124858
0.735402237715031
0.7498334846244985
0.7678416890691389
0.7773095298798798
0.7796070254857824
0.7818536903000969
0.7628041609139897
0.7145185034714819
0.6554586426765256
0.6004129159891307
0.5377780060437037
0.42846288178633946
0.2780000398996289
0.13061741147031464
0.05728757873514484
0.04036977985110477
0.047398286771993973
0.04787828181793558
0.05669025089141988
0.08555623489385518
0.1538610345888756
0.24147508407477858
0.3347515216351936
0.4269771558903074
0.5141669556572939
0.5942756020859875
0.6690878341759767
0.7274555159169956
0.7576548619832093
0.7694838284930863
0.7731527503110461
0.7818725218772268
0.8008644571468657
0.8221415330517852
0.8294947294839413
0.8048419121086368
0.7460747735656614
0.6679608998951791
0.597105261847649
0.5397396109567689
0.46872316783060325
0.36172808803514395
0.23258941577366088
0.12675792506501818
0.0687611214631261
0.05711659051321745
0.06669661862419077
0.08681739125125826
0.1187212010687115
0.16861100310811927
0.2287906072711244
0.3048614354925502
0.39229460048028153
0.4861831411537958
0.5637863557542369
0.6152309178344905
0.659231420017015
0.7138844214275356
0.7648748766842015
0.7930322169724846
0.8028695078812911
0.80738005926531
0.8189705900017739
0.8400183140233662
0.8582439929319765
0.8637952531359646
0.8637632085171754
0.865682594976052
0.8675853608052473
0.8702757357577432
0.8776335683021691
0.882185832478022
0.8825434534305924
0.8776053123700456
0.8734630928840715
0.8685887542803532
0.8685011058100905
0.8660089653608178
0.8628734707563284
0.8616240935599249
0.864144437416328
0.8640734082325799
0.8627584467878916
0.8636811654954988
0.8649285811147306
0.867524761417113
0.8696900504874268
0.8702796158950337
0.8691815844482511
0.8652826091619722
0.8647247171095706
0.8584040244082589
0.8451197699044403
0.808743841857469
0.7558138819626563
0.684412291213464
0.5955110044836652
0.4630653771261843
0.28146838220589915
0.11553392041414158
0.03562473624148696
0.029161411700763952
0.043934242569522525
0.0473972996295513
0.04303208564941422
0.04180458390279121
0.0785254906147808
0.15023437588146354
0.23253674870424842
0.3204877041185814
0.42629905562680026
0.5280047690850639
0.6002195344636293
0.6612750208478562
0.7365366796204332
0.792812399854184
0.814998917069529
0.8144670387619714
0.8173299555292336
0.8247272390178035
0.834809845833505
0.8374273801806891
0.8381826866329017
0.8413980515775115
0.841402469153875
0.8348329328200927
0.8124875882687442
0.7710672692894349
0.7244675259747597
0.6747708535976831
0.6000954624067825
0.4763951406958473
0.32545010457199247
0.17788146008466446
0.09386766002588788
0.06449073267339203
0.06675239731071274
0.06696108154865547
0.06553951709412774
0.07848874555177161
0.1207193263346647
0.19062097194247354
0.26054154333391316
0.33294691725192976
0.39381353441153694
0.44999187842350946
0.5028420459326525
0.5649820819763008
0.610538229830278
0.6405583864445294
0.6675771966556608
0.7036450162041975
0.7322038337636818
0.7420340036472335
0.7474636904791374
0.7565689369091848
0.762046797329812
0.7592048451882296
0.748696631660744
0.7361475960631528
0.7199626418294143
0.7010992746886394
0.656464971935949
0.5747575356942308
0.43835303690128874
0.2886657541495041
0.16891756755739615
0.10180112492729802
0.06829584768916898
0.05717752464744845
0.0627426274871229
0.06665548430587753
0.0646756693212268
0.056321714716448895
0.06558487034255275
0.06837502047620153
0.12512910277310452
0.23202683601317736
0.3638378332958546
0.44640467490922153
0.5143720074123359
0.5668055345140142
0.610557836400702
0.6567446565687552
0.7011682054001714
0.7323567469446957
0.7504980744225753
0.7621749516500158
0.7637003924888749
0.7627740430910936
0.7605310380037712
0.7666666075215628
0.7681107487046123
0.7570480317778363
0.721083151048443
0.6538562807340424
0.5528722837444394
0.43707524990116026
0.33002473066323956
0.21633952087225825
0.11453982953717616
0.05592889951985846
0.04703317473423735
0.05137050165618097
0.0518296127232004
0.050016671068922665
0.0726253589745675
0.12510866598807843
0.20153392672958384
0.28697108211453065
0.3714446364074824
0.45067582065270423
0.518568914291859
0.5755010675013349
0.618686427205124
0.6601079413224679
0.6999780495741565
0.72728928391123
0.7489351718467908
0.7626024009935152
0.777574210392066
0.7844383214036353
0.7852787243483942
0.7832664469591933
0.7885697236282659
0.7773738874776842
0.7458219546045372
0.7081244610773284
0.6594387038429652
0.5760115045695567
0.4446435905331055
0.2927371497832182
0.1679448763351179
0.10439029264912346
0.08387936433559971
0.07823443167183
0.07904585924641211
0.09566036952703255
0.12255091480576347
0.1588592738425929
0.19578503638291006
0.2402793140435019
0.2828146815901442
0.3155899030129411
0.3416653306903691
0.3648342585858952
0.39206317842335164
0.42091938223799075
0.44759194966597116
0.47073947855053305
0.4937942065196584
0.5181888923119294
0.5338933637559216
0.5432261357704201
0.5505509415672097
0.5636433427896975
0.5777710876312759
0.5932662259959014
0.6046609326567441
0.6036359320541641
