0.5057810362624552
0.247730922799578
0.1520823619730145
0.22384736371451505
0.1683917664696383
0.20011722455467576
0.1557956558295656
0.11124476246982686
0.05591321750917902
0.06179056946356005
0.06882898121076299
0.027500068902656223
0.009527968770163864
0.003173529708014085
0.02299753316084948
0.005266122178771602
0.017453922988002152
0.0118983300623536
-0.016531481160852592
-0.014931326913514845
0.005264731434737016
-0.05219765570986179
-0.3435038672480541
-0.1474085960523399
0.18941200722464047
0.3258367983983013
0.0342811735892575
0.0010348275145178028
0.02170867757811113
0.008738668309344486
-0.008751875728455608
0.000661626967414077
0.008862182913324334
-0.023360126671040357
-0.016028735363729812
0.019194241005987944
0.0331027224099018
-0.02794093338002871
-0.025905454130317758
0.013418876814948289
0.0364640175435656
-0.044208231379744244
0.025803456487261827
-0.7081615217262368
-0.15674093980511755
0.3203947986780347
0.702282553593378
-0.12432197685754531
0.00880819458349804
0.01030434763053956
0.11582945798564216
-0.38406440900183325
-0.8449471794363071
-1.0
0.5459716706235874
0.25421296329878484
0.38921898940068916
-0.7642709335573872
0.09016129914842097
0.4005408885480468
0.7129634422919681
-0.02059387044436682
-0.1886120517293912
0.5344012548733569
-0.6148107875720967
-0.49576660634710185
-0.8210039966002058
0.6558341295559132
0.4430512361437811
0.5235041383014357
-0.5757261205617491
-0.4334876061225211
-0.4795367614200985
-0.5623623177192522
-0.42491412932591427
-0.16650551866684782
0.04268517532972345
0.020139975498627866
0.010290709774481628
0.006808997408049645
0.0613191644764812
0.1646564296694056
0.33192695638302455
0.42745220349336327
0.4415050054139629
0.3682670928763167
0.3131842829478373
0.22760643823056867
0.1858770038363778
0.1559310838803449
0.09674898717529579
0.03169706524942646
-0.0032648143679368455
0.006142920674724479
0.010992296394206095
0.03083840015508842
0.0142051223928498
0.006457097766961252
-0.039507665627573796
-0.0768928107476468
-0.12434591443793493
-0.23692676549647348
-0.4102702595360484
-0.574392664192534
-0.6750629246344895
-0.5212128647264805
-0.23435072459336592
-0.00838723412263219
0.00326575704278237
0.07645670797201735
0.1595946050191745
0.34182665249935484
0.5006394978272586
0.6015070039601031
0.4854688436306623
0.326987718757823
0.17860577107854375
0.1163961259434007
0.07204073254116179
0.04785459294639709
0.017368061189123755
0.004342209738482582
-0.029112276935312813
-0.03973854409490203
-0.03992113063508504
-0.024072171347176086
-0.03812044117799768
-0.1585754186345437
-0.3499301705782737
-0.5845184708034058
-0.798431229966577
-0.6317813542592475
-0.25287463969608825
0.03263545060891454
-0.0058138235219858765
0.00880531466835035
0.04466937848976357
0.16490302948281776
0.39245145139362964
0.5796875151922204
0.52561673940692
0.32742785395907603
0.21647569171784012
0.2244508703949744
0.18204103323472887
0.10009506665318338
0.04168571179947115
0.024332113188235287
0.028643386469776048
0.02199159414218155
0.014387194898446063
-0.00717567659358444
0.001103768693073314
0.009289932221628746
0.03064948472835946
0.01770922265295677
-0.0044086922522553265
-0.0017822416552059788
-0.0012941623708645682
-0.02454561634324102
-0.060508631739241044
-0.08021914046285973
-0.21130398215016943
-0.3988575149823303
-0.5663266306993568
-0.6453264291454995
-0.594971567138585
-0.33350828394185805
-0.06723864416579554
0.03933762599736183
-0.0054073101379503805
0.055323903996598874
0.16115638137741228
0.3494537954262818
0.5114379103350287
0.5638248425246624
0.49756372502494484
0.3390130151503292
0.20976700065581302
0.08967441318447236
0.06857658328751175
0.06377553098583638
0.040939836062037674
0.015716192288145317
0.012871199444926837
0.010199443933028287
0.006276362300533207
0.004973485160253834
-0.0014162257688100106
-0.003827875056553231
-0.005584345618176854
0.02922026292204758
0.01409777726392114
-0.01719024625386999
-0.12278014474059472
-0.17381090529141938
-0.2984890406358892
-0.4555370445600954
-0.6209011354952179
-0.6786637486382362
-0.5204844631652472
-0.24813955809310842
-0.05948482405408826
-0.025302600331818213
0.0446275216513192
0.09528458604372736
0.220890087930801
0.37289623006472106
0.5351866742791989
0.555350236467132
0.4981274170606259
0.34056142064777717
0.19571235045739802
0.12416276760585682
0.08743431516824335
0.05730892594893071
0.020664651247266467
-0.007134993917785042
0.015537074652612337
0.014126491823460825
-0.004007449632549239
-0.008898575596135586
0.026441649212359166
0.01938814893934929
-0.008974834763168108
-0.0054005782968384345
0.011906622496385352
0.018346467898555277
-0.03305790348179228
-0.09434378223167873
-0.17006325360073818
-0.29851230863003037
-0.4439728729995085
-0.6907687128978458
-0.7817437177577403
-0.5280716698502058
-0.11994189030651242
0.04063454080381395
0.0049029126561251106
0.019518115415566584
0.10810485971647266
0.28086640859966044
0.47808931736805715
0.5574273900878384
0.5522023671932325
0.4648061161070274
0.2923126899263307
0.14072731646510514
0.06483079587731803
0.05589988066522324
0.04135984419251715
0.02945880559360091
0.02430305122533447
0.014743257113406669
0.03112510813097981
0.0014674178126401613
-0.0029787791655670644
-0.011128661946211043
-0.008214891674012908
-0.01793315698699649
-0.017039805832525415
-0.032814615912848365
-0.07178763873125543
-0.11252978886736725
-0.17773927728135167
-0.37449631847986087
-0.6068151720152097
-0.7342511784392919
-0.599818005033472
-0.34538804488315106
-0.104657354048263
-0.008222778444134625
0.035793651616059775
0.06880634241748566
0.1507165332684401
0.26642515495288005
0.4096595254453819
0.4841906364979456
0.4734946180269894
0.42722115929886534
0.3252668073443904
0.19976415636945347
0.09230715297169831
0.05113275471795988
0.012302276064779636
0.011390448037620477
0.018540820308301904
0.011749727736992231
-0.0189816585850373
-7.668147811128024e-05
0.004147775589371735
-0.005303771933126006
-0.023533635970079025
-0.02900584688901597
-0.034539757361525786
-0.1513923728670882
-0.3320568330192543
-0.5547309651737239
-0.801783317896062
-0.6605196514359182
-0.2902619119075648
0.02985596608369614
-0.0042295496172672494
0.020007999317804052
0.02528053471509456
0.01964154317084977
0.12975056117934664
0.31704139876447723
0.4585323825256146
0.45519712456952327
0.37844444829515567
0.2584600081720407
0.18577040505027984
0.1564520435202811
0.11207428085513901
0.054269376132424614
0.02970230251074216
0.03830671993294809
0.04628866878872253
0.03151491682431682
0.008946141452942735
0.0006590266018433111
0.0031897644753519166
0.009343445720018733
-0.01587329991703693
0.0020494191402390055
-0.033077013384948555
-0.09769537377166589
-0.23406940730696504
-0.3103031236138969
-0.41237833274139774
-0.5113504787110262
-0.6248889748380597
-0.4152783236170992
-0.13504547721070406
0.04376607830494977
0.015879787408388375
0.03422270530399826
0.06648686986623326
0.1375235905919189
0.35085939542559774
0.48504142565410796
0.4860416379211952
0.3319784930576379
0.25693108910517676
0.21269994940323927
0.16302888688374545
0.0937830332703405
0.07284643425610586
0.03369688848629607
-0.005553519067569312
-0.03305851047974015
-0.004819708537514082
0.007395937580926786
0.011525141915404468
-0.005142462501347352
0.006596347346675477
0.00422648556404333
-0.007961677967413304
-0.008880975345994031
0.013524405482063052
-0.020560688928496516
-0.1166089510352901
-0.19488472410238566
-0.22186860314702483
-0.269761924262814
-0.3670536775056317
-0.41716278782927574
-0.36257307443586695
-0.2863856463813794
-0.20870014353925392
-0.10304088791020752
0.043457516406690724
0.11661109869993838
0.17512765294479835
0.22229422390302492
0.266873264754734
0.28047244827761636
0.2686344299684883
0.2284882709191586
0.15608152268131467
0.16244552030231865
0.1399713157209288
0.1354504707347479
0.06175044848171933
0.05119600049281723
0.03060902840357556
0.03658498424182054
0.006162796150158856
-0.09114444437472463
-0.19119259349918188
-0.3446029200737522
-0.4980431099136177
-0.7042461021821435
-0.527318180364526
-0.1996428050117241
0.042209233940537334
0.007359027076295918
-0.0023089989883779373
0.014543114674704911
0.03811184465604058
0.09369337510713302
0.23570761721274724
0.36185576148608445
0.3771922230234022
0.3132231361372578
0.30265234777525535
0.27672876197260066
0.2267562984430856
0.160908437138856
0.12169616864245089
0.08267753755901457
0.06781548407953127
0.04453380725192052
0.02824952758558129
-0.008865620700771997
-0.011536802619164687
0.009151409957569287
0.01479244887481156
0.010524165278456753
-0.004327655651701086
-0.018638589841297213
-0.06205584359610144
-0.1533015362295656
-0.3363795633278759
-0.568788277921419
-0.8397547306239656
-0.6548342021614625
-0.24609235117894174
0.05994822064282677
0.0037756926483393538
0.008103289428841545
0.013329638715151615
0.06039387326580643
0.20193560437914557
0.38438877280953837
0.4843458051189826
0.44214524589788334
0.33304641722292727
0.23475995501505717
0.17779381723655718
0.14085121608448345
0.09872714495672867
0.051253812126829626
0.019969477090902788
0.01913977961801593
0.014921755264809192
0.010089057757359384
0.0062333336482493775
-0.0024900098404817984
-0.0008361751144398881
-0.005297190370793934
-0.017089135155267297
-0.01629575603333124
-0.05554959099357418
-0.15945172807237953
-0.33185458931993284
-0.47140023676076703
-0.5027530528556038
-0.38651710197797967
-0.3348253187280476
-0.24445638668908928
-0.12680283974581436
0.011802628913361608
0.004003119528880955
0.024589126017613407
0.113617874527886
0.23415369369043057
0.31855334026000226
0.315372416491071
0.29824471990754037
0.23317917286511972
0.1693690582623939
0.1683479698690476
0.19496246885637877
0.15387987292265523
0.088977987092571
0.08160229636377636
0.08911153567374873
0.048260170927629624
0.012932802489728256
-0.006171572203298731
0.01122147595621984
0.016358991896512003
0.007067267330879636
0.004525634679281881
0.011454339667812907
-0.043809682708980606
-0.18105318493429778
-0.3520845180662422
-0.45740951408330777
-0.49417413650117586
-0.5061695149088187
-0.35338107709621513
-0.16502910813693378
-0.004384440840630464
-0.03561848783133834
0.008820406414890299
0.020236291513860246
0.1918086949045851
0.34908233232396724
0.4317631485046639
0.31542108473598357
0.24303340566763576
0.229669887276774
0.21184194348022575
0.1564437720976339
0.09539740634227137
0.07537461517407665
0.07921529708975558
0.06935945835652929
0.059800929556038496
0.03141377687963813
0.019675407200918454
0.01165786463213099
0.03934750221122283
0.019296340860507244
-0.02913805256792366
-0.06755235150170721
-0.10769521440195266
-0.19668253397544608
-0.33788264812388374
-0.47038322790140047
-0.6170036225388994
-0.547709292555935
-0.2815874622317682
-0.024080862612364605
0.017368897760900504
-0.0031220833579431884
0.009523682055742357
0.08271364440389144
0.20658469733094592
0.35552381911270914
0.4253381461988658
0.4125761143016483
0.316980029335807
0.2382287839954901
0.188186058828495
0.15697219273953958
0.11597197316838402
0.07294369235956079
0.04111502547937529
0.022339470292508136
0.008294336989809092
0.014063250891035058
0.02472203324501157
0.02102679056279746
-0.007343070301973568
-0.01644060836488599
-0.022045091856495235
-0.09606150645668118
-0.25152638797299953
-0.450379586849948
-0.5928693062781776
-0.7243376473513062
-0.47825314063377344
-0.16705720933768234
0.045773531857670094
-0.02332855233900177
0.012128498621158857
0.017660602792435406
0.10603800384144296
0.21435633788893438
0.3152015854591745
0.3175282248846976
0.3094303452693145
0.2937638365201141
0.2848690185358705
0.26585409660927056
0.24054904719737485
0.19281002517687115
0.10563215685249451
0.04099999976597086
0.03210243816952017
0.04314150997445251
0.032895197380249125
0.01438826196621841
0.00863035208730275
0.0010995357858460347
-0.013387405381755774
-0.019699908988367473
-0.0323776890403706
-0.06913029405301346
-0.1535736636110387
-0.23613447616784597
-0.36422600156769924
-0.4934719055542841
-0.62772668591948
-0.5088790790828882
-0.2235173413160745
-0.016392017589957276
0.0028629450321587427
-0.009597795136605148
0.025333780991126258
0.07615829064229172
0.21608347886847937
0.3261128349454865
0.332029340139368
0.2895968415448159
0.23698481181478523
0.22850685990187247
0.22009135152089893
0.19920385151863043
0.11219107322773772
0.07259472162496887
0.07146861227017474
0.07945495194150122
0.0408511688756364
0.012743773479614782
-0.008439620965182113
0.006325530424845239
-0.0007633380605145931
-0.001153822022157146
-0.016481479539348594
-0.011269930642755544
-0.034186321949067476
-0.08994915582460496
-0.21123011722549287
-0.38423675471302393
-0.5489476851402749
-0.6676707771702068
-0.4412812967144337
-0.13042351072346103
0.04978395652505931
-0.00995778928536051
0.007397100846993401
0.06915360883717231
0.1597928990194656
0.2539383897354301
0.32882012888479045
0.35015988987954727
0.30495880596292557
0.23019141884149358
0.20708359606646137
0.2120875005835115
0.16973918250306094
0.10005165544632008
0.05150242749932426
0.031023684195088677
0.013188447401887713
0.010462596918022777
0.019980438705715052
0.034740896597058285
0.01613968094689392
0.015457913425756866
0.012449708897783717
0.008761919131888255
-0.006230850994226294
-0.008539153509986627
-0.009484113668722337
-0.02337602540514409
-0.01704407180798982
-0.015574114023482882
-0.014213863879838137
-0.01605334849615656
-0.015499160759993065
-0.014472828834902234
-0.061545214210247584
-0.07360355925548924
-0.14241368188073414
-0.2901160753881504
-0.4961542680910367
-0.501337335643042
-0.4309665518645561
-0.29764766520581054
-0.18460178034440208
-0.05254698078324893
-0.02036329337848613
-0.006391246263338042
0.018004588996614557
0.13824677080376835
0.17024540015024864
0.10239270298957798
0.01246517425610996
0.014770277191357551
0.0042874862403747905
0.041623964451481484
0.14736654671722904
0.2286622762410108
0.28051537080719985
0.252219361076099
0.21204798687265908
0.1396308551291507
0.14939540568559195
0.12012307894160068
0.0909329483312102
0.07079329585790975
0.11716391037984801
0.12177498610016965
0.051159812116376074
0.009919906451201678
0.02736858158356166
0.009892525378366568
-0.10004173656709546
-0.28917865803687753
-0.5158241260046452
-0.8043667963253589
-0.6217953149036171
-0.23655473892994003
0.06310281709751163
-0.0047500444610070495
-0.007786727570358716
-0.012597042526874339
0.08845697260042683
0.22518830852747812
0.3381579244578769
0.31918484543351144
0.302052500732508
0.2835539636060483
0.26804838335979325
0.22682214433664377
0.17088376683258324
0.1262636682805382
0.09188941162277146
0.07501224381632524
0.04822274752435101
0.03156374307913766
0.015424107575616759
0.026963195775616088
0.029031097457888528
0.01949241810329824
-0.035390946061520046
-0.1322109187196859
-0.24767653681580035
-0.3863112748904227
-0.49426501211664503
-0.588970999407789
-0.4975636245980768
-0.26579115959794297
-0.05726589834532358
0.007033357375454368
-0.04606742942042991
0.0038262644966315634
0.1610848994611626
0.34345486290172833
0.40687736008112657
0.4464572946678621
0.4457311826387369
0.34779438541019625
0.22106207757013102
0.13867237815977784
0.09367694247838576
0.05650457280135524
0.03761046770382037
0.02814296899132339
0.012461109268297372
0.003370682354306336
0.009056863577894236
-0.0011054008394526592
-0.03275216774863235
-0.1229986260265184
-0.2551756615967715
-0.42908522918671194
-0.5288917093616138
-0.6589494363317
-0.47766123605345956
-0.19829083685508034
0.03658980191422015
-0.0025962558708590446
0.016864475402446913
0.10071338483122314
0.21466278167715286
0.3287937548591953
0.34778837489895487
0.3649931690876573
0.3200833350969673
0.27493902274526055
0.20052477418039605
0.1450052620816673
0.07831235566911404
0.04451278209753193
0.042517514151123016
0.03678562284228971
0.011465677482735541
-0.031017515261738106
-0.07198922025404166
-0.09409531706809504
-0.17597258443969319
-0.3294497543726833
-0.4963893359831127
-0.6846576430958355
-0.4943690186031118
-0.18639565755949847
0.062190580386864786
-0.010831517997284906
0.012921345980419812
0.012490577830320843
0.08155089092629109
0.21287915171276878
0.33463994621355697
0.40981411752928654
0.408834736925884
0.38256841610777154
0.2982423147535806
0.21707972244993362
0.11416359894979738
0.05925761927634648
0.023869271799049126
0.016692815569122808
0.012697330501792444
0.009973355424593345
-0.030897113790826634
-0.12825270544340425
-0.285531780857959
-0.461417481888789
-0.6594714338272234
-0.6497448430459589
-0.3810968072938153
-0.0796165578514589
0.01638320141621414
0.01510372601690262
0.02797749613240023
0.09483760667455333
0.2110251181542849
0.3165738889436889
0.34419277688768374
0.3368115234798439
0.29001077565212124
0.267201785334972
0.2238781311196222
0.18872805740892967
0.12863844502952596
0.11411755712283805
0.09263299045842215
0.0650599243260851
0.03377955789214763
-0.010626877836450194
-0.030527296368823127
-0.0626089692706656
-0.05930057356308009
-0.11799065916518933
-0.32894072806441943
-0.542908125013127
-0.7855137121543989
-0.5897255473157518
-0.26746032345769244
0.04764504146705436
-0.0066199380201453365
0.007981748536814643
0.037723557003134636
0.1700597838490485
0.27875849909449324
0.38757207335655647
0.3945313756910852
0.3932303964588511
0.3082771425703458
0.2524430389314681
0.1705212674293143
0.13505647296551326
0.08575651190340405
0.04702897791660455
-0.014000901411705652
0.01372249339829403
0.030196108113119267
0.027248051347810047
-0.02145628097779838
-0.056736837156218176
-0.140383233432525
-0.23441171838456967
-0.3441844033334518
-0.4161669920849322
-0.440960029084424
-0.4723952678321985
-0.35124652207895957
-0.1661675375682861
0.005633538977559061
-0.0036664794640521477
0.025393824960192383
0.09202302497405246
0.19023596677436
0.2431716632077444
0.29116411322279906
0.29421954368539016
0.27073381750421593
0.20991168992694176
0.20306270889990902
0.18055327297139448
0.14411832894669518
0.099981426963877
0.06404511141274823
0.050052186066931084
0.03312554066357847
0.028586868277225598
0.008325924042472713
-0.04605654129032233
-0.12763497539544025
-0.20494363330860502
-0.29220302142930915
-0.41917038631690257
-0.553130122078189
-0.5035460054850327
-0.27557402441631057
-0.03884223848192193
0.03141333064062567
0.020917131977584963
0.03792272367068796
0.09242954811223082
0.190498210502537
0.2911392759908887
0.3182962418316216
0.26667518985097843
0.22632891036281186
0.21690642693636522
0.22217945366694958
0.16655346914624988
0.09817366179344866
0.033503372449552295
0.03492802370972827
0.027302001799058333
0.008308435821291692
-0.030565866895444858
-0.045867887135577774
-0.026833528577868238
-0.02589186650263971
-0.08569274361926058
-0.15931568699644894
-0.20869278220715365
-0.22972632162585505
-0.26500806350854655
-0.3371206835562193
-0.46130652603755845
-0.37440547346647
-0.15002405088392742
0.033894220532585936
0.009323677476972785
0.0040352734983788476
0.03839320681506556
0.15859564418182936
0.3107834460907944
0.42867731241991297
0.42951474471481066
0.3799754607913536
0.3254659707907372
0.27207767156257834
0.19720069887981947
0.13609762634706035
0.06572574695379854
0.012063801745392594
-0.024971952531115223
-0.05574983197353967
-0.10786917921810256
-0.1512518510510287
-0.2291130895430605
-0.2801673222543766
-0.2774803709563296
-0.3730978023870718
-0.5110005088772457
-0.49897001897617455
-0.2250466590911247
-0.03162911327336426
0.04663790306966107
0.028547523777803282
0.054331675111483776
0.13966826996798476
0.24525711399593428
0.3736562063250463
0.4186866889748727
0.40476982445063797
0.27342970892658636
0.18566811941634684
0.15923418548495083
0.16082304315272203
0.104624106037277
0.0531493979377418
0.04920547501337267
0.04948714064040038
-0.004494567005698218
-0.03760369368813378
-0.04870175772257013
-0.08269983575325901
-0.16226164538185928
-0.2189385816393812
-0.276142499359447
-0.3686778159260066
-0.4322829214275378
-0.4785279510954449
-0.37655494620053237
-0.19211154984550444
-0.014964493889808373
0.019055319863309758
0.04341692429248197
0.07167380497235
0.1247845307447695
0.178368000579767
0.2638398996925673
0.2981531984379456
0.32062913231153234
0.2915791291103748
0.24932180335530543
0.17902047192541326
0.13611058582067315
0.10133650493153945
0.05887824078591842
0.017792162754502433
0.002188834385590369
0.02833303886782417
0.0394971343131613
0.04432217889153752
0.044762113077223706
0.05318782380144176
-0.03708401011084591
-0.1719545170586185
-0.29847715791977686
-0.34555841377494945
-0.38284021290643006
-0.3757191056174626
-0.46380919142963906
-0.368602066228315
-0.17304144131570273
0.04500261517624479
0.014928376672002292
0.023118885663894796
0.024527358529166578
0.10309491285620948
0.18195055799970064
0.2903566513278488
0.29705181315877666
0.26313617252196203
0.20233066007520123
0.17562098588485836
0.18409467380875977
0.186441733660998
0.15558233551778078
0.09319031357479228
0.044838740347435964
0.02345222613992164
0.02917874108493002
0.03285571051328263
0.030897251428250765
0.021332145342639726
0.026417790721648026
0.029808116855965548
-0.03478481455267228
-0.12113319470146425
-0.16100678930773918
-0.22481937627511162
-0.35583466975524713
-0.4345468269294182
-0.4101642852398528
-0.37620742907831906
-0.242072829167912
-0.07128144991727704
0.035935233842609625
0.01864438518096978
0.013354459733858513
0.07048926487292559
0.1343386971661809
0.18208982162206366
0.24655127173680902
0.30844149064012494
0.2855052130374452
0.2348896598359796
0.19949972295319776
0.17237827102015157
0.13419289550013486
0.1265702099399213
0.07945103400980241
0.04582567705354672
0.035749109880402426
0.04695690186750418
0.0320792626003677
0.01217389354556098
0.01739332961961015
0.002050965643342192
-0.06690239576177728
-0.15859360425475874
-0.2850257385152643
-0.36730806319564396
-0.4251122090395867
-0.45857913697910124
-0.40856484712435437
-0.20532215379452642
-0.028324060003583663
0.02030711090325599
-0.010208541143834921
0.03281542954669874
0.0557547698045245
0.16515616093057725
0.24986371895676815
0.32497369055153974
0.3225224917718929
0.3129721737393553
0.2975360083653693
0.23361637348484163
0.18100677139898827
0.12215577723621905
0.07843946002692334
0.03146862727375829
0.009258571360163793
-0.013024770667907894
-0.02777382971341746
-0.03343286778656197
-0.07066954718329627
-0.11167582860278122
-0.2441893740495448
-0.38465221083781276
-0.45539468852397835
-0.37524106325512263
-0.2870459364359704
-0.20058413118790988
-0.11035631201960687
-0.03462931147336957
-0.01863399412487455
-0.04217456144260194
-0.044391455023897214
0.051301855300992245
0.11234987747571382
0.16544309126260154
0.20155426944896848
0.24543876459225442
0.2340959991292976
0.21575161053762032
0.1698621400080462
0.10420805222030015
0.07515874121191961
0.10180158357357369
0.11532571825644979
0.07423858721080334
0.02730592822092405
-0.007257562718480332
0.002883866352465826
0.011032001535569156
-0.011688828856602412
-0.15253181409395716
-0.3015303211095265
-0.40087623972622094
-0.4780458513563233
-0.3633737329650953
-0.14002801264118933
0.0493375517676044
0.016595072092770585
-0.0008216962049256246
0.0186015015288171
0.056318920308631046
0.14461409237360903
0.2727530537660851
0.3509608468927442
0.28101812769147955
0.21024997374393806
0.21324811672358138
0.20501036683340323
0.1469872041008828
0.07605061159038161
0.04527533018587532
0.03837641487899492
0.016575246097668386
-0.042590312349452084
-0.10730610020108049
-0.10350618263346117
-0.06776032115767579
-0.0446125551093485
-0.046082136226295006
-0.10349312402980959
-0.17660239233325895
-0.20816806479543623
-0.19206366561171828
-0.2080290219138983
-0.28997337163932
-0.347956802742541
-0.23571335784615993
-0.062407913092240065
0.03195582412618773
0.006173071914611426
0.004377496304837944
0.030663175357281604
0.1658883085850628
0.2930232341879834
0.3490764260140549
0.32401528783096434
0.30854989836626745
0.28268859481868686
0.231228986683223
0.20400627543747993
0.143780008085395
0.09068559106361133
-0.006246869845217758
-0.04165760279840476
-0.05863865552427397
-0.03442413055931242
-0.012876452416968644
-0.010043338286777614
-0.042507124216133986
-0.14281164243496855
-0.2718216358764725
-0.3674817655376275
-0.3200276622361427
-0.19729648760955878
-0.12158416338191647
-0.1396341600522248
-0.23219712302975887
-0.26933291735840076
-0.16580638724974328
-0.02700671710485844
0.0372382177739973
9.057588084078716e-05
0.06955329881343209
0.14364199051896098
0.21664248392625285
0.16240598920670765
0.1311922073718354
0.1634497432509
0.2490618536340918
0.29344195437959314
0.2515553198435221
0.19638911382137847
0.158293174986102
0.12692424127292207
0.08350821002982887
0.02760322166888127
0.01214702077386277
0.012811270367700203
0.03690536807626958
0.015157374697332866
0.011667992004058965
-0.0020261707907723763
-0.041384993764856805
-0.16804422246316136
-0.32500608841034623
-0.4595594197324771
-0.4645862692393031
-0.4723961274533423
-0.29833018049452514
-0.12302562745700547
0.03334148513528894
-0.007939463938397865
0.015404961749238643
-0.0008639934783290463
0.07673074492218276
0.18399075554049868
0.2632460255444017
0.2558586169799182
0.2566755740627768
0.24927892810530644
0.22104583180217777
0.2376543244984204
0.20773934638895444
0.14381896779178804
0.05933680981024852
0.036514595741981466
-0.002454405171616723
-0.028505306897500797
-0.034879777510055755
-0.06380932471863576
-0.10632270443807312
-0.15384936332837404
-0.19238028374166416
-0.3038256665894012
-0.5217761487221416
-0.5166284613550505
-0.28119081171068794
-0.026413920059373083
0.00923394572452634
0.014227402963849764
0.02845135839461973
0.012521600897903683
0.018399932247290876
0.10735750696173973
0.21588495276984654
0.28752545270179103
0.2953501043826332
0.35924173874825444
0.38600315609770863
0.35439597256587596
0.24417615762438288
0.13511471379486822
0.06640303567538475
0.03361112587105718
0.0440010535430434
0.04353727850607782
0.021679926803697167
-0.03484420021011181
-0.04444003375929568
-0.05417650642045731
-0.0673547117822882
-0.09707437395291993
-0.1485485742264775
-0.27271821905795707
-0.41093809868612347
-0.4801461860134134
-0.449007142939421
-0.3242913374128129
-0.19503226794278386
-0.06972147524139408
-0.020747140148895702
0.005702044333350727
-0.0016598947961631502
0.009983864475590513
0.0096477714594072
0.07300834054426197
0.19090467546269915
0.2813107648741292
0.3004649111332862
0.3272831756499001
0.3353459483849106
0.2992524211445808
0.21040976654995863
0.14027667168929048
0.08293479200496809
0.04902383003431678
0.03644413605051601
0.046129620985777484
0.05545216436758072
0.03244364045840275
0.022804340583264675
-0.05101788621651669
-0.18794372410367427
-0.35770092125986613
-0.4634812280215034
-0.4813940569342412
-0.45130593331266006
-0.326424394477427
-0.16918612869857075
-0.0277269958868087
-3.4493852230216996e-05
0.01839558525123939
0.07333822934625199
0.1605215793793101
0.20528261875986464
0.2499119422873966
0.2623252888378565
0.28096418049297783
0.25793600170780995
0.23456307037904545
0.16106565225619196
0.08838455909422048
0.01798994955055086
-0.019369943864462533
-0.021172177976790874
0.008128213171433557
0.029759729965165273
0.023856982167345973
0.013891576916402058
-0.026314482086368857
-0.06038361534714621
-0.09595363341196118
-0.10340316742675575
-0.1173616119329525
-0.11611112868674188
-0.07611210723398455
0.001262254479307547
0.04363915877682608
0.04611131794577702
0.04051308248582763
0.032736693541205904
0.033299040701926
0.056482275070096274
0.07838240392776788
0.06470120100098842
0.030994596255974016
-0.0021163007289166876
0.014768074999558132
0.05870333948962171
0.07386217475715462
0.05902448895721617
0.032382878354456156
0.022127204899268848
0.0007674537371901607
-0.0009126411544171611
0.016825259698333143
0.04654576023491506
0.04554268127794681
0.016204373039242857
0.00030365203972098313
0.0269068481522211
0.08082525840541063
0.09283949050340162
0.04833698355345817
0.018701271086768074
0.011663595466104397
0.013730196110396818
0.01613572233722763
0.04087767242837365
0.018005901833351122
0.001233915377397421
-0.0018223122321565277
0.009017476878089237
-0.009188550691307126
-0.05618572996351475
-0.12180320306835714
-0.239681716697786
-0.35446567074402574
-0.49328936372086934
-0.6009254874416303
-0.5215217846206207
-0.2482926007419751
-0.006288921890270065
0.033264365688520134
0.01555916797826016
0.009833355285067348
0.027896236713023943
0.07437086110456025
0.19794055693317517
0.3151359131859127
0.362524435705959
0.33793653472464563
0.2966804895086317
0.21478925237656743
0.14013252193460146
0.09775042259535674
0.08104175619822633
0.048586545089831595
0.019196036884647258
0.016227163418644833
0.012624586487751404
0.0058100078355489936
-0.027151922020375748
-0.04903877548370719
-0.08017721271607123
-0.1088033085737323
-0.16535105040380155
-0.299960517299803
-0.4493952524588655
-0.5677775802664895
-0.3954669775848735
-0.16034260477898235
0.01911591026773662
-0.023714712480540787
0.007233660428091577
0.031995105961777306
0.13129749148216255
0.2197836310163712
0.3135416575664798
0.3677931723948738
0.3770049178601251
0.3256215696360902
0.23669097970016173
0.16985616630924874
0.11053751577557745
0.0733576125081066
0.036463288943729216
0.016734772694718018
0.0051826393469371354
0.005747264745564387
-0.006629151847663307
0.006462756931009027
-0.0456418062970635
-0.1526798895146999
-0.3553878734052019
-0.4932631168162442
-0.4780409353311726
-0.34892082059695245
-0.23627848599407822
-0.1881164403868052
-0.10449281829843997
-0.04125653918679764
-0.0010194809871275625
0.04454254798670023
0.10039970780340732
0.19847365244090082
0.2524898220529578
0.31272144081600556
0.2965447640550721
0.27216561354788676
0.23430577347387768
0.20062549455921141
0.1429736442430412
0.08668736183056579
0.05704245263086911
0.07142554776475807
0.05370118403927244
0.05005641368701381
0.022939124999262234
0.026096013753074545
-0.03413395397607986
-0.13508563097105794
-0.2558867053848516
-0.3465375698528683
-0.39125360441482576
-0.3578426737159691
-0.3376661448833464
-0.3062759653514787
-0.20049458147468893
-0.04166559237926117
-0.0010709808269155233
0.006426530619076809
0.09119937550497714
0.24231423912213448
0.36822775659262524
0.4068947044952312
0.3659641631473
0.3030005554647736
0.23960465605177994
0.18092432221619972
0.16536320136148164
0.13511500611244306
0.06511035477394188
0.007875375348885034
0.007399686346538001
0.00055584187206188
-0.07687948495464311
-0.16064948664086
-0.23252420360853518
-0.27405834591575745
-0.372564694806006
-0.49166135488724944
-0.5705975989530979
-0.3699901071610843
-0.09607494700832599
0.05597425428123574
0.02107179085677161
0.014926885600786373
0.062048206515948154
0.1493809284623745
0.2675769284686437
0.321694271774104
0.3560741358569923
0.3360867415078702
0.2794746897787902
0.20924824573578138
0.14954293571957628
0.10386191204346584
0.0599637646042144
0.06002677790734942
0.036727626635700686
0.03837277356108135
0.0168869056522019
-0.08238318325154209
-0.20857219588646922
-0.3067918695717095
-0.42952505293847454
-0.5738056102131555
-0.5497383754638498
-0.29851705465345846
-0.05886739833625209
0.04678102909999854
0.025139211862951642
0.026721960974030828
0.07371129175516376
0.1545134656350422
0.25711569410603896
0.3050725326663445
0.2894760062411917
0.2708410908041825
0.29769634339514506
0.27186877907719037
0.1634061707043838
0.0805736176451182
0.035762889496888224
0.02413279735299365
0.04848026580357763
0.060496680820323306
0.03180622173331107
0.007718196380079632
0.007547435647993369
-0.06399490313381485
-0.1622106199137268
-0.19840543007987563
-0.18492036605688292
-0.21041543407765717
-0.36723273557673175
-0.5054641926640394
-0.4951165374625778
-0.24634390947885856
-0.05683357729618533
0.023611534461616845
0.0016124931932516198
0.029602889176205495
0.0969722565138498
0.22946283613942473
0.2943302428300779
0.31335244379833216
0.30982237991217576
0.29290502023710363
0.26911662563822003
0.2513238751879048
0.19608012688680648
0.10145154701938972
0.03973817676172089
0.012325359413711361
0.02929316128584716
0.06380142171861819
0.07147811286609401
0.02470229494188112
-0.08281856354198591
-0.19742206026632583
-0.2624153950277739
-0.23803211100024774
-0.19271390896656254
-0.23857231885641725
-0.35943878867146073
-0.433827873366267
-0.35552983273939254
-0.19483420053834877
-0.03911858477309277
0.03218310324390879
0.06759363284773673
0.10717751486063332
0.16759957604017534
0.20216709090207313
0.2555519973574548
0.29372258026238546
0.31540874023684334
0.2606998892502688
0.1728226299117052
0.14781508865320542
0.18360104653237544
0.1712971054959111
0.09459164201550761
0.0330473507270587
0.015152725983398849
0.038937176699517836
0.07070762918329107
0.06122726355407506
0.018648878501108804
-0.00010765054788556745
0.006447978216287511
0.006392142947871539
0.009038033485708325
0.024717869476543048
0.015292855748217772
0.0012013902157111047
-0.016589168814914568
-0.013915353465752059
-0.016374831129098103
-0.00029444587583244737
-0.008372085389331558
-0.010533366437768235
-0.004197152120709928
0.008466831788088854
-0.0002386151196441426
-0.004417475548707484
0.0030997770662063904
0.004190562407204091
0.008721596402798426
0.007274062340483272
0.0019805833722258605
-0.003688721891784713
-0.013098199997976455
-0.0018741800455498393
-0.021233706563588483
-0.04462706468732055
-0.12220112867807988
-0.17781266863289788
-0.23986618204475313
-0.29865458182364013
-0.44493724340607443
-0.6100561259949516
-0.5574394828183867
-0.2684465530345695
-0.021712863321838433
0.0496277814163696
0.011633778274073338
-0.014664480164060021
-0.004123663833343889
0.12336004844998683
0.24089850586135605
0.27648622019599167
0.29546204308702345
0.3554621772002872
0.34166971524576767
0.2425979572283739
0.20510952568708124
0.25283367715917854
0.1890524008310157
0.07453328590405468
-0.0017867895884057837
0.009617669680319676
0.024850400800433423
0.03387146387866132
0.00879333308462928
0.0025373730902216495
0.01080168249826834
1.4840386118655954e-05
-0.022069670740584316
-0.07506684974055883
-0.1391472328332266
-0.15654696759375913
-0.16695077712331194
-0.2508641724885146
-0.4155583030457768
-0.5070840738103021
-0.49574143896920514
-0.28223558113651637
-0.0986887173004261
0.007597825985773117
0.0007010528880802221
-0.004775597219337299
0.04350157969827554
0.14186922268310498
0.2348272730993766
0.2348908522915277
0.2432382866964887
0.20447503926542118
0.1887252755906002
0.17754461445222774
0.2087529569231888
0.15304111770819856
0.10084957878235383
0.09076686920743168
0.12116607037756301
0.09594036295029808
0.033023428386930266
0.01824046546304629
0.030588123805585905
0.018402299599813356
-0.009547241211328824
-0.03530124514736407
-0.042157173608515494
-0.054371662282046075
-0.06336951052615501
-0.1499442754311264
-0.27448759292786135
-0.45823665825766313
-0.5028587828027141
-0.4022815181461003
-0.22547067477329932
-0.11255747729334582
-0.03735084429876391
0.018695381389023543
0.013144833555589503
-0.006650981533327159
-0.02806423743501722
0.031118603246875747
0.009373217779431028
0.19065940818920663
0.35911176309226456
0.44280526999413916
0.2773746754587006
0.22832915037637672
0.17614495454587487
0.14698128569842805
0.1551597954366845
0.149236269658162
0.10477464584938287
0.06094389373799468
0.039227248711998106
0.005124559076527699
-0.00311197399040825
-0.0075351411776363245
0.02061180457550475
0.0048514413793445035
-0.037164041366930085
-0.12082025817263872
-0.22584164503802726
-0.3392451841948483
-0.3890080334156792
-0.3596250316845905
-0.38191358121558566
-0.34198542410144706
-0.19689729404950615
-0.029884257737934204
0.014570796506495282
0.001542335648617043
-0.006090388019631312
0.07595152421766742
0.17631218495725026
0.25674267636743153
0.2870171946019751
0.28378007743791606
0.26616888313515263
0.22807975267154942
0.19125761881010198
0.1450767026852576
0.13915124777458154
0.13393946190409997
0.09174923749771048
0.07271709833902118
0.045913627976035376
0.05029622899224772
0.023059263585031117
0.0028232458636189305
-0.006760035588815657
0.017815803731961642
-0.03761124148720018
-0.1059954210403882
-0.1266407897940375
-0.1635547133506476
-0.2802649571028138
-0.4413167781344331
-0.5103138121764488
-0.41922660078848273
-0.2135049818953185
-0.06890432010177905
-0.018963561340171905
0.0027259061356837864
0.055814710929263246
0.09033597657183443
0.12197413765004818
0.12404824019604013
0.14947387576804147
0.14289312196309595
0.11010493107881664
0.08759767417700215
0.07783359191381739
0.09147271053883635
0.0969394009950618
0.0896037027627886
0.07776170417286263
0.07744994919594338
0.08195139746572656
0.052757530564455306
0.03135247222817933
0.0246069195694367
0.04398255363898947
0.04746068232506728
0.05205429796142089
0.038279326182759775
-0.0034433824030336486
