0.08032881675091831
0.006132322398769791
-0.010493710941540885
0.05310009317079456
0.036181781627700985
0.02419138983277131
-0.009834025240762724
0.018315834128831598
0.015645213060384567
-0.0038421214535792627
-0.006881178299688122
0.004870062907779854
-0.007663287499133775
0.006315888337059961
0.003146430673023681
0.019427623937816784
-0.0010382837150834665
-0.004404336802464719
-0.026314128876775558
0.004102762147440617
0.016484094499442145
0.014933498362913638
-0.0016097348649936772
-0.0031517949614137354
-0.0022714188304498698
0.007701844069048371
-0.008712550879771696
0.0011211739261502447
-0.003252551272092321
0.009102924702381896
0.003266077766512045
0.0064282555594698905
-0.022829198743403244
-0.04074297650315143
-0.05172244575011258
-0.059972718448658806
-0.1894862129272515
-0.45223442903966515
-0.6689333764643152
-0.7789702052276176
-0.5978322192022795
-0.26641309814292785
-0.018203771271399546
-0.00805176421727164
-0.005088248566610284
0.04023482426826208
-0.005704503877054845
0.02531471185313105
0.1914983461347786
0.46100818137343097
0.639410207804408
0.6239229877724136
0.4399913502788698
0.2659511499883993
0.15144858945224254
0.09148764393127726
0.0337497418234058
0.03598725812502264
0.027878607800526693
0.01275270263443128
-0.015167448431254438
-0.025181774106146342
-0.044528269785397014
-0.14742082509893323
-0.3655754673750031
-0.7702289464172706
-0.9549562599087305
-0.572058233276484
-0.03742693471396561
0.10892314799825274
0.002588014049436181
-0.018332720153082287
0.01882085872381411
0.025101829435812354
-0.010548223017428674
-0.006900595419746021
0.26833965859237063
0.5699498421932178
0.6468371325675099
0.5316089762594297
0.35751416013323906
0.16110405411739634
0.02839436345905151
0.03131229645735448
0.02555207252357829
-0.014383809184808116
-0.029384515085748186
-0.03580770008611366
-0.07196731677544706
-0.24888286350799285
-0.519304267619467
-0.8921020395232078
-0.717940231474917
-0.29342559101627264
0.07204021111432435
0.017776628678572742
0.027492046827322387
0.0024316142678689643
0.022785041937934934
0.001924128874684199
0.0015993950578634133
-0.12258053869582038
0.17920643987783377
0.6265736959363357
0.8583196137486753
0.6039657916864687
0.3759072132754629
0.21800952652741104
0.07729581659502464
0.042391005150005226
0.029768702544614428
0.0111916173971145
-0.034586556921487085
-0.08457891170767043
-0.10214283831635063
-0.0692867386225202
-0.18182567405261052
-0.6111223473903102
-0.9979755789296125
-0.706061970868601
-0.17851439184504544
0.08228111975686415
-0.005081894019965117
0.033296075175417286
0.01845579248531988
0.022825961328554193
0.009227079908134627
0.004278287902111596
0.2329117814997152
0.5764287082643446
0.7231807188115922
0.5644017746734317
0.31912426552627154
0.12369276842060681
0.006213498191045717
-0.013691732259152522
-0.03936439583600697
-0.03576769050727572
-0.030010398176889212
-0.08235052017892866
-0.10786608390168839
-0.18831703885083242
-0.33151733627907015
-0.8881173079930524
-0.764554604616375
-0.32133947081847347
0.14088710423891995
-0.029594287302742415
-0.006557114222521099
0.007301685685718867
0.034259287349345725
0.04909808169702231
0.08627091710817088
-0.06554884544963696
-0.11982349910093848
0.2444843217873435
0.8132584948075156
0.8883120946557924
0.5566698968607225
0.23407530486309805
0.08593452990468921
0.030015900685634114
0.024672789268529758
-0.006651615285845542
-0.030158645549239284
-0.04176195392143152
-0.07997283356381601
-0.13920224386408417
-0.3227424390945275
-0.622256196998317
-0.8660318548548835
-0.6138413036017923
-0.20961966921049002
0.049415205725868695
-0.010157913551652244
0.004743577069922887
0.016829481034987628
0.07628314351065692
0.054717065874842735
-0.022385326530762428
0.1675713986230975
0.6086879068632169
0.7745573991924264
0.6163083984624923
0.3297630612251334
0.14968528571855477
-0.04165529309240955
-0.03160165796127729
-0.03239347279307987
-0.04275513639668897
-0.08263403663791666
-0.15703566112042106
-0.36812443504529335
-0.5988762453157267
-0.7772372455916785
-0.5951417640948413
-0.25037732767489
0.02687646306567191
0.019923573198734258
0.0002762399423652339
0.02851553747839397
0.05038986110576662
0.07244408751448417
0.057616217015149504
0.048845936426139124
0.055188383829709045
0.11297547839449407
0.3626114617730476
0.6231523867306931
0.7020839507839834
0.46593216412631716
0.19317372327012658
0.0067396196617008535
-0.015973382463234403
-0.0100721211463145
-0.016525593067952208
-0.057854071627354946
-0.10024960009752587
-0.24848226150468802
-0.5313274802868752
-0.8653203167856838
-0.6863047364226604
-0.22461921971444532
0.09515706639423244
0.00361913332237655
0.029598026683409263
0.058529585446641455
0.027369846611672178
0.039856059440671256
0.0449716431809837
-0.029758082204267632
0.05128067850398666
0.4331052525839241
0.7359170072967883
0.657101172514013
0.3655914119559646
0.08289025858912205
-0.0555170075014728
-0.09750089935040024
-0.1378669306263199
-0.18137248299096156
-0.30421419943014066
-0.44387333165336973
-0.620533953936577
-0.4957731023846193
-0.22178787778469386
0.010556491948876251
0.019296073901413243
0.014647483037839025
0.025986737442038686
0.005921536697166235
0.04267089583264254
-0.004808233762583899
0.025841196243655568
0.0361542382122953
0.08333408926258541
0.09284658541673091
0.34531016243371365
0.6264076965765628
0.7199862913851423
0.436163271268795
0.12529170416465782
-0.01641879695850504
0.026149909763027106
0.01522565372192025
-0.02685468305062672
-0.0845704360071535
-0.0924246569962514
-0.22255694400169893
-0.4954464985498287
-0.8178156230480361
-0.6403858409500042
-0.23491103822537587
0.07657846310309067
0.051231030674683486
0.050462630412115406
0.027331334808541538
0.034910958680122485
0.011757032610168349
-0.045554937704680394
-0.05654706860710377
0.3098428509971171
0.7371396782832468
0.8715154239031581
0.5227488964935126
0.2134493924811799
0.010597586043881061
-0.0007572926434462827
-0.008564713628627646
-0.011689517193515535
-0.053005769754233614
-0.06784363036335814
-0.07651982229769104
-0.1314240180169892
-0.29319524636297367
-0.7123228833352699
-0.9920807866544678
-0.5404249940930348
-0.0222179001022224
0.1507587088534544
-0.056868381503354715
0.029708062473814835
0.013439015197822889
0.11320350768079726
-0.07977194028644996
-0.18475527061228833
0.038185505123097985
0.5774303523747101
0.8350683539011815
0.761224200287613
0.412296386416074
0.10443849896603875
-0.049396409516952525
-0.03264567999847662
-0.024755266814759966
-0.07567706579051423
-0.37310913565206716
-1.0
-0.8196140585376666
-0.23400189369392832
0.2198717414810807
0.009648372743235389
-0.01697268069320427
0.006402835763745501
0.04222602193036454
0.04482861343069421
-0.04710064674268914
-0.11440080158716025
-0.19596116207029302
0.023782163527855952
0.43932972455082636
0.7845598806373941
0.7689019899021213
0.5228575379111478
0.23364516144280803
0.025126422501081137
-0.028215125566445124
-0.004711740507383505
-0.00608466580227901
-0.001598991436456147
-0.05098239730957394
-0.051153769083856326
-0.07188455188508963
-0.05693987134545255
-0.12118907479211352
-0.16710947095205775
-0.29937593569980014
-0.7264266165966167
-0.758913777243235
-0.35989417078473707
0.05656240128121077
0.015279093254268279
0.002940013782575546
0.02760077057314379
0.0003846857819421837
0.02026635481939525
-0.031881573400620956
0.020593406728776777
0.24756982408963313
0.5700457270212514
0.6565811962095346
0.5464868214560004
0.27621397508320983
0.07552373007079737
-0.03384854533104343
0.0006899203576136925
-0.0010213078024466915
-0.023420935417534223
-0.05401617769566431
-0.2116808947343152
-0.4610303151571854
-0.7988786608457166
-0.653687981940408
-0.2839213652316783
0.04978464443762917
0.02198312284795004
0.013435611252274413
0.02018726463650847
-0.04252727979185356
-0.08061856778485865
-0.06969309708120129
-0.018331486780124036
0.17323831190613542
0.4993628735384843
0.7132729733746535
0.6991706742180689
0.5351186068591278
0.27568635257685004
0.06889444059527913
0.024317273322217555
0.047856047317008724
-0.013760711958926749
-0.03902283907709038
-0.037977567558170354
-0.040681306280007185
-0.09219814037728757
-0.2775170143956788
-0.6600703475210128
-0.9550216530124978
-0.6613595253768965
-0.10697586857972745
0.11076882234469859
0.025976755588814664
0.027992239862602363
0.07596451230305222
0.02712946719572644
-0.01590481352833005
-0.11269632011267246
0.07177555455556087
0.4452280782927755
0.7473380967441282
0.6438140881175101
0.4095373167029
0.1861451362996408
0.03414041658610713
-0.0043586907358586415
0.0015833453561599688
0.013587590177958062
-0.03598669657303106
-0.06699562298729393
-0.08150349633936815
-0.10603890749294702
-0.18902162568607628
-0.3070250604758994
-0.5263751018820606
-0.7187787086255254
-0.506118090382105
-0.16850757537414993
0.02614937148628284
-0.006652624404010265
0.052585260709083245
0.07224483067632821
0.06039013120146699
-0.018077876645613083
0.035533878531155375
0.26207123313149955
0.5514634838513378
0.5798435149499042
0.5091436309428362
0.31730073884429805
0.1485585993562378
0.015063000485597472
0.017822445039713294
0.0011887498010443264
-0.04680340169407831
-0.03222296064630433
-0.021709949497481562
-0.006672848265877222
-0.06500586451071022
-0.11439376399092774
-0.2939392597878447
-0.681981883234601
-0.8576793372901779
-0.4624482275158238
-0.014851895548562536
0.07290150654172393
-0.030242026034291776
0.0055308091385260685
-0.0004024333189171458
-0.002082018861415156
0.03046232214601939
-0.051617328205481136
0.1034306244714846
0.4039463834937423
0.6940287810619314
0.6954667561117102
0.5084766774900241
0.2351379193925023
-0.020491645291394637
-0.042242543314103286
-0.04726146131302809
-0.0696646486976581
-0.12556082342599348
-0.26989353720283965
-0.5539687748090784
-0.8283408392339221
-0.566418879219644
-0.1697566170641618
0.08887782837901252
0.013685804636161645
0.049224238231577566
0.026559046304807786
0.001278503581287041
-0.08310372951175174
-0.09241574181753728
-0.0018805939285258622
0.2952852966014945
0.6672664599632131
0.7979910635346706
0.5831437746048523
0.2965861032131724
0.13841979889386505
0.01964272329230361
-0.006567841946279423
0.006291089485155009
0.014692507653800745
-0.003711658663912038
-0.015480517570132244
-0.036350953262521954
-0.07583827902656858
-0.14142456069715115
-0.2745952412422456
-0.525669787121698
-0.8615200724502822
-0.6183920125218717
-0.20536176988301408
0.07831593347068586
-0.014366570726696445
0.01961235368534914
0.010418431462976024
0.016354155737643355
-0.06776317561779463
0.12864632937690212
0.474168712754189
0.7463174912887943
0.6131684619334719
0.4159057908562758
0.17261395155824547
0.022939066737414106
-0.029333652690746444
-0.03389097785107922
-0.030373981163624737
-0.02718811879267476
-0.03946487643906122
-0.03275309983462871
-0.04359838835509571
-0.050085556677480325
-0.05027216675043551
-0.022380679451824717
-0.004064784671443137
0.02787738296327457
0.04058381264287846
0.023674844841397237
-0.0028549692022830767
-0.010144779519609574
-0.13666972885486814
-0.4397039287838
-0.8567761915248866
-0.7340923624551632
-0.3331933941912921
0.02815360115496732
0.013259951124546731
0.014007490581101404
-0.0036289179457158574
0.08480065313356244
0.21654254643636606
0.44928978035965067
0.5692034289011253
0.506310612854671
0.3968523984687978
0.29497308240960685
0.18005927046454828
-0.008826373713137362
-0.06063280396049788
-0.18882551403581574
-0.3788245289109751
-0.6109685837976512
-0.727415525992582
-0.5694303318966635
-0.23617539239910795
0.007102325831532596
0.04890416444436529
0.048972111089826575
0.06818380894887198
0.0681130598406991
0.08902609666066938
0.10853963723436329
0.30485295245465405
0.5392265786065604
0.6781687040868867
0.4839757266932421
0.23405741990460316
0.07962055096837711
0.03413452288230608
0.004218154093976867
-0.028278805041668943
-0.03177892440089133
-0.04338911229225643
-0.09766138039367493
-0.040442459340752294
-0.02041012523319576
-0.07826660864196826
-0.31255657945915105
-0.5316762946495371
-0.7609169047482216
-0.5320341953879674
-0.17720817773598538
0.06976393241694118
0.025874643296661854
0.010206254495894384
0.051425952448697236
0.033612513174168544
0.031342858729196135
0.12276078930796444
0.48851228087583115
0.7262797325171133
0.5944389883397608
0.3073354643579073
0.07527960294557043
0.010914795928955298
-0.031508572785054624
-0.038515846495743654
-0.030011261663926814
-0.06320997017885313
-0.07910224800044159
-0.2886311448168505
-0.5034124730669169
-0.7628885752744244
-0.5250724834496607
-0.2044099289179988
0.06230610622723689
0.020082867173830486
0.036341604416592906
0.054270396875122084
0.061886710258758394
-0.02802854951159244
-0.13163420976058074
0.11975391969202612
0.5441520888164326
0.7969273957928735
0.6662491743250071
0.37688635617870764
0.163989796468576
0.018959740256962475
-4.1778215300100826e-05
-0.043162202855930754
-0.01285006413285282
-0.05099860777432711
-0.10232877593844264
-0.19622276604649913
-0.4195777942840985
-0.8581859983560134
-0.8209751938392376
-0.30622444519432784
0.10762504818595593
0.026688962478804184
-0.012513386636285337
0.051968832510333164
0.026893275866536063
-0.09276301544455415
0.06779221265806544
0.40979566208798185
0.7349586644513577
0.6375030977432031
0.4705599983118326
0.23578047114951758
0.11280542144756395
0.010465019830701056
0.012776108955273762
-0.026093294400235157
-0.042104035824885096
-0.03007092268009366
-0.05239331001015073
-0.13615252078598467
-0.1363671044718437
-0.2513890646537037
-0.5177104636273236
-0.8447281233551278
-0.6077682252234939
-0.1998619356062354
0.09225999859412284
0.0689421534731475
0.05995790659405085
0.0015074353846631014
-0.05362108928294707
0.11427671534701166
0.36232955607780104
0.5850685108748521
0.6168086190749742
0.5219371025744215
0.32615131620193777
0.12782221637267277
0.01815259766988746
-0.03529376103393094
-0.0030063237222715334
-0.02833272662583139
-0.05954932651462594
-0.21121864756204486
-0.45076645103451257
-0.8242116625431054
-0.7601092840768601
-0.35454400548928183
0.04673180185975803
0.032733665923084465
0.03625064416013473
0.03082220198098731
-0.012143198358590419
-0.06513861557515006
0.15746442541801492
0.49984314132547464
0.6889647942542309
0.6348444433218046
0.38243049337839163
0.16303764395662126
0.008144923011097413
0.019642390807318163
0.008748567341763037
0.0017819721659623
-0.03154278195346338
-0.038885572612577406
-0.04393376223970622
-0.05965259148769992
-0.054497026268408376
-0.04694373063160755
-0.03253997705520255
-0.14591963305473263
-0.42297699023726715
-0.8112816290961352
-0.6983540173668059
-0.2955122306162969
0.04718278926277515
0.04488066588300149
0.03520124749225051
0.07383363602459732
-0.018368073998238525
0.07558044048947762
0.2887353455057275
0.5516579014902994
0.5809467720907022
0.4894378304718759
0.2752097904787286
0.06568086124149665
0.025288454134162874
0.013422182814238914
-0.0237269274530896
-0.04890639403563378
-0.0795459845237848
-0.2746698873007521
-0.5274187237315069
-0.7625195969185468
-0.5764481628811748
-0.25710839464610713
0.00618428707343687
0.009955612126454015
0.024598780914037426
0.023566573721872645
0.008757613938383148
0.013610311014400526
-0.07473758581737404
-0.04007296498859316
0.29511783239868017
0.6703347042241884
0.7762774851384816
0.571948502602528
0.3543084208688813
0.16327468640580403
0.07262666156884372
0.01868375999860917
-0.039333960926057045
-0.02865651252113643
-0.023548369698287625
-0.0028824021853072193
-0.05252754552555113
-0.06475459337048019
-0.12863073925521706
-0.3076377551444944
-0.5584806903161664
-0.8534052352892254
-0.6233174824073879
-0.2306089966110429
0.09886972921111324
0.01394935699905776
0.020315893217364198
0.04456209580159465
0.04043450832387852
-0.07528307947235006
-0.03048352916500568
0.2942066371419179
0.594092198715872
0.6356495883667398
0.5330240727113951
0.3598880208766962
0.13964382092869057
0.02781144882379868
0.04552259010320789
0.04212917434805104
0.009117618976844322
-0.06946781518063332
-0.0899550589997805
-0.05334431194103139
-0.031203260444453318
-0.048673182196450844
-0.10030457150272877
-0.20105250045126383
-0.3675390860642291
-0.7435778615592311
-0.6740643796056869
-0.31657297345235963
0.04497820774962763
-0.00676846260711926
-3.496550522508131e-05
0.013472135095522466
0.010454076387296304
0.0031155486731820844
-0.07440391612740303
0.0749466802201413
0.37812064053477135
0.6147741595437931
0.5705419067461128
0.4669453348230524
0.26975344900275583
0.1231071788649226
0.03928756214460537
-0.010422862517505972
-0.06085004841509434
-0.11452260792938479
-0.24484919131557425
-0.4961279568775851
-0.8733071315580105
-0.6494920420001823
-0.18896359699541734
0.14278480443312266
-0.029727941669051905
-0.023965959214519546
0.0063012440799220335
0.07787392854411992
-0.04596998795331101
-0.08314436199631946
0.11888148079766304
0.5397798245388086
0.7360755581787938
0.7096881424255884
0.47459623791295213
0.22421757113438662
0.12596288344098436
0.0632878375289549
0.023223324448933054
-0.02112182247785067
0.012499635495429038
-0.02037253731905433
-0.013705394752627055
-0.03768132762521026
-0.04247456826074733
-0.08416347597402414
-0.12578737699587086
-0.3108000262448816
-0.5768188570209761
-0.8709061083431159
-0.679617962440046
-0.2574085616320737
0.049227799129960094
0.07220795272660407
0.09318023191707364
0.057916477100883684
0.01673082313675792
-0.04785753251144615
0.07018986353099894
0.31080267710601855
0.5542257097337798
0.5529090940597641
0.5176075882155116
0.35386064841490045
0.16406551521833201
0.0009627660145847682
-0.009550308230529627
-0.003963060923713865
-0.08235284660640406
-0.09336421804298688
-0.054831777632599464
-0.02786963786547489
-0.09910016365773947
-0.2725537145287522
-0.49077473117058756
-0.8178061558486478
-0.6061049125127739
-0.24901672323575177
0.051340084791394514
0.020427354990435027
0.03801959123794547
0.06239860349887567
0.05176050232777284
0.06729449651656291
-0.01651202463057002
-0.08754261445319976
-0.01153669396782293
0.3056535901344136
0.5627373944087146
0.6269668772738162
0.4970143254065138
0.32497698389689417
0.12155618493823764
0.022040366640877277
-0.010279792558117893
-0.013487705194231415
-0.03731156430682157
-0.08615851982590755
-0.15523048567351683
-0.3320664794118433
-0.580412433255678
-0.7575292803329277
-0.510150646846635
-0.12873072547247472
0.0863658370523522
0.065530157659044
0.01261873368864365
0.008794285951479852
0.04487215085403548
0.00203008773123971
0.003966366891191009
0.24574140443175174
0.539241500749488
0.6064706350710599
0.5034103853352455
0.3513228968016717
0.19213547017005983
0.10123000213623462
0.05552956153183989
-0.010768561758531508
-0.03338393867375503
-0.05199204940391356
-0.09093361093011358
-0.30804246103981264
-0.5967412567881218
-0.8541510752226349
-0.6386956438235496
-0.2382754018743439
0.051323122784831664
0.03921592716476376
0.008730360312377406
-0.014769024983031806
-0.0753908091118411
-0.02604302181304655
0.10542879486446516
0.35349268451108806
0.5236757789181622
0.6179401411590079
0.5680709794646569
0.35559073891872023
0.18236173402375191
0.027533556277786905
0.0006096063456918156
-0.028282445094269814
0.023790034623823387
-0.04567247245947644
-0.07983773053841012
-0.05940176675724297
-0.08962426980712354
-0.08392862360174137
-0.15164926967920067
-0.33422134975901824
-0.6365681988376942
-0.6941301364898839
-0.43635713882944394
-0.10868225309730271
0.06423407979711937
0.03868838299104323
-0.006853728937192642
0.015120589278997218
0.051483720573678664
-0.018925205079419076
0.03197148642051491
0.2219487320089473
0.4836949842997053
0.5192452595701645
0.4992933746544442
0.3501063453973645
0.21480481074517893
0.09471935324135237
0.027195802572933744
0.00038189590011789324
-0.015147881802735927
-0.009314413804406648
-0.026941893312068484
-0.13029134282191845
-0.41784048760170817
-0.691079276157549
-0.7341954659973655
-0.44097273180384833
-0.1283938130512287
0.02343065249032141
0.003508576300036435
-0.015642522129115637
-0.0394919506349303
-0.01590867265241408
-0.021383048897670585
0.020541577368374943
0.12267949185583599
0.31249866900092554
0.47363893497409515
0.5430467976852381
0.48130053456396826
0.3564475640409635
0.25912340579319454
0.15724811865716684
0.0737575828308071
0.0366781995683682
0.012809934704150422
-0.039451456246230615
-0.12582024973111577
-0.280149008102122
-0.4577087781787122
-0.6071758052991858
-0.6560963226307661
-0.4388973465526051
-0.13295122610037127
0.05271490438708292
0.034140074307866385
0.02736755181351748
0.02566817690229252
0.0320987415200701
-0.027143350596586988
-0.16677044931187499
-0.08979648780970018
0.044986838776194624
0.05417400153849685
-0.08721985932900493
0.16017642877139293
0.5229411726030245
0.6671208199818152
0.578201651488076
0.4412685439831999
0.28404631023970367
0.11537723187787594
0.05909893593682262
0.014334857636094836
-0.00245019930733634
-0.01497402070591544
-0.034189166903903376
-0.0488351028631884
0.04071176873645753
0.04376615602450101
-0.05566537161721854
-0.3250370707342609
-0.5498395451703291
-0.6528771903678724
-0.5083057589997908
-0.3195440253436884
-0.1655808068528742
-0.07323284056245351
-0.010908619937701949
-0.03494100750579638
0.00992873363290607
0.015701174175439158
0.018145061816069005
-0.019748086092601973
-0.003974919501729943
0.02635005058319948
-0.05228357579303129
0.012520422467881516
0.04596918612769294
0.05256043338902163
0.13433342756769218
0.39538142847354596
0.5783220110560414
0.48094895471718463
0.36515807293835295
0.19628067274485805
0.07867945573848788
-0.026955989236274205
-0.19573758503691976
-0.37368395271653243
-0.5734931417565802
-0.6068191984110898
-0.42811427508821304
-0.11936508672043737
0.01294976942700171
-0.0030718822239249326
0.006575112859239027
-0.0033301760813965256
0.01598906858467521
0.012624453450164731
0.17376591398947244
0.4106262322411918
0.5819286753813553
0.5444656264287421
0.4017146677749933
0.2635191758368524
0.15111506835864574
0.06960977425652819
0.02532535381925049
-0.00032691680831389565
-0.0011862357249382476
-0.012199661773376133
-0.056182023448294205
-0.09972209743175083
-0.19879433668434823
-0.33508228905340903
-0.46195079021956176
-0.6719743265218852
-0.559191036660217
-0.287587234200908
0.04018040116439552
0.017933312536983638
0.034744950366613694
-0.035401427464902616
0.028842858992170525
0.022770472356227537
0.0008930482159257722
-0.06472890500946779
-0.08317481050172976
0.09609335595612536
0.40587629149506227
0.6332456555954381
0.5500575307676764
0.41687724544620824
0.28354927610780656
0.1374134260853291
0.0640210419578459
0.02171177341970271
-0.02262496400290739
-0.06601223748436205
-0.14985930805287076
-0.32692578560986846
-0.5027753189016634
-0.6329505407466387
-0.4978776756622762
-0.2837818456393453
-0.05350332853701854
-0.011815932953906014
0.04187847408495235
0.04006039173727821
0.001256466943949607
-0.005000208045249944
0.0326829803080532
0.0010378224493196888
-0.050368471799851065
-0.021376722514826973
0.2184083537733569
0.397095739749766
0.477377004526829
0.4227199131690888
0.3777762256414544
0.294434987386988
0.16619094080951133
0.06806137547063842
0.02125769875959665
0.01895463680959466
0.0031449589574066984
-1.8588050571407937e-05
0.005467936901739454
0.01654780441986288
-0.04706590137034249
-0.07794692960968581
-0.2673583716899985
-0.5186502899207248
-0.7805056413594627
-0.6296322533294103
-0.306636062464836
-0.04364129636725693
0.013849606546734663
0.020072211129734643
0.034266052503058954
-0.019481696594269588
-0.03145552132369818
-0.022201553233346223
0.025562728368756688
0.07640681125857368
0.21372919858231507
0.33668496841994533
0.4537311447776399
0.44881969050934584
0.4202643351829352
0.31655083446431465
0.24639368113335003
0.11439085501959015
0.03880995156261813
-0.015391024474299056
-0.0922916983196845
-0.2072821144635045
-0.3768905895085736
-0.5243173326474726
-0.6895328547777285
-0.48986576903047074
-0.21839688607614985
0.026674511495017064
-0.006345938949039289
0.004052666594637832
-0.03601115079817636
-0.02025125699444856
0.025423023376429724
-0.011803355664915225
-0.025136594808538838
-0.056255322716971125
0.06269279215180643
0.27732983218504187
0.4933139463691196
0.5563260008775827
0.4634581359424309
0.34794641160927964
0.2324745182098973
0.17336143752034888
0.12430921844193077
0.005257389774195293
-0.06198474609870185
-0.061002675418272756
-0.059562185875748734
-0.10592279017374717
-0.31816461832599624
-0.43703848257113914
-0.4935582159469192
-0.5344424375951959
-0.4284830013003864
-0.2236832763942739
0.000420861269219383
0.0321809139094754
0.06251040652348705
0.006385181126048274
-0.0024886966576319093
-0.021412367478291363
-0.07439845089511482
-0.003043569213062293
0.022678141840275477
0.055574940424747185
0.24378815636537604
0.5351965027035681
0.5771321905974566
0.4552026943580094
0.319494293371368
0.1820062119627879
0.03695210510440438
-0.13444369792043456
-0.3209937458622909
-0.49663314456766894
-0.65420889168228
-0.49885206642879915
-0.20891939931448225
0.010797868464785336
0.006041355412629749
0.019425634933589335
0.015264894704280994
0.01589676011261671
0.01585688297105148
0.0006888541706232232
0.14623180797830354
0.34510892566092627
0.45642996758594373
0.38934223806137536
0.3351587689749806
0.30353991273971453
0.26220669044723444
0.17482509096469498
0.08541696397941743
0.047444320233238475
0.031095413524438252
0.028311376115473644
0.025243090876945016
0.015977673206276816
-0.018762115958593863
-0.028840386663458648
-0.0780957280019659
-0.19242556376487724
-0.4519087908916428
-0.6730839265092359
-0.7201171129544149
-0.4500656956810853
-0.15318242620618058
0.006645208730757125
0.013798988004155308
0.004655282797314198
0.005361612578069325
0.05182329538426332
0.02480384309024257
-0.06899818769981847
0.02707963438050904
0.26354735977654303
0.4207351561849145
0.438807732575483
0.4143494482686788
0.34455803645479494
0.23467508049253438
0.15084695181105387
0.0644083397499399
0.024219426871456763
-0.007483840618798483
-0.07446572071678982
-0.3122846919030565
-0.593440164192515
-0.7529635669694508
-0.5165770027951871
-0.24252178986574185
-0.017849458763027078
-0.054181410293366455
0.02117208827817229
-0.03919753730133325
0.03927323769107101
0.05516089707220957
0.027018466198184626
0.024019771443444127
-0.0381677565283866
0.038778591273537076
0.189004339564816
0.4729390409547972
0.4728441798310726
0.39630503498910363
0.35194852732200604
0.30839742257416886
0.2189238983174437
0.07091142600964008
-0.03928366558600074
-0.046843485429133844
-0.015137118072198263
-0.09344825848135235
-0.24722872352596464
-0.4617174183720466
-0.5989266793452687
-0.5993123777316516
-0.3309000956300157
-0.08936870853780614
-0.0008518171944379161
-0.014871122539676082
-0.0048375531845006
-0.017912855842862205
-0.014594723651696064
0.08736069776497184
0.08334490300293598
0.19759321372229854
0.273475987427639
0.38778374066221577
0.34360962170780285
0.31681189266734006
0.21486903784385414
0.16689494720558457
0.13212756715221757
0.07123634685708123
-0.038666807025920305
-0.19931955336565677
-0.33552629844464493
-0.463593368936648
-0.5310272731319734
-0.394980763197234
-0.17530659522673045
-0.014864013705702277
-0.007775692077023018
0.038829892687646445
0.0013122990634846083
0.0010688645996887168
0.005070243891396653
0.0747235884782833
0.1828290861624754
0.33411858223102975
0.4271418815641351
0.3967962869014782
0.3343557089130242
0.2707587570700804
0.20578919610704668
0.15080350834670866
0.09679441172335705
0.033132744173778594
-0.062392130342184944
-0.14725298547256757
-0.36715484768379186
-0.5658231744190615
-0.6481439425015427
-0.4613755024806492
-0.20855286249532884
-0.03486602499245631
0.0006099019034702715
0.006626720521871342
0.03447149934353344
0.023076914735694426
0.016104854956272664
0.06822381508134956
0.15019880509690683
0.2962248451718282
0.39547846041194185
0.40193697959239266
0.2719830203715124
0.15611791889687054
0.07853299984049136
-0.021081328693303484
-0.12506786451700092
-0.27276358565307746
-0.42608938047119144
-0.5172080238501358
-0.36511755491070025
-0.1466636305189983
-0.00467957728289772
-0.005849253284644911
0.009662429336911386
0.019966563998759096
0.03422397871516079
-0.005287300050573071
0.026511262809800387
0.1163781450828639
0.24452905727060925
0.34098175170473044
0.3624868748833447
0.3110292507035002
0.2000830825443188
0.17746264978853743
0.12640863988646456
0.1286111965316368
0.11604121659701576
0.13149430437387108
0.1091490942090563
0.10652180148958203
0.07156557673714085
0.02814687518716856
-0.03294746011580109
-0.014560314922596787
0.036387163972982674
-0.014276152092176277
-0.0616246476836245
-0.048678691325768214
-0.169633328523174
-0.5719783612763469
-0.7929695468555645
-0.6533011194695915
-0.3130101361567917
-0.08475693538023685
0.015921649277023345
0.02149605325205712
0.02795327677780756
0.03864828469532901
-0.007108587006024631
0.12353271868406147
0.25989210229807663
0.37270482315150144
0.3805429818154005
0.4231584145587427
0.35721868775842625
0.262724275024106
0.1779636558719586
0.12347631425185787
0.07823868951030981
0.06668855064508164
0.011394638423707042
-0.008033837227024856
0.027654553130252092
0.02143898695958195
-0.01450443977121386
-0.054771623844660215
-0.03842339445591921
-0.136743850496303
-0.3752510619458959
-0.6005187674182926
-0.7803311983807825
-0.559430014007289
-0.25705956620387077
0.030471683064702028
-0.0036513644665557153
0.002805406973420148
-0.007830209615128658
-0.004629064376524238
0.0677914315875463
0.1679191458396267
0.30873581433277514
0.37500201867627764
0.3951346493526025
0.3419652030024747
0.3153187018009378
0.24532292810001755
0.15247018306665047
0.038050386609636874
-0.00331212813496824
-0.19490879823850057
-0.4596872191292937
-0.6730039960303185
-0.6004846949999458
-0.35575491489765526
-0.1139658026439299
-0.030445363647421314
0.017165558430295196
0.06005386809909498
0.024236937449320158
-0.018186469620276802
-0.022432718652338708
0.006962310234905806
-0.025514376240317535
0.17990307186888652
0.40589153078677853
0.5407003593514994
0.42804270478527495
0.36985927551748393
0.2871029615272651
0.21521966540688442
0.11619270409825735
0.07269770816439626
-0.0034214413421557724
-0.06824791900583382
-0.12377636655721785
-0.09617313285545671
-0.07587805162657862
-0.10366440473053944
-0.27439856336713947
-0.44168986413621114
-0.6979628868414071
-0.5163508557586521
-0.24250738292834428
0.05523143741360493
-0.00289984142925265
0.02569129728882721
-0.0071180774273497
-0.003125472016408829
0.01957194770400022
-0.012385128252509875
0.08042951114573667
-0.011422548635344809
0.01874462945019419
0.13669799501178898
0.4440286248378414
0.4857594318399469
0.4499861257869556
0.35034252218879036
0.2576573340723417
0.13267711278431113
0.0343468223762121
-0.002020489620393557
0.034418732790313385
0.01573375018256029
-0.06201376398225148
-0.22813889562336562
-0.4809142089890117
-0.7234459840168852
-0.6511680822387959
-0.34992500982336905
-0.08525776801317783
0.0031420074868519234
0.012254656090414023
0.002567655918276081
-0.00010498918692819266
-0.023878549232508726
-0.041969662470609514
0.02229024827538566
0.17033279103019056
0.297815359847235
0.37742152389221134
0.4139417012532413
0.33905068356237045
0.2616800206404185
0.2297769660958878
0.16913251543567387
0.014636408436295755
-0.07855272303876773
-0.08849009360379524
-0.07917512757475101
-0.08924938874761296
-0.10662734246290724
-0.16739423343784782
-0.24338557356888324
-0.5070330389252757
-0.5613626913647457
-0.36130483933
-0.01985427687914019
0.024569979304673324
0.035477017335545154
0.017948545154593435
-0.013619440113206606
0.01375010109735709
0.054824368893095325
0.04407708683298565
-0.04209076931842952
-0.02915869946755876
0.06027649652883525
-0.08406406875097469
0.18538172427654606
0.37442960988753
0.5393823569723659
0.32887275725009446
0.39004201735277005
0.29501574115802726
0.17726015936611128
0.08215932985237306
-0.012532141130701538
-0.05170926741773095
-0.19931553241555863
-0.4107753516548728
-0.6176603567965447
-0.5644061726796508
-0.34698389874180685
-0.10289117390227641
0.005041743712650134
0.015775420434923998
0.026830634294061524
-0.04419745327554517
-0.007308771641238742
-0.01887699365367585
0.08929662826156388
0.07882640572820182
0.01450360797682711
0.03957482867633206
0.2442183298127047
0.4410902855940671
0.4214046169853876
0.39382151286937894
0.2941900180927157
0.19246598827922828
0.084503992468713
0.0008972770199260521
-0.0672915028095131
-0.04361744397440717
-0.02384765593422593
-0.07107541264931067
-0.09509686751559114
-0.2235220059994707
-0.4264866092995024
-0.6296646552007901
-0.48306488936960545
-0.21505587358045378
-0.0023182820021780265
0.013092063769034682
0.008479350900352496
0.019989570477734656
0.002820047957569678
0.074952550199059
0.09011852067765878
-0.07102904353868691
-0.060000687899902094
0.19550552142620917
0.4385836342039827
0.43260087403084657
0.4262663054942257
0.37724745295610257
0.2749983529808043
0.20629741188976516
0.11367705287905903
0.03810376473537215
0.00040287603634592815
-0.010135744041087087
-0.005982472789552497
-0.08379982764988358
-0.17590120166748582
-0.41596056703004963
-0.6128126603456991
-0.7118581606384234
-0.4621332869841979
-0.15819567315757144
0.022398423305142422
0.03874261227640644
0.03254648611914662
0.004352077399779333
0.04334117415375273
0.11370762585893295
0.22884296291538037
0.27807685036363494
0.34630145868349155
0.320440360859103
0.31772049844200373
0.27829318655216845
0.21663547788747084
0.12290157079033258
0.021614059316077842
-0.04926307889957649
-0.08569640820473706
-0.07213999064213289
-0.08342526098462079
-0.24324971508734347
-0.41894987415431084
-0.6350847260378288
-0.502153856783002
-0.2697552542018548
-0.012589266168672042
0.0016920789470292875
0.0031566303773893733
0.03393694166699042
0.028125122815468057
0.06486891089504286
0.0031820174466419726
0.06197255652049542
0.08615871357112793
0.23591355240654888
0.35197898763383434
0.43976360218478155
0.3561864770160224
0.2749880568524185
0.2315306095771792
0.18776293653940082
0.09871880767547994
0.03178062740619366
0.002184592132283561
-0.022102917656387285
-0.04526242250777921
-0.07385883233130328
-0.2039443100935354
-0.42088548762236583
-0.6666301587117376
-0.5962616719552449
-0.34410947375519035
-0.07883934342492038
0.008419457704909022
0.06211302589901739
0.03435726504870977
0.0001942943416235669
0.0053799843760499915
0.0340009519737508
0.038687604790017975
0.08947014318613848
0.19852552993310624
0.2643775898326013
0.3176489170953889
0.33169872809629
0.32961409123681085
0.2702825471429291
0.1966267924849959
0.12518415466691357
0.024774747100651154
-0.02225872895304925
-0.06320005518267897
-0.08053282227877442
-0.19003254623524035
-0.38286096617132587
-0.5443883006949706
-0.5909044132270242
-0.3896129172645567
-0.14700844496107607
0.03479891282388049
0.029716250487230506
0.062484371207072925
0.01814324409614049
0.02115237608644663
0.03110459485934626
0.02599290120165723
0.08540809163590063
0.21366616949727218
0.2904688250080096
0.2933437772291269
0.333582624618341
0.37213569583208184
0.3355920325851657
0.2752725161207103
0.15588295640496463
0.041780789721023934
0.01517187618023699
0.028250971076789953
0.02667092296842433
0.0011890726654263523
-0.003138249839865809
-0.05646652048464868
-0.10248674742497427
-0.23488128430864777
-0.4224056640823607
-0.6147835601785776
-0.6286358430283614
-0.3870808923869273
-0.12838618999851034
0.019346470884281628
0.00900981542639126
0.021451454303597205
0.0177298259270737
-0.0021558345675788976
-0.003947442200454627
-0.037825028139997996
0.2310997105192731
0.3342350398566929
0.33308904939703393
0.2559242565348146
0.3755142414051351
0.3295379273008596
0.23287849404746522
0.16632696613996337
0.10077465333839897
0.029747895366639337
-0.026211402705380825
-0.039621171605602516
-0.046580722405674804
-0.10104696929699371
-0.3334131198632236
-0.49897960043519185
-0.6730316181169854
-0.4987708051310376
-0.23861341976718314
0.01771392522471832
0.01487208761121127
0.02751473585197049
-0.039549374667672534
-0.06992241121512503
-0.03197810665972714
0.05159547531509734
-0.022602867885903613
0.033284449510464845
0.2331460504038642
0.42855457776253425
0.44260957688555086
0.3597234832892803
0.2593317540968632
0.146037490978925
0.09299925595074568
0.010708780751440024
-0.09712464620353982
-0.20604929614367867
-0.2746048908691109
-0.4056344304630968
-0.4490575367594256
-0.33588747452579654
-0.09236992309878962
0.00501472513296801
0.023337104773155218
-0.014928753940220127
-0.019525477357240483
-0.04885905938406193
-0.017068654021478575
0.003558243439365931
0.03406235190207453
-0.013854161299810017
-0.03017697039565505
0.1796701964280058
0.3928526565501852
0.4612605517613945
0.38938499424727085
0.4052998913724072
0.3456904485513212
0.2516986923074117
0.1398209517255216
