0.9204838790250709
0.9592306725116586
0.9806620266872695
0.9881136200646752
0.9912810277797124
0.9935327745999654
0.9947250226478689
0.9962192844021659
0.9974727841294415
0.9838265808249012
0.9247109470045477
0.7771471944491768
0.45880035616644066
0.17452894425038518
0.05261894777541481
0.07868941455344108
0.07032495350572844
0.059642022506174355
0.06054699901397488
0.06420031840236752
0.0614718246629915
0.07224162952950065
0.17177838845647103
0.3776826288233786
0.6109566174249927
0.7745197450304149
0.8529998194853774
0.884684916504653
0.9001094907101859
0.9127187101010067
0.9191684446266485
0.918004835336379
0.9076289790311313
0.8976061656336461
0.8802549785265507
0.8239510184356059
0.6719850116727812
0.39572656157295216
0.14528111970413404
0.04787112900339133
0.06783201084177985
0.07931016981130141
0.0672661429755088
0.06077090697172467
0.05790780971468898
0.0608385940522368
0.06239607183777444
0.0629542857574675
0.07601100919831895
0.16899578380190994
0.373610606073726
0.6137907663197864
0.7795185852193285
0.8748174220232885
0.9343490716896633
0.972683255737923
0.9900588688159375
1.0
0.9996382773567998
0.9949076784308448
0.9933078189297156
0.9927529103997109
0.9928964604421853
0.984980251178461
0.952287730024294
0.8513782183491673
0.6542261112202
0.3598197278758729
0.13274056254308852
0.052873377050855444
0.06802877693581048
0.06513449411568371
0.05281254107521315
0.0481382007486429
0.04308801058490914
0.053741240326527696
0.07097000440031513
0.1454074861264512
0.3072570230666878
0.5355592304527822
0.7184495591598086
0.8178020365476705
0.863720993342827
0.8904528345028612
0.9014563290051254
0.9052523664181824
0.9114381098751572
0.9134966870463712
0.9158026874387105
0.9202217354297382
0.916089604750424
0.8927447232064888
0.8222156501400483
0.6538169108400794
0.3705013922836782
0.1337536873422629
0.05032839848341993
0.07583758601878944
0.08320815552285149
0.07331367832982093
0.06556857783942416
0.05172113695320271
0.054859493027793534
0.06616452878200693
0.12828562308466476
0.26134943753677287
0.4660707239023041
0.6407219196685954
0.750343036775048
0.8194929548737359
0.8739603048388154
0.9046899911790622
0.9160285063154804
0.9228457778213699
0.9279546900418056
0.9250635627980847
0.9217537364958265
0.9141752610159587
0.9024775670048311
0.8667087873879757
0.7612499585007418
0.47261696868163533
0.19378449292601246
0.062408955111570505
0.08179142746566116
0.07543843403800894
0.07302078398978115
0.06810926861765577
0.055345674950971195
0.05441189283649672
0.06940280054533861
0.12543520900171654
0.24318002196661193
0.42515386485881396
0.6047458533923071
0.7372497010936947
0.8094002155123046
0.8557882226425008
0.885227937740292
0.90698434622754
0.9108416778586068
0.9111541737580778
0.8983836161254208
0.865947566851381
0.778787281061823
0.6000359456938655
0.3419143955622369
0.13069750904416844
0.05327232850049441
0.060455315991366276
0.06267586639789649
0.04813833873565112
0.0460900549256904
0.050316023634868555
0.05556529533772246
0.08670058348071817
0.1907452874480514
0.37848958898399065
0.5841160552835033
0.7335118746245664
0.8148030539346971
0.8647013518947366
0.8998949537837754
0.9223306255040753
0.9394581364274034
0.94868923664462
0.9514084455225019
0.9536761527548728
0.9506798686623359
0.9398543326990982
0.8990530682168684
0.7805858813259972
0.5006277225489741
0.2282226334310011
0.08742334686747415
0.08932033860845677
0.08256655136309751
0.07684381035155859
0.07490604841245493
0.07318508144374258
0.0790653278951261
0.10346920138926993
0.19747722693694003
0.3650227701042856
0.5574939417788958
0.7044907422312706
0.7962700438228
0.8506959582115597
0.8821381901344764
0.8990368518839915
0.9066820723150623
0.9118284330923383
0.9106355530709497
0.8994545008688941
0.8548358412173741
0.7339848735023982
0.4761154199736613
0.22034664726783013
0.08699119387958978
0.08174527136242801
0.08210641309297771
0.0864610487076135
0.08782316940841613
0.0814447044689345
0.0787023572815749
0.0858635446043153
0.14055975503450022
0.2647541782941674
0.4564489982853503
0.6314474265405791
0.7466791494720443
0.8075121788717282
0.846304761070447
0.8758977148517716
0.8916502357591635
0.8989768131100487
0.8937829411424519
0.8783295102227144
0.8171533053875571
0.668963524394279
0.3873631554840652
0.1562036079832753
0.0600814867665707
0.07880354659876959
0.06624080143085549
0.060548471744240426
0.054225327616424054
0.04218049676482824
0.03711516911298794
0.07047907641462423
0.17274320028477533
0.3403778606795877
0.5360174865110066
0.6929873322640234
0.7867442210771319
0.8375069321863906
0.8694231826104328
0.8919152816059259
0.9021713077824814
0.9074638745183622
0.9092443506907092
0.9052480511195828
0.8714070593461705
0.7743037459808667
0.5562670842469626
0.2851833481081235
0.10334903692673067
0.06319962607165212
0.07070139286191718
0.06944702417572987
0.061715074845340265
0.05544342428385713
0.054195311568551174
0.07909950684730231
0.1501183779745105
0.27477642770320304
0.425566490131659
0.5766637791771917
0.6952549998230358
0.7739927286995174
0.8198840370125551
0.8557473594585766
0.8768105855482282
0.8914183661648848
0.8976299512368191
0.8993175958362313
0.8914818179919299
0.8661763991513274
0.7803950737456393
0.5682728239981428
0.2868253497942915
0.09139965134551642
0.05595084229337625
0.07034006040704456
0.07232896481902484
0.06277918739667629
0.05593056120909455
0.04048453910901471
0.03978058594328322
0.05513047189396629
0.08165962551471169
0.14791226293119342
0.28845358563019763
0.48886580063872687
0.667791879920604
0.7760481490931728
0.8344053942015704
0.8711731729511256
0.8904106365604931
0.8796306388421531
0.8321626689121527
0.7084683467637068
0.428730226307739
0.160810938490425
0.04944644577847899
0.07209729212396378
0.07123266342678863
0.06110157516092995
0.06272213141415735
0.057420054198231256
0.055399584311352175
0.06405613156280689
0.07653574957321231
0.13644503953907094
0.26539995454500276
0.4639573919765738
0.6421800849976887
0.7610649039497163
0.8235417499570953
0.86918215696159
0.8987866589063456
0.9088842649513619
0.9087328031131329
0.9048269830603002
0.8905135567803424
0.816973552622982
0.6452589628005225
0.3632679397176539
0.1416889034044852
0.06146772093983189
0.0895856853090728
0.09030144988870452
0.08426646585091638
0.08005205305788542
0.08395606590369845
0.11624410905308853
0.21530103230620395
0.37448792376334705
0.5484971720722879
0.6880415421677123
0.7774749738953892
0.8285279054734438
0.8593866377493655
0.8740230078833287
0.8782933727682413
0.878572447413671
0.8762072939222203
0.8472227557800796
0.7620059039062056
0.5647742121840934
0.309678974070259
0.1189383861472081
0.06493057810284965
0.07443171411153914
0.07958324876607305
0.07634601401231864
0.07471553192585588
0.07393073238846526
0.07887365899345662
0.13852945691131993
0.2654524293784538
0.4490116740056825
0.6237849015410653
0.738833384093649
0.7920526939944407
0.8186298404767268
0.8431259915782239
0.8484872478871772
0.8444418420601303
0.8240862503665408
0.7665614892354243
0.6261057835697658
0.3665410181119382
0.1408069289481698
0.049843018433344655
0.07111647945786145
0.06810404592168631
0.0603453175255365
0.05751008123394829
0.058270003544414896
0.06383176673228487
0.07683383963311433
0.13924477867025406
0.2635397251695724
0.4580924569309746
0.6301522327049247
0.7433746059932673
0.8010512647030744
0.8410929246631069
0.8712052754581537
0.8827849437445314
0.8884991371761132
0.8891252755823545
0.8912044877970795
0.8868627567425019
0.8623800897474733
0.7812463821103337
0.6082438379417875
0.34499440949557564
0.13040830879393867
0.0507685522616171
0.06809426027577638
0.07391108255109036
0.06030626150879813
0.056953599592982136
0.06562214252957753
0.09193674593748555
0.16857196136880914
0.3105594535007539
0.49372270841845006
0.6461957528376823
0.747940502284351
0.8046205215589102
0.846738318566862
0.870356753908009
0.8763461526651092
0.8694913356487876
0.8322376889337487
0.724300804949632
0.4723781110493577
0.2105593101042511
0.06961975858981363
0.06723157144229283
0.06755005158047733
0.06254320651026063
0.05959577379298643
0.046040001637341885
0.044939362953806135
0.056407176504241055
0.07858260506607007
0.14651859664220443
0.29027513603526844
0.4748004443009013
0.6240857927503927
0.722778562516199
0.7758363809543991
0.8109353324823896
0.8316648082760668
0.8378990309937618
0.8271906121427771
0.8097826905200034
0.7565214948693545
0.6128645474525652
0.35284037615837616
0.13844525511609546
0.057182253311002594
0.07149868599737808
0.06218354992556736
0.04691803744114511
0.042293040710543316
0.0429097290124819
0.053896858944376486
0.07248971662848142
0.12947215869145523
0.2303144046740797
0.3917915894409187
0.5549742847920693
0.6766515220842148
0.7444152167526373
0.7900536307486329
0.8211516570717141
0.8378318471625333
0.8433115455267368
0.8471228546261829
0.8454012319199914
0.8318745157286093
0.7639399859938802
0.5917846757793727
0.3196587149476591
0.11519997954429605
0.04899769053693233
0.06652655285396165
0.06862129619239404
0.06426268339544851
0.06267350844539667
0.07143183981514346
0.08952354349481353
0.14351960281232742
0.24535623279183702
0.40324078741429736
0.5586704339516931
0.685965343034171
0.7532603198730606
0.7917310024708185
0.8122864446439949
0.8226622649588304
0.8135969332089468
0.7684858068728512
0.6540952301840061
0.3945461733384118
0.159975179127152
0.057778667462179176
0.0814696152207758
0.07325345580362064
0.06798716234434443
0.0665070933141726
0.0661587072686346
0.07435455458773135
0.09840869372559828
0.18218614967906127
0.324095080332727
0.4932574345432703
0.6227154878510117
0.7115692008539711
0.7682216807662927
0.799546101039639
0.8220399879428744
0.8351099250374355
0.8412327126919725
0.8284875488009416
0.7910837169673935
0.6905045258502173
0.48945832466221123
0.2528396002662548
0.09896322488235226
0.06742277266637546
0.07661546662493902
0.0666301907516379
0.04571388491410715
0.04576926388958876
0.06077463436432122
0.08012807878665637
0.14438326943426133
0.2651717035393954
0.4286301979556409
0.5702120287468533
0.6765700204694204
0.7377928901134713
0.7771324966059012
0.7997128749615887
0.8174483285749247
0.8277993455874981
0.8268454913606875
0.7940075737895764
0.7131165675413076
0.5172303974815624
0.2735537230055925
0.09962530576296372
0.0546687036254932
0.05580345148643678
0.05659200172961362
0.04775959659913916
0.04040921573941007
0.04685584015775432
0.08258735931966724
0.16702607151532503
0.30007255477282335
0.45844320185778636
0.5900298517542555
0.6927338554741432
0.7627722636243752
0.8100416345991036
0.8355920112600459
0.8483386046265213
0.8431040882362844
0.814225246969874
0.7297133268770729
0.5376748961114061
0.27536345614517094
0.09578258767809353
0.05300179834002174
0.06278187657358232
0.059168071517224925
0.049163769457741736
0.032307281861190695
0.020154318644906046
0.03385529154925508
0.08271350305452636
0.17073607753020073
0.30211267589743374
0.44481394346655995
0.571310236097208
0.677060067149457
0.7540140066211289
0.7959639057272838
0.8137738637895581
0.8110095379374348
0.7824812133406204
0.6858610310937363
0.493221352398466
0.24885572186783297
0.0924963720482991
0.06100423347867379
0.07393942662518733
0.06744302929852122
0.059995263273485755
0.06654032562548137
0.07723580852566846
0.11732287424893639
0.2055353885516297
0.3318484083841745
0.48291646414273565
0.6107496491923162
0.7012802439045698
0.7458714158400959
0.7813446595889629
0.8035613843550103
0.817286827486941
0.8161116616839944
0.8001041913980736
0.7617775648795826
0.675897457500133
0.5108471626795446
0.28144515151577465
0.11029094969799515
0.05360392662583919
0.06845256410951123
0.06320489398909715
0.05616033495942099
0.06192785577106094
0.07145784831222664
0.08636910209615259
0.14011213488187516
0.25476786838001764
0.40798523923249996
0.5453824407881228
0.6458338471498154
0.7104676425741778
0.7538171749965589
0.779370721289043
0.7867461124933188
0.7830584033880346
0.7719918220307654
0.7403691008217868
0.6510421530769144
0.45954952151220474
0.2382470961437267
0.09237974728707761
0.06267843227886853
0.06263265987928489
0.059687876495424286
0.05270138513862865
0.05981998491550567
0.0621267942404722
0.07794628422792577
0.10706322314006454
0.1869801975129198
0.3072692016373656
0.44923052336922387
0.5662105959195001
0.6490092985207438
0.7010477247775257
0.7403133287992688
0.7694219636005132
0.7864794604831161
0.7885471967593086
0.7745006689747951
0.7182550693512463
0.5775625201547115
0.32693170003037264
0.12597892701958788
0.05866848768992168
0.07884012053124373
0.07570668557518659
0.0769464490361907
0.08458301001513814
0.08877511738925319
0.09459157018532195
0.12311799380365565
0.19509009707849823
0.3113792133412405
0.4396165124116339
0.5499618617671692
0.628078899768037
0.6772389412166033
0.7136297381557615
0.7357353403579978
0.7408845294074661
0.7056627862801231
0.6088747896295768
0.4015090299320628
0.1928456983662869
0.07299306089497727
0.05623994899434877
0.05654591528110469
0.04579897811982562
0.03296941839658266
0.020712626795240073
0.027173011253225594
0.03727231811387721
0.07851976712730366
0.15468832609215885
0.26247540390599333
0.39322032795146655
0.5075690896203074
0.5884978023046477
0.6412414323395135
0.6925888034772255
0.7257219104149873
0.743129483841305
0.7338460456042252
0.6785693578138869
0.5455267958007872
0.32254226667558095
0.12441014072014761
0.03468715761969717
0.04216568969480786
0.03929691438081756
0.03189703084710444
0.025240273555126428
0.06497221825954178
0.06555678274358542
0.07555701999341694
0.13368006330717758
0.2848342939290269
0.42159952170409415
0.5287448633220877
0.6050992352866081
0.6579064673413136
0.6992225861085091
0.7183910765909632
0.7044549710029653
0.6480981636859305
0.5299797353177054
0.32269419905131125
0.13000220563042209
0.04293427369931168
0.033322685183033315
0.02114218092644594
0.011531532822974937
0.020533368259189833
0.026730728020372338
0.04970638773096223
0.10433456619598541
0.20616220282825481
0.34155304467649217
0.4776598164405932
0.5765208808783762
0.6427317163135193
0.6899801719111059
0.7266006340541461
0.7474649078785371
0.7615574599795712
0.7674223107394628
0.7687661315960188
0.7613169561819958
0.7242212716869977
0.624452530362443
0.44000320824440187
0.22667275729605063
0.08855121964466756
0.051267988476505336
0.04865631932782843
0.036029337569768366
0.026007103179180903
0.0326329410377912
0.03241280516256857
0.04237491616410429
0.0795711212009268
0.17460856069038638
0.29944556887765394
0.43786006787610504
0.5487230041433383
0.623747284867696
0.6720408184379285
0.7131109283962898
0.7403912413384968
0.7553422215750764
0.7509003520795587
0.7202010692095687
0.6474009717285966
0.5213242405655222
0.31721528089470175
0.14214796129197796
0.059266538279507425
0.03768562903720893
0.019348643539056656
0.02980131655060414
0.08223921743488344
0.11176778155132691
0.1041161067843415
0.07387895834121726
0.10025003366061162
0.19548423810760365
0.33225315386060367
0.4454418319341738
0.5213144475703579
0.5717803465031571
0.626485079231329
0.6720585827094588
0.7017337653828825
0.7123679346820566
0.7188572825726427
0.7160584431223469
0.683781326274239
0.5951160042463776
0.4439305397282911
0.25210789421110674
0.10597739759307079
0.04485258403154263
0.029732945804657095
0.03615014524500706
0.04942712093829677
0.1093569561126857
0.16507545831058962
0.19711610749949957
0.12313024776517831
0.06100170443524872
0.09120765358896696
0.21850509926321848
0.36049076255057116
0.48094030093505913
0.5688523426172486
0.6308903883050586
0.6819498731785422
0.7169479724436367
0.7114407224340268
0.6500360449518181
0.48391813089068375
0.25469474441085815
0.08853323088356606
0.029063237140494264
0.02893908786930353
0.018684662909457358
0.03039425865049664
0.049168145161073165
0.06539206163755085
0.04768498939276393
0.017577901403783243
0.03816983450334231
0.11886694291922285
0.24062032704947495
0.35757928262358474
0.46357351157147647
0.5476954654018953
0.6150195180464867
0.6680621741979199
0.7027159895666903
0.726646562371905
0.7325134494658216
0.7137592391895092
0.6428648824869666
0.49765823552556115
0.282393654842877
0.1254958463592241
0.0797527439230052
0.09426279285316207
0.09077311659491896
0.0881479876489052
0.09148500303103833
0.10156742345015828
0.12245706684201178
0.1844244238612826
0.2961791914064628
0.4476707684158586
0.5771609477316638
0.6679508092049151
0.7205595008800725
0.7489946884438088
0.7457414339057682
0.6946565759595442
0.568376920901893
0.3444597037851911
0.1470524717859172
0.05529872684976438
0.05122111569096537
0.048503477872023255
0.04773006181541994
0.0476954926841898
0.04502188466705593
0.05208387627673345
0.06255673082425739
0.08836422458474494
0.1460535267556994
0.25118815757228635
0.3753241349151557
0.4856830785278462
0.5646212357573412
0.6302872229588505
0.6852281852874723
0.7215536308395123
0.7404516240141809
0.749967369808609
0.7401692111347545
0.680110544978202
0.5424354058669498
0.3129540341348159
0.1356893624682712
0.07061541696816563
0.08881084705490028
0.08344001033600772
0.08202503112893542
0.08296171987020665
0.08827117044859682
0.09370784879449723
0.11707660079582564
0.1713899492703751
0.2570621156274963
0.3671948487742485
0.47770183231665886
0.5653092605178659
0.6225965871251103
0.6706334921756283
0.703976010205694
0.6942464896983233
0.6098315145105923
0.4236648141714057
0.21808442233352363
0.09600404618039093
0.07248440978757838
0.07386412325595865
0.0656242263779303
0.05328987245433097
0.037925322592654305
0.04186275135646714
0.06040290725063141
0.07943013849772662
0.13360444778174893
0.2449171207871939
0.38507315485558363
0.5014448709022163
0.5880241075187042
0.6415269654823746
0.6670732906930152
0.6739378525818518
0.6587103913557011
0.5979528994477755
0.4741462294725003
0.2753640675801342
0.11892852484992947
0.04646640062672124
0.04440544786680538
0.02023428887267203
0.01920338559165325
0.01680272838577025
0.015594641760631545
0.0
0.01955188357876154
0.06546836118430761
0.1634891578280219
0.2794623845808861
0.4110062982691382
0.5011881095213189
0.5667210383242901
0.6106157210414782
0.6511439876964208
0.6717401096112547
0.6824398827451386
0.6706612337710874
0.6204909996488612
0.516350683837408
0.32126055504018775
0.14733906007572925
0.05558066886432859
0.05203874822027776
0.041230892920013515
0.051269059021071525
0.06181572917809579
0.06889131517676711
0.07385956007545016
0.10335535259881695
0.17973460503493002
0.29776837873450696
0.43002749174411314
0.5390254870828419
0.607866692038861
0.6421302280709471
0.6619105412745789
0.6536543650995559
0.5963126037161792
0.46877604742606876
0.27063405352664155
0.10024064809893665
0.02796475617293846
0.018889851446479484
0.0048813706126641715
0.009166614309688861
0.03467664698437781
0.03702493100291887
0.01819180217334984
0.020717253008610603
0.07839518024277022
0.1942205357941971
0.33126992846370606
0.44705078478661525
0.5332617590962877
0.6076045557232675
0.6634936332031625
0.6984974563976977
0.7201733982112201
0.7199598960191838
0.6734402914477556
0.5705336255960723
0.4003037625750619
0.21129727146150887
0.0917358653919141
0.05565477293912947
0.06081299735201077
0.06871426756218038
0.0688032788263186
0.06589849637965269
0.07262212400883619
0.09485382429016694
0.1390893257191348
0.23248627627063323
0.3564812935407024
0.46701154367660286
0.5540380723149733
0.612695323221728
0.6560249715587761
0.6901486378159215
0.7165975652931041
0.724385682518379
0.7223353560825938
0.7028997347650647
0.6273065692508663
0.46270414930116793
0.2529893361759131
0.10792539958059343
0.06088782542475588
0.06352363378735992
0.05960702046607894
0.05836881801604845
0.03634688663579052
0.023797078563708173
0.04547881430411168
0.1223717490758196
0.2226192607204088
0.3511627189636115
0.4657098066451197
0.5496274306889735
0.6054520545069386
0.6514122026145229
0.6868721561008257
0.7080522069094007
0.6977437213577636
0.6343269517944893
0.5016566775511822
0.28697478548564137
0.11196466388817553
0.04132154546974919
0.03774180458988762
0.022486665719611536
0.01585631867244081
0.05037633453038619
0.10914164475206112
0.1953416505029416
0.14577864745958657
0.08864679717938982
0.11145689095653417
0.269415036427267
0.4031433794116676
0.5171588474410448
0.5965969888290374
0.6482495470334029
0.6905964990290422
0.7164953405021469
0.7241647403436128
0.6992855000769055
0.628363520634006
0.48446207850514694
0.2709612120740558
0.10329771872453675
0.041887201813665724
0.03478194806925421
0.02534613216827802
0.06761176727731076
0.13456341096593857
0.16845874177175563
0.14249418990747417
0.08155201085414841
0.05878778585700737
0.1222919130341977
0.23480538141376744
0.34440743676396907
0.44904296677653655
0.5422618806290322
0.6079646591484024
0.6527482803519671
0.6850172652472736
0.6878638342967104
0.6505955300323084
0.5515888598481699
0.37236659933466915
0.18349120516340447
0.06986726741243979
0.054005765801800804
0.05822279636707177
0.06356978010798092
0.04956851404143185
0.03865411423810593
0.046557813032090355
0.06757808142764049
0.11105414628123768
0.199997826600002
0.3281543781878952
0.44138493510017374
0.529038113389468
0.5931434724402839
0.6479258851449519
0.6904797475397403
0.7085270507172093
0.6812788857511902
0.6032016585455418
0.46271015580637637
0.26354010954023355
0.110602195067464
0.05854077314112066
0.06820573395686813
0.062771819662017
0.046362405542054556
0.029958234249229936
0.01923438011821907
0.03328885351464706
0.07270563652051096
0.16105213179728464
0.278769349069878
0.40218746477496475
0.49458176516752766
0.5697013593946033
0.6341921045040598
0.6929054059134262
0.7355297901425942
0.7570192777271239
0.7665681253554179
0.7707457803203193
0.7608244933215756
0.7105282431082429
0.5809260051474352
0.36311174284268666
0.1613874344547314
0.06066719926924874
0.0521801380306701
0.05571926682006867
0.051387275337421136
0.027075294926091703
0.01573827760236727
0.037772420864709395
0.09806898074550074
0.19712319439205525
0.3281313569066212
0.4616536400413901
0.5672827660566527
0.6485708204738152
0.6948936670096101
0.7093968122069448
0.671913575281866
0.5648200925366296
0.345077323372122
0.1492964216400832
0.048308466502742925
0.03986490790978615
0.018850180624319854
0.013414831333906469
0.008080546410216332
0.018710743481726466
0.018662052802407788
0.01851849544917774
0.04042195883029286
0.12872515870588708
0.25471641218697516
0.37671036339026887
0.473684253291885
0.5566011594638584
0.634774609334163
0.69554883125602
0.7312657380795304
0.7532880728270285
0.7677886517091205
0.762321143025706
0.7154142686030976
0.5929318608659068
0.366613894988583
0.1574041314325158
0.06164509737955042
0.07246568989155901
0.07520897257223548
0.07268400477440852
0.06548868222407918
0.0684703345120557
0.08576060102898848
0.15914785894863634
0.27161103355483857
0.4059207864478781
0.5239251423425542
0.6221157584848949
0.6876727234625442
0.728292889583518
0.7520169716392067
0.7483807750488528
0.7028931781385582
0.6002594863708507
0.40966785033293396
0.20276900700129455
0.07212254624391451
0.048123875953893294
0.05241856614198039
0.04824889527585284
0.04156340884847669
0.043708921154774774
0.049652164680360926
0.05446015609587834
0.07585702074630288
0.14497471813424426
0.24966909677242824
0.36688538275779947
0.4755460615229154
0.5686943724870327
0.6385886397882835
0.6882921000474426
0.7202698417149725
0.7380066091705599
0.725124714370111
0.6758427367509824
0.5705583512827912
0.3693375274653547
0.16861190884378913
0.048976465049430026
0.02039870845970209
0.0036209091999118196
0.01572015905523143
0.05005699048499595
0.05973057436467998
0.02751842541641425
0.01811683054417703
0.08944740018405482
0.21800649373123493
0.33898234857388493
0.4407267646915751
0.525173524728091
0.5922238264320009
0.6487220503192356
0.6929538478347144
0.7222381921487243
0.7308538743152725
0.7152750172442011
0.675590957346652
0.5782180085751505
0.39617556137826554
0.19266002516079034
0.07163164062190146
0.047447458250100376
0.04935890802820038
0.04917739857778759
0.045673511661786716
0.049552569093746765
0.06643665324400619
0.13027559262213662
0.23553543592095655
0.36203915651206775
0.47260681007556293
0.5603912550171679
0.6239410980006802
0.6696891475844372
0.6993564514932609
0.7090029564266132
0.6841629621964617
0.6113337147245458
0.4729387198872528
0.27280354743594004
0.1190741394972741
0.052472438051798624
0.045755778241343505
0.024282854692068496
0.027232963642020925
0.03012377244515546
0.04067453606151652
0.04984590877522364
0.08384072032606044
0.14938401706936472
0.257849523718779
0.3707494597955106
0.46510401517927336
0.5361484488933232
0.5975970150371309
0.6413196385485826
0.6697646257627149
0.6633512242449374
0.6215525065582941
0.5290354399525039
0.349567849510394
0.16986377183889786
0.06309652418767094
0.04431115930725225
0.03412615743185662
0.04097587861767693
0.041863243475462567
0.03434483907029067
0.012758925617534406
0.014889962609551438
0.04969142165927132
0.14749261619393172
0.2798242510360027
0.4199473690069967
0.5338731425260512
0.6189697848420314
0.6749691708462219
0.7038922892869334
0.702348424441268
0.6676611257703455
0.5807233167881857
0.42970047095717007
0.23106789311530943
0.09879842321447863
0.044144703493091526
0.053380115912918344
0.08696939661410395
0.15136054920538575
0.13028658754060202
0.05410312938229157
0.0035996431624303097
0.05319732262165139
0.16182109855702864
0.29274301558096655
0.40873762533440405
0.5027356789271384
0.5805854511390358
0.6453238219159928
0.6927962937431494
0.7198769057190169
0.7086836159409668
0.64580755966715
0.5096272750203763
0.29431692823969197
0.12261263717618295
0.04759013057360742
0.05204407297004197
0.04295902865139932
0.02650956056756259
0.015046984130192478
0.025867504063055574
0.06336409333455315
0.13888272037676333
0.2620214413114005
0.40180828940076824
0.5221021588778154
0.6149217693691315
0.6860865738911981
0.7373411304181341
0.7702902761618349
0.7753362269026155
0.7430142830681746
0.6655249925150861
0.5191451566073957
0.2984175873836884
0.12258190222973124
0.05342122155907127
0.053839709718233285
0.039370497200939866
0.030605735750838872
0.01467227409732436
0.00443537261451197
0.018862073191755275
0.06248039442135011
0.15714144340142616
0.29401507019180906
0.44334342225003437
0.5583088024431547
0.6410735177171679
0.6690491260941694
0.6412335788536304
0.556536780286787
0.43089473790194516
0.25981531406580155
0.12152018372133351
0.05704935744139595
0.0565063635742187
0.052513343546531345
0.04847998441748479
0.04982008263025339
0.05284404110200016
0.06939001669436692
0.14820898038201405
0.28647368738056556
0.44641775640298187
0.57195356520573
0.6578672813159345
0.701926951004903
0.7088683406122447
0.6543784140909744
0.5212087056720335
0.3009023622862707
0.12519929315139366
0.05330011795948422
0.054971714885256255
0.03806790735294231
0.03035098395140765
0.026196198846038337
0.023876711656242028
0.027013193180267642
0.05381861329319264
0.11276897792545879
0.22393314821427848
0.3618018642868677
0.4869484083300252
0.5757627418519635
0.6394760641600593
0.6823847811006236
0.7182486502274334
0.7456597147886911
0.7661283549026939
0.7631871438580866
0.7503786565815693
0.7327706005321055
0.708992204165024
0.6745898579841972
0.6231255523535677
0.5342689272100655
0.4143497260356225
0.30058252021012277
0.23266258996544448
0.20455527615388852
0.19527055455406978
0.18583857213434343
0.1781021285125246
0.16329785988120168
0.14325319550320462
0.12897088064828888
0.14025444402765566
0.17360103726644427
0.22499645722121678
0.28130826037207013
0.3309409138998421
0.3599201835329676
0.3609577336504969
0.3495975368154583
0.33968089989868533
0.33524837379334316
0.3276199751856921
0.31745402227097846
0.29531312987733793
0.23634269736533767
0.1595360454400296
0.10976427680331044
0.09919291430490831
0.09740642060305328
0.09078555089695847
0.08616252980149885
0.08373349393524859
0.08643516829308501
0.0882846478365704
0.10372960981015066
0.14499492047388954
0.2146725971940961
0.2862524091935147
0.35252458723471347
0.41607987094421234
0.4747289892662459
0.515625439894344
0.5415309789970674
0.5585852871126572
0.5675234042843758
0.5640586544369229
0.548940106123674
0.4893368119853116
0.3932013523048704
0.2923098393505214
0.2164318888293096
0.1497362941949439
0.09907109622898548
0.07777701822550459
0.07548476742871955
0.07708387180756264
0.07586273344362976
0.07695210385316506
0.06877475113037153
0.07115776610213687
0.09217674215569127
0.14647396137750837
0.22782206163790023
0.32842691085021025
0.4315040432288941
0.5113494252479772
0.5696225622123162
0.6022860918199794
0.622017370469654
0.6256246406105807
0.6246888136355995
0.6229496875628672
0.6221403012616158
0.61085038824937
0.5832311517633043
0.5375025241682944
0.4660036291958503
0.37812771705551185
0.29083716726521663
0.23062509100390163
0.19553523753940805
0.18418106651671184
0.1771687136864198
0.1729796535173799
0.17264371576598145
0.17144471665113767
0.16309640378257717
0.15669872336393464
0.15914943675298532
0.1747924769082845
0.20072951474528256
0.23509829757998044
0.2614131880926038
0.27588475846193605
0.2796778962325445
0.2812011347357079
0.27921875287830217
0.2758673794288911
0.272200052368163
0.26541156718001035
0.2538652960493013
0.23335750829307392
0.2190211322114514
0.20376241445924392
0.17522854454907358
0.1341896090956408
0.10163821855762384
0.08399977370461846
0.0777994317658663
0.07419837841928975
0.07324167154050548
0.07497844264045264
0.08814923568270812
0.10221025667035456
0.13706049885382757
0.20667024009381643
0.30126937660130565
0.380181394866152
0.4367987078743862
0.49678661879718
0.5648228864774638
0.6279848339536895
0.6730101418130714
0.7017245380728396
0.69654303114845
0.6638098772987509
0.6187880002901388
0.5744082164363877
0.5139270089249249
0.4522790283610281
0.39408008565875235
0.33622860981095337
0.25275294258071984
0.16495174953837166
0.10919693673482318
0.0937480383760925
0.09657590930646023
0.09569495958369426
0.09627184168626218
0.09915772230704012
0.10353663114565667
0.1127537268170558
0.12282870021186676
0.14635532674598478
0.18302832918402695
0.22791691577057743
0.26958247556685044
0.3151982794507096
0.36211151672949976
0.40109030526064515
0.4196456677786072
0.4119831778865275
0.3729509934710739
0.3128827487076768
0.24749783150322713
0.18469313072715787
0.1419916090442241
0.1149938762864729
0.10265755029026336
0.09055632300117426
0.0880436406598903
0.08409632893593931
0.09295762884222275
0.1146900471539766
0.1783438123883055
0.27653686076980527
0.39636901378693573
0.49186416056076027
0.5698447047218488
0.6298416524958748
0.6832675433281785
0.7186920285454294
0.7399760542019395
0.7393810151399215
0.7065343591197073
0.6364262281489568
0.521095797593963
0.3815029318063515
0.2236745592614866
0.11717642724286792
0.070552426715373
0.07302264117020003
0.07363277614865466
0.07873985603123076
0.08037271559232802
0.09875867143658443
0.17289486274405305
0.29358815624279766
0.43020426014245217
0.5349760791189989
0.6044639385017914
0.6379453115850992
0.6626233992788116
0.6908916176848225
0.7169731782263199
0.732894639250182
0.72631043860502
0.697631139696281
0.6411586167723679
0.5737783985073328
0.48948435508087745
0.4070994995699698
0.31754829985084787
0.23293679093753736
0.15141678600912528
0.11112493747623119
0.10144194054812485
0.10253080211421581
0.10858806481263973
0.125945577755515
0.16248213411720588
0.22222354206125947
0.2969434794942871
0.36122563521175377
0.40626850993989955
0.4391366205287503
0.47922137271464355
0.5220338140230788
0.5574481659105752
0.5736005093226308
0.5712284877539408
0.5358294618226024
0.4599393988566786
0.3644516091656326
0.2668575323280624
0.18621543989427822
0.13317018663498195
0.10899626901691879
0.09800731283568553
0.09235338171469674
0.10898835368734676
0.15210751557096536
0.22974277813064106
0.32284881609507277
0.411460992899843
0.46847303634406184
0.5053582295163267
0.5193946371618533
0.5155283804805237
0.5007540966437788
0.4960932399104994
0.49616127784127756
0.4944403695190254
0.49043240815643446
0.48661377069154815
0.47768505821226037
0.46378964204147544
0.4445814193297614
0.4230936855630631
0.4103894080044728
0.4123347916760771
0.4187689030162704
0.41878485540590055
0.4163254275912087
0.41175940963465363
0.40734193836909066
0.40524820896645136
0.4034854037473685
0.40157667381725226
0.4008263937037667
0.40306216722911575
0.40577807166463165
0.4066367893342952
0.40655496869244917
0.40628441428556955
0.4077057688177906
0.41268176315749233
0.42190798269476504
0.4344861841392629
0.4396781997320067
0.4414222629881035
0.4395484814422603
0.440402133614896
0.4400897038022769
0.4386609393180181
0.4381410831553988
0.43767119843640107
0.4397050503974245
0.4470744519150778
0.465640555998465
0.48474417484933524
0.5008610168809773
0.5139206627215762
0.5217164574880058
0.5275757113094016
0.5404972124345965
0.559266243211278
0.5727605285472569
0.5796712783938696
0.5826316785005009
0.5818951189937416
0.5777496540622828
0.5719618417773964
0.5616852617836502
0.5504525062895239
0.5391663382921144
0.5316508836357213
0.5207407377578401
0.5097714001781715
0.4964546291182584
0.4848759303411309
0.47070204823516765
0.45354180891406914
0.4319100232588885
0.4152469000717141
0.4129129267594361
0.4211622599569103
0.42641284702620724
0.42509459807749084
0.42226113760318834
0.4232465759647019
0.42172840368426556
0.4224504538655597
0.42073942940210407
0.4203913052685827
0.4143514807462528
0.41140058431170984
0.40729010458027115
0.40954384474671574
0.4164411868299677
0.4308540446546437
0.44233989450589617
0.45533221983123745
0.4704887420063796
0.4860150215359581
0.49389873002547074
0.4970248248581868
0.49237294058815856
0.475987913510763
0.43290780082072555
0.3638845565924486
0.27538150756241897
0.18566458982386386
0.11396115397391095
0.067941033472561
0.0371917808006721
0.02630401840101391
0.03261429276187026
0.04532206686925244
0.04672206061947661
0.05235599643628875
0.08315067187607109
0.1773574355523684
0.334162333257044
0.49863296659538375
0.6229234231920945
0.6921221085399448
0.7362419571359219
0.7645141624612186
0.7973987154315746
0.8215014898948678
0.844285580140591
0.8499237676670466
0.8312495693988704
0.7683384322807071
0.6324879464364804
0.39754282508507366
0.1739831955335323
0.05876155371194307
0.042227192250321954
0.041234488324412066
0.037282908065184674
0.04500621428492732
0.06021132304675452
0.12102137211768645
0.2471993613239485
0.4399802189493047
0.615229155239424
0.7269767255754448
0.7744913254786501
0.7882440674574293
0.7857232620433237
0.775466406200069
0.7259654406645295
0.6058942585758914
0.4143980151369788
0.21265746761660695
0.07776612953503806
0.0299810286798791
0.024296928702172867
0.029244148394129536
0.027758012290982362
0.030842312983102717
0.04189399594348654
0.10549684739732168
0.22992775174189986
0.41639749136328974
0.5913063740972345
0.7144228579119768
0.782638543388856
0.8202032148766686
0.8468350595202416
0.8591448834515755
0.8532556930025759
0.8178555480546948
0.7367286138438612
0.5714280916717708
0.3167666401347579
0.11785971762425185
0.04818728927863563
0.06818150502234206
0.06901483142623845
0.06355980636324911
0.06418209948484056
0.10447536751185384
0.2179822702459926
0.3964377537858472
0.566751285155446
0.6851099711243182
0.7448376168499629
0.7567863284353511
