0.3703703703703712
0.48218029350104924
0.04566210045662066
0.07824726134585228
0.061728395061727774
0.09523809523809543
0.7654320987654325
0.7654320987654347
0.808080808080813
0.6481481481481487
0.808080808080813
0.7654320987654347
0.6481481481481487
0.6855791962174969
0.8527131782945765
0.18803418803418956
0.1880341880341874
0.7654320987654347
0.1307189542483664
0.8527131782945715
0.8527131782945812
0.8080808080808086
0.8994708994709046
0.8527131782945715
0.29629629629629683
0.0
0.4526748971193454
0.612244897959186
0.6855791962174927
0.0952380952380973
0.229276895943562
1.0
