0.12171251235162324
0.06732076967127572
0.023407153711976034
0.009949549780746185
0.007073250145657535
0.0037451229430608304
0.004693816851951353
0.003937528432942458
-0.04286583582281616
-0.18569568379959986
-0.4635313903269047
-1.0
-0.8929613168125234
-0.3829470935932381
0.08189328004216612
-0.02627467919214529
-0.03355752190655076
0.002842737539603841
0.011475909131373207
-0.008570820913737913
0.03383041252931822
0.31266765350616715
0.6467921637846961
0.7327667831097936
0.5137890751098189
0.24652380679610006
0.09953011372814345
0.04845210427952714
0.039608432924413156
0.02026008664145594
-0.003655162075886606
-0.03259293028075419
-0.031483942016045416
-0.05450403465821547
-0.17686357557268664
-0.4773598744770895
-0.8677907768459517
-0.7867062327987965
-0.3059869896186273
0.06270168080218395
0.036055514266886864
-0.037833034248940425
-0.02040301715833419
-0.008993641251410367
0.00920626180350153
0.0048923928189114575
0.0017534771908031411
0.041014145173495394
0.2920863769377472
0.6427418075692937
0.7544606428060326
0.5205888639998124
0.29935537389983974
0.1870024844207884
0.12041641203363818
0.05458076220182966
0.031227359560685983
-0.0011362532926398345
-0.014859889771399282
-0.005025523450332877
-0.0017430942081849761
0.00045092341186331054
-0.024866618140223617
-0.1026946626218139
-0.3169797828665898
-0.6192997178563762
-0.924797572774555
-0.7133074308440418
-0.2508810388162241
0.04760656636864413
-0.009091602215179719
-0.03870606382315265
-0.014683168684146968
-0.01586379871393135
0.03346422348368639
0.054119475998960505
0.23382510135070206
0.5084062961432407
0.7171492847789118
0.5745002202427877
0.3120887831768681
0.14424191250919327
0.08397080776499562
0.034564484954902046
0.011924218985600903
0.019430830506571573
0.006466460236635868
0.007243672985032849
0.013881237253259394
-0.012979964561935418
-0.07333159540664813
-0.22154789865951566
-0.5289788339295771
-0.8899586378325358
-0.7436785181172471
-0.26205785271456045
0.08013017397306112
0.023152639252901556
-0.031080808738056093
-0.024329126471543838
-0.04349796894770176
0.0098582919545238
0.035511694776666825
0.19513652039944532
0.4179837788554623
0.6430762355607598
0.5486192252086304
0.34434492171426656
0.2172156584676756
0.17109436443249723
0.0965289509580577
0.03561686114924744
0.02141460409239159
0.01604825808226926
-0.009081689830238717
-0.010396919033694252
-0.023805719324081924
-0.03674512388509589
-0.11235789181951207
-0.331270225443773
-0.9066620274166549
-0.8758763782914487
-0.4126805170207556
0.060884764738503246
-0.019956200796346236
-0.007594390009554908
-0.015428189576562671
-0.04009335772120589
-0.0029332225176527207
0.0470898589403534
0.17601056997655357
0.36986330255405925
0.5716213293457769
0.5641393817581793
0.41622479562277354
0.22664121562448333
0.14571530655189407
0.09247685718067254
0.06834183937434134
0.012116758099042037
0.000981620867217556
-0.040115233126063105
-0.10188902597245907
-0.2737903296283026
-0.5614986985019067
-0.8108186389537246
-0.6634803965933512
-0.2432101445119741
0.022563401382024718
0.0069752550975802855
-0.04566568884637101
-0.00643412644212133
0.013274731208182842
0.016489159217569632
0.09780303869499518
0.3268281366593233
0.5897476555718041
0.6459196121083776
0.4692863297997621
0.2553541280593182
0.1567419303713112
0.11055112743975812
0.07047556005684
0.05380141676832503
0.028996990411502582
0.008541655046898484
0.007123385438987384
-0.009412011467429236
-0.03400547661046079
-0.12816607415460743
-0.37213244375198196
-0.8794124053099039
-0.855686491461368
-0.44228266039343594
0.005958883559879395
-0.02121518555607888
-0.017976434263990915
-0.006086952047510669
-0.005405949617705667
0.018471194760731606
0.0766581305653486
0.2953006414474761
0.5262987503539849
0.6045958323722058
0.4617504645101008
0.2882997113670621
0.17096420584024236
0.09876721908885946
0.053082549337294734
0.024015380433213412
0.016165892537325557
-0.003747108115862949
-0.03512223417191702
-0.14015738272196268
-0.37962044280660917
-0.8100267460476989
-0.8034280286417266
-0.4188998832455898
-0.01647863866171867
0.001134428513560299
0.013678903293420716
0.004278731675647686
-0.020036212622337034
-0.008614337752348012
0.02249492208363037
0.17181326733205143
0.3901229989580289
0.6021571347315595
0.5497099616230725
0.36196911379130414
0.1910904148690051
0.12185634513594508
0.09295821482304764
0.04948225963972529
0.023014449869856384
-0.01631513601835734
-0.048542749797982204
-0.1921684071535353
-0.4654978883806774
-0.8845709617511799
-0.7261248415336514
-0.3019414979436207
0.05881025843759496
-0.03946244679445091
-0.017880905358825996
-0.019862437340120744
-0.03783555984588749
-0.015911349015320222
0.10480363958257573
0.3212349286136988
0.5265786878835911
0.6145486692651378
0.49307807358716865
0.294511763706727
0.1594572491534318
0.10025621927394902
0.07065281099326343
0.0322165165260626
0.016625158787285512
0.005592881594023153
-0.01255328808253195
-0.10630227068049904
-0.30502364618763045
-0.6849028654095132
-0.85153582049425
-0.571183028429796
-0.12611845329344984
0.02356475984097089
-0.003940258031000947
-0.02428781567958462
-0.01970068430807866
-0.003920606600143044
0.07822975536082705
0.22308646603907478
0.3915793554009772
0.47366596521537924
0.4746310340652353
0.37252206205522004
0.24733315807758016
0.14415506232318853
0.11265487240105115
0.06616439542253169
0.04588636939338123
0.01951200491087515
0.005301276458455918
-0.024613964713989356
-0.07949009004489603
-0.26945870066880523
-0.6663243489137568
-0.8840906846195468
-0.6138766745822386
-0.11135279132458932
0.04519981474070349
0.006247602214958617
-0.029998028169097322
-0.021513096296244268
-0.048519477006276054
-0.002211277390184983
0.04821749144262051
0.08333411999268521
0.20811463928421503
0.441472337080931
0.6295404599889133
0.5620476089759893
0.3400576231777197
0.18331341194778442
0.11549597586045544
0.06042925921030235
-0.03386243060082172
-0.1491077159303915
-0.38855206734794717
-0.8787212147762014
-0.8415955668432473
-0.3498212619691209
0.07115147261292344
-0.002715995867398064
-0.03182405806355427
0.005090536667394604
-0.016655033373433832
-0.006346756568333278
0.02719218855180374
0.0392013254402792
0.18818873870093566
0.4050767888933843
0.6237141807427822
0.5598381123635335
0.37344432127339594
0.19625401761298808
0.14336692410923188
0.09299449023728888
0.03171888277416533
-0.0004757761661651721
-0.012269071286845292
-0.044961735310986614
-0.23100591968828338
-0.5393946764125035
-0.8857980955740558
-0.6960302716007395
-0.2519930240155426
0.08832493679195379
0.002248379734169032
-0.01895726079876522
-0.013238431440892756
0.01226339443756542
0.10142410499052587
0.3111603802552595
0.5000423196154491
0.5466027218853579
0.43834068165454887
0.280930799282033
0.16036889781425356
0.09693431366362415
0.04597617558546026
0.013414189718196454
0.000876637088450946
-0.007429486355853079
-0.09104704258566754
-0.26768556060918
-0.6195497112082006
-0.8013123029268956
-0.5991596742470157
-0.16965083848702217
0.029845234398876586
0.016182144865401944
-0.010168892429455536
-0.00512171597261054
-0.0024652342759993425
0.015526859420546104
0.18739246238368762
0.39869399410968587
0.5766014376564766
0.5490025548177756
0.36139351398365416
0.16717398604576633
0.0834848765128368
0.07694799556872342
0.01684092839707065
-0.01270754202827698
-0.06394155444858221
-0.18069838997435467
-0.4412033944590802
-0.8153521073367753
-0.7090822399287848
-0.28573838209141217
0.06682479128510485
-0.009462740551861627
-0.024371934830585678
-0.008906123606825779
0.002387089234389356
0.017470766217977583
0.040842475367328296
0.1960469887931175
0.39043876537240063
0.6111344871866233
0.5404789841862281
0.35565728844395156
0.18117553490065577
0.12577998316562525
0.09458975926220134
0.03637437817457868
0.017949584366553306
0.00196684348938104
0.006531279612955619
-0.0136383671281243
-0.07690563891601994
-0.2548594736319695
-0.543440434658555
-0.8269264738618538
-0.6740638665022817
-0.2501666326008575
0.05442399901823968
0.018271964963408428
-0.042735844702215364
-0.010531475462113355
0.027229869733766773
0.08266016885814238
0.24072868398730934
0.4460150849867738
0.5753575436958553
0.4789525953570662
0.31960345513563954
0.17804486320740426
0.132301602978527
0.07419089025213041
0.01881406703898426
-0.02153254310078478
-0.11702219791469269
-0.33905436148310086
-0.7913466182332017
-0.8224325467073621
-0.4427232645836947
-0.007501840321089561
0.0010004187253829513
-0.015727641892802343
-0.009258558159941498
-0.042581770966436276
-0.0034573570432580437
0.03602301694684948
0.06965807696237974
0.21340243849319468
0.45157206576491515
0.5796360638007951
0.4689393155427093
0.31001649112705754
0.16666670454279062
0.11025380907604918
0.06511600965003674
0.019583114917441802
-0.03363758505895444
-0.05468225070705157
-0.16730555873573896
-0.4512592246611303
-0.8167952058102506
-0.6734639558501562
-0.25526561609171794
0.04497117911898517
-0.029260966190396462
-0.04795245514850822
-0.014528169199199541
0.001937158557205079
0.03451308010835637
0.05840440503320456
0.17899484213619146
0.3167684859903114
0.5072366530727891
0.51259405066314
0.38221594393244623
0.21286121462352714
0.14336066361514335
0.09768599082319743
0.05239628004725154
0.017212981896609216
0.011972190834391345
-0.005408009438631267
-0.04249049955812234
-0.21339784651603905
-0.540779079645234
-0.8548096858748412
-0.6422515031287228
-0.20795648345207418
0.055062153001379344
0.006580066413513342
-0.013691396529826653
-0.00499196083939253
0.02751191567345868
0.05683016604550725
0.16961393305737213
0.31989207283744053
0.4959513826936065
0.4882399566957634
0.3998623318175252
0.2113888650564282
0.12084518509836967
0.0645693303695401
0.03259281722666398
-0.02847627386150598
-0.14170433285733092
-0.3593268816675066
-0.815302763004248
-0.7368409734383526
-0.3210225432620853
0.0744186682876904
-0.025808829958781157
-0.01654262843533978
-0.004649234269627811
-0.0010943599987275764
0.025745025027756965
0.07555953521518845
0.2631640898504945
0.4457683054720304
0.5313775224627652
0.4066572610115638
0.27910977059568143
0.17795835579181563
0.0983971458372948
0.07065842721910931
0.04105565227242473
0.01923307197761107
-0.04003546559401448
-0.11749396361312776
-0.3159421706832023
-0.631531955123233
-0.7432733608172972
-0.4833607778671616
-0.09907575142293797
0.028876347596701196
-0.03136602809428057
-0.06570288541377983
0.00017395798802444538
0.04713528978543352
0.06079358138668131
0.20184020357865495
0.3794240104808302
0.5134603984069758
0.444740810227432
0.33409470091269616
0.1923149919575248
0.12357467316038852
0.07093011659073514
0.055711103364517844
0.032514904399269656
-0.0029962735988081986
-0.10315138591684347
-0.2540970932352168
-0.6153231208967819
-0.7654439911840403
-0.5463488130771573
-0.14121893711895636
0.003564501746160996
0.0024770160980096263
-0.027744598244228705
-0.02308922211817466
0.02025031708535177
0.11224084823539723
0.26524124646926545
0.41792933762177964
0.4974783099441902
0.41334366820252605
0.32261669151137395
0.22000660828939073
0.14848387133263816
0.08025955840733509
0.04003995590229199
-0.016442809416528
-0.09071502460081131
-0.2654712091651044
-0.603236494515144
-0.8239800381911792
-0.5641044510942362
-0.1343842130452665
0.0307214555241602
-0.01135178560544724
-0.03142579368291853
-0.052950070707406566
-0.038175228256835475
0.04303787962291616
0.153474781684124
0.2764989749874435
0.41268384845889317
0.44825721637097155
0.3973536954631505
0.3321843295906187
0.24172986886500986
0.131774197389375
0.05594513882515031
-0.008683377749359112
-0.08961397182615967
-0.30350602119398806
-0.605125151342543
-0.7676081592292
-0.49116036667107493
-0.09892398724455903
0.04063239081088234
-0.020406665138281564
-0.02339513112556956
0.02055953307814249
0.03359695028818684
0.1259226130201656
0.2770956192891225
0.39677799381933393
0.4745392056458378
0.401553179353565
0.28437723836240913
0.1400710375390026
0.111429546277962
0.06978779775508506
0.04311474618680317
-0.003691463717013062
-0.05028311376444329
-0.12039267210956188
-0.26976899737003546
-0.5184606063968275
-0.7206040191925581
-0.537634369925051
-0.17806686373248426
0.0466429557264321
-0.01648412828197691
-0.02212856602464279
0.018117097825602713
0.029935879346482716
0.046839647801628095
0.16881911903266442
0.36015979965947265
0.4812906943853884
0.43159593573091554
0.3155407696321567
0.2030294875017903
0.1361707647427085
0.08026951494265412
0.023167785312590387
-0.011583935072755194
-0.03476265514985594
-0.0993341770867278
-0.28059630881439196
-0.6015220147864275
-0.6951613735579801
-0.4582025995405267
-0.09329860214232352
-0.00014378154289376214
-0.009250235999658565
-0.021946162225085674
0.0223611448923968
0.007246214026846685
0.049692624788699444
0.09146294359072776
0.25103743704177744
0.3778551870448271
0.44593287779340174
0.3674610785560115
0.26008960242197143
0.16346456128633507
0.12334221452789175
0.09143685848511666
0.05358148670367688
0.006495231073587437
-0.04412334628572343
-0.1766802520387909
-0.4419473739883295
-0.78728854816435
-0.6312384759176476
-0.2114374362652907
0.0633636977522233
-0.009842833599226972
0.0038943796888065
0.0239881791197987
0.013168365034590575
0.018270804344861353
0.08960800041933151
0.22608078554537256
0.3652906273234466
0.4028225936282369
0.3466199003287345
0.24538342652391448
0.15442289835120956
0.1143117900446687
0.06943873644695153
0.016174776785109365
-0.11063952548528054
-0.3040331644964551
-0.6513831292188181
-0.655459098294683
-0.37648445989864265
-0.05262534407754532
0.0009611098649712487
-0.03375857985350483
-0.04030057214467845
-0.03850137688647703
0.02029354050706221
0.03172422542384899
0.12956764149419736
0.2392628096315603
0.33858378614745566
0.4106996153966735
0.3591955311561085
0.25421553774775935
0.16567976713505017
0.16129379960139997
0.10407864301869858
0.05468115694259939
-0.029161396064610445
-0.1736366790652654
-0.4179170200991058
-0.7004452449663653
-0.6223781804280231
-0.28184034615970993
0.023491774303309856
-0.00901147732286444
-0.0232447213034377
-0.020910392350325643
0.12480709693472791
0.0018362503211810078
0.031413025189056455
0.18257773071437391
0.4748099005387703
0.4296107620003875
0.3365679464447508
0.23984649062763197
0.1658795555802203
0.12978334884701742
0.06021259889325786
-0.04377648499093962
-0.17702958075866068
-0.37103691371771585
-0.6511311291311949
-0.6052894838231844
-0.273500225102841
-0.030192190907649255
-0.03826174094359559
-0.030189236856613483
0.028276817463535074
0.0194673199665289
0.07217178544799363
0.17159956341865373
0.3198638226833189
0.4252935024534442
0.42754240154636786
0.3105451430618143
0.2079833297302469
0.1484181713644697
0.11503322081219551
0.06553944099755636
0.044267919157151316
0.01842283338363945
0.004221247692626949
-0.02339955833771072
-0.11652600256721934
-0.3133963631074019
-0.5793973739869059
-0.6701195843474141
-0.43387124055153903
-0.11711512942700468
-0.008203848239125693
-0.03966422856961097
-0.03148212322336883
0.020813267360695477
-0.000691496973584226
0.03129326195062932
0.11684176050708965
0.29853426533816724
0.3921415047206744
0.4347914989359113
0.34824575882473857
0.23566837079038308
0.15170099954735133
0.1290105790901168
0.08569368268070207
0.046964437646784166
-0.013952924802012306
-0.09643344672618757
-0.22868170412397723
-0.39603575723624584
-0.6411527778063085
-0.5499263650522925
-0.26034944609333627
-0.06779055623329477
-0.0576006521599801
0.03283422906893626
0.16471940216887015
0.09275595220523766
-0.02403565497386878
-0.094981777127838
0.08283756000734863
0.2991523489308416
0.42962234677990885
0.3555514440920859
0.23833318416310123
0.15852489443599027
0.17184003781304652
0.14315676487936968
0.09321651452076482
0.033404350288316835
0.020384521252327776
-0.008791792830089828
-0.10138978298706926
-0.27851799159104385
-0.4749080133279204
-0.6025586638521289
-0.45902920665492697
-0.19200697544618867
-0.04749423084723104
0.020157886520771044
0.04170600771444972
0.18825327588508967
0.1750245188501647
0.10064698415648089
-0.23240645370762486
-0.19515991949242392
0.09488377304659418
0.3998702998306124
0.4460093401689693
0.3783594617563191
0.2761517662823978
0.19487564576566815
0.16038948320929472
0.10993700912466245
-0.017299527896421314
-0.19288609182817237
-0.5218142418414418
-0.7200429183350533
-0.5219511977050306
-0.18680880910856595
-0.00038998116601511574
-0.032211486739313566
0.036782509932261225
0.05897305785051895
0.05096302059726372
-0.05562195101514273
-0.09457322758845785
0.064683956688992
0.25348801593630055
0.3824551385118898
0.3673947453193824
0.33295203910192084
0.26424623622525706
0.2114801987912156
0.1666190763431646
0.1088555349118664
0.0751713851920287
0.018429229973082814
-0.05891125031264523
-0.2226953378427307
-0.45612718425194493
-0.6761951268116213
-0.4928517881000535
-0.14368951387415785
0.04557937188391113
-0.010961868750032897
-0.008246128531303786
0.010482326132510815
0.031671181261002004
0.06561913259305499
0.19465359654124198
0.3510472042003849
0.4758695824547274
0.40675817612740767
0.2851916543697939
0.16525589498217835
0.08932140717062986
-0.010219214224301904
-0.16046918581568076
-0.39667318745440505
-0.7033750305942887
-0.6201011232407436
-0.28821943208579315
-0.012808706317910154
-0.008536719992578134
-0.0024294761674886743
-0.00010858952272500429
-0.008398412346596669
0.02218332573294131
0.032897623874693756
0.08106722183798913
0.18121525089473478
0.33025184538885727
0.38993940700810875
0.3466626029898589
0.24796274923073539
0.20627183720664274
0.17258208884684995
0.11410650643803835
0.05936290517792301
0.029891127066813735
-0.03077825030934635
-0.18865796337266932
-0.4324690009611009
-0.7208533088313923
-0.5568287488664144
-0.20441209924097828
0.05715599433902239
-0.016871022648960066
-0.004444772295227037
0.0029423528951130124
0.016678194786010025
0.017077846210843156
0.0734065779556213
0.17061061063943964
0.26911580720970807
0.34595202434190764
0.34712763016122467
0.2751949058887919
0.1799525540013766
0.15089487085735484
0.10473645100395565
-0.030562642179373573
-0.2651666831154881
-0.5847920505302315
-0.6457748817197608
-0.38348229500775605
-0.07388054022991487
0.004333994569642374
-0.02588339473536924
-0.03874501782437713
-0.048263554130327777
0.01236836145460837
0.058238856695347764
0.05976887142882645
0.17017385684198655
0.3496584844564354
0.44026205764891163
0.3655500920768848
0.27196512170034215
0.16806467515834259
0.08024683187822541
0.0215631539671216
-0.04783292747084212
-0.19085313438535811
-0.3889049774865728
-0.6244200915098495
-0.4913997059749671
-0.22762005306569413
-0.006473922502366275
-0.0759271212634673
-0.0032383022447458505
-0.007541011617494901
-0.0037948755252465317
-0.048986325244356796
0.061416924019826034
0.1442341248093804
0.30790567034519684
0.3642983463522202
0.4132094240289904
0.2832816299940202
0.20585387044043021
0.1378832061093107
0.12730852573742252
0.06469711471279256
0.0336104268903765
-0.03699942188082771
-0.15759614385636084
-0.32712847526058364
-0.612822573799032
-0.5463270686231912
-0.2882340270956356
-0.011125980277226187
-0.03394993761698625
0.03153216835828379
0.033129495533600485
0.022226028808200755
0.015606389953432847
0.09265300915968926
0.23992464586148612
0.3707709941028322
0.41545602815799026
0.3423875541742245
0.21624592010203178
0.10762957853425754
0.06213447355197328
-0.02593453171879805
-0.18012354604399258
-0.4006214007906495
-0.6224091778899995
-0.5352445350073289
-0.2270350549604368
-0.028506344763502094
-0.04400383213912944
0.0134609274593096
0.08013282874835385
0.007376495495316794
-0.05915915148132764
0.007933016859483982
0.18117951962487183
0.36383384919489753
0.43050338872157384
0.36369406697251894
0.27080832583331654
0.23352767386669418
0.175560334700924
0.10995498929202975
0.06808907520630808
-0.0006706590622604903
-0.1461286841181532
-0.32325329947292225
-0.5347308110213818
-0.5937124808059183
-0.37556963566696067
-0.11333893764241398
0.016203158921592235
0.0248196911670052
0.0002796046746321439
-0.009124583935984419
0.021120447325480816
0.06983483926291477
0.13895379538738714
0.2933811155635046
0.3894966192814877
0.34720071583604206
0.27337016792064134
0.18425579855975302
0.13610830429723905
0.1071902156817823
0.08308211138473383
0.024464251843325513
-0.006440542795541277
-0.061051717750262635
-0.23745536761720715
-0.5170537293149365
-0.6587620416038523
-0.4556788984549616
-0.14775574467639074
0.008279675013650447
-0.012302975403835202
-0.003889476197437857
-0.06917590731873595
-0.039421808426874004
0.06810727525160383
0.24153823919375852
0.3149002898391006
0.4037843093922786
0.35981851837886497
0.2636043897798289
0.17535787105379788
0.1443713038128807
0.11138779853313308
0.0665313684999296
-0.03238130338358301
-0.19920653179836234
-0.41674757933501694
-0.6743647690161307
-0.5497466930770726
-0.22190614111164628
-0.011244782260668995
-0.047919869261362914
-0.02082743175002868
0.10843524014295824
0.18459523750471968
0.2707738710893928
-0.15568869259301085
-0.17946416741053609
0.0716517051031213
0.4961825483262788
0.4200712144834902
0.35814857984578996
0.24953331346562674
0.1622524617583725
0.13302143104063968
0.08135416582998818
0.024091333474010792
-0.07815136597842534
-0.22278210716796845
-0.45202723829492786
-0.6706548982323639
-0.5266692587680741
-0.19290443480491037
-0.022319221961618695
-0.02964004904800221
0.1327659961601296
0.21031037735375588
0.10647296197022454
-0.08156057715020498
-0.19143327881645594
-0.07150762080735526
0.19948094198062516
0.3534304564999278
0.3442850443918737
0.3286840559718158
0.29282186170075813
0.20638740712424072
0.140675564567045
0.1013642386693
0.008941722383021964
-0.11706824061907177
-0.3110025239081892
-0.5629779817518925
-0.593300675420963
-0.3569186939750069
-0.049824592875499764
0.013246654460333922
0.01679609500679443
-0.04398116891021804
-0.03428461819254208
0.024827319902468455
0.06602945551129491
0.1365682319576789
0.2793923784466019
0.4025689473758169
0.35568299507256457
0.27533861734612974
0.20136954837253654
0.17208404832975502
0.1336713837785568
0.0566906939450787
-0.08559269855798116
-0.24525837173953485
-0.4413158412283885
-0.6256385247629301
-0.4804128581825216
-0.16353679592730405
0.030359845468803232
-0.017069163696312173
-0.05154571098767924
-0.051529242072309744
-0.03368607079265201
0.044148305264293135
0.12381710218481441
0.27751648407544705
0.3697766181929247
0.3876844399361722
0.29023156281674534
0.23596777223321197
0.20258013384817564
0.1844318659675963
0.13389290893887926
0.06750337996270771
0.029995107473986767
0.013122966722199338
-0.031165024450259416
-0.1579919891293368
-0.4071101778799837
-0.6842042580969867
-0.6336620444421206
-0.3163852222588585
-0.02665979434368195
0.011117210425239202
-0.013607772912132542
-0.07636947344122327
-0.035612156178087225
0.06921426762459001
0.1894052417986643
0.311151868763296
0.41152650744475117
0.4194239335155267
0.3318051675494664
0.25534431205807046
0.14551062226871062
0.04555768568510704
-0.11774339310946974
-0.33640504590194376
-0.69026213783018
-0.6149924490788491
-0.31722619166600513
-0.026523142615470875
-0.0660120496211855
-0.017073671344538972
-0.016756205126663933
0.03339187261558303
-0.00015294852488982074
-0.00045094637661369317
0.06880377232351545
0.27738048334933907
0.3957672523487438
0.38321081453604106
0.3046170975805182
0.26046090678725814
0.24556062906729248
0.19090568717344858
0.1121949475489717
0.06917717438720196
0.04554962430382694
-0.01717469133008623
-0.14734518701565077
-0.38474516787384117
-0.7109163298059417
-0.6571755657591039
-0.3008009583808824
0.033989948103070836
0.008617276350143059
-0.0079314995287768
-0.022602148616093075
0.009366049633349674
0.054312669195029396
0.230526108930518
0.3532724722911359
0.42189755556401287
0.3706785860705756
0.3084391121080944
0.20592937354518145
0.12759720291266446
0.07452275066925507
-0.01142212251885032
-0.14288691276364499
-0.3223958256389543
-0.5986917824158056
-0.6499164384597917
-0.41039031975975654
-0.07538529491757802
0.013490601041474953
-0.013097886847629183
-0.021000637114660048
0.006739543316565614
0.018669082933715404
0.015102997226086873
0.06721243020927321
0.21711444586912845
0.32886891292197096
0.368203078810692
0.34132796591061587
0.29260008193137443
0.2195538290195895
0.15612990073112556
0.10044937728934232
0.05571523044257676
-0.040464968554230894
-0.15480592766356147
-0.33072225889264223
-0.6320804846151353
-0.6305249321914256
-0.3758022050405525
-0.08976924898606517
-0.05270289270123113
0.03800650234374845
0.1078598160892385
0.03038693247863545
-0.1011857040014285
-0.029532552994560694
0.22406558213256203
0.40383342344681655
0.38001274174808514
0.31960240807327
0.26526652657225447
0.21062028467317076
0.17747380244769267
0.13894216055065045
0.09198880212531928
0.02706382200314714
-0.048936741935639454
-0.12465667983894449
-0.30587063247358665
-0.5718368311081398
-0.6392886994426292
-0.38017774950039157
-0.07596803066196482
0.006004299550801491
-0.0005701625666894427
-0.01100650766598518
0.012185003792986098
0.05303675777444024
0.20053266343868204
0.33064516634319624
0.397377028380491
0.34731820852977496
0.27575095582901693
0.1996245457511811
0.1437050539924916
0.09319176552484043
0.030301871334388417
-0.07802808522976942
-0.22877327089153468
-0.43473023191880245
-0.6286702061528763
-0.48289911961412857
-0.2092111289835639
-0.0210985598182343
-0.06745134855149809
0.00926696481694752
0.009080689535752964
0.0331423540226623
0.028809372705508655
0.10678545367127731
0.20588643850479357
0.34071488579725756
0.3546444396487682
0.2963891706691561
0.223166763952408
0.1930239561205765
0.13734272891575727
0.08935219010678772
-0.020145956380067685
-0.13129930208234905
-0.2906171994823692
-0.5637486189911197
-0.5644914792962517
-0.33538026709223623
-0.05900911402718486
-0.031993413003047796
0.021516535935366215
0.0027874153315685978
-0.023617022382659697
-0.06780627559926197
0.006694073054133796
0.10931931737551398
0.30721585005284374
0.4156838357682116
0.4401586606823881
0.3578668289391933
0.2673079549808164
0.17590683892534367
0.09085410930020088
-0.004849631471113395
-0.10896071359788367
-0.2730914792530529
-0.47439719095590627
-0.6239502139030472
-0.4154885615145845
-0.17167979432812877
0.02901053602305615
0.10551158881419634
0.2022672910421163
-0.06619811831166457
-0.23930961139514537
-0.1586429646742691
0.15579761912123746
0.3412120457088078
0.4112555906952924
0.36436551523216343
0.29526931726350736
0.24454388374594244
0.20335798252679382
0.14912185741573794
0.08506637641495175
-0.035160675188202824
-0.19750802807715584
-0.4277733222712437
-0.6763388885598769
-0.5393623256626205
-0.2356627978693271
0.0139908485363347
-0.028538195534313367
-0.05167152962024476
-0.03600656598068036
0.033989720115434566
0.11778533587381675
0.23722122528241807
0.38680679726196504
0.439102360316912
0.37787047022661613
0.2915675588047919
0.2235448761041294
0.1610022477478407
0.10350077896623934
0.015850481719872855
-0.10153059477140537
-0.2434115286682121
-0.45981243821147405
-0.6933556193438181
-0.5523399764309916
-0.21724946616004903
0.00131456672043452
-0.04545109540067267
-0.027532114021868087
-0.05005063577658119
-0.03215644150271466
0.04531755570453675
0.13701509166822068
0.29735193693367007
0.42995126802170014
0.4690743996823034
0.3611324705258157
0.2599828404782566
0.0878777641640999
-0.08737497564161935
-0.2660519546031292
-0.39467030067771997
-0.5373994752357948
-0.43441653477849423
-0.20251756426329634
-0.0017056675357806686
-0.012542986288873936
-0.012669700603291709
0.004209554019752798
0.00949894300209948
0.05197468170760527
0.24758833514045908
0.4343209681126506
0.5024207869793221
0.39433659677581634
0.26987457005590226
0.13840146780361587
0.021804487347148346
-0.17116528254280564
-0.4183164159484294
-0.6920324529503029
-0.5519233992793762
-0.22585170180976352
0.005250867056790181
-0.05309871341426164
-0.0242406158112411
-0.013051127279233478
-0.007286038090745588
0.009852403563812033
0.08420193603154177
0.18517653559955696
0.3491920035659246
0.43307707033082316
0.39311382741617507
0.2789860706675652
0.2001380715818925
0.13478606281130626
0.11265658965005884
0.08610440332664566
0.0642966653113754
-0.00923901446759543
-0.040234378785135944
-0.05531091857060113
-0.07469336430462466
-0.10806561285925075
-0.16166111750393794
-0.27911891829310453
-0.3766935516661843
-0.35736873166136196
-0.21335198618922632
-0.08829148096201396
-0.029165427399568407
-0.02962800720938831
-0.024301933273633575
-0.04650358304539638
-0.0629648608609575
-0.04486400723173475
0.03544424515171741
0.10474925216366367
0.16144473189059655
0.17688821241203556
0.1559074806444098
0.09103049299765117
0.0032591814736600013
-0.03568496830789882
-0.031150417482601705
-0.013923575083239175
-0.023962539250590643
-0.031933575874516604
-0.06954959098407286
-0.18523957338514438
-0.24126720510130356
-0.15634447291892928
-0.033207059807553806
-0.005611784026164815
-0.020797661260938693
-0.014521963278787145
-0.007630155459852772
0.008486575121682589
0.00580963691507718
0.04851614690724165
0.12962374901013815
0.21887346862332294
0.22484850920947383
0.20817602084154993
0.19964163631195408
0.18423025225696876
0.12846507554059203
0.0813752046116181
0.05357147005947086
0.028076663867416227
-0.010883569210685316
-0.04749080717999512
-0.18722753604177417
-0.30198339709931415
-0.31692324478105566
-0.23834994225326595
-0.2095060688968884
-0.1591509381379926
-0.06688955391655396
-0.0072004823705813775
0.005023151439069568
-0.0038358740125083606
0.0034219608255308485
-0.02568692928412681
0.007485593337820522
0.066025395970441
0.17055994497920896
0.25553292974170544
0.3160227686098917
0.32378877369952996
0.25081254913597384
0.18304920909121028
0.10260359356437301
0.06198044483842915
0.011331257946162134
-0.0029396458907189997
-0.005462991503587096
-0.002542466906903297
-0.0354641907962644
-0.08675831880427719
-0.1436440450977534
-0.2245943303791567
-0.27603827515414964
-0.27419951855395536
-0.18913985948822823
-0.11022522998429607
-0.03566603985748643
-0.022027399009581186
-0.013158793068705682
-0.001055257068707261
-0.0037663295835184867
-0.026223954079752834
-0.02009657282337919
0.007698249501300991
0.04913835563652395
0.08147414931749326
0.10796018273681816
0.08266107071951996
0.04545850195151103
0.011915110547571437
0.004784839426645526
-0.006227113383941517
-0.010527428095374273
-0.011519910423832682
-0.021324179705293444
-0.03626947009429711
-0.06441963698101745
-0.04503382587040992
-0.04793111134547059
-0.08963139091970482
-0.12891265286255751
-0.10225133917963311
-0.05540637673096974
-0.019476687666191768
-0.011311729577720891
-0.0030052344290425565
0.0054555939971508765
0.04137246379861558
0.04416887274110796
0.10947255632086138
0.21866006779112315
0.2971574557416444
0.24788064078321143
0.17784788852827668
0.1884357050517325
0.21371742859862192
0.19840607752516518
0.14143475745594097
0.0901984653425945
-0.016276294598497495
-0.1028222991824481
-0.141423980371462
-0.13940701937909025
-0.18998526210503056
-0.19365036227923305
-0.18281614799827334
-0.18172467538823853
-0.26221610266498857
-0.2758035654319065
-0.17513857874106994
-0.048528511990468697
0.00888298732797763
-0.002767263929863853
0.0018121182094342119
0.009065208991380129
0.013755151024075174
0.0289529989401484
0.03164778845977907
0.07390249785744511
0.11519826185763322
0.14100528476644003
0.13088102278958583
0.1432896400979451
0.147365174197607
0.12244126167990724
0.05828662416770524
-0.02406962774756103
-0.12260899032642444
-0.18868805196064675
-0.2053889322638176
-0.19728388419011134
-0.13413521526798186
-0.08480603389494003
-0.038751212554061075
-0.03801271391406818
-0.007892908108773166
-0.012399406085652584
0.027835363322854797
0.06826648076351771
0.19995098923457544
0.30844675232582736
0.37642011355766675
0.29997202827256303
0.24495466825348325
0.18846409186179436
0.16782290385069212
0.11127638461353584
0.06685797720286507
-0.0018691533587320477
-0.10317883537779522
-0.22022562356497744
-0.36227917694150585
-0.4384930176803322
-0.49577490197876667
-0.33453491353364606
-0.14645661561774015
0.007759506795015681
0.0019165730740280443
0.016042502291292133
0.005129184162486125
0.057754479181992856
0.23287867945347587
0.3791251521447783
0.4291423299084223
0.3291121706806488
0.21827720908941936
0.1051726263842256
0.07751949988518822
0.08879691897837058
0.0819281280825374
0.05001293906277914
-0.020682475380243228
-0.09008821656104946
-0.17739306986225165
-0.21165662781043862
-0.26478680888163025
-0.25878961435685166
-0.281300735393493
-0.265784040355854
-0.2560729214970737
-0.12656588251431486
-0.030416501009842136
0.0034203624322592706
0.019027243151209138
0.05452390555065087
0.11476965362301932
0.18766138299443577
0.23471235912407654
0.2019249070109464
0.14148993899585718
0.10324622906935912
0.12591534567180068
0.13448363910061614
0.11124455351442204
0.050738193283738534
-0.007451060552338576
-0.11119641119193766
-0.23838799020366266
-0.29994891799819
-0.30656524614483094
-0.25331519819325937
-0.16662723445105
-0.07593578673017871
-0.034518816773905454
-0.017760286709578185
0.05225423962864447
0.13544711835751064
0.24387006002154554
0.29246729280133776
0.27835105032855834
0.1790878268236089
0.11586480133189749
0.04409155662183201
-0.01214479371677021
-0.04640939396930398
-0.014640813643451775
0.0002137226527680752
-0.005405765395803311
-0.01258992042833348
-0.011995210901058368
-0.028047121584277985
-0.04364867025456259
-0.060337406884046284
-0.06749787082104097
-0.03990703230200718
0.00611089364699965
0.020211010653981357
5.011009286662899e-05
-0.0077256234990707405
-0.014342903423152845
-0.013876284399092664
-0.00657688141001568
-0.005537373100961289
-0.005995755888177494
-0.0023568008953154442
0.007023074384558692
0.0085312750400365
0.0026974279823093823
-0.0002570172905984019
-0.0008498730766074981
0.004464798645051191
0.01563073271449501
0.02898165908303165
0.03951099848313045
0.016309304721703978
0.005478500322179743
-0.005885975045176266
0.0026815161012454973
-0.0009814132733480731
-0.004488074993821649
-0.0016329867305216249
-0.0014760150329510481
0.006388792714244722
0.023148970341294997
0.058320365873711005
0.060008822308153895
0.05062667535378191
0.041023325097383635
0.024488368750520635
0.018405252123761817
0.04058938105023507
0.05895780488326745
0.04238862684728409
0.021708240873042305
0.009299291686390897
-0.002313701341381163
-0.013021850488042715
-0.018180837969392443
-0.03228108075198669
-0.03528464600031816
-0.035452426850825364
-0.023607756549222005
-0.03427125564284641
-0.034457190273480647
-0.04183101403409176
-0.0363713327249843
-0.044523395245322554
-0.05390422412758126
-0.06795037064564734
-0.052342669011765666
-0.007331542304198237
0.025913036366166674
0.01649329108346279
-0.004140920499877641
-0.008900545359857317
0.0030954865668821694
-0.004768925265995815
0.0022681242420655827
-0.005374717941869765
-0.0010935372733690844
-0.0189724658643102
-0.009269438485585523
-0.012911953998387933
0.00707951170051546
0.02166612403144586
0.045274072462667535
0.036079673079875585
0.0408118560103399
0.04761009173798889
0.04877158389049212
0.024764525798466518
0.009819776598314555
-0.014612629090715116
-0.05146910572689362
-0.13532445593751696
-0.21681774695993244
-0.2780082551076346
-0.2818212934751347
-0.2252368399094147
-0.14455969077500402
-0.09659041326672294
-0.03420094403447151
0.019822010467879403
0.03991801575894382
0.004397699558683413
0.01769747690036344
0.09673309653678465
0.2959249232204213
0.49255993416030086
0.5166397575221916
0.39042466156466304
0.21736884751587035
0.13859050347091892
0.08880944280083802
0.10329787833844256
0.07571230986086558
0.07157002208229583
0.01771083248971504
-0.05865991435287317
-0.19761822500744636
-0.4267373490406091
-0.7380161920840448
-0.702251766524392
-0.3619374467267773
-0.051938199074988915
-0.0031183093611511915
-0.012412814528150668
0.024260665698472312
0.047762713284194194
0.19101822841704375
0.3963538318360139
0.6055686265498609
0.5504968644748527
0.35102459612542447
0.14925419130755876
0.04320049808870919
-0.007918424532512132
-0.03221912269831776
-0.15549381863682465
-0.37717095836838527
-0.6015333605067824
-0.6337130552594549
-0.4237244472388142
-0.1501038964700566
-0.01785505396682561
0.015540344985496854
-0.0046682923290959875
0.009688491673918383
0.03471585588849691
0.19979105744204248
0.39086583996186364
0.5857439660066278
0.5494286787248509
0.38673694539854275
0.21428102080378747
0.11799919763755345
0.08365669590824087
0.03866796352600115
-0.018499289896416683
-0.11119992627802627
-0.2548381967556057
-0.5192466275581166
-0.799949680388698
-0.6248119930558822
-0.21885698228214037
0.06280639019869876
0.002617668227495702
-0.01713547743214485
0.0019547645735963353
0.12657034146897841
0.3565510603040302
0.5605693604575193
0.5349936323801225
0.3717916176185168
0.18761815272875965
0.037533627316173525
