0.7792792792792792
0.7543859649122807
0.6287878787878787
0.6869918699186994
0.730769230769231
0.6666666666666659
0.8939393939393943
0.7543859649122813
0.7792792792792784
0.805555555555556
0.6111111111111109
0.7543859649122813
0.7307692307692302
0.7307692307692302
0.686991869918699
0.7792792792792784
0.686991869918701
0.9623655913978477
0.6472868217054263
0.7543859649122813
0.805555555555556
0.8627450980392162
0.7543859649122786
0.805555555555556
0.611111111111113
0.7307692307692278
1.0
0.7083333333333318
0.7543859649122813
0.8333333333333353
0.5476190476190478
0.0
0.5780141843971616
0.8333333333333353
0.7307692307692328
0.8055555555555531
0.7083333333333318
0.7792792792792839
0.7792792792792784
0.7083333333333318
