0.0850072917518933
0.11571062432468042
0.11513250833571344
0.1081695330861459
0.11192186048567064
0.11502677132384455
0.1198983434546238
0.11547224268159467
0.10810623773563234
0.1072746538608371
0.10809035894940612
0.11061615166760783
0.10857323036689152
0.10745203506077164
0.1052378678119004
0.10951889034357037
0.10784384505105354
0.10441541191380263
0.10412335122798075
0.10504093745065422
0.1100277205862751
0.11028718418018459
0.1110282447324576
0.10469472037356457
0.10518246188836558
0.10401454447312063
0.10833494130796115
0.10899858722942744
0.10807481978334339
0.10815083115130102
0.11068530460546418
0.11224473080134158
0.1090463110273337
0.10657524508184894
0.104730944253845
0.10463055160295132
0.10420839130716959
0.1067227946612382
0.10814264614711709
0.10846682383243718
0.1089386519775261
0.11210888939201487
0.11308305091419446
0.11124940190977192
0.11194547376330571
0.11073989684283574
0.10488673979283299
0.10470433465989323
0.11120808845896804
0.11469268337740114
0.11330403327817792
0.11002086982887123
0.10862345129500754
0.10712521838167928
0.11365596975563981
0.11237564852094162
0.11031523491208708
0.10523208965784325
0.10931717142146559
0.10877746451775844
0.10422994120608622
0.0996569427237601
0.10253192755789692
0.10496458222650719
0.10380572176282207
0.1037482187461994
0.10505110963902486
0.10528619233579152
0.10416946540697178
0.10566082571316496
0.10453024904354177
0.10735783893644449
0.10819085094383939
0.11172331714053411
0.10971866281780941
0.11028534098977355
0.10827982004081883
0.10723481535529465
0.10654884876542796
0.10832963092264829
0.10863233486407028
0.10921455841886346
0.11049661554651319
0.1122079925288355
0.1081252423831809
0.10297635492490671
0.10394623053500474
0.10963002869795335
0.11091472337288841
0.1088540544888135
0.10335895694466495
0.10596346612502061
0.10466165850144674
0.10939576789680859
0.1026317646514309
0.10793367874688037
0.10520736089956904
0.10812936301821746
0.10306141673456787
0.14947277594177402
0.2324179550022397
0.30541232817891517
0.3078935123756932
0.2737921704153032
0.20938843787743472
0.14813511548426142
0.1112048512483151
0.10887088825307686
0.09987772008797133
0.09670162272555341
0.09263151817570633
0.09319379034560443
0.10965697382652698
0.20218925595431786
0.33280320291179305
0.4275554716724421
0.3642293512382645
0.21600013005342675
0.10352443335906238
0.08737857754982736
0.08806566303014127
0.08227466696089943
0.08760606544075858
0.13962141891805888
0.24067855491699625
0.3214525303399735
0.27264700335462755
0.1601799371400342
0.08613505630844358
0.08218145355773797
0.08429219675804445
0.09505603261869444
0.10585594212728351
0.17248438714251255
0.2917809299442785
0.3909784334720603
0.3269349433836068
0.1982142358893934
0.10222021930274525
0.09033430472116095
0.08817567303948957
0.08281487606030871
0.12099282452148807
0.2378787854776048
0.3256194174810722
0.2624673229281316
0.15166004716163933
0.10189455448036315
0.10399128593724555
0.09327598524775023
0.15151963027637533
0.31784786232041007
0.4168073451966362
0.3082822493468994
0.12958907286030172
0.06967069115521839
0.08834563243541428
0.09649886715981482
0.0957981446530327
0.09617369050577111
0.10425467474404418
0.11742369208490173
0.11566036167745002
0.10881583203879266
0.10325473402832772
0.11228303220509166
0.14428427468389887
0.22915102535180173
0.32895322684084644
0.3653291018832841
0.30841911411592293
0.22170597966675493
0.2013385905187502
0.2685502765970498
0.30920518018388815
0.24077210005469213
0.1381387722713489
0.1073862061764516
0.10469996620093444
0.10346468558165979
0.15818567375143916
0.18747789584023425
0.1608094980178958
0.09826502628613347
0.09172779337123031
0.0902695295134296
0.09156873053578928
0.10205576994752706
0.18136739662219645
0.23814408435633608
0.2005524200978431
0.10665420633103619
0.07954920084183281
0.09107398700508254
0.08183886626896475
0.09970296990803096
0.19236784061999815
0.2520347514148727
0.19566772788329706
0.10787885437522562
0.09004257680928171
0.09399607652593911
0.08790233548876357
0.14462559049003879
0.26182942711072155
0.3082573431585951
0.21559027140315434
0.10639500383168514
0.07522019595823337
0.08292784433030875
0.08699089894660676
0.10890835034898054
0.21975242615005086
0.2862248180008133
0.2320679003052012
0.11212371192095653
0.07930649524163479
0.08620867953550361
0.09544202512674084
0.1089188418316548
0.13756428530571918
0.2131565246714314
0.2528136094005367
0.20364658891518916
0.12302706424829205
0.10376470422436605
0.11111192298896244
0.10946665507716964
0.18694888448331282
0.3261935845125013
0.3363639483650153
0.19817219775344092
0.07069934230918626
0.06805819779690546
0.08305751398526492
0.09619574848955925
0.09006005244545955
0.1377258680590357
0.21743054730148773
0.23583145604308067
0.16444895923832778
0.1039767356090471
0.10938730199917203
0.11934146844573898
0.11593998542185331
0.18880255347003622
0.31338487029729073
0.34829450210074325
0.22261033481906026
0.10925042586480305
0.07671110396345408
0.07711428861995881
0.08978630075597369
0.16668311901249022
0.21957007193369604
0.17562538263223265
0.09616509251664648
0.08041635174757852
0.09245339309156898
0.08672365854127143
0.07352137171893097
0.11282709817550687
0.17834265545745578
0.20638745413970122
0.16692535509806092
0.1226848848292557
0.10862068792413589
0.10537621917893909
0.1559775792798613
0.3299198803157049
0.4475951424051731
0.3389567498028628
0.12716152827499
0.046133295757956994
0.06413792611724842
0.0649029739335036
0.05935209526916073
0.06182507030336297
0.07811474355462482
0.09080392998559873
0.09666219574406727
0.08876683229711405
0.07623982057976476
0.07522744406443098
0.08287035423810324
0.0890837673453707
0.1154206325080437
0.2366723589877211
0.4150774918760917
0.4417204346192517
0.27626445428074636
0.10438410336071802
0.06267950844598531
0.07322703189353666
0.07540352027137666
0.06472510969532386
0.11822068455984823
0.18604552456512866
0.19623577671310286
0.11792542553541312
0.07278115191111993
0.06816373307958577
0.08519476995850526
0.09080321820242832
0.10483660318684448
0.13316393298433138
0.14900555754002706
0.1306284692283612
0.10852315991171844
0.10748570507301994
0.13331559027479645
0.23794052398940888
0.35962671615133496
0.32055886260840316
0.165012220916012
0.06439428186169688
0.07328763420932638
0.07725710152981044
0.07751064617556266
0.07286792384886023
0.07331839489323534
0.11554746140675534
0.13858497119543384
0.123015353524467
0.07717260765347918
0.08251748557492888
0.09033848632211589
0.09519551558453629
0.08312057205297983
0.14282481146832968
0.2595352639340451
0.34256261948170147
0.3040284152163854
0.18901777464222053
0.10787373129095901
0.08801932400331423
0.0985412997234245
0.11661410047036347
0.1785932542926574
0.18420149375253878
0.12444253575960926
0.06703539879960714
0.07803254968920124
0.08356426976555627
0.0841770435049198
0.08634346857822463
0.09053907393851184
0.11393604027332996
0.2039152405011658
0.3399906515938641
0.4256295919368248
0.40940497130185377
0.3369407445362217
0.2685426566760137
0.24178343031108623
0.19249626990167235
0.1318628373389532
0.08641705296706888
0.0904611148098323
0.08570650647218751
0.08355932507542817
0.10027529848199279
0.10584093504573884
0.09981608078817936
0.0855757484353038
0.08959949530985421
0.09368061002495723
0.09922830468651475
0.09778663087731401
0.1203549454089187
0.16834342955918163
0.18625138976407354
0.14842920494466988
0.10057472327988908
0.08581472512587322
0.08922640193579967
0.08659189753957254
0.16094433848069667
0.32786045375397604
0.4091747362385932
0.28996834629893736
0.12517293329634174
0.08231234157336542
0.09466078411011843
0.09308424277299678
0.10713851775895745
0.18549349782628327
0.20385974226310366
0.1394117865338967
0.0639160501188124
0.07156494997635467
0.08513723454088017
0.09066830375563448
0.0952136300788957
0.09320676849553035
0.11389024276527633
0.14535054996618302
0.16698141155602317
0.14890359433044908
0.13096157515672
0.11322698061004231
0.14383465018861397
0.28100849419286034
0.37926165527045874
0.2926914678279888
0.1262769777465628
0.07129621426815586
0.09284478674442703
0.09853726745677262
0.09297818453810597
0.0924169408933396
0.14477207129013583
0.18308348431129876
0.15738882447958627
0.08794710045879148
0.07238611166505016
0.07984058307474741
0.08792179729520079
0.08563774468325304
0.0925317834554553
0.16506416737374666
0.21888561866128292
0.18529748009806438
0.09670255791796907
0.07370689246376971
0.07978917082215653
0.0829336092025484
0.08176978212541995
0.12072231925950294
0.16884233848280825
0.16847263574868815
0.11977985285699368
0.09432490821468519
0.10224031716791235
0.09932308552328145
0.09999609912572245
0.17183247874064198
0.2603943601997715
0.23921424703261107
0.1311767407942557
0.07171461200123457
0.08321197066912818
0.09422235456552829
0.09202617697688276
0.09093252202132644
0.15000454523946075
0.17881512230732516
0.15474181630451875
0.09091592308220987
0.08111572321070828
0.07954562825124656
0.08606266363596544
0.08563493222588653
0.09574298656787646
0.18031340106404753
0.32185165952451117
0.37357659198562876
0.2759027098739689
0.14058569304649926
0.08469729786573356
0.08296851955381182
0.09000580685409465
0.085501672731843
0.16853831903699182
0.25576223224558153
0.23930780951930716
0.1228182857896225
0.0718623582273761
0.07984190063735704
0.08689991678145785
0.0886200313791553
0.08571521697224085
0.11218710821149835
0.1963305156674121
0.26276863599830125
0.2767230681400838
0.2415713309319965
0.18321165208530538
0.11787900809366948
0.09175169381829527
0.09570249659667524
0.084712088024452
0.08126144413311258
0.12564994535568932
0.197364018193827
0.19689267694162813
0.1368917123840585
0.08420670600750008
0.08747410450118026
0.08868363948840059
0.09415266930261341
0.08530873350491357
0.16654901644419567
0.33477108752419915
0.4082052721104065
0.27525624194794684
0.11252143961750638
0.07089733136920624
0.08596678340781053
0.0830648304914048
0.08165667243474445
0.08536045132852836
0.1102532835102035
0.1461390980804481
0.14719413604288126
0.12121250054783017
0.09647019169565403
0.0937821245356491
0.08684255016865654
0.08166614851110669
0.09193312908532697
0.20101379252731838
0.36303536993234253
0.3814283043298597
0.23198747445332177
0.10110767238222855
0.07203685458389394
0.07631413595122905
0.08290307521149662
0.07703419560586662
0.10752838234997031
0.20990524456717985
0.2310724385435476
0.15501074256278025
0.07074532522206066
0.08522738439213266
0.09467031958481818
0.09696919619600551
0.09055266349240183
0.15887686274541998
0.23235539734192218
0.21468484498724466
0.12363855522109353
0.08205833170998056
0.08688596709638208
0.09497815631361838
0.088973417569188
0.09803545046714691
0.19623726105350894
0.28497947646447475
0.23928601346548717
0.12841410407716727
0.08339814341057554
0.09399857216924724
0.0984540981420485
0.09380547249004684
0.1129800760259892
0.23611345848372378
0.41384328820168664
0.41391590355549546
0.24145491474598965
0.09189792358607832
0.06625824707263027
0.06884562132876729
0.06639115652309055
0.07033549351296234
0.07486385048010004
0.10805590800480115
0.20610502604546668
0.23784654702624172
0.18159796225665295
0.09792030722983652
0.08535938160217979
0.07547191898832938
0.07633081910310331
0.07558470178116646
0.11306155747994064
0.23961500702690214
0.39395021921968826
0.40424944608926133
0.25826610233890124
0.12297296232105019
0.07753534329366789
0.07486493770865899
0.07569395443876177
0.09034709719108687
0.09430907576042599
0.13904013955376793
0.26946058700583075
0.41406768963904395
0.3711836302561815
0.20337099901265815
0.07333758690743201
0.06507830915038329
0.07302964709411956
0.07753336356688381
0.07671255296213629
0.0665539740313824
0.09427907600082298
0.2195056767378197
0.28903500193772197
0.2177366014750038
0.09497400886600345
0.06021274506617149
0.05983554907070286
0.05980342044925785
0.05751989046104838
0.06839484366068144
0.19491598914662778
0.3787647134729245
0.4158401724256904
0.2624733065830826
0.11214251384466246
0.07233860704644188
0.08178590318982101
0.08518046939625885
0.08021302888920474
0.1316408515786662
0.24035909302459246
0.2627581245665577
0.17268293419762826
0.08137147880537247
0.0651693403091298
0.06582537688049013
0.06645402638740915
0.06841532147896226
0.08876312282312222
0.17599004651625386
0.21018770246583993
0.16988613685212545
0.09951977552270162
0.092804902080086
0.09306137619716431
0.09227560579493141
0.0810610567501122
0.07906217006198453
0.16900288130693267
0.2351227983325912
0.19935153069165693
0.11186065261403597
0.0931568695682968
0.09772141437612636
0.09369718018201653
0.08401574489568395
0.10328918345658557
0.1680094422380936
0.18230145470065082
0.1362423893305716
0.08267880725697037
0.08188667172333129
0.07850015572085074
0.0824296522477256
0.07445633051652698
0.10707769497236305
0.14357221982196952
0.14043788334279964
0.09989412958028047
0.08264612066178367
0.08421523733411214
0.08362218173879504
0.07414500845233413
0.0630245654361397
0.13494771580960743
0.2582204768520898
0.34304743039618185
0.3391084791077661
0.2792356541761168
0.18239421714739112
0.09696556779009712
0.07330900660581259
0.08625298633590045
0.09087288921214942
0.11371882663222875
0.15668537187856268
0.16256335759811605
0.11572334673170306
0.06958111133170602
0.06302339340511308
0.0683429944535619
0.08195642445638204
0.0907751042027595
0.08511682626214731
0.09368748892128873
0.15801185421346597
0.1972356422198604
0.1548773396650767
0.07409024015452043
0.05008066813362544
0.05827348629650761
0.0736946150918635
0.076452665030062
0.0782091720127263
0.14414331563382704
0.19505422312238607
0.1748071173896676
0.10804956573771031
0.09100290789041024
0.08690895531507406
0.08509725138100993
0.0756148142030833
0.10667096090288201
0.18111790468566777
0.2031985595462426
0.14397072445676934
0.09390798119092737
0.09502718978309604
0.09248100094238489
0.08634402211117176
0.10566150936193397
0.10849931163543015
0.10430452759639042
0.09407843072757759
0.09843018519444979
0.09648368609080075
0.09028060508297803
0.08639804161379906
0.0859424775330483
0.10082311118935491
0.1329710096356108
0.14961597177403055
0.14246149349145557
0.12496634161232896
0.11763587648531006
0.1019239537603356
0.09555291564208868
0.0864185843738178
0.07992042669573397
0.07496031604992708
0.08826676785988409
0.09417314998398153
0.10043963594667145
0.10163803629116895
0.0995242760427781
0.09319974217538253
0.0891857329322973
0.09111871280996374
0.09085514997879852
0.1150554951048757
0.19078813773562456
0.25451057814807354
0.23252182158661128
0.15933074647772152
0.11503433359875391
0.10736651668261084
0.09886221805732523
0.09715433807460068
0.09950042926330749
0.18539566523552842
0.2774141177367472
0.2939633634282709
0.19536819110630993
0.11694715672142672
0.08639638415547743
0.09591860143472522
0.11280144734502678
0.12591761580574343
0.11304444366708964
0.08163087846541353
0.066616930359201
0.08209548011278577
0.08649686780156875
0.0844996457407954
0.08409417683458112
0.09663391083537341
0.09778756199896044
0.09191674573018166
0.07829502069090055
0.07956400680177247
0.08219476848513092
0.07892506180165854
0.07956202820848364
0.0965341863605242
0.09938158919751443
0.1021290657378635
0.11540398815273299
0.11696458565157489
0.12371287423875596
0.1348463543933617
0.13164300161406803
0.10239072366592218
0.10496919417396545
0.15623709979098052
0.17805571970495
0.15906197672474714
0.12245966842038727
0.11822511180340987
0.11315226393044704
0.10067139561221873
0.11941957862627624
0.1828459794132293
0.18379923079584876
0.1303952381938685
0.08344524559328269
0.08772638153767284
0.08187423584335927
0.09809625520112882
0.18231361506417054
0.22163075869641682
0.17534481485875408
0.10450544782410405
0.09507890483295602
0.09565918410220356
0.08521140542415642
0.08751147111579324
0.08219850135778872
0.13018889020365254
0.25747520340786445
0.3220824920733554
0.22872104819887523
0.09975028121038797
0.06426127721060004
0.07795130563828646
0.09175799673464233
0.1607611428826484
0.3242963494747618
0.48373324326614436
0.4824902168772507
0.29579390808924594
0.1279665050083423
0.07186093676730838
0.09413275338031307
0.08910759180659868
0.09811000679935268
0.13331637958662199
0.18328131626553285
0.1996718006133174
0.20962085325709803
0.24797431235002537
0.32247665317342
0.3822125200831658
0.3328046326262859
0.20543871256782956
0.0999858975462207
0.08530435503201564
0.08717243945559477
0.08100365796264607
0.0745815713928938
0.11039464809958811
0.2275627121416646
0.4284791865478899
0.5876979119924153
0.5300448801935171
0.30581981237201356
0.12696537913141245
0.07734131195366335
0.07764117127794808
0.08022672522731106
0.15722378966210065
0.3555502690624779
0.48777418239651354
0.4065188621353904
0.21596692459969216
0.1251964648532492
0.11581390113737311
0.1285315369999314
0.18962721748168412
0.2901465135145472
0.300691514779882
0.20022197009979803
0.10139667704265204
0.08420974563752008
0.0834029983481966
0.08047573703958147
0.11225009594365783
0.2070708547183448
0.40025055471020843
0.5145341126799716
0.43214948337678016
0.22430945578766437
0.11567479770610983
0.08657103555312327
0.08915314243557322
0.08785778595146065
0.08469825588132844
0.1176126215688776
0.26934086133408863
0.5319654785541321
0.7236081506665163
0.6676278901658209
0.4009658351162128
0.1763700459951462
0.10143528467658157
0.1031166583216944
0.09464420227745779
0.09553087328636423
0.09391628040779816
0.128345917357999
0.24019248321696537
0.46789842831987366
0.7569572378218695
0.8752171122276214
0.7429274237837956
0.4279567731389312
0.21257677383399906
0.12189843158536579
0.13797263006112162
0.14505520897815416
0.14803810318044125
0.1446916706827818
0.18481486732111269
0.32220502090602343
0.5717672709616357
0.7612350937963581
0.7210544167323529
0.45250400227172455
0.2029710330538804
0.09426975876283207
0.08774480309322537
0.08586755368368676
0.08258254496829807
0.0782026766479087
0.08791265817710063
0.13282907335845076
0.22387923115978128
0.3607836263067918
0.4282390354320839
0.31256412869582645
0.13369161374620436
0.042522635766554864
0.0449537828746114
0.038831462720455394
0.041806273417253195
0.03991466775618716
0.044120001403964756
0.10608701481754734
0.2951156837186867
0.5852659144486683
0.8078728393531387
0.7721918398480841
0.4846021533007866
0.1853012254359144
0.04735432521481223
0.03244798059120801
0.03945438711868397
0.05211500166283629
0.07948599541431652
0.14170964012576634
0.2695974795340575
0.48409669607757067
0.7479127423788166
0.8653080409200965
0.7217338529096777
0.42561497897786515
0.21108675796573673
0.12244440598019664
0.10452047133270817
0.10168107584980084
0.08869870585515749
0.07191146232116132
0.06158267104975521
0.07332643871902592
0.09395082774988134
0.09880764621269646
0.1535452047317561
0.3640580083534199
0.5637345813346988
0.5032338267445247
0.24145973526542802
0.07169713497582826
0.04494456093414321
0.05815756246764255
0.05472813806373745
0.0587401096553061
0.06577699054124996
0.0779106809590751
0.1134879501629931
0.2754270370581565
0.6058414249608034
0.9414069284845756
1.0
0.7808544449989939
0.4160840964490615
0.16884325222374272
0.06828798482426902
0.09121772375156843
0.09455460317467682
0.09339144918169205
0.09774523731547223
0.10932568855073542
0.15354136585119688
0.2690945350605019
0.48267735962568115
0.6494773801930002
0.567402115986687
0.2990751889492898
0.10013883756804154
0.05342770954268668
0.05452825841697236
0.04956819921877971
0.04542501062115959
0.04531016802595573
0.058753774305059146
0.1261042865712531
0.27154235950571015
0.5158641446337604
0.7659292831368945
0.8263203090149539
0.5916476013005211
0.261613478161904
0.0768271965438263
0.05332990027979396
0.06806440834135888
0.07039007988853274
0.07061985213933886
0.0773403894545298
0.10774924136695692
0.2350396546573696
0.5068885647494918
0.8407723563529458
0.9587617160336126
0.7896333651146267
0.4558362003639587
0.2318306316100544
0.1489152788254322
0.15458234746452337
0.15662466559748056
0.16222387676143588
0.17133268750845118
0.1699602478521708
0.1957528929973076
0.2671424606819528
0.39494568145758613
0.5411533906364692
0.6793225962096859
0.637786287086886
0.3895848732681553
0.1349031237665721
0.060796087231696216
0.08737059632623531
0.09485530888537932
0.08352732456491674
0.06957984152679744
0.07060070135940381
0.16833326995724882
0.42321053453041835
0.6929326169713949
0.707301387361664
0.42276703959374673
0.14440582435607222
0.0447645232003499
0.06628613333310086
0.0682083155653297
0.06252486497590835
0.06516616927782172
0.09142140166329905
0.1760621033410761
0.365918163610343
0.6061507480776434
0.6658282677021073
0.44960828679118603
0.1879175060791177
0.06177178224093273
0.04909003836406465
0.04546595962413055
0.06020385337605346
0.06480881894981294
0.06657236264560228
0.08921537423735258
0.1733738619056573
0.3629996333271299
0.5223639047556752
0.47662958118593346
0.2578739837275968
0.08991093154172841
0.04318243816937897
0.043471736733253545
0.0460816033816991
0.05286015433619126
0.06464344670474398
0.11228019117858211
0.22566931182602934
0.41533942935982066
0.6300940762163201
0.8030338050320022
0.8087795713666754
0.596033928253588
0.30361129778706036
0.1294770881501634
0.09991938246890984
0.10338775324692723
0.1007748203686473
0.09846728800069053
0.09952941579306651
0.1310001842901606
0.25200230211974534
0.4892356033364098
0.7882100202237118
0.8949075621755674
0.6956109681335502
0.33220836507844465
0.10761612142127154
0.03841806771661209
0.055994264763242194
0.07106309952315032
0.08639555682283942
0.08552052788720083
0.1247112136241848
0.2659295167114568
0.511298309467112
0.643800525243409
0.5278398989728728
0.2705195952375281
0.12166608829626763
0.08792724780282195
0.09784621593365163
0.08494342434864276
0.08598362668968836
0.09570282968560916
0.1764541143319937
0.34547480789243196
0.5935160595910386
0.7463922136073874
0.6895723914899402
0.43738080020745035
0.21865688689758156
0.12074860061131057
0.1255334464035886
0.11994408339907257
0.11210991390329976
0.10633258150769254
0.11509221030040798
0.11448110811024428
0.12186497549303993
0.19995412342287383
0.4020686023458933
0.6193620086940763
0.6371098104981824
0.42917078707553424
0.19990944716847261
0.10646511219284718
0.09232471395866375
0.08595233350474375
0.06669431451300509
0.06577859366797062
0.10484542609309348
0.2379598521835351
0.4577158244024093
0.7165817316447052
0.8030767510380613
0.6089653612236543
0.26708987796567524
0.05997955776562405
0.016021458121522544
0.03646854313829878
0.04456860100523335
0.04973130438862585
0.041793812987827576
0.057414700149923774
0.17637464436325057
0.43977868546282384
0.7730837839331975
0.9596560209229759
0.9030539756908648
0.668812841820806
0.38759152371622324
0.19446767329231374
0.11302587593493517
0.11338611435740745
0.09503559860510567
0.09248411545705275
0.09171796550172383
0.1450454740785256
0.2975294471481512
0.5760707912163964
0.8063065569505744
0.8152782621641017
0.5267462146356041
0.21162097388225484
0.05649965664003406
0.05851678159835234
0.062447195363214525
0.05410479326590416
0.043686267328292415
0.04242673683610798
0.06929825488594388
0.17308411000180202
0.39254479686555377
0.5974099100846819
0.5625681754701118
0.31317517866035904
0.09803632782314062
0.04073605002261887
0.05714245213077543
0.05959421996434697
0.05620098944281979
0.061487299643203944
0.10063873709041501
0.21710042751228742
0.41759197294047773
0.5201627983151053
0.4143729819680863
0.1975566375954446
0.05980620393353281
0.016231604597758176
0.016646243842244425
0.02062682556318627
0.03355698775301827
0.04873266954224764
0.061200292120169836
0.13141435020017944
0.33915885384703554
0.6042522536727968
0.6482459755219249
0.3995145800993315
0.11386973070165428
0.0
0.011807096631999529
0.038232531441892224
0.05532025489308881
0.06183070736233461
0.08574650337729106
0.1758836482083651
0.3552931304473118
0.5799501820638719
0.643572364057428
0.4528377088366556
0.19307391217153594
0.0701871106083521
0.0675773082726942
0.08156523740142381
0.0917614542995422
0.09012842281961556
0.09328433904819612
0.15243083308757982
0.3142168547375323
0.5679887406998384
0.7801618714803531
0.7914228173077432
0.5772572291282034
0.31214103365764684
0.16287239265305603
0.1449651480770857
0.1510365134170741
0.14408805882761158
0.137946465760075
0.15967380349592633
0.25211968842488025
0.48325610182294804
0.7031574921754473
0.645627702460625
0.3448872716642742
0.11303282157404469
0.06155725547540242
0.07335316336665001
0.0713386117333769
0.08646085653698286
0.09396871071233073
0.09209163360867519
0.12261655488762892
0.25629578098915706
0.41923560929029186
0.4578796747392272
0.3063804966636502
0.14921247380389444
0.0849714446058107
0.0999123064891435
0.09244035803958708
0.08363642794609905
0.0841203772206393
0.11618227278802584
0.19032383370435316
0.3244331430976467
0.4916757894935367
0.511238456116671
0.33682906264091966
0.13155257626289085
0.06008946175111352
0.06926448327024459
0.07269322089738836
0.07825471552427779
0.08166489353574209
0.09177173494913529
0.14174011614348267
0.27606504614058874
0.490889743960391
0.583721570645866
0.4339261323783074
0.18931432855882338
0.06976126496430916
0.06727435254411661
0.06750832147942117
0.07707618081290837
0.08348286131262093
0.08855484380279915
0.12032560564672973
0.23005462086567466
0.42275137371880694
0.5273116717290008
0.40968755448992245
0.18565742381892256
0.06525780004654508
0.059244306418803974
0.06286871106092094
0.07054479094023
0.0738240542614725
0.08280518768004792
0.09194986886405114
0.14490792362134988
0.2803648744850718
0.43536274585491175
0.4174596687270869
0.24517551656699543
0.10600492116181191
0.0793844622385347
0.08414148101263047
0.08141793479612812
0.08445234744707099
0.08798837323909256
0.11002121248798939
0.17395676676064417
0.29088891612363904
0.48197337373956817
0.660217761499794
0.6746747334597408
0.4423091552281266
0.1859047692155253
0.06088456644501475
0.06119968689264974
0.06803074318184223
0.07541891649220953
0.08378125755106532
0.08195798717998798
0.10265238229813003
0.2043101817472105
0.3994370421477484
0.5045943276855048
0.38399225800656633
0.18183744589955902
0.08560805360691275
0.09144475155836494
0.09843971891702673
0.0941994988552414
0.09736498132531721
0.096532621997476
0.11680844750908775
0.2016524599059524
0.4070702456054896
0.6332887948929941
0.7168883280505923
0.6242130826537381
0.4404810356914893
0.30094968057570154
0.2582697851181928
0.26828558950127557
0.2117789572961069
0.14230577914391646
0.11324235144917857
0.12878055887780046
0.12908342414327242
0.1326376221945433
0.1287576114245962
0.1484352607433727
0.18219795762273136
0.1826602782643975
0.14855391509253413
0.12480199033796109
0.13115911995869262
0.13087583537204578
0.14722711355481302
0.20156764693390097
0.23028525003371
0.18078825649052135
0.11640341079386582
0.09887747523197726
0.10403048735071983
0.09989097168812408
0.104178518794876
0.10475258039396111
0.11992243668012023
0.18362185726036823
0.3109867534493267
0.39286132990667194
0.30718679588746045
0.1534914322308365
0.0674245536946048
0.07546272207884724
0.07636750387917503
0.08014207234047754
0.0947077155642182
0.1245081655852401
0.19644103891913806
0.3315429182154763
0.5000494015203172
0.6221676435794747
0.5724544372631668
0.3448736338135267
0.13119820659368847
0.07391110002843641
0.10146811840657868
0.10418656402994997
0.09312267100992545
0.08476372955211059
0.08484381584087014
0.12184990169080673
0.24040691897334746
0.4761410516691127
0.6848150442036278
0.663837691753339
0.40614403972621477
0.17267343089342885
0.0883986230842161
0.09214078743343601
0.08960687801916435
0.09290967785423838
0.09738053675975777
0.11018865057031252
0.1957015545850526
0.3966730339486738
0.5876527301433606
0.5892812324320658
0.4197669581872925
0.23950835065761272
0.15618796829638198
0.13768172761629524
0.14238493932037818
0.14801902142574686
0.1827463148308351
0.22598394272058378
0.20730377579354048
0.14103144085564728
0.09404345162778993
0.09429396547568658
0.09383292613204731
0.09094961428465621
0.09457723633541801
0.13146966184730563
0.22496908900841953
0.37417169647083937
0.4588479093140706
0.35523010327114984
0.17370137104608832
0.061330174531317456
0.05765512144930403
0.06091184450158299
0.07190736913270415
0.0774756342252455
0.08529310328542539
0.09061890559834287
0.14314783423725377
0.27819971394642234
0.4376415072405626
0.4524242312826415
0.29833119112791806
0.14718659206244092
0.09703147392832256
0.10349060248286424
0.1009621495495919
0.10337667675241521
0.10289367788433482
0.1192658334248198
0.1941310257529127
0.34941737448887317
0.49001641326290574
0.4844022668886845
0.34875453253672084
0.21233794859804866
0.1604519094841169
0.1495097807196204
0.15871458068052735
0.15120129461171894
0.15597343341912817
0.18984144363701108
0.2824304324900974
0.4302812543788033
0.4850546111452663
0.3414477112334509
0.14640962025949253
0.07222431801340244
0.08449698316530758
0.07686265801619198
0.07623803070509438
0.07846828762345459
0.08385504151804456
0.11033353638012959
0.18275778247469313
0.34959679116913417
0.527107707326618
0.5544370955655105
0.40323540115449785
0.2107627559365427
0.1256794333070641
0.11878155867896392
0.1604955478209623
0.1979295572990036
0.2200638442087844
0.17985223949374476
0.13093319310908008
0.11189073326358058
0.11759013857250822
0.1105814326897225
0.10693535643957032
0.10259315918503152
0.1345530050992743
0.2290773289722925
0.35240637399898167
0.3377892484848135
0.21236346731663336
0.08951526327649405
0.06528095947247402
0.06501439241210061
0.06758907978314092
0.07020151372611201
0.07144019811064997
0.10207182508670487
0.18177069616295916
0.318954879035417
0.4015609755673154
0.32540563372052944
0.1563828877375544
0.04676152626979449
0.02688432269534042
0.02740935432872967
0.026846337016970954
0.031741315020837595
0.04309108202192733
0.06657847370118776
0.1184642177217561
0.23672411792789028
0.41569363500908924
0.5037711382324358
0.3749980685919781
0.16205324490223058
0.045384024172424625
0.03114007599694184
0.038080023114709136
0.04464245588467419
0.05673637126750588
0.0689987898071623
0.1282210324358415
0.25811721342095656
0.3735247140222966
0.3180381278023722
0.15446854585581365
0.043204817629181456
0.029866238963375428
0.030046114414605328
0.03645006786701135
0.05454731665720587
0.06819625329092621
0.0681962234206518
0.07162125272406153
0.13525603634983138
0.2870509156863846
0.5100225658567917
0.6023199754564575
0.4448448367753531
0.18761956537850694
0.056770259537454404
0.042295283440800496
0.043414083104821255
0.05000436399469831
0.06185277607610077
0.07542316100164434
0.08511930395360433
0.12190345988810963
0.2280483451677637
0.3878502294659399
0.425365733613537
0.27859930016279627
0.1064482647324335
0.0428387710702526
0.05312272494080045
0.057971028934624164
0.06038860150945126
0.05715012840730594
0.05529894558854059
0.06595296750403788
0.12455107411148802
0.2729441865662371
0.46480350941255866
0.5183698386722776
0.35038143414684947
0.1355754346200701
0.041390461719133013
0.04726077220808799
0.05188428037181986
0.06281670375503687
0.0702248873597069
0.07428882111486161
0.10434017571303843
0.18115409390718729
0.2928653687115457
0.40520268592151526
0.45176306933971927
0.3356731403324711
0.1539013237097717
0.04306202039366615
0.044894464301756164
0.051124736329177314
0.057149657210486864
0.06380839481837382
0.07696307094840091
0.11215272441210766
0.17962239759963208
0.2033228084012469
0.15051439825552995
0.07924904080480576
0.06330835681404826
0.0701853918449937
0.07181921210978245
0.07868910162175749
0.08497787134010222
0.11469980701690759
0.21634837859845582
0.38264937535288013
0.49855566367520476
0.4753048342534605
0.29358514192944285
0.12186307749257937
0.04075227464106855
0.06280520664224012
0.08621849823931703
0.10884786332210084
0.11840359562188645
0.13788643712516427
0.20896698581037312
0.3326681629614146
0.4089725763608544
0.30956699976135
0.13526214557334354
0.03420133481466122
0.040272912420578906
0.0538092525590462
0.06736932840465228
0.07427558839413939
0.08978439102134769
0.11549646586622066
0.19340494022886498
0.3553160211263536
0.563432372298125
0.6105284019581456
0.413780479784341
0.1685262661174124
0.06302843249979301
0.07717561514449181
0.08995729763706407
0.10088420257788439
0.10431102357432716
0.12494289992504239
0.20297263116116737
0.3600484328481661
0.49383913062507007
0.4616801313072885
0.2609832554880395
0.10618231958871253
0.07208566927209455
0.09672723393799024
0.10450127901619241
0.12560500311368938
0.176945375766334
0.2545052428802297
0.29100211690151323
0.2195748949909183
0.11372514240975409
0.06171260546727315
0.06626251634686396
0.06932800146303111
0.07474590282568422
0.08832260266459922
0.13360505951276339
0.21287572940559807
0.26357030432238754
0.21074786215725058
0.112883548533241
0.06582186742670457
0.07858311529687115
0.08481272907404179
0.0828278321287914
0.07995636881463491
0.07913603594167457
0.10026866091645519
0.1452714469147838
0.23847424742631826
0.33541088283675075
0.3451979962832995
0.2163294076820539
0.10799567693951452
0.09618564113179752
0.1191563172302128
0.11292407137483952
0.12086159304152047
0.1559303103222106
0.19585144159824736
0.2632739194399805
0.33244165255379865
0.3333081403573249
0.21891653916382706
0.10867576604872867
0.06593423413771848
0.08413136222522971
0.0842683336390087
0.08894799918187063
0.0950051266792413
0.14096684629567974
0.21086755979330976
0.25401862211346543
0.22588454302836056
0.15670490077696683
0.1058723397195461
0.0856428931732672
0.07971416391458085
0.08239583382925378
0.09822053285442578
0.1378122365351119
0.195985396145023
0.2464658340276668
0.22736186165763297
0.1501844685222253
0.07463135506133128
0.059664065040826955
0.06486971108796508
0.06944017708039411
0.07126527130076524
0.07824360835777773
0.09787261660818142
0.1622618937139432
0.2794478759396704
0.3124411879071239
0.21429954916299268
0.0669512957086702
0.03867921608998232
0.05389227685679357
0.06674912034919948
0.0499814589570214
0.05025463978763736
0.043595270936524606
0.06056502772386982
0.1448101300500389
0.35072666004503195
0.6162087503443064
0.7371461018535075
0.5920643407173023
0.30893065679909393
0.12853076669825872
0.08948422376019664
0.10261106775802664
0.1018011941955984
0.11938250254850173
0.15825352473079476
0.2102002225832784
0.20078360097208126
0.13927941288804227
0.0695803036361634
0.06897115890140725
0.08941627350271508
0.10287459227396957
0.09333027278458327
0.09060842963402024
0.10189262875177171
0.14183660381344157
0.23342998955159397
0.3502091080477606
0.3701700639024532
0.2521084014870488
0.11664016292776683
0.06236444717061257
0.07200390975518621
0.08742607311316918
0.10161544848994893
0.10249061492932021
0.12425473257530736
0.18564940231313254
0.2885912412256831
0.35972540958538113
0.29590741633543516
0.15836360836754365
0.058942916997578886
0.05335683636164974
0.06132493260092059
0.08309916827090276
0.09872234962951172
0.1226677851975512
0.16369981606349107
0.25277735286437497
0.42206580107575964
0.5200353563182929
0.40009283958657493
0.1804502951952636
0.08033471132452828
0.08221237597850989
0.08848060253168397
0.09628229007184877
0.10651061262101802
0.11975619297421763
0.16199526526441307
0.20650579493251003
0.17719885841045727
0.1151246527723255
0.0751668301893986
0.07626977973002481
0.0650145371003644
0.0643378017557671
0.07177249920018841
0.08815009274757461
0.13163294557887217
0.22100208338845173
0.3282340464197597
0.37893638544000396
0.30223665010373246
0.1682988194230004
0.07273649917556545
0.055763647016098365
0.05325281438329221
0.06879982300899432
0.08214670234478404
0.0933102364185713
0.11777918319703706
0.14924952603406663
0.16546265069895197
0.15346596281836347
