0.4186970422801799
0.4169438876394113
0.3894327663015416
0.3767216213627495
0.387735145007273
0.4093798243538463
0.4240871555044709
0.43641233328887313
0.4369902375739941
0.44021620716388293
0.44409629556443353
0.45349805919463365
0.45320281701096743
0.45283966890380833
0.4503420235196924
0.4490658515745014
0.4459630598217174
0.45244346284509285
0.45738609022777194
0.46152945231225156
0.4760256612641345
0.4907867018919858
0.4984700398770995
0.4933292619192961
0.49467897695125534
0.4466571264900721
0.3505919258548834
0.2789308582816272
0.2723409233898272
0.27739896227219646
0.26633739143502955
0.2649208339660735
0.25935016770622166
0.2545740930471169
0.2671476068421409
0.27945055115887046
0.2838261608720569
0.28748694140900916
0.28963822853251336
0.31452750134607765
0.41197295790370797
0.5453797005322247
0.6282673591991224
0.6696725279743501
0.7024092720451488
0.7192596300488879
0.6517320312865267
0.46964643951823437
0.3028145471885567
0.2403785430069167
0.2522078379726518
0.23959887653161732
0.24297780551749562
0.24833269102953254
0.25364732343891816
0.24447553653317167
0.24566369919733733
0.24537196805391528
0.2692175188111373
0.341025658905932
0.45947251532577854
0.5748323116113742
0.6459269367548247
0.6868068902046047
0.701713500012246
0.7083097399178332
0.6826147710239062
0.6111194691119446
0.46075610863021305
0.3233913057420319
0.2587995402369884
0.267621931759104
0.29048068959906215
0.2936717665855046
0.28470427062619114
0.27891509604317577
0.30752328669527956
0.30920636760055403
0.2830452714130366
0.25758583592588513
0.3280275333163096
0.48336946392402463
0.6732882547390564
0.8053744472096022
0.8670013842137805
0.8879921978500174
0.9119179755023192
0.9490682880003027
0.9908483951035191
0.9874166788713019
0.8189922605924973
0.525792008860668
0.3072107635372296
0.26039417877163645
0.279552455850692
0.28616291635524127
0.2805392228106348
0.2639103665621391
0.2501878557405283
0.24515196264794414
0.24244091226734463
0.32650941536579214
0.5256318628974881
0.7634248963765405
0.8927490335528686
0.9434673956029875
0.9624837733791992
0.9804561282150785
0.9117344601185342
0.6977174668804439
0.42538778620696005
0.2534183303739278
0.22280832562910485
0.23787122193871998
0.24410018849951667
0.2239271027192899
0.20635418797828736
0.19590387383135807
0.19256824644508444
0.19286989537627153
0.22180859173662404
0.34288039268433246
0.548750354838142
0.7512613647565209
0.8475271896401687
0.8832264963236824
0.9097368601301549
0.9517409500466164
0.9781049724726719
0.8612049402642552
0.5971472075915659
0.37319089488065765
0.3030022874509805
0.31216887875965915
0.3069611867521692
0.3270309768425224
0.3308660497670389
0.3249697425970211
0.2967025522452736
0.2755558803485705
0.3012922955744763
0.4181123512702594
0.624789843713355
0.8187623636592639
0.9214468985686486
0.9384365518543322
0.9324786929038217
0.9297579351498478
0.9236609287206213
0.8992582671935128
0.7784760823556006
0.5644656222939747
0.37872573428598566
0.3026515395419302
0.3015151849278893
0.3076589093972978
0.30274384409658217
0.2908629623792248
0.2701382388766833
0.254142151112172
0.23589957063079703
0.24771407356035072
0.29178002395906927
0.40363913099988596
0.5621716384973807
0.7164350243817337
0.8089687359892711
0.8503547255786583
0.8681819808273504
0.8453576137141958
0.7237052008148276
0.49246041828232406
0.345189334844249
0.3269730101580464
0.3626949800365681
0.34034036842701887
0.3370296777102677
0.342995963628288
0.3449537506015813
0.3382707325833534
0.3203265118703546
0.3124222978129612
0.3179095168812343
0.40132169479678376
0.5577015502944516
0.7312946361877999
0.8228996166384447
0.8457636842969708
0.8555626028453057
0.8604993391933886
0.8308004369963351
0.7084124983778305
0.5140671673382823
0.38117851968699434
0.3383105615302385
0.3386501114749835
0.32477237652592583
0.3248200657314665
0.3244535038867404
0.3156803666217019
0.29659416690801976
0.27759963499319296
0.2628363766157628
0.28128566476463673
0.335346126574092
0.4999427619859968
0.6870590424656932
0.829787742093701
0.8769741285232279
0.9060374476069818
0.9270191472833218
0.9041073940117341
0.769080938061831
0.4928804368870733
0.31794691442726286
0.30188354011067764
0.3639889842390871
0.3529778138106168
0.3576911489468691
0.3670699277630345
0.37090775630851064
0.36444816073220676
0.35134521239400235
0.3358893453014274
0.34639483647251385
0.4545273326856258
0.6372652958429318
0.8049519432572534
0.8793105320537751
0.8962596083260188
0.8820272833658687
0.852082358240128
0.7591444050749837
0.5335973934863346
0.3226565951227366
0.274289268540859
0.34073370718713525
0.36421584458815953
0.3523731679345552
0.3523888475208811
0.34724579883431617
0.33692621190006633
0.3207608706814381
0.31885809891975947
0.31438494283460444
0.3089480500546859
0.36761945294348136
0.4831467660085082
0.5741530610721418
0.6290387123000658
0.6733620349403907
0.7073806186265762
0.7140143179782914
0.6956907744230072
0.6410650458821466
0.5625235345265801
0.44214868550501457
0.31584941639249947
0.2437457384733313
0.25071585776712846
0.2626432850330618
0.27649250446361295
0.2855180532516103
0.2773874925511628
0.2544725643596201
0.25194557506351234
0.2753492341837099
0.28624685978917347
0.2873606012922637
0.2956277863234193
0.30966147009911804
0.2857213161670952
0.240165775268163
0.20397413744978576
0.20178369962192644
0.19396996511652817
0.18938530493442113
0.1797382723005593
0.18509537490238934
0.1814768919409164
0.16818067038022272
0.16486882411887988
0.241829834334748
0.4168877425256372
0.5755568816973246
0.6352087591957042
0.521572049554754
0.35423664519684067
0.22424491790329598
0.19459630535126082
0.18983045047423236
0.19363325096221812
0.21033960676708452
0.21688991041567726
0.2261719333943737
0.22245128240861073
0.2078473974849386
0.1782332121210302
0.15951560781787077
0.1546786000467473
0.1585986322342315
0.17581376016420625
0.2538960843057371
0.3801345465211059
0.46949631408423087
0.4624932575631564
0.36331962144358676
0.24983270058960338
0.1930465165454869
0.24028612553416615
0.29615952170649607
0.31919415366205667
0.31315542258614115
0.30940611306988985
0.2903130041825721
0.2720839331371084
0.2292093789468307
0.19218053903238863
0.20259818272958544
0.27423867362070525
0.39900665877623775
0.5490205776187448
0.6662148767117076
0.6593923381288044
0.538328047634297
0.3495441913919181
0.22527381625902
0.20172987390343441
0.23758662098937236
0.2549056750614929
0.27126490809664006
0.275408022340936
0.2711590520026067
0.2560488291992925
0.23320005431891372
0.20188598800146978
0.17824612058939132
0.18267057764341738
0.23574234605551664
0.31666549705031094
0.43186634555867853
0.5537533422178293
0.637191880138376
0.6213754603937149
0.5005376227713413
0.3274669159621799
0.20972196686983136
0.2234022807845983
0.2857778110224786
0.3116494767289901
0.2922826585439132
0.27263657424175747
0.25793130947239334
0.22109912986065514
0.18525581155632193
0.16846751136761134
0.17467165965191248
0.19162370465291595
0.278628156234917
0.4087376918817202
0.5107902335559754
0.5242591162624572
0.4948537575812662
0.38055068579353823
0.2560788550619723
0.18626118541617778
0.22118871957796563
0.2594321362149862
0.2795844860822089
0.2866872615147662
0.28618279369480343
0.28774482865765183
0.27810014804873834
0.25328909079047707
0.21191611493983611
0.18572548141435127
0.2068711913500276
0.32207882305833857
0.4936127676755645
0.6133885918980655
0.6045636971507867
0.4768938984161094
0.32246173567807296
0.25094303468466694
0.270715103081075
0.314373346202769
0.3238444745496994
0.3167483558466486
0.3113342884426606
0.3064224712199224
0.30133246342663755
0.28258181089152973
0.25705293957910097
0.2436602262571639
0.26765816870625664
0.3284843349678912
0.41897446905166247
0.5244157418470423
0.5650479498011978
0.47950394159519144
0.33132202433509056
0.2332687472443133
0.25879433191307416
0.3151208868984153
0.33960804075358386
0.322230395023929
0.31954385175914835
0.31806691794138464
0.31104457432546984
0.2914120871591353
0.26621864117179506
0.2350096932493767
0.22750001926967925
0.29462374040971945
0.4233751368105846
0.5645870386157018
0.6395286397449763
0.6289757405278953
0.5211031250749388
0.3619489469525808
0.24556693804727125
0.22350177080823666
0.2601198413034755
0.2770272504509879
0.28695007631330144
0.2880703669546532
0.2900172228847155
0.29456913079314634
0.29097870174914836
0.2670562000042899
0.24063488147159426
0.2432157275654667
0.31293879019361964
0.44489676878792506
0.5827263138406311
0.6146192456746579
0.5300359841697786
0.3717297309163761
0.27832631474785924
0.25996204222931685
0.29844742252371476
0.33245530869919077
0.3580509954071122
0.3648136472417541
0.3498083026207496
0.34104526692325693
0.33368484260428993
0.3164075383359394
0.2738511317119948
0.29941759500963555
0.42691527433141696
0.5516112639487526
0.5811388554659075
0.518399796751853
0.38821617246390266
0.25885612750980036
0.19411343046386315
0.2005356537724144
0.21478166578206404
0.2276761284506092
0.22271934839518182
0.20479188735023401
0.19209161455320453
0.19064088318150166
0.17011225543778935
0.1534086497237111
0.15325222325184965
0.2048285890490596
0.268882906487425
0.33920059622071447
0.366296797477871
0.3206481187906404
0.215715855325653
0.13595804432584463
0.13653819429325542
0.15513011000357793
0.14511489815202872
0.13690091427221393
0.16205263840149706
0.18281742696767306
0.16877191861652707
0.1516112776875383
0.1375797945407959
0.14923819448108103
0.18776655286689886
0.23764160158130423
0.25934407146623456
0.24551531293620263
0.21077258748313893
0.1806991915231933
0.1638592737570708
0.1537546272099814
0.15254227004618282
0.15193269156725606
0.14926184442082943
0.1500643992224
0.1509469067262086
0.14073571554434966
0.14924328630707157
0.14619104854706907
0.13238661858616593
0.1362709060282355
0.2179572552182817
0.30031109993829147
0.3420068610731976
0.3061388088874202
0.22784132722727085
0.14585587813636952
0.11796771857275758
0.1485410461807726
0.18052079759369766
0.1875882213613619
0.17771610847807232
0.1846715306323966
0.19525602562589317
0.16948498816307958
0.12698319036788006
0.16821053494535396
0.3212169740022825
0.4773718788045623
0.5434624933657438
0.5152028263423262
0.41174574111666573
0.2970022267630102
0.2339382256504902
0.21665303179445417
0.20247914521954796
0.19692341430637558
0.20465299803038964
0.20879607781688783
0.19324686017792225
0.18192912540078307
0.16165642270923167
0.16394335089416534
0.18746183164662028
0.23727852259562354
0.26754477266451204
0.3054992960945865
0.33855315971818334
0.33376387862043877
0.300795898162115
0.27239421311126316
0.2782501442846178
0.29699466343563846
0.32069241771019746
0.3330987164464278
0.35188992148593584
0.35348370481392294
0.3059241500618704
0.2613873868036869
0.25000757077003094
0.29544279172929455
0.4219938150022342
0.6036224851552923
0.7144358003926192
0.6712692723997007
0.5300627605977094
0.35715184192912314
0.257992318867253
0.2655191571339361
0.3268212013303148
0.35500819771806424
0.36301733315248985
0.3774701858189619
0.3759425419508771
0.35120966881397797
0.3396159348392805
0.3252401486885502
0.3147425259167154
0.3152448841438303
0.35402806057474007
0.38357282646764274
0.4051056147794503
0.4166476634738641
0.4210486155094351
0.4151535508923811
0.37488104605013456
0.32631149811297094
0.3105381123478048
0.33873714368454144
0.36373296815566597
0.3624160328787714
0.3621511708799433
0.36340619913797434
0.3577787288733662
0.3563020841086959
0.39759288842497936
0.4846156602027181
0.5499313227283027
0.5487824977252672
0.46389865283365067
0.3673098715125809
0.32134843520718276
0.32888074077627616
0.3432124672426067
0.3431650412735115
0.3448541333568984
0.3161631415843944
0.2862001646178996
0.27715790030616383
0.3520213543688601
0.4381255630590443
0.4510888698422131
0.38458009433248375
0.3255361869545854
0.3070191906259761
0.3244803214012777
0.35497519223283314
0.3675360358847067
0.35302912248265494
0.34449836007992013
0.34026418072320835
0.34605208137031135
0.3287929549527419
0.28893357486999033
0.27719632034195807
0.31647624380850337
0.3483107064864659
0.35685694622606806
0.36185971550577534
0.370051973342024
0.37644226243195084
0.38826898024739737
0.4079921526253034
0.4188700506095612
0.42749918070404347
0.417551798152918
0.40836791348206586
0.3862709564700057
0.37181170617823983
0.3641074586424615
0.3672430390806955
0.38041819406440536
0.39297108733120056
0.41494927354047123
0.42028520200307684
0.40308134273086227
0.372670004541345
0.37342366521622505
0.4032758741176927
0.4357905817327933
0.46162295375719203
0.4583879533503989
0.41308150760977963
0.3644543284774051
0.3521347286482563
0.4067657008000896
0.4727943912861604
0.5174463086759646
0.461640455679587
0.39181651843805326
0.34413179616656225
0.3712820063961604
0.3934180155683792
0.42112230640262016
0.4237356452926954
0.4261310384789845
0.42307532262791975
0.41106813738423564
0.3875897072468716
0.3683514937776057
0.3876132067621017
0.46616248385061965
0.5469630446668376
0.5822285161120806
0.5262950191200784
0.4141503863618979
0.3166111177139453
0.30238035448981876
0.3354525036089395
0.3512146230884823
0.3537226009839038
0.3547610020954138
0.35451730484405386
0.3484127897697441
0.3345491770103734
0.3299462142988237
0.35234908232895945
0.43528288487122835
0.5296629577683355
0.5649661715407651
0.4930825016705694
0.3563492239827764
0.2786244841607634
0.28021299868785765
0.3239517216329544
0.33671350470938044
0.3467498943041378
0.3340119619402431
0.3222859359800635
0.32342443041169466
0.33439581372556554
0.3891932731884133
0.5060070682656637
0.6085676894047123
0.6116714461537588
0.5174945604363428
0.3496282680397795
0.23959972859562903
0.23820521994603974
0.3078668843449463
0.33140630159370754
0.3326513647248469
0.3224589586816232
0.30782123341267686
0.2925338279553785
0.2726183025262868
0.2611166388744558
0.2542423631292136
0.2844100773699607
0.3767620143945771
0.47071409266867914
0.5060617613786079
0.45579630097293133
0.37146116022079334
0.2884924014821864
0.2672074201890605
0.2860359818259628
0.306490247374825
0.31324535919232127
0.30667324618526715
0.2862036805547528
0.28480005690428517
0.2843451844774782
0.26784548805006064
0.22506537312371858
0.20193149902555801
0.18708518314917164
0.1960187097484712
0.21802123540444088
0.25327435403069676
0.2877671754358553
0.3169434805103361
0.3345047832983256
0.3430484285160842
0.3459086617345551
0.3421783274534937
0.3384819844132655
0.3205551185796437
0.2974417927835464
0.2751520516420722
0.26192426966860766
0.24843752322365759
0.25300688846119757
0.2752125235686165
0.30526908303720973
0.31856115488017084
0.33406224618964414
0.3317890114523547
0.32723168371429945
0.2951902200526543
0.27831628289469523
0.28334391567459666
0.31918215281988344
0.34490904625010554
0.34720267621001294
0.328516038692931
0.28949073909625544
0.2624388598584939
0.2586615966496126
0.27676630574684763
0.2934484069766853
0.3061346546774924
0.3096541491577458
0.29951965616382037
0.29565438737414357
0.2969622228013748
0.31529934627641387
0.3467852671652998
0.3987393447282762
0.4239719076708158
0.3880141070642727
0.2988537512044092
0.23048405338705438
0.21611349877863523
0.23278202440906814
0.23851130096356857
0.24760296464662013
0.26530286852546014
0.27601693680079664
0.26494229084704535
0.24653142518764873
0.2412121799799036
0.25044658421209504
0.2602123819681874
0.26339080675801274
0.25403295301889506
0.23693161107311275
0.23969065486161206
0.23810082314470774
0.233901389907867
0.22735433499354524
0.2319042141977413
0.22787813930151998
0.22758088306080831
0.23264899254910662
0.24134857395076703
0.26106733415665406
0.2779312836778636
0.28984952757123666
0.3467957111118147
0.4266786890096099
0.41902906141032215
0.3083147473293974
0.20756077712412058
0.2020082683284673
0.22914741417866713
0.2346195727491415
0.2251765835117269
0.2310272070809728
0.22886769606575907
0.20466041186950434
0.19557557717900967
0.2352787734122213
0.29448090272818783
0.3492470256963719
0.3740542250833811
0.3472619561233597
0.2658723182479468
0.18277235264198327
0.1612420005580886
0.18545753317171124
0.2124249779825853
0.21849301162231774
0.2283946091451921
0.22126771426190414
0.20058161809818917
0.1984319428471222
0.21869604523416514
0.24184912347365467
0.2873198973516584
0.35909188622042437
0.40379409631102053
0.36456204187136404
0.2723500878304556
0.18915853223068452
0.1644674829763116
0.1840762995863663
0.20826822186154767
0.21419460027729126
0.20631483645202026
0.19591665206590822
0.1929385124869597
0.19773330603387118
0.20734949467447325
0.2356760286571855
0.2910903375267962
0.3712055707476049
0.42290034108847163
0.3756557866809244
0.25319868832908843
0.1510506356398006
0.13973954732350963
0.16544958128881207
0.20062148283521702
0.20916128562192174
0.19886333046826565
0.18848616825567288
0.20276192352230496
0.22309031205440905
0.2512651236939991
0.2867276428561837
0.3465278186856823
0.4210639126529949
0.4908357311509193
0.5061383514330602
0.41912990618377083
0.2772610545678176
0.19216327817126946
0.19985957007427102
0.2296962405170846
0.2280833751124489
0.22244739741436334
0.21653785630166605
0.22089855348220483
0.22515596225942217
0.243672088192942
0.3253800298736117
0.4492275323196034
0.5357707066424474
0.5118935699193322
0.38057484123036306
0.23208374461587658
0.16652870633909705
0.184337367923213
0.20153341741568748
0.2020506690010171
0.20243197276349179
0.1989063974364798
0.17602496099888923
0.17392569994617216
0.20550753534990931
0.28886126998071127
0.40808671732428864
0.5031770017179864
0.4884994656051283
0.3575780573642825
0.20630602520909752
0.11894269585906364
0.11961555586865212
0.15516013058146705
0.17525626383053544
0.1724335227486482
0.1704914458159827
0.16877431005445698
0.16278224839691427
0.17153610764103952
0.22226180996375652
0.32157061512616536
0.405288557623715
0.48547424370154624
0.5087783947104424
0.48630443940017426
0.37355595483347914
0.24044979796105648
0.13112753617009903
0.12794367056555195
0.1698731945260647
0.1908805809891039
0.1777529546720945
0.17533269091051246
0.17264977911796298
0.16814530560471458
0.16717435515287682
0.18279218700798847
0.22765019121726743
0.30303430689470945
0.3683704645126895
0.3711043555565081
0.30352657240671643
0.21069709737978048
0.16515441671192588
0.17276630945994823
0.1781083647931301
0.16309386980649865
0.15769578701562234
0.16436576679527282
0.16531205531350832
0.1590571336369353
0.14363180629077618
0.13356321465911006
0.13091317824127077
0.12221706966580681
0.13571447652031815
0.20487987291858392
0.30079763020943684
0.3541771324363012
0.345288428508016
0.2786029909295363
0.20787313465172702
0.1703494332107511
0.16153795415547614
0.1565679837494307
0.14472489838775043
0.13747091490547375
0.13154003645597057
0.1344729313404362
0.13150585221617014
0.13091599374599586
0.13345531072089056
0.13937710721461946
0.1383781553019642
0.14544775625005552
0.15458109568151307
0.1938194497637418
0.2689842648590055
0.3425644438138452
0.3240748600332165
0.23747837828287402
0.16918552447258406
0.14219887804475675
0.13254171245696256
0.12948256502884073
0.14282121557052774
0.14268132263619068
0.1377531130194076
0.13345614742615614
0.13964904741815076
0.14230954564086173
0.15886110301183942
0.20049859404531878
0.2930316717049417
0.4013532924093915
0.45509232262656885
0.39183151347457473
0.2565694019692752
0.15794608636043303
0.12707760556980505
0.148626318241486
0.1618614125200804
0.16363289782314644
0.14756896124326058
0.1421477713993705
0.14460440274649422
0.143215429784474
0.1410420829989198
0.14709917926633068
0.16312903544571583
0.1767315645536759
0.21173487514696013
0.2596523257852697
0.2689930680541047
0.23062677977452503
0.1779231623804411
0.15071424719946236
0.13569057767870124
0.1371559201907626
0.1396701289655284
0.14034640955212846
0.14058943594076295
0.13423952855946233
0.13336571526427354
0.13528731864067461
0.13356225200466817
0.1310489117857418
0.1510490422846653
0.21035519207896583
0.27946084621553985
0.31392122896721414
0.27755756858633684
0.18693988905941866
0.12468510682952426
0.11871937709582826
0.13404279566675928
0.14033530482855694
0.1432110802883127
0.14536465428364448
0.1369603898906937
0.13325833177600935
0.12745312126741867
0.1289087642277783
0.14324673704077276
0.1583832977740055
0.1838451915379845
0.2385247545106923
0.31818603189970157
0.352787491937571
0.3025652706398309
0.21611683618000493
0.1548814772676348
0.13446752761579533
0.14229480329703612
0.16272378053605882
0.17327042620431685
0.1614908641502577
0.14967994731681486
0.14656715092012795
0.14594133214059238
0.14506518826025863
0.15103872809510294
0.1790696502761279
0.2323325216983496
0.30947670344572187
0.3677371001846682
0.39321880487974187
0.356522073248819
0.2677869185817018
0.17312937897269767
0.13732177666422538
0.15212437362481532
0.17085193193625506
0.181523609401962
0.17266985171439697
0.15517420713173408
0.13994212049080432
0.13355399051472305
0.1286885412689269
0.12964520125226547
0.15293112243966447
0.20839441471644712
0.285349854015154
0.3589513892882271
0.3819356938670875
0.3415463859804593
0.25093318605222176
0.17776713375645728
0.15263690766506233
0.17376496391123544
0.18421052730254825
0.17209893828464334
0.1609718324098951
0.15437637841337043
0.14004387570599972
0.12159592371787553
0.11960605247308025
0.11354902833631697
0.10765562723699393
0.15345548298355025
0.2370592016508129
0.3312281690574629
0.34649911180486137
0.28547871034354083
0.19965741786692456
0.1591959373015623
0.13587566003791413
0.12193831832640278
0.1129809354742775
0.11628158934133154
0.11163692228743634
0.114415207840426
0.1016812060514064
0.09074884119301446
0.08069947414081384
0.07648872528944385
0.08544666020442727
0.13599352042031027
0.19343957680864401
0.22661602347548693
0.22228237098351253
0.22496342056538457
0.2013299689353164
0.15471409324180968
0.1133844235130906
0.10798796227062675
0.1105456385304173
0.098998710544501
0.08449565933754845
0.07852619158085881
0.07878643583296505
0.07863572489112057
0.08290941643107674
0.07723552372364156
0.07618910374337706
0.09621143459543213
0.16038808554128475
0.21169737594961469
0.23269397390149382
0.21415585438073428
0.17652912122055586
0.12609995128503687
0.08544777941275106
0.07224865445221584
0.06975933481643917
0.07564900856038403
0.07878615426860947
0.07988230922962333
0.0743692572360209
0.07475021214611643
0.07689291651019273
0.06783176303086257
0.05878367116482007
0.0529701903181852
0.09410929513688929
0.14038294716495928
0.17356838996872434
0.1609211271660545
0.14293985182939895
0.1217249975700502
0.09314604186911994
0.06856582946355858
0.034994706347970014
0.025489369672294298
0.02715686339625012
0.04355470690459323
0.04984797040963421
0.051558680857613774
0.053090413461788576
0.04548117069578663
0.03389536806960725
0.058937530367027986
0.12269514718088763
0.19612579365367575
0.23257042631106242
0.23351379781355633
0.20151004455154065
0.152159282649232
0.1168431565616706
0.09681524486168654
0.08863690290034242
0.07530306081921928
0.0690131830586554
0.0725731674737244
0.07144410749383429
0.06637216152670165
0.0570941919416336
0.05495545335029431
0.061286044665383003
0.06497692121510841
0.07078602571171617
0.0987916460343335
0.15432239011737453
0.21028061709122398
0.22820010282088765
0.23150164758199482
0.20367251283284277
0.16236172175099553
0.12404377457451217
0.11711646248684113
0.1255071135850856
0.1251613515150934
0.13148622191486842
0.13867505348942252
0.1471400540283834
0.15168786371759302
0.14960027109413784
0.1583374728950763
0.18223894680346592
0.2132753161467785
0.22456265896617686
0.21904594438996444
0.22576062677443323
0.20907773682850178
0.17647673525270757
0.14615885594919392
0.13409464578198418
0.12949486130885618
0.13562162932610236
0.13899911493828734
0.1303017429083275
0.1269727513471193
0.12013632219586964
0.12321539018321337
0.11075794613962772
0.15154141073214863
0.20237166803706094
0.2707341463502602
0.3055592461508662
0.3076385593608756
0.26286517444292684
0.19328281696651434
0.15960915382567364
0.14370463330676636
0.14743425596489645
0.13996205234521272
0.13185049510587432
0.13129919334427456
0.12677369886124853
0.11533027385259942
0.10404491962312828
0.1146845092495992
0.1644205293694525
0.21546952830926605
0.2758281482409814
0.33392367109285465
0.36231420051617724
0.3041005934802438
0.24382768550072334
0.22923052171853503
0.2325423918062874
0.21179818452038093
0.2036368681395105
0.2086007068363337
0.21342825332604012
0.20626617279664736
0.20330149463286262
0.19707005124401689
0.19369613855736711
0.19248304089818538
0.20612682870943871
0.23440696846028894
0.2521048213221952
0.26194529560083635
0.2776956640664926
0.29445092391866845
0.26989068158609864
0.22287673807873185
0.19546676506642596
0.19973673630073352
0.20864518992365988
0.2069699225208502
0.1990565592454131
0.1906866584001267
0.18021082973175132
0.1708769862903434
0.20388251756861045
0.2701641947215112
0.3570319200413187
0.4278674858053966
0.4579042204707643
0.4054355350722701
0.3038020046650652
0.23323937070443082
0.19484365418812663
0.17895267975908144
0.17973659154948493
0.18898779661322404
0.1814163265550666
0.17282648525977104
0.1843445046277352
0.19022322302191721
0.21098345772172708
0.24235745304177342
0.3308884752587514
0.4142707228849491
0.450941848919842
0.40201839803403805
0.3133219764588726
0.222639497531328
0.16338682893699122
0.15310005487109635
0.15888477202975373
0.16908394630350015
0.17959306864387298
0.18192604335503718
0.1718793562676284
0.17689787821270764
0.1730449408362122
0.17060117183937604
0.17110041895010386
0.22313870724658996
0.31125479994896993
0.35402247771084394
0.32094486315138376
0.2695009925995818
0.23149701309493165
0.16517465159715944
0.09505917653322984
0.06912226757444959
0.08301095101100801
0.09572614223391623
0.10501832546788029
0.09781401883996718
0.10885826968463626
0.12146648874002962
0.12687911823235196
0.13290062256827226
0.1712981586220672
0.23388136692865436
0.304585395237658
0.3532750620245078
0.34468364021410225
0.2815398533433629
0.22946653779008927
0.18958360361100868
0.15425280154529247
0.12285941704743716
0.11039781714247601
0.10283626146967911
0.10066955526341231
0.10199312468825246
0.09456490340111474
0.08085439391514555
0.06816262901969308
0.07070832727979572
0.085380584662364
0.13334801837230273
0.18115925897179216
0.225693251022539
0.3084249603158316
0.41792617634718365
0.44050330988057534
0.3455886813016993
0.24012411353381363
0.16809961356509714
0.13254357742644607
0.10827728012040491
0.10891506108254541
0.11097221791616506
0.12732461167291328
0.1381449802399573
0.14966190773165872
0.1524729716703532
0.15758018201846727
0.18787783617917003
0.21820458927739747
0.23096169360801444
0.21166015591098883
0.24798147835469989
0.3636040140583302
0.5091687111463642
0.5480881373448984
0.43832119731653524
0.28467014934930657
0.16036106811898748
0.10999792056257404
0.0958453495907723
0.08953332063699058
0.07093289460053173
0.08303040825886547
0.12523656723257
0.13978952202521186
0.1417851649715297
0.18585998619980368
0.3025202348873993
0.4182315657817538
0.47345444141788934
0.4580246817836888
0.3800176614790897
0.2840599937212566
0.20595796355482476
0.18072996931524052
0.1664757943111472
0.14782695187842923
0.13218956879975013
0.1305165100913961
0.14422534956794192
0.14054624097344592
0.15664334988908232
0.1825037752007226
0.2273659534159219
0.22938183770473536
0.29265068022936447
0.4303586437304794
0.621762778977109
0.7476381421197603
0.800470060994925
0.751041772943161
0.5871464494370162
0.37866062352620616
0.2617970448025233
0.241322265114641
0.26083974197191484
0.2636328133706688
0.275950735743161
0.25650433872091993
0.23821881935317626
0.249547115442271
0.2691523706210024
0.2622629773998282
0.25690549295120657
0.26938899384054865
0.2518713116577749
0.28714680296431544
0.4313261587455722
0.575085018681144
0.5656994396342725
0.4378705854398517
0.29313529292964063
0.2098281991236994
0.18394356566926917
0.1869582010471538
0.18268104080089756
0.20965372285695436
0.2447502220654315
0.24672749371421285
0.2814163756664981
0.3803383112559201
0.4925498072945307
0.5348657801111624
0.5571430752836765
0.5816147214787366
0.5991621839885956
0.5596580950802968
0.45337492536488316
0.267548531503375
0.13008586815705078
0.08003386747558218
0.10599042404458184
0.1165160985290751
0.13588142986671414
0.17730579945743136
0.21577528612858543
0.22749424661772838
0.20218538470255926
0.16974574604114823
0.16559228340223697
0.200243542601618
0.25952611140773324
0.32579706600143354
0.363979933396425
0.3365965244805607
0.23453379885462752
0.15483240580222662
0.12810560017494343
0.1352951195915468
0.12547784499009076
0.11746166526256971
0.13707013478696292
0.16705471271382485
0.19502152839314957
0.18223851398309268
0.20026589402630654
0.30496323974423917
0.48541809381017686
0.638273412658712
0.7386293165478962
0.7740559453827511
0.7104029797063743
0.5442237158801907
0.3057962702355472
0.1460417311540486
0.10331759050577315
0.13864353436962612
0.13383915502438523
0.13887517135757108
0.1552464006551829
0.18259169393050212
0.18447187713819166
0.18245817924715463
0.16507072274020085
0.1973043575888632
0.3249275609498431
0.5359322515627196
0.6858873203680027
0.670129155204529
0.4972960966390718
0.2753264944782648
0.15782959891397624
0.14700722079915843
0.18331988151650067
0.18219901792903176
0.19903209301530386
0.2061660547022239
0.19321577548689484
0.1532387935264718
0.16652816320305355
0.2667430753951712
0.4435424758745334
0.6212353152032907
0.7507979441961696
0.8172443820299291
0.8475897743209577
0.8160689066129618
0.6736805388276924
0.44580937058978065
0.21971309939053657
0.1188588927377427
0.12059810326917901
0.16880868550630573
0.20691008192782234
0.26673671883228495
0.3116317227138241
0.30286259956760136
0.2548421768481658
0.21246691314078206
0.19362171052209712
0.289150802784244
0.46562621811093197
0.6401704780736786
0.7255680603440682
0.7713924344039589
0.736470328080617
0.5783061184953417
0.30491638301033336
0.12061357075852147
0.11652091969073959
0.18170697903326327
0.2016555888055192
0.2088825115136489
0.22154937385838572
0.21582188447375636
0.2065855758534838
0.1999903435352519
0.20065573054001543
0.2765117843451852
0.4186357032971833
0.5731571513479218
0.6761935654565446
0.7042154079508893
0.6286383347675913
0.4311648503618944
0.2187918456752062
0.14778498403286047
0.18443260363619327
0.20512677964146064
0.18734183127366782
0.1995972380111419
0.2282833771607415
0.2555967974519391
0.26095583907197945
0.23304525118093902
0.282088858677769
0.4274506964929359
0.5879583740016675
0.6790434096417542
0.7418296847702002
0.7575578039208571
0.6789251965321678
0.46710561090683894
0.22691938793121613
0.1421759625329731
0.17396310204153964
0.20614983840504186
0.19326363707959832
0.19923123776251225
0.23088037301707193
0.24192896223980134
0.24026865151458496
0.20695091213045783
0.20877487500281816
0.3217848561498677
0.519351960871591
0.6933856809772523
0.7735875283562981
0.8236868444224683
0.8242601287255826
0.7178950661799639
0.4884006355703844
0.2166747002832044
0.06344503826075902
0.04037706514796842
0.0757918709511563
0.10307383192565105
0.127414212412389
0.13772994176052605
0.1284688636248054
0.11841412999460649
0.10219657104549157
0.08601506083840331
0.09904104432386877
0.1510582909307182
0.2296631054239563
0.3426413405742564
0.4850409570921059
0.6245324314707567
0.7313939434070482
0.8021828199001511
0.8064953557517863
0.7470505471445917
0.6018776117716885
0.39953049995265827
0.20513777984126885
0.12155010193181905
0.13180349061519078
0.18336168952819815
0.20651783399550375
0.22125140824887127
0.2312885359675112
0.2298446722707619
0.20150310102318564
0.1828084057571237
0.22656920544839138
0.3528804719336733
0.4990262336361955
0.6199670007605824
0.7214350692726416
0.7908094289027107
0.7426485847774486
0.5410338009412045
0.2892290970989008
0.14246879375362967
0.1274633078944387
0.15181314285652192
0.16560835456741804
0.18499670947447397
0.1962559737291215
0.1777361698400155
0.1519486575788255
0.24710300564999996
0.4278344777168565
0.5918755110299704
0.65860610804948
0.6868891472461176
0.6663350905452302
0.5578950432192356
0.3404449942325605
0.13259679078431194
0.0368791354762419
0.048806116138373726
0.06753356779694622
0.08075346607073867
0.0905469593344911
0.10948868431681977
0.14347070206151066
0.22500201699843525
0.3683949105681519
0.5219972632657012
0.6300379395676753
0.6740722187410426
0.6827977623714111
0.6050356610093347
0.4361512243663986
0.21567261337086918
0.09209812876218562
0.07121923328174065
0.07950828199331564
0.06685037274675523
0.06678590238206931
0.0906475046313417
0.11199740936478944
0.12950661260343038
0.17138472380593567
0.27202831825044604
0.44421346755079444
0.6385054534854947
0.7962624361439018
0.8874007290236089
0.9269290399133108
0.9167217050831835
0.8203601742613456
0.5755152958686557
0.27930205429997773
0.07777358965755284
0.03110407717303445
0.0337640293152635
0.04967309056655658
0.0619179183423293
0.07306297809127327
0.07545820726683196
0.07812380797059024
0.0947379606869467
0.1758104030428626
0.3591901301048076
0.5770575526712345
0.7526406413129032
0.8607407956799293
0.9154754874653898
0.9114262567332967
0.8023999760167779
0.5765037345260541
0.2594934384978526
0.06459314376350439
0.02067416863258862
0.05580025647016659
0.052636113711370336
0.04267030869216101
0.03414673680578133
0.03018131338513752
0.05910732299935647
0.12286989603081716
0.2447661607665013
0.4301548971865665
0.6388552392614291
0.8130288529635196
0.9341065697826882
1.0
0.9995341372035751
0.929326266091624
0.7788949155312368
0.5248455454140832
0.26247422788641783
0.10622348476001683
0.07734187214701214
0.0795503736861404
0.08329502262599642
0.09171791989155686
0.10641012819819017
0.1075261771432954
0.10615263924706599
0.17949417019273442
0.35120322566425105
0.5891814437851842
0.7983414474444149
0.945319058324566
0.9972180706577296
0.9610309044107306
0.8127547521127702
0.5527520568573229
0.2766826527555578
0.10506745373680265
0.06456774257397353
0.06884940243728796
0.0751988162934448
0.07944776173518417
0.09607806263002164
0.11241912670321212
0.11675738693784904
0.16315517276995023
0.28488318223258285
0.480799759827753
0.6911839061176355
0.8524958951249274
0.943221554177253
0.9634490086957991
0.9534188108482863
0.897157024248401
0.7488500690792399
0.4603415609033056
0.1624176627740115
0.010990685566618419
0.0
0.029603827561552436
0.043024979467242964
0.06429913399800129
0.06479171212626908
0.06676997685288197
0.10068969034879455
0.20908373077007564
0.3876006923808098
0.6080452329971386
0.7977890811254572
0.841996936781929
0.7207666729720176
0.5132367537705553
0.24500148629280477
0.0605350506040425
0.0016129909434268448
0.039589737803154834
0.040607730228294545
0.03718827430521986
0.023219915646763078
0.013788697777061324
0.006374817712121527
0.011503919792430223
0.06977298958049281
0.24132369483643054
0.49563929700250364
0.743003974930631
0.9062186467809159
0.9553528702828674
0.9333540159579077
0.8133829409709615
0.585156059371037
0.26650881390052233
0.06663242249627589
0.014792823616331462
0.034856528760825956
0.024983225839401633
0.022763146606202628
0.028986030772694547
0.01315272981446931
0.008683165079632533
0.03072847243195798
0.0678799004370074
0.05479170572104839
0.08066198984457455
0.1977609928476222
0.42424684479680497
0.6593941426820387
