0.8656908496389708
0.8534377904069157
0.8534081826098034
0.8556319224890985
0.8538151792444721
0.8541989353947761
0.8541497002836251
0.8553298793726006
0.8539221223779504
0.8535037432058374
0.8541634239143355
0.8563757991246633
0.8555641529815055
0.8544516839224805
0.8538188597375657
0.8543490186054074
0.8547953641294644
0.8574598150808406
0.8614297725687032
0.8682642172467828
0.8722385795482522
0.8743795413593306
0.8723518749710527
0.8739264077221783
0.8751034600446509
0.8777130549783123
0.8772992597923273
0.8783825322463105
0.8790728617300665
0.8808108478223285
0.8849326247671466
0.8911322258913661
0.8949094214987469
0.8991692725711152
0.9061822569736787
0.9176321711754741
0.9296111266718751
0.9418968191433659
0.9493047849474308
0.957356794350231
0.9660744968683167
0.9793546137412154
0.98509727316627
0.9478316417306669
0.8301974843271197
0.5724110293555034
0.28231700932573794
0.10006723598570762
0.07595439866863779
0.0853359747232024
0.08388044826618049
0.08049594785276007
0.0814769958856744
0.0825988924276996
0.1169572766281207
0.23384236349030163
0.4223954757489596
0.6133612572927869
0.7516856552949263
0.8278047746111161
0.8505041229609192
0.8620449732046409
0.8715630976353994
0.8490799232984227
0.7529082901276439
0.5244744654175283
0.23708417453632596
0.04501492621068057
0.008283856312775307
0.014224036716230501
0.0156611617696827
0.03353973901150447
0.06317640064923397
0.14766678941693698
0.3078669246700501
0.5078132960447052
0.6574800352615651
0.730361024384243
0.748592333654502
0.7285008937871656
0.6771145037475403
0.5819842071504078
0.35307168744300926
0.1430334953614754
0.04359882606544316
0.08192493748036651
0.08137843130341565
0.08253965341791389
0.0742988406075325
0.0836159907701395
0.1750463744459014
0.3576656472929892
0.556846237828437
0.6839814855296112
0.7414564644963966
0.765050746217418
0.7426995748360192
0.653379976527427
0.45517959749462883
0.22947736247193518
0.08186556496529804
0.05167151616102493
0.062252838378434476
0.0696660060280321
0.08419337084744971
0.09536520856019061
0.1637830755974607
0.3105767960501093
0.5075752686387519
0.6637849486551367
0.7485465657563897
0.77708324425926
0.7425553602742656
0.6335969750484417
0.37272238698864313
0.13725424580005818
0.029668999150896342
0.0517868798141091
0.05345916560616237
0.05725114593709608
0.06361945186309882
0.07062281425489896
0.14891210570575625
0.3252843290524383
0.5288551488341516
0.6603481099132197
0.7052582536213403
0.6590775636250044
0.5463292957103728
0.3268482106348676
0.1386655521536999
0.058234999879795545
0.09550449027468154
0.10642485628523381
0.10028296509537364
0.14494039862484803
0.29173578865265776
0.49150785534331615
0.6470280713837855
0.7234422506277258
0.7597360094462802
0.7595960118318299
0.7026772438753452
0.5374599377118483
0.2935181237450275
0.11067720377487537
0.051080954770475966
0.06181001678103046
0.05626299387887294
0.05596110944053676
0.05509168619520159
0.08659968494873195
0.2060065731067077
0.4133967114886662
0.6096211277595219
0.7245016403191855
0.7626450588113929
0.7408762251742351
0.665288136216934
0.5440170835003056
0.31605653849341303
0.1279317300487297
0.049700568776011506
0.08127376135410092
0.08499437394114358
0.08259018785599678
0.11023247629033713
0.23943083241111365
0.45231108844103196
0.6471151780505243
0.7624480856850044
0.8242900854809507
0.8594651809785441
0.8867681603273089
0.9129740620694773
0.9260199479430232
0.9270969243443975
0.8745972729778818
0.7301827127919821
0.4292216787505488
0.16733959309451357
0.03817359064505811
0.05231354871804035
0.04905947852843091
0.06078751127496756
0.12082669057844803
0.2988846993635142
0.5356742452120251
0.7297706119433176
0.8323877887562668
0.8820984477394831
0.9135918732915604
0.9382943502025466
0.9542429255789033
0.952231736103449
0.9099480232168294
0.7922832340711486
0.5740929264293902
0.306657448021479
0.11796874987262942
0.05388188526750482
0.05733768329195448
0.0585343000657252
0.06246422988227058
0.07564206990837677
0.17530625086368434
0.3707806698472201
0.6007007284271998
0.7696441613841363
0.8744702309076368
0.9175796259432819
0.9315017766961194
0.9423579908728252
0.9537796351396512
0.9666522439748709
0.9883066735130183
1.0
0.9727228581153088
0.8987715139519621
0.7656754249365064
0.5574776424246513
0.28965887744320434
0.08791381530836993
0.01838106825071784
0.02715918678032973
0.012855633866452054
0.009394016672036055
0.10716292854079598
0.2905179013160105
0.49682787428340336
0.6601448656240074
0.7821763474918125
0.8600813054352232
0.9182219068597333
0.9592643126289548
0.9754453543203563
0.9785541313125498
0.9755148667768485
0.9425795761737755
0.8387202984201723
0.6764110232129327
0.44705643256413313
0.22777291985152515
0.09862586831883374
0.08256194931374405
0.08893273715254796
0.12326398205185955
0.2504497614133422
0.4569285055839359
0.6464349482291981
0.7690239223865448
0.8293746502960365
0.8593143974830812
0.8781007643776326
0.9028926949062333
0.9235513954393068
0.9368190213898648
0.9344510880330159
0.8836430263338854
0.7586364664269882
0.5115430641377806
0.24387715806450105
0.053884571479791164
0.0045543526825999455
0.0025490814516388443
0.01187285662610878
0.015240508051574692
0.024287664159385228
0.05358022307712243
0.17147260241862067
0.38213825467945184
0.5936740834603517
0.7349381989242024
0.8216248273209784
0.8668398860301374
0.8852168063058468
0.8930987478087506
0.8712138247982545
0.7818693038551553
0.6229783554951475
0.343757868330633
0.1209692071075187
0.03721818852481271
0.0771819879150072
0.08713650632660766
0.09203556607222661
0.0886456625062158
0.1464055485711946
0.31055214057295716
0.520535921872829
0.6859023397065624
0.7865402595699654
0.8378339283747248
0.8580746543260256
0.8725266760069362
0.8782938960505311
0.8001959693969557
0.6142122419366944
0.32780126009150556
0.10000919548012131
0.02593942479607066
0.06843300800158106
0.10409027041946248
0.08878021894329807
0.056681384928137554
0.05570721494548456
0.15266703964402153
0.3395104084573731
0.5354208959619452
0.6870923678318255
0.7758383582238093
0.819323039987492
0.8361050706434638
0.8400792387760222
0.7997658262576396
0.6992530375704455
0.5504636010630143
0.3213286213269263
0.11501178352687963
0.0
0.015872653073152835
0.07446855632655129
0.19355210170606166
0.35086065821933715
0.5118839404601223
0.622581544887765
0.6752824952764322
0.6958767738292588
0.6994035776022243
0.6874822371635152
0.6709095728582362
0.654803374786301
0.6263865332549023
0.5463702937530986
0.3172566541598858
0.0908441820498462
0.036668197855777414
0.12224007037390727
0.15836635493277118
0.12258008333399113
0.061698966153568374
0.019980561257807356
0.06096294593939677
0.22010199799956842
0.4147634285153845
0.5782672672659325
0.6581797488609866
0.6836831320038571
0.6757205713836385
0.649110359871288
0.5974730103296864
0.5085602607591444
0.3951534538552821
0.24462978096119425
0.12544126845997564
0.07157922410695781
0.08383213905915865
0.0940011822908972
0.0936959792171862
0.08479924113630323
0.1315288118306742
0.24568176022690968
0.3812282041701687
0.48510558134621296
0.5588956305936894
0.6070253988806593
0.6381731787240208
0.6325753598541854
0.5665497574828985
0.4367529168866818
0.25371125050367244
0.12711860189502847
0.0767862174178655
0.08647235084995934
0.07592946567204441
0.0821491723414114
0.08891037817073122
0.16229086484055968
0.3082850792481565
0.4743159011609089
0.5916558875696765
0.6643099461013324
0.7001610851115301
0.6998280905894878
0.6421506102127351
0.5325976991825923
0.36944741519628416
0.202685714722266
0.09245650897844662
0.06476045487736237
0.06998730781235359
0.06747609959726532
0.06190292610548325
0.06782172114359654
0.10967622227190227
0.211784401758449
0.339567899499698
0.4488391544739058
0.5142549106334039
0.5526103250367822
0.5773851483925283
0.5881527100662713
0.5841454554802451
0.5346132981165203
0.3988075347221571
0.22105018593987633
0.10827086410158314
0.08788013629819913
0.10342377423222099
0.10919828347167522
0.1080349128971335
0.13242345366818858
0.21050637814912543
0.3273432406458433
0.4340543025396878
0.5195981871097971
0.5744916884836918
0.5570769499215406
0.45663640688203244
0.26554904845116656
0.10909265302540526
0.03566225375451496
0.041016943694815254
0.036053596268127944
0.03551138420625587
0.042923615873058735
0.06462491950418785
0.12353850494804812
0.2366950496779726
0.3652795586439359
0.47764322781636526
0.5525945437243638
0.6052197131288418
0.6284847934126254
0.6351338766841506
0.5722416775082094
0.45131939288353956
0.2529967606444241
0.1159193908332333
0.05839330361178535
0.0788356669702397
0.08362121797098644
0.09374083906948458
0.09700320138820817
0.137005181361705
0.22617410130477714
0.32263676888111387
0.39629095631097855
0.42504998122620463
0.3968231128216487
0.2974029825826061
0.18281261868606632
0.10435633892517122
0.07941638457016616
0.07807502201798981
0.06662280455758593
0.06335400594339723
0.07179116558253296
0.0970712952637691
0.17122934239027
0.28557052183872356
0.4015838322138317
0.4500948187452353
0.4034635349106913
0.25339906429502207
0.12193146575411153
0.06857561590365363
0.07463137547439783
0.06278137378700925
0.05923983871999306
0.06220645175033346
0.06966648240809835
0.0775109390125406
0.12096814459460577
0.22773181566521253
0.36019551910112324
0.4768462666088388
0.539568682459451
0.5289194729558524
0.4431546419317969
0.2699772622127231
0.1200549077163175
0.04587407152759947
0.06443091674284085
0.06329657705773388
0.06393318401795056
0.06469461092367439
0.076093332674941
0.0869640921795123
0.1450967850987289
0.2719592220254143
0.4240048330673509
0.5264101823921505
0.5246803454454837
0.44686489919645545
0.31709625174020234
0.17491306596017828
0.07851360195411963
0.058254278568757895
0.08672412297835463
0.10380885001305257
0.14285576890232107
0.21465234537043432
0.3027750824481442
0.3576891809442971
0.38382897988439585
0.4121843969505643
0.44860882548432324
0.4730655107836559
0.4708177719360596
0.360151019851489
0.19983670572916004
0.08227758735489273
0.06455538795526079
0.05641895858401213
0.05609551121020798
0.06552381446141566
0.07934474958137305
0.08039421862823003
0.1311839600796163
0.25503190037525797
0.4135850034363299
0.5452785287188897
0.6178270565389856
0.5843574267021232
0.4486287781941626
0.24567530035795207
0.09951944396002436
0.041760432152099104
0.06436306436828884
0.06879434125041431
0.08432006595007566
0.1240551340896218
0.2160180399535325
0.3429368485236657
0.45045800580166834
0.5242987668732793
0.5800014440960357
0.6308322911039919
0.6074811569756384
0.4787090152386727
0.26563218361503993
0.10321521106859324
0.04455475566671665
0.0595187456205503
0.07053650668312994
0.07930307069026347
0.08502940322480265
0.14775603237255613
0.28342446063385063
0.4417659720442215
0.557712843153826
0.637441329033117
0.691837275417274
0.6830747462605318
0.6010200781436018
0.4774668711321856
0.3318137305067803
0.19197815536180454
0.09917113791958111
0.07869437913488032
0.0854098188973537
0.10048949904520996
0.14740327804430892
0.2301565179877794
0.3332225248549386
0.4220101992311034
0.49216570801348775
0.5466212669922975
0.5990421005993825
0.5772050812973614
0.47239989384040726
0.2888711811255656
0.1525439216466224
0.07899082630106306
0.07359510961525623
0.06645820162168276
0.06721421003354876
0.07126363271298634
0.077948386073574
0.10807918295672742
0.20069466689054322
0.34697279298386074
0.4836850494636227
0.56189573425233
0.5646959372724585
0.48926575726381943
0.28724923047061174
0.11430568233113492
0.0405844753411638
0.06990768326136602
0.07381461339047476
0.07896620873235025
0.08187839331569388
0.08613253413207791
0.13382677804279078
0.23441435880213402
0.366088931738897
0.4721877415260758
0.5448341639489791
0.5853186117616934
0.5680487767738918
0.48124996002807796
0.28009062858720357
0.1150046585617403
0.044179108582733204
0.06976938684701926
0.07256286527056942
0.07297251696386238
0.0739637352952573
0.09602786189942546
0.1796862946883618
0.31487718207635407
0.46023549157391086
0.565001837270747
0.5997268155908454
0.553265233276534
0.43776492523336624
0.2513332168803382
0.10793738702075124
0.05780479541325616
0.08172398798977006
0.07586423985027224
0.06777269725131466
0.07440308822383462
0.09916876472358181
0.15295962052285597
0.23712901330350872
0.3464942692738007
0.45596553790759664
0.5610171038444691
0.634575472704279
0.6323048125321653
0.5547497006675495
0.3817247615108372
0.19279913301308488
0.07490687006114741
0.06677202530673242
0.0774648386304037
0.07766291604866978
0.0780763747791914
0.08755485559322275
0.11629462390204999
0.21051782028420432
0.3526405637220053
0.49106673605634044
0.561479885763485
0.5619633698826977
0.48058464828212727
0.3243730518067338
0.15548820337056157
0.05963962012743811
0.036796850271401366
0.036563539919715726
0.030107819587696587
0.05778520938706649
0.11823213790799209
0.21850778054303804
0.3397083141201553
0.4529561464150586
0.506335547623458
0.509937712879576
0.5006872616095601
0.4997377744727664
0.4615241903577493
0.2994103333681488
0.11518692252722462
0.021259801069446783
0.030742860148692007
0.03991076212280886
0.04593306400497731
0.04461913716317457
0.036572169408759785
0.032369200697317635
0.058466169357806456
0.15053373779573617
0.30142867906040854
0.4503263754485106
0.5515938719066568
0.5705026290166139
0.50323688375951
0.3875884062776978
0.26418351319651356
0.1505917877945814
0.07137268572858609
0.046091933723664734
0.038307997901635256
0.03350709947715456
0.028729695240231428
0.04748532649202551
0.08342098695876958
0.13510634107140201
0.1834529116808609
0.22273743874294094
0.27100379257950563
0.3365161515996249
0.4045659767666806
0.44971875392773536
0.46990075540308446
0.454151861092744
0.35530606920497804
0.1957975335756019
0.08096400637421781
0.05712029768696788
0.07028003029797664
0.07321059206145039
0.0727172507049124
0.09239136308272836
0.16442913628955738
0.29783923260821477
0.4361305289762833
0.5520494924994187
0.6238780444269266
0.6101892678629578
0.4852500472118608
0.27151764355547964
0.10155718511736349
0.04205694499424075
0.06722128434837724
0.07605565821275252
0.07467202288218855
0.07264507313459445
0.07723443630051066
0.09831831021809244
0.16788997403430828
0.2797177756811562
0.39779729764909794
0.48057106558812807
0.5251605577630444
0.5258144613537771
0.4643048042184023
0.27793015362623735
0.11715747476513955
0.0505833448518203
0.07027967189465038
0.05879248473415316
0.05976982172868816
0.06779494835087367
0.06914174239109092
0.0770204411915539
0.13113458944656706
0.24364600720680263
0.38140551940950596
0.4974985728720157
0.5518932132235209
0.5102938475540444
0.3658709118921722
0.1881929002830138
0.07564429132961856
0.051391458916635276
0.06035863397329608
0.055387283404448075
0.061972339243374905
0.10704008216060674
0.20849724035872397
0.32805563199559196
0.4225381725991662
0.4657325796540721
0.487063101549114
0.5109982157503281
0.5407164376616878
0.5184193207588995
0.3973501274703149
0.21405116644777478
0.08445033042574708
0.04192948397319768
0.04057447724954638
0.03266221805989511
0.03618810640746262
0.04301286994325758
0.05446000751122383
0.09883119893138065
0.21229128941047576
0.350515632284826
0.4627505667959843
0.5312305984927457
0.5725538820984567
0.575371936144501
0.5268271575666018
0.40850340222128534
0.23017007938665462
0.09480311222995763
0.04900328246025627
0.060268204595145015
0.05537318392315157
0.054464742675476754
0.05744899773449536
0.06462815239388246
0.06840975653307306
0.11356914636710104
0.21090121001902437
0.3318856084503441
0.42555408911234976
0.49519686154481973
0.5323448547837281
0.510291053889394
0.43228888964196743
0.3395024917042802
0.2436930423051903
0.16409587932803169
0.12620127654425614
0.14664591732595403
0.18651928080218258
0.23537676978059582
0.28812434181717833
0.29163200010404594
0.20181114097149697
0.08902893722959829
0.04469187714876221
0.05574976537033817
0.06142476636761002
0.05613625288615693
0.05637507921441553
0.0910026929807447
0.17957701370325813
0.2861039554568171
0.3497827870650146
0.3659087180422523
0.3473458510448354
0.27578036045941845
0.16448817466935348
0.08856910003644294
0.06837527311386742
0.07452970003106228
0.0748553778622502
0.07735233838113478
0.09565205270942223
0.15204761251540724
0.22769809446760544
0.29634753814811504
0.3505053252513807
0.3966628839323314
0.4126015732264722
0.30739627108155626
0.15772001087686147
0.06059736784865521
0.05388071084075054
0.04217396680677663
0.03652601691286754
0.0453067443861678
0.055017020330701244
0.06284308104967261
0.11506396576688177
0.21815456993562052
0.3226996197061028
0.39424199717004327
0.445096359141109
0.4760550163970961
0.4586618957766979
0.4160997603878404
0.3496708565568661
0.23514750582793292
0.11897566273724951
0.06353759362900696
0.0689328899767402
0.07320317668412628
0.0959692021432616
0.1640332480605479
0.2732749936697072
0.37617669075599247
0.4281280276190781
0.4162702145437422
0.3847140103449259
0.36787149879116304
0.24822439308924832
0.07795622376114009
0.015083893258169168
0.10446508005229921
0.12915390390326287
0.11726535731833344
0.09005775588060023
0.06995302652759812
0.01496078373377461
0.02499053398287349
0.07609069568924691
0.19179038036454557
0.3233442314623427
0.4286904431754835
0.4743253418196157
0.45946409138823535
0.3500695874592242
0.19227074534146152
0.08062547217640305
0.06316393635767392
0.06291407080253912
0.05506981051079676
0.04953113938888755
0.05638086223669811
0.06715792354101918
0.09044215182831211
0.16225633818402602
0.280400785173739
0.4039421137741477
0.474305744624277
0.4811675967804397
0.4360730827314031
0.3378549110662925
0.1985293176070712
0.09704376606609806
0.07207233550294849
0.08369832219541613
0.07165718279964457
0.06369223047923891
0.08505172210943417
0.15653278525485348
0.2707350372502768
0.39420257710142703
0.4879900168160322
0.5287331370185244
0.4762170356747221
0.2851572483586362
0.09914976123610607
0.027853527865636253
0.045454668206598055
0.042286025743188724
0.031214272653131946
0.02731863696870522
0.02598796761806675
0.08026318300886255
0.18269607957677855
0.3053698026795402
0.3905214708391671
0.453708077218678
0.5016304873710665
0.5358997126020723
0.5048229661917133
0.379996840971326
0.20170485126755403
0.08318378594659853
0.06023918503914547
0.08289004367825135
0.07521380735504431
0.059454484873465885
0.06811879757168852
0.11211773430989967
0.17629831194829856
0.24345022285191253
0.29673323809956953
0.32388959650854593
0.3490664023331025
0.38782717363543195
0.4458079067265753
0.49175639446504954
0.4705366083140241
0.29552066678265687
0.11580029613214661
0.04226205332740748
0.06845129703848915
0.06343705149391855
0.06674769945418707
0.07427348223669947
0.08134258057026865
0.09779290169341938
0.15487174023122952
0.2322754387590636
0.31751006023746464
0.39360061870742774
0.4224452950138779
0.3334728916450204
0.17979519375763015
0.08092228228257545
0.07120178980093544
0.08031191749396813
0.06985765376633654
0.06294447784602811
0.06269105360157534
0.08296515861451763
0.14251627987706175
0.23528571099744214
0.33366955973394946
0.41718463589669136
0.49486838255090054
0.5478553512476555
0.574804868650644
0.5650009074187559
0.5162553018134257
0.4025564832979244
0.2315385262735464
0.10454142355779585
0.06477339826112388
0.08197077521598196
0.08510368950445218
0.08542987946247566
0.0886342848475422
0.1100085338227572
0.16159855737887246
0.21691235723489768
0.2729996592995897
0.32127705775416904
0.3377927507969799
0.24565805713635686
0.13350857047894035
0.07707749247929253
0.08644601607648393
0.08507166597966204
0.0823002186138959
0.07925423107150943
0.07999584491344551
0.09941609870152082
0.14882024835367647
0.22683635811746578
0.3244587305145944
0.4123870141734382
0.4669354848291183
0.4499599555610969
0.36430889989760956
0.21431184759134722
0.11126429762325027
0.07793965648887069
0.09007455504693317
0.08475293046612473
0.08533982075338445
0.08693501742824769
0.08939133931675365
0.11248884533381592
0.1872900487331576
0.29921888178542166
0.4088533337034538
0.4822452591635714
0.5265272617855469
0.5157025684542136
0.4300239386159223
0.2746230221601579
0.14816461507553316
0.0969526293025072
0.1041588099001236
0.10697376918769078
0.10682991304481605
0.10011010349900677
0.09779702431838025
0.10342427644904972
0.13106275386563898
0.17569879820851214
0.22919528977123213
0.28018227952498637
0.32473939577267996
0.2909070111338856
0.18672284655494664
0.09990893459711986
0.09467628683925591
0.09901872245915888
0.09555725962057394
0.09207475651879403
0.09655343199320816
0.08917888064310575
0.08920066045149927
0.12958656545451008
0.2069708824898646
0.2831716185160854
0.33693524261780505
0.3757529336738575
0.4076419703484922
0.3932305801802452
0.29573296080199973
0.16759189746808303
0.09706530614867281
0.08587405886691765
0.07280094765875307
0.06003214182611775
0.049601154350226474
0.04896352764902615
0.05678846139022082
0.08347171391662646
0.13411601489590694
0.22011514309413907
0.31535648080749706
0.36757254836746467
0.3431311936379081
0.26786680047685735
0.16850459241239066
0.11327071340581776
0.08611429781918246
0.08445321470343896
0.07568706582341969
0.08350530355860541
0.09701314060385755
0.11300931968444207
0.11735111926671513
0.1088549674830556
0.1052434211407014
0.1396222238738099
0.23292308376769036
0.3596597527248032
0.4780610729422323
0.526572790268216
0.48604199861305863
0.33632410934858165
0.17240555308784344
0.08389718330620496
0.08286682796982862
0.09907050546806137
0.09353153611848018
0.1015247715343564
0.15305228100680487
0.2637883296447672
0.381293061770527
0.4586435024245583
0.49540317441066845
0.5262621361220499
0.5724507652417496
0.6153416096883592
0.5796518435901132
0.40473978897531826
0.19223841759810587
0.07996692180682505
0.06903655830892222
0.08113402682916379
0.08512514040419489
0.09190054301961476
0.08850454338368917
0.09253509773395867
0.10450034637378398
0.1524486916550714
0.23179563479069745
0.32365401066030614
0.391212681768983
0.43423906903336573
0.43727680033638877
0.40677477132738526
0.36083147022715034
0.31525905977133434
0.25748564963909776
0.1862316207258058
0.12522784520018684
0.08822222489151871
0.07355656475704347
0.07310228533421388
0.0804087775764253
0.08813503845197865
0.08210530034102485
0.08137426428062716
0.10963190422164287
0.1887497717541488
0.3173124729152624
0.4489336632430265
0.5433724213940564
0.5788628577410317
0.548675695947508
0.41309417675689936
0.21723485311908555
0.09200421966523828
0.06375656027930326
0.07569120581893317
0.07142743683406048
0.07710002459611937
0.08863134219324935
0.11222641914328009
0.161626218206116
0.22377588684801308
0.2936222004111609
0.3599246999568356
0.4249210570561707
0.45789664388339135
0.39290228211140543
0.23172954591645295
0.09876830401281678
0.06733560945317354
0.0770320157644399
0.07189675046162175
0.07617112476646559
0.08229533446171473
0.08150575144220519
0.09377219835552952
0.1413829469917295
0.21890818983610766
0.3008391270162465
0.3711697711692709
0.41629209333051215
0.4234885578271606
0.325315412216369
0.1797306400838334
0.07728350180255805
0.07231282146786834
0.07992880742904306
0.07854299016004533
0.07620388078003096
0.08433192686197429
0.08521076587955577
0.08161490556836543
0.08405876389454343
0.12909186798812433
0.2089838129142244
0.3009536303732326
0.36564100338024774
0.38472865890805114
0.3249117935716955
0.1923407797212075
0.09428229037795052
0.07213217190433452
0.09638356686041744
0.09419442475697465
0.09144101285310428
0.08350258693520533
0.08816559432257658
0.10316599059678738
0.16062984671619135
0.24511045002733708
0.3364440738456959
0.40626446138776606
0.4525123706316678
0.46311825767606224
0.3791110620957954
0.22302599285565922
0.09831880647964981
0.06492762820101444
0.06872855304437912
0.06941083582636201
0.07397975348764203
0.0718467820779778
0.06930377280953452
0.07723191024942529
0.10533526800758607
0.17354959612609144
0.2787957657552291
0.3799793281370497
0.4274098748159854
0.41886478981501185
0.3636833044863015
0.2861913967139631
0.1989020139455219
0.12921778920349847
0.0763667613826255
0.06853486232436418
0.07993880411274595
0.0961136567883961
0.09298787422815272
0.09532837456365711
0.09933912230604418
0.12313557293225717
0.19567478131592747
0.30748469755139357
0.4057395053392643
0.468770164825588
0.5104127976558571
0.529369453193251
0.5048931318837153
0.4305796412870581
0.27054292603630997
0.12480068009082046
0.0670981118942606
0.07245200742302685
0.049675878125864485
0.033747341159399424
0.05259893900599988
0.08312798106203886
0.12718411852268768
0.1927756736943925
0.2684953346126534
0.32942172646150614
0.3573102978589157
0.3421337643547063
0.25243576340465124
0.14622019305307646
0.08414025269555393
0.08573786797093039
0.0921858567974838
0.0945683035867633
0.09283504652800803
0.09023380749851566
0.09602119836475424
0.1295222343439914
0.20360650706500827
0.29656248897391674
0.38377406922091345
0.4175761815945317
0.3529254722145247
0.20352834688557553
0.0825035594770467
0.05278127524120962
0.0738708605450529
0.08025589319141808
0.07369645344172455
0.06263407602056964
0.072963696793703
0.10622318924032839
0.1734694094623676
0.23801769902612713
0.29196803616052147
0.3244545499074677
0.34117113101401386
0.3325930245311275
0.24922128245362868
0.1392671860800312
0.06483546662830553
0.0627766524457532
0.059302580538399395
0.05076923567018421
0.04407054315920106
0.0451016631984429
0.04287099390383856
0.04712705927800401
0.06154113129181272
0.10381451706260318
0.18012291125311153
0.2820102632912091
0.36543225867268
0.39783217911036367
0.3595726013364971
0.22619508827334905
0.10483067455933115
0.054239015662856854
0.07584240542436765
0.07142793395561974
0.05640522420711862
0.0500030324619378
0.05158611283042364
0.06319617951800441
0.1104103957496614
0.19265439299225415
0.28007824895449795
0.33840187002605165
0.389066140394334
0.43394043937582427
0.4763050516259367
0.4695097894954774
0.39149243497466296
0.22966081449939996
0.10240459106365489
0.05393234687525409
0.07356143245964739
0.07511378181142554
0.07574528550217365
0.06936370341011579
0.06603878147579124
0.07980342533176914
0.12329552675268805
0.1897996463051166
0.2590500466278256
0.3177159636149898
0.3312380484041887
0.23811862378765353
0.12148025190836528
0.06382057130258116
0.08072721254168039
0.08134687727315415
0.08063725725196416
0.07458144328222474
0.06978824937488684
0.06415120804516657
0.07128224982557613
0.12138439325004266
0.22540102941965723
0.353062796906203
0.4493994901436444
0.5185118554460093
0.5505593832744717
0.5267048910302872
0.3843822961742967
0.1985111683490063
0.07500089045516242
0.05679785539298624
0.07318333591516572
0.07097520293791426
0.06358897746146534
0.0564934668892492
0.05766455485848099
0.06529940654684963
0.11559512535709048
0.2008113951092868
0.29490739672170874
0.36363094103196164
0.3962101713592081
0.3856509695906747
0.343214709629516
0.23178238901969803
0.11400251160845463
0.04512095329252487
0.04074141464644404
0.031082976578272196
0.02468288201182688
0.02141942014830455
0.022701079287983147
0.028989244002145836
0.03208277008982539
0.06177280481287847
0.13442100044667468
0.24181621749090143
0.3415604587941292
0.4104359446575333
0.4332045039904876
0.3631605163742193
0.21816351637463377
0.09526896797609849
0.06773341213980544
0.0802953707054612
0.08456443761238988
0.08123390451625623
0.07519249971759998
0.06778148538075518
0.07030313715088372
0.11460047313086276
0.21595109198354204
0.3523038860956979
0.4519647061561326
0.5079521442779223
0.512854436486668
0.4615488160451616
0.3264773195790116
0.17060513262352484
0.07391153496844688
0.061364255602408095
0.07167907416123812
0.07647283862338052
0.07604676746156838
0.07494248051295344
0.0681838213168999
0.07355628656998633
0.11883736897911132
0.21118791842245427
0.33307860567318803
0.43075887634784876
0.4796429146029582
0.4572431415088901
0.36229524050191864
0.22357560114129946
0.12923845085328853
0.10193092256894723
0.09907266701255452
0.0828821162580576
0.06605893428400085
0.06823918539007053
0.07428949437093008
0.07372107940973542
0.07140383780283788
0.1109202451858981
0.1861999191159985
0.28367270713157194
0.3816137645564591
0.45226967777296967
0.4694516304379668
0.39740305636554035
0.23819640288086358
0.10663633993765702
0.06618071823094367
0.08532618986269562
0.09073529360767908
0.09421027191395362
0.08108611762248606
0.06918128848133537
0.0815600313034643
0.14264870899460835
0.2505261381696979
0.37145423868279576
0.46862284141254923
0.5148613614674488
0.5035253788306471
0.43530802783209205
0.34938949616031983
0.2606768851409865
0.1791925852500442
0.11792993988571925
0.09837902864268754
0.09223982112133873
0.07606451912486943
0.053992538883773006
0.03546323822967204
0.018144225891883095
0.020491633269610066
0.06407373194605344
0.1644923569836674
0.31866130146173977
0.4541092690119064
0.46215866947060724
0.35407496748434963
0.22816875084740162
0.1535208677887133
0.11559686654070539
0.11396408943902704
0.13442365196002834
0.16836744877712873
0.1609567383050596
0.120592926406089
0.07853788379317657
0.06827118450472972
0.06465355481883074
0.06024665695688708
0.061573413259870466
0.07185981405905932
0.11918322898540767
0.20942696867427582
0.32796100177143966
0.4313839637498403
0.49619405345411305
0.5388457207973776
0.577853854234954
0.5755372529056348
0.47890311085550713
0.3011863328616271
0.14535295033869386
0.07524648407963141
0.07183441376829464
0.0842909259116451
0.08938853776630568
0.094091588806643
0.09855419054436061
0.12446036560375177
0.16992810709499742
0.23122174322901765
0.2939585497911023
0.3613194097601076
0.42774414593635346
0.49252833533237816
0.49005629648751364
0.4055067604877273
0.2789985949738742
0.1706576678609095
0.10344186418969643
0.06984184649367876
0.07672409332062845
0.07800767380821788
0.07538355690436574
0.07668793671815842
0.1142193694541226
0.1747276062651082
0.24397578280931556
0.33181955394161183
0.41757432030159713
0.45587862798644263
0.3878834993045368
0.23818249667035643
0.11909729206980259
0.08076556039388158
0.0867178209316446
0.08235552254349109
0.08017017036836686
0.07807906043762239
0.0808650031472093
0.1051068952946171
0.17148347224006438
0.28588434021746656
0.40520663023756126
0.504832529263355
0.5550620712285738
0.5243357105812728
0.4026506615845047
0.22585061455956695
0.10116197049211331
0.06845335478834741
0.0928060684102954
0.0928444122239632
0.08939765880072098
0.08385842489912824
0.07967919950433801
0.11190622567267043
0.21099239371735234
0.3520917571770007
0.4785293861531904
0.5800376168767729
0.6246819453701701
0.5715455688589343
0.4045222103696769
0.19849570625933896
0.06775787962124204
0.029826484127061233
0.043021015194019296
0.03921388874557416
0.024998785118998487
0.042962019067468785
0.10651218165240468
0.1918611970412125
0.27664963031762285
0.36874780477519187
0.451526116492146
0.5152685816968158
0.5631666304392575
0.5712222031340564
0.5278776815533646
0.4127987399609718
0.2420491968448754
0.10735901936877217
0.056666372759427194
0.0679220377144243
0.07004800894229382
0.07949594005080618
0.08044799495496062
0.06890695566374551
0.06148504867701197
0.11931516492548527
0.24801295166265203
0.39674913175001975
0.5133449484612553
0.5983726751684314
0.6135608621393797
0.546567580332728
0.4013201459470683
0.21194217389744552
0.08467579616366303
0.05058799358910384
0.06583752132339338
0.06297296230459475
0.08327756734799961
0.13555648754862215
0.20128835237755377
0.2551432972626661
0.28445201551915067
0.3033619915493005
0.3417688896869696
0.39693447202267174
0.4659926402344134
0.5315046724482403
0.5694222933155701
0.5439652472636297
0.43853483403972604
0.2683425561313615
0.1255986871791353
0.06941339956214972
0.07699988296349893
0.08779885427126347
0.09286066341277883
0.08655098244421985
0.061810390456213324
0.06285456980908484
0.13105164376764178
0.25480406206261313
0.375938493898157
0.4649693424100668
0.5232974431698514
0.5518916976266992
0.5283434893822094
0.4110416588336633
0.2270088605748928
0.09160514421518867
0.058646770801763906
0.0632166280716405
0.0655300181093147
0.06520880566640982
0.07433761276838757
0.06381658092015535
0.086999561486612
0.1521885813262612
0.26048852156220065
0.3482305255006509
0.41835747119577477
0.4795847478482401
0.5203434087667762
0.49064479337439953
0.3673298546468555
0.19016803016969136
0.07152848547491465
0.05138907647845549
0.07725779050904517
0.08450909576035545
0.0797221818967695
0.07513280895186647
0.0732168109028082
0.07608652423659144
0.08866168838656358
0.1225020991351951
0.18624485036891264
0.2735725395682494
0.36667044239541036
0.43021926027833396
0.4213024004383039
0.3329203552108359
0.2058236920703766
0.1069165599955627
0.05942483996562657
0.04379451921949742
0.035813132798413486
0.02628059847181788
0.0160819732955337
0.01856184597482305
0.03995016088684275
0.07176680992169866
0.11177369466722263
0.16677524065231583
0.23192639107336077
0.29461454555991984
0.3248724512511476
0.27137836153958084
0.1642406928647645
0.09056393991069757
0.07050216300212725
0.06519414568582456
0.06084103290801296
0.06382115169173182
0.06265578987993237
0.06405534361857038
0.09707357241983557
0.1703892448825441
0.2694117815430412
0.3379326154677808
0.30272643427047874
0.1778119322006613
0.0801809786416953
0.0625144622679997
0.06671062258278503
0.05798801191039791
0.05264555203094715
0.05493986068213399
0.0598341052316984
0.07548990398700926
0.09630129639451813
0.15270985544860602
0.23500636585018994
0.32371008305181775
0.3842762369836685
0.37863672684037597
0.258099128634371
0.12597628985438913
0.06013632935859071
0.06165522824051152
0.05647433156788367
0.056308439188919285
0.058527930428954524
0.058053768537544584
0.060426897242604784
0.0732238709535274
0.13125284346822505
0.2299762430792424
0.34498473011004777
0.4245694391478419
0.46887853967299503
0.48625944007617844
0.44322784934141174
0.32393459784604445
0.1771629167023993
0.09272094299383168
0.07351314427159827
0.07550985745666842
0.07243221695985307
0.06640685324575527
0.06537872916993866
0.06556291279867997
0.07363738831102815
0.10319966236257498
0.16441552488603983
0.2560129908476038
0.36692681195341786
0.45622390606494273
0.48242143264428755
0.4176151766983107
0.289345618444233
0.16684004849431824
0.09583693319383757
0.07085555141381225
0.06300200210825156
0.07452172409930866
0.07959608639426284
0.0904953045231117
0.14229402746431874
0.2290057343775851
0.3077640103044251
0.3442336325229587
0.33872608472814464
0.24036443661022422
0.13283252949133273
0.07467656261197468
0.0889680535845084
0.09527794110479208
0.09464396343191993
0.08877168940537006
0.0833065337836242
0.083044019278556
0.09878811744318002
0.14801834126126676
0.23504322734030544
0.32575965339364876
0.38001348514122746
0.389246336603043
0.3484333206028685
0.2821709137918203
0.21078933451683352
0.15471686728857784
0.11335851272203958
0.10335858502349632
0.11074107739720268
0.1334903383759819
0.16174272906902265
0.15733516996866337
0.10584535446055734
0.0613984571096325
0.062127615665758876
0.07674159045677567
0.08259763140052495
0.11007419984591964
0.18874790766682523
0.3165725389142871
0.4311123037721368
0.4665631518307214
0.37341427814279654
0.20988648822026928
0.10095511349990598
0.07961056799675566
0.08767485506496212
0.08143367205575847
0.07721198446334536
0.09016404364838233
0.14252043176848403
0.2213058989322404
0.31309561312088285
0.3908126875609548
0.4344717428008843
0.39162054162143584
0.29545904549514157
0.18722856069632618
0.1235530903647713
0.09432850365273586
0.09169896017639682
