0.8677685950413224
0.216783216783217
0.6363636363636369
0.6363636363636369
0.6643356643356639
0.8677685950413228
0.35353535353535354
0.3846153846153853
0.5602536997885836
0.49407114624506066
1.0
0.4738878143133446
0.9530791788856331
0.454545454545454
0.8677685950413251
0.9090909090909094
0.8677685950413209
0.16883116883116947
0.4738878143133467
1.0
0.4359925788497202
0.49407114624506066
0.08417508417508396
0.7575757575757621
0.22727272727272776
0.8288770053475942
0.09781357882623755
0.909090909090905
0.4181818181818197
0.43599257884972215
0.6363636363636346
0.8677685950413209
0.9530791788856331
0.8288770053475942
0.7922077922077949
0.0
0.2066115702479334
