0.3383372607860111
0.37259628881322177
0.3965160176134543
0.41490886821715495
0.4334448870948653
0.45758108393343383
0.47805084240846246
0.49961979072727947
0.5261577028803606
0.5619530250828255
0.5949098592605454
0.6276743407635765
0.6535696842403048
0.6797262274787886
0.7030548840039473
0.7262363849195442
0.7476268521553276
0.7682880247015069
0.7854814157251029
0.7938930592403128
0.80028389432486
0.8031288616244444
0.8096364191860996
0.8140504724428033
0.8179105288452799
0.8219625306497882
0.8286113120962347
0.8359787781669594
0.838474093936043
0.8421170403575923
0.8453977481130367
0.8561419860667123
0.8608629094150991
0.8630492931713604
0.866114994519098
0.8775485393402292
0.8842739580079675
0.8908651807738397
0.8966327193911506
0.9041847280527263
0.9060209186857133
0.9128311515298577
0.9149621683339816
0.9241507465988533
0.9271684140615992
0.9376068631875346
0.9389735636302232
0.9474067213526867
0.9484266220552545
0.9525553588133546
0.9488698756819344
0.9446660932040684
0.9426700338169719
0.9408845012353065
0.9438648961729673
0.9474823504136659
0.9499513790220823
0.9502582580648388
0.9437391386830811
0.9468724970342605
0.9450834527512326
0.9514792133259938
0.9510531448284617
0.9614106938121022
0.9718274816797677
0.9880566056623001
1.0
0.9979272716881515
0.9918164411950899
0.9605773652016211
0.8790518280471992
0.6588225786103491
0.3602567364247569
0.12753231297580334
0.051627971299593144
0.04502192078553755
0.04457472359067244
0.050590903609039985
0.05210951353451031
0.04896225770492659
0.05046226680487442
0.06022257283727479
0.07932268543784003
0.23587222299106775
0.48727676223448724
0.7403877849271223
0.8526904694543544
0.8963963176304248
0.9034929598150194
0.9164487109479769
0.9161755899321561
0.9096519965115771
0.8965566355971527
0.8678702118390558
0.8279370190230002
0.7999571858237955
0.7733487619130257
0.7188534704018068
0.6342496466116042
0.4140745524541871
0.17838822860099623
0.033721952567292934
0.03982373630456335
0.04609258873308998
0.04688033738380924
0.05976792749980087
0.10537409604374393
0.18143897076441617
0.2545353923371158
0.33036876404919957
0.4105419023998111
0.4915680663466954
0.5560486594602572
0.6137477531434484
0.6622904126639714
0.7036352953566416
0.736482851836812
0.7617690507100201
0.7820520717684077
0.7927678586364518
0.7894568792545531
0.7655085987698433
0.7245300461643059
0.6668397476295349
0.5910975898247175
0.4836227463454971
0.351277573372708
0.2113048677103209
0.10162434726231537
0.04813115824947211
0.046064478701171085
0.051907995888884235
0.053164861579197226
0.04854583491863856
0.0466756248915939
0.04205635373075678
0.04846824087876536
0.04343713870917035
0.06755038822775111
0.151252233934855
0.2977660153629558
0.4454841251376617
0.5754162805755056
0.6665872462391874
0.7371219659310351
0.7882664727413122
0.8325846441304796
0.871105389448305
0.9024229814395239
0.9137411155187333
0.9079160667069994
0.9033305334855324
0.8883792836925735
0.8547952732940929
0.8138203640410365
0.7910648596674918
0.7782902358725885
0.7432182688638324
0.6517914439768266
0.37693390489159806
0.1250199734526074
0.02392210832516831
0.07186808346536194
0.06748849780471253
0.06581772014282043
0.06535867470686894
0.054018108573354484
0.050004366751819795
0.04525461140308827
0.0473069773174611
0.09905726182079333
0.23160374261291392
0.4045154545253008
0.53776295300883
0.6203653224266397
0.665621550017894
0.7085166040254856
0.7390801645485677
0.7689657052801432
0.7916394901034954
0.812508628741788
0.8303934167745373
0.8397554414312991
0.8430211762060054
0.8255673269512147
0.771219055986985
0.6751643485125916
0.5572488035081227
0.4741071974171141
0.4122308266265638
0.30130663628720317
0.14462906693781868
0.04947827418000615
0.027935072925251964
0.02334012282230566
0.014594461279861144
0.019179172025389477
0.022828301368264026
0.02668093322841612
0.03493455646788088
0.09062940686936606
0.1924258080330348
0.32541289140640894
0.44371787716842115
0.5508531704239465
0.6295737305947137
0.6850460738849348
0.7196986982121899
0.7416599266718434
0.755548694789752
0.767447745029028
0.7769694799124233
0.7841977113225054
0.7851307065579828
0.7856253371879712
0.7803698637684883
0.7670582732492879
0.7357551691409713
0.6709461645895558
0.5303504715132884
0.3116059477718091
0.1145831717230755
0.037661098869622704
0.05380444086633341
0.0732365584363314
0.06750037257527339
0.06116324631116941
0.051735992239777796
0.05160378124493003
0.04681502393901596
0.036232580030015483
0.02327802650899508
0.0459692581107305
0.1297166952529538
0.2826308960527068
0.4554915216050322
0.5881446379456728
0.6623905902807918
0.7081668991454582
0.7400639525306507
0.7665400653075566
0.7894641358946941
0.8098581097159326
0.8288115484969644
0.842132652895575
0.847310401318244
0.8373033025628188
0.8159765335893143
0.7851588395220332
0.7554390886441463
0.7149564828884413
0.6416511936494814
0.3864942019511972
0.13018058489414042
0.0
0.0370271572341494
0.03759543310189275
0.03958801043719216
0.04197024220712658
0.04542443769377454
0.045080319782036526
0.040795493920535775
0.05559932838732465
0.11416266929568461
0.2262113599484747
0.3568275607568599
0.46218305796070513
0.5345356819352144
0.5919925597484542
0.6467199621658309
0.690486027398476
0.7308537901172465
0.7569662000139502
0.7671340994139852
0.7529692674489525
0.7388304478188702
0.7307163416192528
0.7303452415881309
0.7354336810357367
0.7403843253370986
0.7175394317013217
0.6394111783712082
0.3801953431287096
0.1383832960441113
0.015366031182129649
0.04995282900270099
0.050795453905176445
0.06646945963326137
0.06967859628323234
0.07190562845067205
0.07811483623598173
0.0776099993920396
0.05778128602481873
0.05871896824802075
0.1253487342210962
0.26365708470422705
0.4158881118418801
0.5369512019749225
0.6321673251644362
0.7186283870743432
0.7902926847662218
0.8357639093121834
0.8595959399694837
0.8657396055927193
0.8645586909509252
0.8701956820548136
0.8803206766286997
0.8848729368649366
0.8765927665797395
0.833098909796872
0.7511660206598716
0.6425826533838865
0.5468999785993925
0.48461133659592204
0.4572794664418065
0.35798522023253104
0.19780296549138057
0.06454400496340601
0.026717161901807104
0.02182400272810304
0.02125593495369715
0.022985274939957803
0.023121090124901312
0.035349261065495956
0.05488034328673012
0.09185198657419022
0.193150827644
0.35205334713406883
0.49400173654166485
0.5729878924777567
0.6261692174543539
0.676898634565852
0.730139227289801
0.7835090731744603
0.8297465521366946
0.8616441815044
0.8865009873078821
0.8986715343028786
0.8950500963607209
0.8774591935683554
0.8500745988912828
0.8195939966855935
0.7831493687024822
0.7499638855871157
0.7130806030513034
0.6598286408612845
0.4087737561873581
0.14579611583286398
0.004068650730964649
0.035315833865559434
0.027968717662587832
0.028059536604180445
0.034523565391240706
0.03955449806132186
0.04810034911709939
0.040838615100983064
0.04859308480729708
0.11823242901661575
0.26799971176150766
0.42068110145354587
0.5272708569189577
0.5973384406613336
0.6769261854313008
0.7546916565205437
0.8152918283749336
0.8458898929932769
0.8614942631669155
0.8672421464922717
0.8735799460725217
0.8782279662431922
0.8804592356577945
0.8707568674343332
0.8444851340564608
0.7927584589244666
0.7014750500206369
0.5783636385604609
0.4564945303981397
0.3808552740554561
0.3215036546595299
0.20518590850918295
0.08886002680131723
0.032638045983278206
0.0430401340836919
0.04860717508312704
0.0499225209719505
0.042186514265669536
0.039044185616289986
0.051293979564418925
0.10792135265281234
0.25030675621402254
0.42605846826563126
0.5600020587569267
0.657342155805678
0.7414568138675451
0.8017173378277236
0.8327399256347823
0.8611073400222565
0.8731976999832054
0.8736510456186067
0.8638356856083633
0.8576490949143701
0.8539224176147332
0.8520408637929162
0.8444181881821364
0.8135211796134152
0.7119266261474174
0.5228268940639317
0.3147495917816959
0.16602925425251347
0.08560372689962055
0.05084828253676656
0.044281658202660446
0.048363066205463115
0.04988089996398819
0.05090639842862311
0.04833121750200797
0.03986032235194931
0.05024982321872335
0.10064541595243041
0.22009582644529563
0.3639724997086886
0.4766999768250366
0.5437901549470991
0.6124247175453028
0.687847549940537
0.7496078814731644
0.7977509432798893
0.8336205781019396
0.8526490105560122
0.8482832475479846
0.8365554050750504
0.8293480433059771
0.8274373379797783
0.8257830037125916
0.817569627080064
0.7951031775929837
0.7415863544473122
0.6320577790415602
0.4607972679689709
0.25737091871819173
0.11289657759778544
0.05620678693848751
0.0576568613913415
0.05405647165667273
0.05272573293303556
0.05273958014447878
0.05051167536589046
0.04125259364896092
0.036313218379673426
0.06794349130383244
0.1815042695206707
0.3469962788307676
0.48828343986282835
0.5748322294828127
0.6420354860439094
0.6948519619121454
0.7294267155778478
0.7492114229563066
0.7581162316598227
0.7590173932287901
0.7556132651565531
0.7547713684720561
0.750719231883532
0.7390359440212905
0.706404993034694
0.638023136864181
0.528370125501169
0.37045609085947506
0.2004277066453663
0.07825290258933887
0.036779035392215824
0.03998646626132454
0.04506535347238954
0.045077609579535376
0.045475111106433444
0.047835062826582696
0.04140956775535338
0.05347148914053306
0.14435996209530694
0.29822203918819074
0.41929353124474894
0.47208045288772704
0.49899940735094517
0.538800641690884
0.5860840368191341
0.6413939573282929
0.6899320652549753
0.7299483746262577
0.7591300919782642
0.7774167892493288
0.7866646043719698
0.793247323151874
0.7983330080385627
0.7934984752009263
0.772267512315465
0.7336426157702488
0.6688467622217946
0.5889992101996342
0.4937004900373419
0.3727666705538102
0.23794177868348734
0.11743734415280063
0.05719684401311141
0.03445938746966483
0.04171356059228759
0.03868046169388474
0.03780327574660198
0.030624161102308336
0.027698655296548733
0.030554832798771536
0.0662996684349424
0.1565776730262676
0.2930571598798961
0.40548947175743766
0.46562904624870455
0.5009034047391526
0.5516558473676344
0.6136898250759093
0.6723529324505781
0.7182518406506027
0.745819822112189
0.7610639912975857
0.7650381920345701
0.7701891515925042
0.7770231207588113
0.7814907195803475
0.7712726474060492
0.7503363358093103
0.7122471114988691
0.657372282072531
0.5865381246112544
0.4819678233066125
0.32116021858238797
0.1484800269010151
0.04923629741168511
0.033986308614410946
0.04836307467444284
0.05016183048883552
0.0460366658928361
0.0397482031972453
0.03774920990061944
0.04678355129541577
0.08806416229642619
0.15772831758867567
0.2410449281184102
0.3142430541621954
0.37505924972650073
0.4278122551821694
0.4960305557209153
0.577655143981812
0.6632054962226523
0.7274648540626028
0.7679751554003226
0.791212061198878
0.8086170124071294
0.8163395252846446
0.8108776368415982
0.7797362454840867
0.7150458243964996
0.6230412285565493
0.5303992302177597
0.45320641783499455
0.39845748006185805
0.3234547287521874
0.19795405684098116
0.08415304010479567
0.04168349740165097
0.055670052490961915
0.0610702748759518
0.057666492837217365
0.04958548223862029
0.04575033719729965
0.04414227955244118
0.04620014117450981
0.06909250324991932
0.16370487853813454
0.3162625771167121
0.44498744009139823
0.500165257008346
0.5270168410595973
0.560077473185463
0.5932004525519299
0.6275822181913961
0.6635920577896491
0.6905683389502238
0.7062631565224446
0.7190577742695791
0.7221951224916897
0.7040388968306701
0.6435354939204352
0.518914604967149
0.3428150356837172
0.18420706934207717
0.08715721571845217
0.05279862010017948
0.05167712671678745
0.0565514082336925
0.055982362859766197
0.05764890671236567
0.05954689867393297
0.05178129866779866
0.04342760036273266
0.04694773522861164
0.04926618986365382
0.04933202285326329
0.0599437747884047
0.1059734444039098
0.2039636917905483
0.33718592043651757
0.44656414391171523
0.5200600993273027
0.5810297603280591
0.6485683204508146
0.7045541383160682
0.7468163547312948
0.777714308586463
0.7934553646071159
0.7867111716129047
0.7463653552518953
0.6786577027562697
0.5913286465214892
0.4866668203583449
0.37162053441148857
0.27515893751930887
0.2053407423717593
0.1260335713719849
0.06576745151077688
0.0459177639079683
0.05759398842672352
0.056226423052987515
0.060586490748419375
0.05304647858016988
0.045977754779178454
0.08402450561082947
0.19359305936654167
0.31501713582168084
0.39311632739529584
0.42641941972011804
0.45963584058141127
0.5180025530518535
0.589107847624042
0.6542015243461042
0.7101688856403565
0.7542906296713049
0.7854526241252034
0.8001910336188174
0.8110259763523473
0.817821024882182
0.821970059698383
0.8130213077936923
0.7756275375891207
0.70687225557937
0.6119397784078374
0.5143720653148601
0.41906082552124474
0.3140277772173817
0.20660664623448693
0.10452237252984145
0.05095838414284853
0.03338403555993764
0.040449545226436616
0.039349517327752534
0.04386909090662627
0.0434447748065953
0.048433240245701975
0.04376683096476034
0.03868721815429283
0.07820567690633594
0.20449694154623788
0.34596961459057685
0.43234032213376483
0.46140075257533797
0.4784457170961911
0.4906428044087187
0.5090169322731365
0.5357720687251754
0.5694996707626974
0.6005611252044346
0.6234530037576762
0.6363255159520335
0.6436392507062518
0.6470992112153164
0.6480956089290077
0.6500555640635094
0.6448742731413198
0.6076424538717907
0.5362386066414948
0.43922445802292326
0.33423128632336085
0.24914547514551802
0.21111733880051853
0.200905716677284
0.1756468558450716
0.11550182561679602
0.060722189500408454
0.03701827950880483
0.040509123364605555
0.03732871273054114
0.033402329499130246
0.03080828203094295
0.04472881866328366
0.08776095774020007
0.18084629826091866
0.30529934127148384
0.4044665100437823
0.4530296091150239
0.477522288818857
0.5167676249563762
0.5614752996808491
0.6083058364369636
0.6516969738433229
0.6942848996337534
0.7260040072185914
0.7410590589766529
0.7388762784487759
0.7179016713597718
0.6673888873326138
0.5597449340537298
0.3842153187551297
0.23296369146627904
0.17137507820705392
0.16303857008740572
0.12071797441909865
0.06942552706217937
0.04559272864867454
0.050036338716115444
0.05793762516584139
0.06659297986360085
0.06263862198852482
0.05624238313002623
0.049032082328083565
0.04550343477774512
0.04047061455600381
0.07218501448249415
0.15123288828108136
0.26788271957301524
0.3617636289349449
0.4125030849821882
0.43324614936836514
0.4573569789333591
0.48116541344395414
0.5083455734187449
0.5451570328932123
0.5936455761426076
0.633544512920371
0.6553287716203617
0.6526555639329951
0.6453860274936697
0.6252618207132858
0.5949575717794982
0.5571376553440809
0.5206621094679775
0.4844913538447601
0.4106087354368345
0.24888041765672292
0.09440761019571779
0.033849133320410445
0.04869595035903771
0.05116048760102664
0.05194440288130538
0.04975748293365493
0.056699055525952134
0.0793571146768749
0.1074999584234698
0.1457919541457439
0.21413101609804466
0.30898572284111603
0.383623486100284
0.42833337554099354
0.4558775278634148
0.4851068422295662
0.5126378391261128
0.5419734708391452
0.5693174976890465
0.585386014284965
0.5931557135249532
0.6025430797614214
0.6149557133195922
0.6253439743433564
0.6319089946023794
0.628127383796273
0.6045044633465507
0.5519482359315453
0.4904741165485206
0.42479273141920915
0.3597697573407512
0.29794767527037685
0.2422164929291045
0.1741079829199735
0.09967805907195673
0.06004947168359893
0.05621432005342528
0.06849373356794557
0.07171799561921545
0.06625657730369641
0.055905140331650775
0.0529605014800054
0.04984113934458159
0.051608378067209526
0.11484689356262597
0.25083048319154777
0.3975720301038668
0.48585838568501116
0.5243467567842066
0.5439440075756145
0.5660731053882502
0.5913729121249438
0.615270230235574
0.6289302825607674
0.6301737920781879
0.6185316647869055
0.5952017242276134
0.5576335439558163
0.5030373523762263
0.4488725943822565
0.3741673443221793
0.2805675076347997
0.1791267959614764
0.12365216546149206
0.08880290459901108
0.07023486760334684
0.05420865823190158
0.05010417544734835
0.05038281567922624
0.055637293939849244
0.051595200499707186
0.0379859224874056
0.052902348791940564
0.11810965634508835
0.22136031931754113
0.31755548656020677
0.3724623459414442
0.3895526926843732
0.39472131249340753
0.41003965609266624
0.4370155706391288
0.47676823157665954
0.5190240890708954
0.5562865374252893
0.5823215098313946
0.6003290067568389
0.6130793702833585
0.619311555497668
0.6192324172840152
0.6152430600180226
0.6067051155646733
0.5869389987531083
0.5507973765863292
0.4990085949709243
0.44670810887245344
0.4076131972037804
0.34524520034026485
0.24479705280341837
0.1291050031701617
0.0647250701467269
0.04001713622689921
0.042057310938426976
0.04041761214298959
0.05323194502398744
0.09258689650934575
0.16262123492344377
0.23321691058946814
0.28727493375623325
0.32156703867860104
0.3510462268195415
0.3724512580978068
0.3956760890343002
0.41931181796154976
0.44114400088458783
0.4504385297950976
0.4519065834036747
0.45460492729805113
0.46088864096883264
0.4761698985039106
0.4941440073638135
0.5024519163689108
0.5032316659733377
0.5031694499333139
0.5015164119286781
0.49878695234357784
0.49513830523921276
0.48219866674598616
0.45517323588484504
0.40003091499378113
0.3258264936074528
0.262441349597781
0.2451512242618493
0.23937753595487235
0.21597208180251534
0.1657866926480882
0.10583644865185682
0.06215111404665977
0.046388644149585795
0.04948346497045909
0.04955192546130927
0.05668994111781811
0.07233734589975951
0.10160425440454796
0.12218110447883826
0.12601531990221815
0.11692848245745155
0.12950650764761965
0.17128712288191936
0.241330210408909
0.3191580840123083
0.38272023978962744
0.42141832361820475
0.43976836831651556
0.4768358948165113
0.5293365375600007
0.5804389982921508
0.6121766587467773
0.6459589590306156
0.6794659069387982
0.7029930712548879
0.7115192623912291
0.6973393875462068
0.6303500654178605
0.5027462740147987
0.3207077454644484
0.16419159469329567
0.09265825603721578
0.0971442006900849
0.11136499665446667
0.1099899169602165
0.09177147802844024
0.06875353793842588
0.05625074717306086
0.05550138196324586
0.05320759737469702
0.05359087176405491
0.05444307547744659
0.06856126396266331
0.12604492188269076
0.22905362690881478
0.33599993920253335
0.4078570279534153
0.4461180429242192
0.4705940698422495
0.5039447531796668
0.5426569363541656
0.5735010136170035
0.5961289194304354
0.6195848212068529
0.6522477221356451
0.6877567760755088
0.7185625504567533
0.73166011223835
0.7289545981650937
0.7065592495385045
0.6554987618619514
0.5754377928704999
0.48402677070689576
0.40087542298308765
0.34582234331928496
0.3237442031249184
0.30303759076427966
0.24210616543541585
0.14143345866465806
0.0675547827252917
0.0497676171713074
0.05775264698540289
0.05977128685099569
0.056973912132978
0.06249025244355657
0.07352848353234845
0.1013035552972578
0.1529174340174228
0.2238393049128781
0.29156890690775655
0.33610659533312737
0.36101794070105475
0.3876483344559996
0.4194184790695022
0.45461294989997403
0.48954522623631924
0.5295987193010302
0.5704431045345358
0.6078218434587637
0.6341471395397299
0.6433109616770952
0.6360325910793759
0.6057546636024307
0.5415261385344095
0.452011862197702
0.3472149225299091
0.2605855892789303
0.21943017652979116
0.21943070457226752
0.1925666505381144
0.1271426426688145
0.07229413624371565
0.06120558797476907
0.0643704754092524
0.06374575391511768
0.06102464969487335
0.06300444657140146
0.06491116474181839
0.06663693715336737
0.07850762732451848
0.13813843524385105
0.2396261402086227
0.3337861659755028
0.38283710520024034
0.40824168775112657
0.4311943763182125
0.4655360992793276
0.511562956107467
0.5603690717090672
0.6002504303670817
0.6192668665566663
0.6301994409459671
0.6336203342058707
0.6309360090273466
0.6099119724559354
0.5787526383779872
0.5344645654764357
0.4807540757081522
0.40267718025516763
0.3129650963236847
0.23408639183608518
0.1759642497035374
0.12092075784794701
0.07929733480253408
0.06415219910009115
0.06667387558213937
0.06542197428014357
0.06187414637207826
0.06879095948671195
0.08515944289560418
0.09949258574836721
0.10698508214147039
0.12630576457169246
0.1668196816326979
0.23024469851266394
0.31982435115097896
0.41999667930765505
0.49868573571203223
0.5410869395695823
0.5634644630063714
0.5913433517672457
0.6246090646798326
0.6552343307231387
0.6741311750100376
0.6853018709408347
0.6842226933133893
0.6615265572496861
0.626160804631348
0.5926866688488095
0.5646203342954106
0.5333680642585977
0.448700977225015
0.29736413945348705
0.13869167781050945
0.059279186152401846
0.05252112021942231
0.06313249880764743
0.07091428216274705
0.0842697225155833
0.10254725180341792
0.11070787099661979
0.1105629675030626
0.13852351800534346
0.19747874580400013
0.27300636995082594
0.3317336978935674
0.3727476627587514
0.3963942325739402
0.4204118960176823
0.4613464993042202
0.5175019390203381
0.5705821093836043
0.6066241675631656
0.6322152320197388
0.6522604795312692
0.6700539098547275
0.6818711633335482
0.6800421413887774
0.6537146737639853
0.5963849430962312
0.49455626782713835
0.3569013237926006
0.2535280227076012
0.2295933283383547
0.24798574768912204
0.24497028919660502
0.20232799469595636
0.13047353606035647
0.06655540478034468
0.039732510142335295
0.03463159972785967
0.030696577573791423
0.03766537002125548
0.07500402161794485
0.12893772518209284
0.18103826215156854
0.22140269222251752
0.25980504479215294
0.31174410724571777
0.36309697559585513
0.40481809139950237
0.43603336907002677
0.4681145042107363
0.4963554748380126
0.5163216936850773
0.534508573054177
0.5507647464896089
0.5658100619481942
0.5676659168427823
0.5444408042398744
0.4959857565522362
0.4413193886528277
0.4014705049117227
0.3785545906890639
0.3694555930271834
0.35985161329660076
0.33430695093744484
0.2924154030993374
0.22775725833833285
0.15056299756224334
0.0851589909565717
0.05806298295133633
0.05272116076391886
0.051123169422191854
0.05002538219505313
0.04959307869373131
0.05129426266574034
0.07474488838919754
0.13602351216395162
0.22971744899383087
0.30468246216896155
0.341898407413198
0.34604873124238167
0.35087905226320903
0.36530365183651275
0.39432207740609393
0.4284556493253851
0.4667189065079715
0.5100842149623048
0.5455364813585108
0.5677586653172629
0.5769103204134178
0.5816964050456293
0.5819810426926564
0.5748439163874329
0.5425150369323471
0.4813040124935844
0.3601336414483243
0.2108750905135704
0.09203431228455282
0.07671952140801988
0.10334840792358939
0.12732941096659284
0.1260043670761751
0.12082286344735539
0.103397569909665
0.08903049442032872
0.09572773871754318
0.12190215792140034
0.14608572577773216
0.16272590104135423
0.17828987566309162
0.19965974461717786
0.21889499775479607
0.2337023152412215
0.2645490335884638
0.32250534211027443
0.3940580596144617
0.4580433511852435
0.5209972624959237
0.568564689838909
0.6004209534306884
0.6170654343114587
0.6294477258644959
0.6303680931622239
0.6259386172414376
0.6154507614504706
0.5911816231971466
0.5561070918980525
0.5028866747282392
0.4349134087792397
0.3189251698368882
0.18183915404980525
0.07881976638067996
0.04389902834600189
0.04552760584440114
0.04882036728521063
0.05094324616878958
0.04727501964906202
0.045145322862664296
0.04064734024643994
0.0802088297745738
0.20160319760439022
0.35398422358460324
0.4527624326638889
0.4898199916620757
0.5108790540212266
0.5308935618812937
0.554979525847667
0.5955233934358043
0.6526140357908983
0.7087734824819266
0.7344004748944974
0.7242658015533606
0.6927834289709682
0.6518895587787051
0.5967963629793788
0.5258448456015665
0.4494280789148022
0.36962814899008
0.288351284905852
0.19755307895364266
0.09990091259059425
0.0429093104243554
0.0312946642061297
0.042780770417862234
0.035010431960853725
0.03740489727158388
0.03517335469283077
0.035771104678567395
0.02905362500912646
0.03859823397232012
0.08562067868422682
0.17334182203991982
0.2698416105982074
0.3444119641186276
0.39383512214415367
0.42218290733925895
0.45216522028358735
0.5005848677091164
0.5576277380829271
0.6023811608220522
0.6310983137898137
0.6599798196108901
0.685652005407125
0.7044272252996714
0.7138058726431069
0.7220025779933236
0.7220868112809153
0.7124265457803869
0.6833270606320144
0.6274213775180356
0.5533833786726878
0.49008112981496127
0.4446777849335164
0.40989351000776864
0.3720854120198409
0.32980739265671855
0.27544909733407913
0.2154297398462106
0.16204299852265047
0.12447080546801399
0.10357716906749394
0.09389137645946592
0.0883873745637211
0.08174181705858422
0.07629065752905043
0.08080636765965375
0.1050192229708115
0.15896932046554837
0.2198309973228528
0.2862017017194316
0.34884295159487816
0.4144067444989815
0.47873459213538233
0.5481946528910115
0.6077479278494623
0.6540049004433673
0.6872066827466278
0.6997432651265088
0.6925802376136839
0.6769192015151315
0.6615891219583033
0.6465633727468897
0.6281831895425924
0.6090666486392757
0.5864852716587116
0.5578085178583261
0.502205766916603
0.39528961976274396
0.2674394135324489
0.16289885338980367
0.11593835620464922
0.08589711696174238
0.06222846912038235
0.03996547184824868
0.040535047728479635
0.04905975578760711
0.05567648262706112
0.05319012292007421
0.03734119835737711
0.056470924875461924
0.1375170315390342
0.25094697742139305
0.3338097474109422
0.3960215724122223
0.4502085157990159
0.49823159092833963
0.543164046285433
0.5848784442149431
0.6198472287811139
0.6502352378405909
0.6750917366997015
0.690640501356303
0.6958530624251131
0.6932399311590547
0.6825832506370412
0.6608310548622259
0.6260995680134609
0.577529650332581
0.5262413556863896
0.4701317266156167
0.38994937894758314
0.28372246931091905
0.17956603242071414
0.11212467804447213
0.07393747774952776
0.0600231107707795
0.05337368601191176
0.05558573083811572
0.05124401425054295
0.04650059869971076
0.03897661552622771
0.03920118268472929
0.058248427532099196
0.11141681457235955
0.18420781500017552
0.2545548053889911
0.31518462581351464
0.3605293144334594
0.3927157428940523
0.4269724166076983
0.48460798578857583
0.5459526169902521
0.5926528015827803
0.6172416240102816
0.6326350307282406
0.6430694033857547
0.6487202844887382
0.6527135502963008
0.6549935621526248
0.6450990993159967
0.6110139770367773
0.5461188768693337
0.4343443320640886
0.3106072077413899
0.2282716895929023
0.2029368640154556
0.17862590808907108
0.13243176930182674
0.08117885719326744
0.04674920982292869
0.03245549945821761
0.027745017770549885
0.023324992443320786
0.029575975504733606
0.06397637492206355
0.12637946272859166
0.1901027276968084
0.24083987045568486
0.27851094405721066
0.3063247216339666
0.3368967397619607
0.38100271758295173
0.43859258598170064
0.4950582711477876
0.5589470344312785
0.6207412032070435
0.6663933401656126
0.6863636114951149
0.6994272284568523
0.7066560935344748
0.7072693621043539
0.6963991358165796
0.6761488216173772
0.6224770232224545
0.5303333143714927
0.4041822043072977
0.2982418381167316
0.241266900264944
0.22932812165446653
0.21235719319237792
0.1702447407117845
0.11025851003075701
0.06575460171280802
0.049905134669491875
0.05312849392797778
0.05462258182246603
0.06238818406570729
0.0812079323511919
0.10818480935424873
0.13612576590864905
0.16868926625336503
0.20832576489202517
0.2728051553520242
0.3449131568192491
0.4028485473166439
0.43701130506369096
0.47776408163379946
0.5190335662637401
0.5490740639683853
0.5735073601114887
0.6018124972232577
0.6362678552058042
0.6705493281054324
0.6940513586704185
0.6940837116069118
0.6768933328835669
0.6533593698793051
0.6192296854937452
0.5590687005319659
0.4784997302104146
0.39109212963239043
0.3190370457515969
0.26744953354052137
0.23622637742361519
0.20881706002517905
0.17485816678243002
0.13022217476188994
0.08656322084247042
0.058676890480107186
0.048773627590511744
0.05142054923059312
0.057285441334216466
0.07159297351508305
0.1045889645558499
0.16237501314668032
0.22335862005498633
0.28479975384473893
0.33491059722655275
0.3722110422851943
0.39430086026503447
0.41485163990594914
0.43640099064553106
0.46201586766637853
0.49462708553603335
0.5295792612501334
0.5673444720601861
0.5979669174180628
0.6164664083624368
0.6193954751887407
0.6073498655535335
0.5733047102200632
0.5078554130724676
0.4104560205454035
0.32602924180084414
0.2889748774914625
0.28786282984546
0.281158899525375
0.2586709342221484
0.2287735314496449
0.19261647061155074
0.15778341707061638
0.1253997301097716
0.10489055933912174
0.09840713696034467
0.10114298411775892
0.11070680221567253
0.12105645601580373
0.13435893304880653
0.14764198936328482
0.17796830101454372
0.21540436725044176
0.2655029907581338
0.327257814152416
0.3944407073334694
0.45316485557313685
0.5029901947289268
0.5517297958387772
0.5859692619529184
0.6091155257268012
0.6194065035920506
0.6142932908976715
0.5851419067134951
0.5383848281700316
0.4888997430856892
0.4394669190436119
0.3803076117282221
0.3102236167149002
0.2297738592091342
0.14155296227874734
0.07556970236052293
0.04867960172466279
0.053271212104263464
0.054520404015244064
0.05389240691203413
0.052800864194791304
0.053553766457699374
0.0693230462518167
0.11378506532956775
0.18147511041610523
0.2542959088983692
0.3123516346944671
0.3504851704465958
0.3844090835892866
0.4373294084863339
0.5049084875144505
0.5586470951480423
0.601163345398737
0.6324430837921641
0.6522659256189673
0.6468581335201458
0.620189823121108
0.5714153088677439
0.5086267309994903
0.4470114606753082
0.38968930139833496
0.3424731461319374
0.29454676858402234
0.2383847235110922
0.16337044548105958
0.09851221403174538
0.06983243176050215
0.06829990435518797
0.0695791734390473
0.06909110603727805
0.07775952176597316
0.08577802939661529
0.09770057586851524
0.12370517218444696
0.16994392012551976
0.2322678188193018
0.30003231731815794
0.35619582643530523
0.40079556923640786
0.43936971669892233
0.48087626396660577
0.5294890259699058
0.5807632643120344
0.6187826123457502
0.6413001321442988
0.6550955477442623
0.6618032058192178
0.6589150089253532
0.6372458985349486
0.5794807382618629
0.49795773905840623
0.4247506108707935
0.3811472141420942
0.3559046368507254
0.33044236834029345
0.293570368073045
0.2521097645062447
0.21149973093095922
0.17224336700039508
0.13589147940633792
0.11046677370161435
0.104464347136483
0.11456771570229912
0.13452488071406124
0.15782532713188743
0.1912186794348534
0.2394788328388471
0.29051193979377204
0.3397389855766004
0.3764450725451713
0.4153662441814913
0.4590879007086876
0.5116349672817538
0.5598488157529138
0.5911967389716055
0.6040275887675839
0.6004375721554824
0.5944295041313038
0.5856554158937403
0.5830124059674138
0.5853046600033363
0.593868408926368
0.591211427443344
0.5602374368468558
0.48773022147762707
0.3690027604509715
0.23447462315444645
0.14831003607108176
0.12698094512115343
0.13292740201690983
0.12621576664462
0.10487499133169678
0.07168791002207099
0.04335351849286751
0.028546855659045016
0.0337729447401595
0.05184679593522399
0.08946389854275605
0.13663763878016144
0.19032238469702578
0.2347937024289101
0.2806111106890938
0.3267457064606008
0.3726580282683324
0.4191780749153889
0.4710018389525837
0.5289371811439646
0.5794813569153247
0.6222731378107309
0.6519567516672018
0.6714488141271254
0.6780563135930742
0.6812174730676653
0.6722713621526416
0.6508742116944941
0.6065701044365627
0.5442672488676208
0.4635864110352117
0.39266587085854476
0.34212027974510567
0.30260226377457616
0.23389695257180165
0.14400670644411992
0.08059192297356704
0.055459502640676415
0.04942556539038881
0.04356921798715272
0.04374956347326725
0.041966095200220696
0.046593716726014325
0.052185288449597245
0.05984860443689542
0.06939894484222664
0.10911734155500391
0.1810740617327687
0.28323559604936127
0.3760256999642746
0.44013382026391773
0.4727390112105368
0.4976345551277904
0.5267862484025048
0.5569983660414934
0.5862509595641916
0.6132181441683519
0.6377033347277031
0.6494072183658558
0.6257785117911933
0.519696482219317
0.3334923888835969
0.15509634857871096
0.07258524760782722
0.0751550429138521
0.10792824235768468
0.13715183361914118
0.14321374175636245
0.12413357383627965
0.10192280590777482
0.09104897172566463
0.09585061624209962
0.10772483981407537
0.1219826070179043
0.13631604805794434
0.14787372767317516
0.153094280030929
0.1685520936493805
0.19755001980162856
0.23853703368988968
0.2906819071237087
0.357076130106589
0.42038982798617214
0.4742375678882099
0.5232257276587746
0.5663337655062987
0.5986076780303512
0.6159797172167677
0.6228942710066655
0.6279304376728622
0.6330948352795718
0.6406801936384011
0.649871746964668
0.6607655914325166
0.6628012790993356
0.6497735843070676
0.6129431614748807
0.5483055013440626
0.44737999136020895
0.3258269053062332
0.22061231657881863
0.16551262438363437
0.13965352926250918
0.10199740784816695
0.060516433236279345
0.04176034846516577
0.04151265418892513
0.0380237171059182
0.036705904679886964
0.0448731484698606
0.09939648179772742
0.18837641545078074
0.2827925844290074
0.34142401108861786
0.37880253338337094
0.408852823679619
0.4514563591417566
0.5127795198463578
0.5715573422681853
0.6167616860887695
0.6466882871615093
0.6670682092110536
0.6765986218261566
0.6759489625590729
0.6731025634191989
0.6701348330863282
0.6598272669284969
0.6238932631467804
0.5480481695235704
0.4161098240692695
0.2849848617357955
0.19758904494479143
0.17465925540840013
0.16607478236863493
0.15997555774055064
0.13753511538943167
0.10785731896740144
0.08230504603926377
0.07119854253870468
0.07872017898094538
0.10209749518860496
0.1526053522145434
0.21293960588259853
0.2672618018623119
0.3031475979729373
0.33978771803841296
0.38571899298165235
0.4408151110374844
0.4893288763047305
0.5231757538897762
0.552178581945516
0.5794660130347317
0.6035442971829987
0.6166219993139118
0.6247765676018406
0.6258193297713341
0.6240325158428403
0.6134367862825064
0.5824055691819422
0.5160043560393865
0.40554824474253215
0.3037759577241798
0.24187604552082836
0.2204263491241836
0.19293029107016837
0.14992667749972272
0.09749096082435571
0.06277469180723848
0.05189049468356587
0.0476744267826607
0.04235182882865694
0.043416712237181236
0.05535398816427484
0.09159515565064436
0.1537882561789694
0.21720134949703404
0.2643348190028775
0.30361691006468333
0.3461126817267248
0.3937047006544359
0.447528703266477
0.5020583708955627
0.5485951290243971
0.5902065601721288
0.6156894334348091
0.6220680523390121
0.620899406157402
0.6277697057238282
0.6370660290231484
0.6402291440247465
0.637217293700932
0.6333929247140759
0.6244634688430964
0.5992247257186049
0.5499560887723851
0.4759482257936563
0.3867142768477295
0.3134399922147871
0.26641614758212356
0.2377019980805293
0.20409130623727478
0.17327206310184087
0.14589262988256488
0.12545509086187454
0.1082842767695467
0.09650714358218876
0.09250386375953254
0.10675542309735195
0.1600161880733934
0.2424463927693285
0.3289186759692268
0.39355574110039304
0.43881990191001247
0.46620595286178634
0.4872379249739647
0.5075384178149159
0.53730063098774
0.5706701031248811
0.59453886140705
0.6031419328811657
0.6049102036938278
0.5888320378913182
0.5446949979889097
0.4836897428647904
0.42908286800044504
0.394793457723514
