0.8984588497982354
0.9877616669069579
1.0
0.9887259764516053
0.9898955390102593
0.9846104468074949
0.9824371035715892
0.9766027873750124
0.9723690560128612
0.9771121344663073
0.9752112581800724
0.965503463676276
0.9458798227492413
0.9437644518233302
0.9425570369546579
0.9550556732744216
0.9484971321170792
0.937028894026676
0.9307979934252439
0.9301564430476094
0.929286021676418
0.9361689326155754
0.9468412963104806
0.9402456576998952
0.9292720888739903
0.939438020715441
0.9440114541680904
0.9379547306013729
0.9441312851620988
0.9583690699595794
0.9544330545889101
0.9544042381200554
0.975711334120699
0.9686345016312813
0.9430095209216187
0.9288290900174627
0.932880454827152
0.9363738118233842
0.9390217309194081
0.9355941594088065
0.9280428695747149
0.9303184467875442
0.9328744559046154
0.9354958189940927
0.9333502524167504
0.9361942234662908
0.951453221440358
0.9592204018975379
0.9514784853025735
0.9374256756249758
0.9262272374101609
0.9051996421635413
0.8896631171590563
0.8792710985590699
0.8673254788124346
0.8538888723292568
0.848531600572801
0.8342035709310079
0.8189693135559561
0.8045978338071692
0.7867663173146855
0.7658174946025135
0.7426455678379977
0.7160668008310068
0.6866107935542299
0.6539573159724761
0.6173669663886944
0.5854025429594517
0.5167005623673606
0.463585756596663
0.6147480979106688
0.5947746821657272
0.3714342108636453
0.09885801353415155
0.1003148042572936
0.09319097273894596
0.08375496348986719
0.07163805772934653
0.06223378404461699
0.061754399248322815
0.06478465481115604
0.06308973197762768
0.05845337877563897
0.053230360016721615
0.04889346945918881
0.046104051519052176
0.0640029580124688
0.0690406551145265
0.0582557777275297
0.05082739960796789
0.054735430356915284
0.05558978515817731
0.05371134301289103
0.05666997486023756
0.04811851593109705
0.04402114879850357
0.046411488318931
0.04478373083024014
0.04358224502722044
0.04237226218627021
0.05237817766841319
0.05164842026884871
0.05102822647033637
0.04552637419386946
0.04862987110391311
0.06261178219333131
0.06600548127298621
0.06059429410157715
0.04205187039281292
0.04591444766158763
0.04430634624850653
0.0442843817706261
0.036029260199241867
0.034456587247119246
0.03258955957904461
0.033946838597678275
0.03373337860090897
0.03262032266902731
0.038694377945873534
0.04376282891370173
0.04474034952585105
0.03770406950136418
0.0416979151064381
0.036010075217301575
0.03688663273734183
0.03024579032169187
0.02558025964173342
0.022792921771804798
0.02556620960521693
0.023894923450023507
0.01493931848431353
0.015047489815659688
0.017459843027501972
0.022437182492310595
0.022200804531693038
0.018831336527936678
0.01592882547877069
0.022040183918606508
0.02271542961405974
0.03043896767314617
0.026260734782463904
0.023768283192588852
0.015774001286395816
0.019486858387424002
0.022555427479410087
0.022160431130758388
0.021419234532217755
0.018467836474340766
0.0204556475899415
0.017387239853111046
0.015068815890740335
0.013040775057955319
0.012028636102028796
0.005308123984711078
0.011231964118265093
0.022656467600140215
0.03328369105224435
0.02806383574384636
0.02312655919389999
0.019303468969437836
0.022149872321979836
0.022698845219945175
0.02368014955523369
0.024484812396075417
0.02411010354906195
0.02209901419852391
0.019115292270605936
0.01847994536816535
0.019249304573743298
0.0245135747311306
0.02794209949804463
0.02841061126656841
0.024971128085829304
0.022428717452132554
0.02198861113684865
0.023840960396418164
0.02637603731925442
0.02463725960924381
0.024937692469513592
0.024197970388709144
0.028489781071594254
0.02700990296508144
0.025189249374911207
0.022168152108202836
0.026105997455679934
0.02686601894193933
0.023448987969059414
0.017332385578567294
0.01652243102819819
0.01699085400137726
0.020910004334278857
0.018068689021316673
0.01970089269662793
0.02379176690069183
0.028737718471968567
0.023744677429589744
0.022050840018453803
0.02389220792393315
0.02358959147093669
0.01858512063316951
0.01808488821764456
0.02116321838819218
0.023303086958702972
0.0227617614396944
0.02195120439172286
0.020810878638188483
0.024134244019681443
0.024770485925455415
0.021807564798450554
0.02431291230568299
0.02935920471455205
0.02980193868489888
0.028131512380773428
0.029148650024215725
0.02767534387446293
0.02459200047029204
0.026039030744732707
0.028165041044538753
0.031692943496433965
0.03186724798407733
0.03270900134479506
0.03514470147801237
0.03195508358779584
0.017669379830145313
0.022811312098550373
0.05535093978256762
0.10723621211074047
0.1569615103528121
0.19123785230031398
0.20152990857816627
0.20031269897267773
0.19834228976748994
0.19724643226482552
0.20036054378459484
0.2109397871914682
0.23083101940676148
0.25194295997792554
0.27239072903285727
0.28263978590789096
0.29057641551998964
0.28823852297938835
0.2854157961651232
0.278773271227133
0.27035736425462215
0.2556685288646913
0.24472787994514128
0.2312377106444628
0.2039626534356457
0.17156856186060673
0.13911473180504288
0.12035673870471124
0.11626094972432327
0.10363098035904403
0.07060362711717018
0.04174204766634739
0.03264074047356011
0.021313225412804077
0.014353015170679608
0.015441468957188184
0.01772066019192748
0.020539334784990416
0.02254531327093596
0.025289220096927946
0.04941590806968878
0.11269128995724718
0.17407501594982197
0.18851316957806283
0.1653316834367365
0.13369479997355993
0.1232062281765053
0.09726726269097603
0.06129846055675187
0.02656053682097125
0.028160229533565565
0.03477082262582488
0.03400367942723142
0.03620870330153479
0.03692478215370274
0.03877996810299779
0.03281008576767939
0.03500758472631218
0.035346089658244435
0.034945864308162204
0.03182298269219035
0.030546060459717136
0.029904579987747867
0.030628120675590096
0.03378033798179635
0.03712787203621019
0.033521860530698916
0.034671046141395725
0.03535318501471397
0.04169152365847593
0.04122504513510538
0.040531747281616626
0.040466512028469986
0.04762030089018965
0.07316892531813937
0.12659375336755072
0.20492654810435643
0.27967019704790075
0.3651633981331344
0.47538906407130593
0.5956090394246423
0.6832364045590965
0.7546457627744617
0.8071095534385787
0.8441186269643697
0.8636512405305112
0.8813977381913122
0.897363615071595
0.9144584696131269
0.9325627576828208
0.9443102637010993
0.9553739320788269
0.9633450459403228
0.9679125906021673
0.969124920483623
0.9723713143672731
0.9761986563778118
0.9786338990819545
0.9762727756987942
0.9732796991846838
0.9627535721802063
0.9581593040358951
0.9570339954700569
0.9341669080603451
0.9239607275880716
0.8615510492248745
0.7604665259205654
0.6236403243157147
0.5547644933137761
0.4371841266363503
0.283277709922401
0.1454883538784509
0.09453436557189218
0.0654427793870244
0.042330362760472515
0.0379004126933434
0.048278763564026425
0.048304134436862135
0.04070304745185077
0.04575176663695843
0.04888718114048885
0.05322578927003852
0.05516427732912225
0.06570641449309181
0.06765868855447016
0.0651471211019941
0.05939423867855572
0.06625518461953549
0.06645767463055353
0.057549228339761935
0.09143001046198526
0.18783515617420019
0.31187573997600965
0.4310689982392493
0.5952905629690248
0.7449954439266224
0.8347986645437232
0.854342409452924
0.865914910377722
0.8677240088328032
0.8713710389204388
0.8754444539528996
0.8931707107327514
0.9076933447525253
0.9244094446229447
0.929303782102112
0.9360668383916205
0.9394301136732901
0.94121145051803
0.9484832449995287
0.9556975018741127
0.9716646031500669
0.9703394164831312
0.9747251248621798
0.9702022034918697
0.9755112104338237
0.9724983746581064
0.9764179555650554
0.9750412994418224
0.9552666803949398
0.9190926996999134
0.9064359094268456
0.8497257568405675
0.7443946013284539
0.6205708310201398
0.5672810818923387
0.5118239396708335
0.3756769770701148
0.1928317553678512
0.08064057266914514
0.05944639027942016
0.05434381568840512
0.041440412813205214
0.046317399072776204
0.046554003455451035
0.04989623344718897
0.049295377023950065
0.04927127897315932
0.04435152878316284
0.04748532440232446
0.05203981936870624
0.0573455611300004
0.050412036404493356
0.04976837649367079
0.051340001150242426
0.04599161752943987
0.06976427116526265
0.11202279396497752
0.17044338143757443
0.21173124586207737
0.26583728357982706
0.32189636711516717
0.4030252186927292
0.5121840337997465
0.6416861316723045
0.7613433358501732
0.8281622807706908
0.854855748214972
0.8688866214701129
0.8869483987957406
0.8909977211525363
0.9016326338286068
0.9106642589134081
0.9196032854505055
0.9204038754068103
0.9277150260800875
0.9333697160030058
0.939105091815298
0.9333120801765422
0.9324141493570055
0.9333244556806636
0.9385394137889758
0.9382591511098431
0.940203717394402
0.9403271811682128
0.9408095322507423
0.9372897058570855
0.9382396120293286
0.9367749359655015
0.9354267974301523
0.9259784981205461
0.9244520464470882
0.9175610169339085
0.907276151403476
0.8930585987984594
0.8886515318819505
0.8742312900629287
0.7477110009574973
0.5806692349960432
0.44481010857599323
0.3769747548229552
0.29705069470304424
0.22581761083655588
0.18806839191192692
0.15246071551314563
0.13655092696011625
0.1169873766042342
0.1029198581894265
0.0772955881636473
0.06155030248751426
0.060006741036287045
0.06001791808563707
0.06267434185610915
0.0569854746601109
0.05633998088886228
0.05796729010126249
0.06560396836161307
0.05571183479384005
0.044464231588278176
0.037017591209603934
0.04608775872692488
0.053027353752539086
0.058223389382110906
0.05136094693514398
0.05594036213558346
0.09309266960366591
0.2048440031163826
0.32065913867067364
0.4341038894144553
0.5393014007604751
0.6766255266807731
0.7476230261392355
0.785083575273528
0.8017142568708656
0.8443539957511035
0.8642446376543069
0.8697730063092943
0.8653805038906763
0.8828710128391345
0.90251685852015
0.9173609407255304
0.9250755147284397
0.93674637843572
0.9414278442154899
0.944210431964488
0.943803179981876
0.943309428416976
0.9444120174635529
0.94360524062032
0.9417380110664805
0.944170148495563
0.9493976906555917
0.9492751182895204
0.9496143667421603
0.9421892866337942
0.9070404005444591
0.8571100752702486
0.7855942771435062
0.6974024745074822
0.6095935545869765
0.5372828947602739
0.4427929079190545
0.512885319177505
0.688122862880872
0.6664344090626485
0.4074829786766914
0.1822704286776005
0.11641946046820825
0.05748371582640871
0.09462109306908402
0.09350367705749339
0.07261186834708037
0.016907543856518
0.034150563731226775
0.037198073345225756
0.03937274928656923
0.041176017017127045
0.04257370166570196
0.04380490883666498
0.04418476190378924
0.03290297401373715
0.04105448737051017
0.08752266401176088
0.21023733079719717
0.2979051644671951
0.36600920934143083
0.40019111063901786
0.4880101951318676
0.6019073203035555
0.709769785392521
0.7723537823838019
0.7999668243720566
0.8303786439899657
0.8531560516980287
0.8648587245870658
0.8706672025629084
0.8726731864232276
0.885224131637465
0.8972415368053874
0.9129938146820068
0.9192061722018722
0.9179983550601003
0.9146434819578604
0.9191160524176899
0.9290453279532912
0.9377273403410613
0.9419473938370836
0.9448980902155943
0.9485930837270217
0.9453636175321163
0.9417520574540219
0.9362278033909108
0.9275845331203569
0.928464267197809
0.9372519608247949
0.9120384727649056
0.8384421599078088
0.7430229531265208
0.6639936359564934
0.5984584946292688
0.4979699734126464
0.5848480846963248
0.6364796745729853
0.4956890872626293
0.2537321461706279
0.14381994998901723
0.0914100365618945
0.008916079723265982
0.022875511291005898
0.030503557312610733
0.035441685945498604
0.028400397219316618
0.025549312757838772
0.026063215295051866
0.03039097325793652
0.02940901287401561
0.026363766412622777
0.018572615522459035
0.01445989272903114
0.019843891007477472
0.05027583334600103
0.11117838350727642
0.1884388155973099
0.2627364176865951
0.30164999118656777
0.3564250113477497
0.43042755426825297
0.5723586394724303
0.7048387920694221
0.8064518883172185
0.8383202156124869
0.865551419466633
0.8944649159692946
0.8956337221667047
0.8914959891226241
0.8931481925071916
0.9060813603869627
0.9160597030117814
0.9130654923102975
0.9080969816448963
0.9047263525841479
0.9133228515836052
0.9136543875775641
0.914702808076776
0.9167839199655305
0.9201202222830765
0.9153331097519151
0.9110729104501434
0.9092668304918591
0.9231484120149409
0.899269980469124
0.8849397171053327
0.8570929015962585
0.7866670159301388
0.6485512455930158
0.5428816824266469
0.48558518292634395
0.42057774541575893
0.3070986331002448
0.1952874748359546
0.12489320068169843
0.10188654967988556
0.068025905243087
0.04424752275513954
0.026458141373758334
0.02226784841107277
0.0167016255400792
0.014970279738907804
0.015187347213761191
0.015983524455488403
0.01350334216948433
0.012655296847772371
0.013904419952520116
0.015949625090048936
0.011292731680412092
0.013192849674264704
0.017474895535444086
0.025956715227773135
0.045229958186104764
0.0700058384542679
0.11106195323741327
0.17540367785875838
0.3495670864935318
0.4814365707706889
0.5546360275076571
0.5898594282641824
0.663759301488183
0.7120935398387215
0.7372688240540073
0.7659748007473436
0.7817038660801805
0.8132432031222155
0.8482947099325135
0.8673582095209674
0.8835376595341063
0.8847004027127163
0.8805448865613693
0.8699787290879022
0.871187036512181
0.8791728470136306
0.8875989532299038
0.890793492361522
0.8917451924407167
0.8879964190401564
0.8838462420335799
0.8739987564790491
0.8697433911051127
0.8716031625716238
0.8727329908698583
0.8478943758398201
0.7471146232987408
0.6181530646703736
0.5043189653061699
0.46201891172947285
0.39124234433178495
0.2919434730461062
0.1736979794964842
0.11647423424130239
0.07110459446946778
0.03932149425905904
0.017917649414305684
0.025115202804793794
0.02917621168278418
0.02977717322064998
0.03825070654180076
0.04635305998879546
0.053614661718248295
0.0555191355278737
0.061334071040809485
0.06134010663189001
0.05555853093024684
0.04204605996386113
0.03385053495691061
0.02280106961467875
0.012811679292374605
0.03350323058260797
0.09465928721981802
0.15848481992395752
0.21594080065984575
0.26784858263494726
0.33323588166466617
0.39900430529598524
0.4946644884408516
0.5942525360874245
0.6772592465828654
0.7228575941904962
0.7591952636349716
0.7944059712942645
0.8222271767761716
0.8282018485301789
0.838447134089834
0.8496430448397566
0.8593141452833036
0.853136489786477
0.8576020380874779
0.8740707505497282
0.8892789218006093
0.8994115149375079
0.9072778524619172
0.9094339050471635
0.9092045218295316
0.9100612208155112
0.9145521957582687
0.9095345814076625
0.9088467632137283
0.9128091814414309
0.8957390836051751
0.8927465913988947
0.8653783643579634
0.8064931463773787
0.6848354562152221
0.5905858122814016
0.501412906239443
0.4141689713897249
0.2994040438718791
0.19506640681660747
0.12296050628863973
0.0750268507941281
0.037720784710297245
0.02082143659822915
0.02049602755679777
0.02324078341918192
0.026238399998149007
0.038395421999182354
0.037780241243282386
0.03480663990368608
0.03057243842110714
0.0292212914001909
0.022447296254050016
0.021831822807470168
0.03252969136417098
0.05900797403545025
0.094320470669982
0.12953922532367879
0.16076479532579713
0.2112286161918987
0.2917136363280199
0.4238372178194613
0.5970279737351062
0.7304236884596481
0.7951547808485172
0.8173444556625554
0.8464164016285759
0.848385698932746
0.8485818507473175
0.8589591612102899
0.8848373612191749
0.8964127876326933
0.8994441334821217
0.8997797051017187
0.9077172615013065
0.9106460879191567
0.9117348085274174
0.9092903518058115
0.9116301575563833
0.9109127847868652
0.9072276487220664
0.9039964239412186
0.9073648822741035
0.9001079555030482
0.9062517709692844
0.9130441580801856
0.9187036473865847
0.8668401934840304
0.7739448368126172
0.6564220339186206
0.5462873311129155
0.43714924283708684
0.3691209836057125
0.27567265809290065
0.16923241058298447
0.0984834217683398
0.08539422934488863
0.06089440154209977
0.04482010184252312
0.06962646675239094
0.0690693300569915
0.05364821929084605
0.04873524889391862
0.054398381767556195
0.0539986175756278
0.05016505638299979
0.0472496703675719
0.03395534685686171
0.02683355280703113
0.024065366015734658
0.024641228046456392
0.02400853470965562
0.02878473013170116
0.07704740719766053
0.1455679912601219
0.3352293967107609
0.4438596445605128
0.5402059876591988
0.6037414838542898
0.728106242644521
0.750925558333838
0.7677118056641208
0.7887171114075842
0.8084098438065885
0.8124402769611648
0.8241342714418511
0.8201305017717506
0.8360075222264219
0.8433283267194893
0.8485521695018267
0.8456509246041344
0.8526219899927087
0.8556270992012571
0.8543415766100189
0.8588232073804245
0.8640232308475977
0.8626704433863761
0.8591060718212469
0.8600330094481499
0.8595070722568146
0.8521036421209721
0.8606122300686433
0.8793428780206571
0.8849929361960843
0.8260243242763872
0.6951165485953827
0.5475360111635243
0.4260661205431175
0.4067449048597471
0.3543067882544158
0.2686578019644271
0.13523103645689824
0.10102717294827902
0.06883897444842098
0.056927447314711895
0.034090192772691354
0.035036311067804984
0.031387547760713466
0.02825483525465321
0.023074036394503075
0.023494356654780963
0.03313111134708372
0.036480518433922464
0.03668695045732744
0.03248988528156882
0.03102950165804291
0.029608700657060925
0.045482142789743586
0.10675733390785787
0.17513063968260395
0.22866499628997833
0.27581591706766495
0.3447320461950754
0.42636070614930227
0.5546727869077375
0.6747283628327335
0.7456463014393382
0.7749693299729712
0.8102878014537771
0.8284582818466102
0.8365247151844336
0.8419023544410035
0.8492001898962764
0.8566603847821805
0.8612913660599589
0.8599726460732453
0.8546634759081675
0.85842379035742
0.8640105005634239
0.8772625271425114
0.879380822431482
0.8792043871352601
0.8734068351525743
0.8657982512507106
0.8639210015820901
0.8669476705651986
0.8818440097424716
0.8779545499602007
0.871022929220184
0.8370618519976272
0.7342789885717564
0.5852780348905817
0.4830997717340609
0.41810730032338395
0.32203902132326767
0.20398804643717738
0.14677987548442603
0.10719080432579216
0.06570202915555674
0.020373392963964038
0.012966451754583205
0.015950980013772088
0.021983941484426523
0.027129446738859492
0.027360572208365474
0.02646786313825665
0.030126468432343838
0.03362282265613063
0.03354997245491667
0.032668214497840534
0.030278119626383958
0.021598472580932775
0.020275663481250483
0.0778401956282727
0.22407240416720714
0.3659255772742517
0.4866121534011734
0.578963115897662
0.6777186303060388
0.7143830385901301
0.7614671764996773
0.8007166306064669
0.8382422274618768
0.8448240730689813
0.8537680651187574
0.8415676681531579
0.8347095874429864
0.8384633916780025
0.839341121367506
0.8313103042654082
0.8236094593451233
0.8287171559956916
0.8286724201362932
0.8288571411194087
0.8247454285977537
0.8280092900683949
0.8308054072814024
0.8311461976481107
0.8396389257095657
0.849600279604295
0.8475213941239388
0.8339337436249752
0.8181537680683617
0.801695199920236
0.7796093633771428
0.7626176015444471
0.670017075446628
0.521835668848588
0.38659747617489154
0.3081272172024943
0.22792095440924506
0.1504145017245883
0.13010825740944096
0.0965932482411542
0.06291470054861657
0.02644558705902948
0.03217326131913824
0.02533433162930813
0.027744475019122406
0.03214810760423117
0.03587633241450293
0.03261553275365921
0.028813226775957115
0.03479150800079696
0.0371166161977263
0.03841064474336657
0.03650514767866917
0.036526993670402345
0.03665302705195661
0.037535273097899884
0.032526913946983975
0.016977433791952157
0.05813206508847989
0.24894956627607834
0.3914832571384937
0.4722390898105479
0.5743169241106872
0.7284854972370783
0.7837172296933482
0.7946997735978131
0.8169249315802122
0.8204132561792433
0.8315140594715008
0.8466438585221047
0.8535767931191809
0.8511300278430665
0.8520414733274163
0.8430622758815294
0.8411372504890131
0.8354215861732467
0.8306578933608877
0.8282055967342382
0.8226554917380854
0.8234379168997679
0.8288451727346371
0.8353384969147891
0.8327386013046888
0.8374845377375448
0.8344134572744859
0.834739436233844
0.8337315887006835
0.8308954270367673
0.7090591975778086
0.5582127051519652
0.43101885412759483
0.47485132860331136
0.4142168845457114
0.27913350335079223
0.18699969450292417
0.17930416636101432
0.1209269771367791
0.03416696858434413
0.03487734759581529
0.030373426590630612
0.03240856590538793
0.0344352179110595
0.04331357838599585
0.05055431034580242
0.05654812140852121
0.04665294807061601
0.04146594721571644
0.04234991800679017
0.07862848611008451
0.1187211736750702
0.17889395956184048
0.21389368432385866
0.22070204851978886
0.3381514733133952
0.4683951628867333
0.5623573672991298
0.5795634052261127
0.7220148173891722
0.8063320362749228
0.863197069861013
0.8820908259859165
0.9254612174804333
0.9284796851949672
0.9341713392427721
0.9275890829086534
0.9180806865158561
0.9090222352690258
0.9157906267100131
0.9264011070577697
0.9320715627756287
0.8935295353919326
0.8779331603043241
0.8988440305906408
0.9259659943964829
0.9178620138892394
0.9215468941754897
0.9226884997637711
0.9094392739677416
0.9110082445693041
0.9148881445966007
0.899946135834317
0.8434621024562674
0.8024758965953874
0.6717857617609948
0.5877919194811795
0.4574237769030275
0.40282466796609906
0.29742717744987823
0.2306365752877167
0.12480245972502582
0.06119811174154838
0.03919212223527743
0.028772759768423216
0.041095362416643494
0.05534213214696913
0.07023568419852261
0.07204161779911232
0.08534260802868182
0.10210556693308166
0.09325623170033089
0.08046164933240417
0.08527276125488109
0.09861979878985898
0.0968174795186459
0.07810867475323961
0.05005842294179943
0.021125469314978756
0.026872432955162322
0.0426486301805376
0.050000235923511306
0.045420885470400636
0.04610986170473179
0.05206938154374349
0.05077291574887786
0.027964165970590156
0.3333741601070636
0.4908390553225795
0.6565488166174289
0.5611611988219762
0.6239590540400272
0.5181065796369919
0.5629080940779684
0.5842170720785589
0.5949777941704957
0.6158235070088764
0.6288956390485922
0.6608533904581525
0.6754081211886174
0.6984838912297251
0.704795425111565
0.7251405556605025
0.7313132246954129
0.7338818702899607
0.7253347393209937
0.7185561382761717
0.713463519071774
0.7053220725548106
0.6868027822513558
0.6539802675983647
0.6044844197613427
0.5142923927051207
0.5911816522618732
0.7330019480370281
0.668679236920186
0.39507863611136707
0.1848095024412882
0.12433276947121912
0.05895591744189796
0.03206473203715263
0.015312344650880329
0.01924252391762304
0.021734275203786804
0.02106498573553718
0.023699979370906694
0.021982754000124678
0.028424776398736477
0.03527362940244869
0.04192416110910692
0.03233065283953304
0.026452790172263492
0.017444552669179752
0.02640232793354226
0.04322868561687366
0.05159284334689195
0.04277563048212812
0.03662045770549963
0.06275411927812333
0.13281312260621458
0.20926165319430515
0.26569715292089485
0.3071025841778483
0.4235981429386605
0.5093191729724331
0.5554338072975247
0.5624594112604961
0.6186020748609368
0.6532662821231837
0.6933957387851111
0.7290855739660044
0.8009121505459924
0.8198705248794574
0.8170279035337368
0.8124629599653738
0.8460007543498335
0.8882759072577834
0.8962215855818804
0.9338557545317693
0.9093931986056986
0.9453703928136231
0.9147182175738953
0.9491003545561694
0.9313468291289011
0.9583138949438387
0.9349046271460729
0.9520433571673198
0.9136949135880417
0.9104442309229877
0.8948344354754466
0.897573852981467
0.867578635970272
0.8027009166949437
0.7919799463426338
0.6407676798745927
0.6405484739705104
0.5298992079699105
0.3964367666051127
0.11875738528143685
0.057572567508513584
0.04383652754226243
0.020806435649523964
0.014121939072632888
0.018756818475082867
0.02452901776956465
0.030439119772309932
0.029704486898586877
0.022490649785466183
0.021612713335953
0.02712447139094845
0.025450444849136937
0.020620017404284745
0.024878504957389906
0.03150789657936438
0.03146981945190515
0.03287204962944202
0.053657308580268195
0.11241237483884242
0.17338085338219136
0.2675900726929443
0.3657247597053391
0.45336123431002096
0.5016663952824837
0.5750225950871419
0.6096380622876257
0.6629519739918207
0.732070009037892
0.8065937568645014
0.8470729172967325
0.8880045136594357
0.9156061262934655
0.9124057024382122
0.9111992331148314
0.9078535786548015
0.8988250968014888
0.9004397182262113
0.901391347995932
0.908309422346032
0.9079551008331118
0.9083942455947598
0.9069859127060002
0.9224140382147952
0.9393932625170295
0.9214598784256383
0.8971804265342522
0.8861767000191442
0.8219753261533818
0.6765438896529398
0.6028245566234001
0.691565849583806
0.7033827284606172
0.517536109241747
0.29940870846224765
0.21224684554794263
0.1595171903267481
0.1263863176976044
0.09471531837420406
0.06164955935012761
0.015224362298574962
0.01038983066094748
0.00836920905010673
0.00952614818591479
0.013541911769729744
0.016829640917706435
0.016344476768351074
0.018581868095246357
0.014988915897148536
0.010908940855687214
0.006334280585259305
0.009292405192105085
0.011789621631557907
0.023470059673179697
0.03006114121834516
0.0343823719877731
0.04236680324078783
0.07416870052439661
0.13890444941501903
0.21291260893770345
0.31182950919523916
0.4062958006274845
0.4894895328793717
0.5323852002506886
0.5770038474895439
0.6128946362016491
0.654926917942502
0.6888047276014538
0.7341437290444204
0.7781209178043519
0.8365026381718399
0.8507888107931951
0.873930192708413
0.8608625874203344
0.8891267554379596
0.8879633671703762
0.9158111805986218
0.9161087776293168
0.9306903384696876
0.9317659842216807
0.9344124635043313
0.9432246072294663
0.9485663891775177
0.9567495096607852
0.9500438129827489
0.9373968349739051
0.9299386759896994
0.9372950514933004
0.929630109749793
0.8675098163896393
0.7967361969815645
0.6999272153160528
0.6263662567136867
0.5262441465984632
0.45052505019451405
0.30734619050984924
0.21829008370860534
0.15390548809167623
0.11922995645045233
0.056930610021600984
0.02813200400093689
0.016495515924507327
0.01565562834728276
0.013913899517870438
0.017688939310080955
0.01905396378524357
0.02221389686439152
0.020987979220695455
0.02151944846482239
0.02092921051825136
0.024536783085670096
0.020238704333789537
0.01711437116053799
0.027042393254005998
0.0815182524985667
0.1561664298758843
0.2330580285029692
0.27732455034875425
0.3250406387580099
0.43436915758509964
0.5393586803565722
0.6278363862543856
0.7103912039880073
0.7957725626883163
0.8225991654723533
0.838981432203805
0.8471566996769222
0.8304041126392591
0.8300324019779938
0.8303529632198853
0.8202490046467337
0.8108609094655921
0.8256413693553952
0.8258078010130667
0.832231415926622
0.8425751739855869
0.8508833923455591
0.845263673786024
0.8501480704203959
0.842261488300551
0.8394668646336796
0.8268525964009202
0.8355905885442906
0.8469569824462306
0.8478556420966218
0.8332411264303843
0.8129621332625383
0.7963763613795909
0.7623010861401268
0.7200055524555808
0.6525521637311361
0.6177582614149435
0.47311607456575355
0.2905730650937153
0.13767392201026601
0.11474752115100179
0.06850762642109208
0.033504640756423364
0.023221724367605577
0.04273477306345566
0.04915830165707144
0.04212424431755389
0.02838072208290578
0.030349871905027425
0.03663232026760157
0.04332364864780363
0.05655612256212601
0.06752007374003824
0.06642091078376099
0.06733233811322525
0.08949363561426572
0.1393129879094125
0.209742478852438
0.27655709153459046
0.37411695311949206
0.45147130322553974
0.5115393693596413
0.5456539761602854
0.6513995537821049
0.7344762000633612
0.7964111347119459
0.8198677948054292
0.852640977339434
0.8547997738605553
0.8534869751849844
0.8650559795092018
0.8747535562335967
0.8761047257245449
0.8731264479789221
0.8809864246526614
0.886736614598895
0.8974788683774667
0.9037884373698968
0.912413785664032
0.9147192592780834
0.9150838128116324
0.9098281471369778
0.90884323094393
0.8973748240229728
0.885028480936179
0.8820582560782999
0.881721274483611
0.8800054869450574
0.8638688403478209
0.7870351250707219
0.7118239318496475
0.5829282162964368
0.44800202681614865
0.30079387294568577
0.21996363617813344
0.16596897593812063
0.12308354622974976
0.07765888251112722
0.02823691210362584
0.0193304173602206
0.02467560215241459
0.03146448857739681
0.030013914561196082
0.0300318545764645
0.034678715367140164
0.041161427876224836
0.03721548766646402
0.026742145247537312
0.03333137265579481
0.06570902803694295
0.11494360144284972
0.15211859906324227
0.18190016421146582
0.20494507055428696
0.23224656474468236
0.26002223833111454
0.3262110553410182
0.4141945841872931
0.5200225789161075
0.6413576942866972
0.7199172922908658
0.7798444552608702
0.7872818205892543
0.8179347515301293
0.8123901325834101
0.8294070939333396
0.8278976658490645
0.8384360717481205
0.8426072855967007
0.8424178772649309
0.8361058666386076
0.8337443705979621
0.8293773432305328
0.8292654044699753
0.8280920656519476
0.8251800466283592
0.817995425302235
0.8058727335368839
0.7230436262086958
0.6133982852075218
0.5181756200921727
0.47200180867452957
0.470553775295331
0.4130999897527361
0.31790929774239796
0.17129805075308285
0.16339991834379047
0.11753888013008505
0.07078416310468139
0.0
0.010647731335789789
0.017399451125476514
0.016848860814464052
0.0198991678449154
0.025973028067227653
0.02967473843588869
0.025985534624980895
0.026622005069602054
0.02581963236015967
0.022328852950298718
0.01840928246012162
0.01902492179424865
0.02102062091246331
0.03440033670685675
0.060623574757137505
0.1123793772145702
0.18772810373988047
0.27843175006271176
0.36148785019717444
0.4259536430501919
0.5301334780939405
0.6071820405636172
0.6559035676081885
0.6736294460538105
0.7126974595444574
0.7376058831685522
0.7874206606199641
0.8246130665136868
0.8418495323274464
0.836420716876962
0.8466289594343621
0.8313048664613844
0.8273733199077417
0.8187060807618414
0.8163449511259123
0.8062696513793913
0.8068190616319598
0.7894667224920174
0.7391828999193218
0.6528300628168382
0.5545463090864229
0.4458911388405637
0.35256324920932364
0.2893388176961474
0.24578028172499652
0.1862348964357421
0.1403801981499909
0.10123869558760636
0.07911283859189436
0.06989206090171982
0.06861132503819407
0.06168729722331072
0.06046833479309607
0.06519380006673783
0.061842993949572496
0.05771973950247372
0.06232088505776233
0.06086703508550173
0.07195050953115896
0.08144985372189857
0.09391496291145648
0.09379892358141655
0.09055888400974352
0.0813315029579864
0.08780852175558676
0.12424422630331355
0.17622345029793293
0.2417991251238237
0.3120766508855811
0.3658778968942828
0.4069619130495304
0.4424199410680597
0.480797127158473
0.5070819986662038
0.5550557090364785
0.6195295076144215
0.6698980626924439
0.6938026141632151
0.707952264853971
0.7255857719982419
0.7382593208102655
0.7669702222902866
0.788552912959206
0.8060142462610669
0.799213461985858
0.801287626147497
0.794414211304543
0.809036921017547
0.8052334036238771
0.8047354146311391
0.793605743280424
0.7875358284513825
0.7755133189035162
0.76739845514115
0.7597772145685486
0.7384892192417413
0.7053139531046084
0.6694667225468963
0.6302864604395574
0.5597373127933569
0.4599374456176604
0.3764757849229441
0.33072779461134566
0.28706160812343084
0.20790620512027974
0.14258143265579057
0.10238636718436753
0.08732403872582249
0.05496291404736555
0.04994710478809653
0.04418494770840358
0.04883186874612338
0.05111711295549707
0.05328169980261534
0.042446321539054976
0.03713068448061592
0.040762626333739026
0.06167221139801214
0.0715917329052213
0.07807215086245975
0.09064595004764607
0.14035000821353888
0.194155555354419
0.2275056937262007
0.2788556450849527
0.331920452427991
0.41389469566664305
0.4888633271120647
0.5789436797164104
0.6591060925783092
0.72767794298845
0.791088858981888
0.8271346887836108
0.8638953488400092
0.8734427747475848
0.8894597148188594
0.8895561906932383
0.8864364454127295
0.8844937499226948
0.9007635443585389
0.9112569926603865
0.9066697715994275
0.8935906507289053
0.9026688667738815
0.9083740214791824
0.9110637011557099
0.9028520615477507
0.8958199343437828
0.8896205609171859
0.8903141015657358
0.8952375067518126
0.8901784773668807
0.8840721387363251
0.8504965829999329
0.8051544739681096
0.7606690824601665
0.6516845037621906
0.5405397339995056
0.4138566525383583
0.3323371031176025
0.2414443958016061
0.20303030397377816
0.15695283353370804
0.11498221848022634
0.08191340215432304
0.06103658223058012
0.054988700651607006
0.059617130626943154
0.06550114576226572
0.06959972691343493
0.06926716151654887
0.0694401437153775
0.07606379731944875
0.0802869989316368
0.06950592995182221
0.05270847732980507
0.05531772916312764
0.09030955752229787
0.14291852814691205
0.21635316278930497
0.2810807709576605
0.3497429517552307
0.440838213432771
0.6040802081677302
0.7311844681350058
0.8068839737132383
0.8357750974728279
0.8720559334905017
0.8863180963872817
0.8953707653224241
0.8945875392992684
0.8921440350879187
0.8957699704680409
0.9110256520078466
0.9200980057989221
0.912565424713894
0.8989872997101513
0.8962119535831271
0.8982073389650167
0.8928569681894276
0.8878978328640874
0.8837514921202636
0.8847697069098098
0.8767873033408039
0.8628863041160479
0.8507108673040716
0.8377525170614999
0.8152814671518849
0.7791189402533383
0.741833190338759
0.7006335970523325
0.6415620521969839
0.5785903803527719
0.45946019723566156
0.3512283944755421
0.2771041274269983
0.2480550152731534
0.1937475161370396
0.13485701127958133
0.09131114979339888
0.06215107505267343
0.05780897139364719
0.06126111655557499
0.07147648723629782
0.08438316226409379
0.08785012503759311
0.07986321611820216
0.08113944313605868
0.0840800042823489
0.08100042410605436
0.08335467054140254
0.08115700297420866
0.09212074154911563
0.17960474483295397
0.3279494199660142
0.40578929753104903
0.42720642757643734
0.4830639377544365
0.5692499428139396
0.6231587153419366
0.6438242381947282
0.6805601805081457
0.7347949771640857
0.7955051804742372
0.8289531103313286
0.8478085480930553
0.8600213149928114
0.8588367461226974
0.8478618620970679
0.838362427731384
0.8348134428099553
0.833348531891214
0.8346025295230715
0.8439703974293337
0.8539659871832316
0.8579311327951404
0.8551523667257986
0.8578287117078888
0.8541327935143267
0.8525818947831298
0.847951298334403
0.8423247368267477
0.833193930218872
0.7968805528230324
0.7377471826679883
0.6195659139928786
0.5493089330548431
0.4512818685769813
0.35211093859785925
0.2514015984785213
0.2022407966841757
0.1441011839590468
0.09533831290846005
0.0848358947443867
0.07892754011814837
0.0718062620269202
0.06832748379431078
0.07198895879654439
0.08019684011146025
0.09321840919899557
0.09066237596395167
0.08565684971357168
0.08156737155660138
0.08124317325990575
0.08344689027140084
0.10028787540233666
0.1394106446377072
0.18224136415326556
0.3103535220265613
0.4097567583039344
0.46271468514907926
0.4831596959365978
0.5983081876170893
0.6812817982633267
0.7179587979151121
0.7284637599076254
0.766815118351087
0.7959216536163151
0.8138807460556233
0.819635488271778
0.8286464354321551
0.8300392556311875
0.8257104756082825
0.8206425108378831
0.8151576321841713
0.8172806602189978
0.8198071033497653
0.8237079074126432
0.8249754991093353
0.8270548694302368
0.8252671254122385
0.8262170603938713
0.8352490683715438
0.8442539319200466
0.8356531975186109
