0.9706838188056887
0.9805741049909138
0.9918604186145157
0.9961437684265448
1.0
0.9985363550161499
0.9998277005125793
0.997180719033138
0.9990673370091625
0.9998826761803495
0.9950325076201889
0.992873063740435
0.9905714137370745
0.9937545924017979
0.9855705390821807
0.9826309641159522
0.9832069412525435
0.9880286532980488
0.9909580533431093
0.9933443001273713
0.9918931068281079
0.9917416785690863
0.9929606535839991
0.9980174410246633
0.9979856049991379
0.9936717563516293
0.9888850062742829
0.9909384002397696
0.990174828171247
0.9882581743523627
0.9860719586429798
0.9931556857011592
0.996489215882787
0.9887778924638814
0.9824977146448776
0.9797187107422779
0.9778340770173898
0.9793144603599796
0.9880284372387613
0.9930402132889593
0.9877774653358113
0.9873332644948299
0.9821968897810855
0.9808630918033687
0.9762684672860824
0.9726035996773684
0.9736237072294384
0.9709246043488563
0.9700098099859507
0.9685471618113513
0.9740436681373303
0.9680391855383315
0.960731627319172
0.9631445710588776
0.9710397053807736
0.9728316787573374
0.9636753250952284
0.9616266831895663
0.9646855306361131
0.9706342193465146
0.9716646032891723
0.9721893355897103
0.9671488502503781
0.959329913343921
0.9547219869765501
0.9570242646132593
0.9588448067820349
0.9568897226561991
0.960179168244338
0.9650901893312156
0.9632174033916251
0.9589479814668845
0.9592759190272705
0.9603643990379748
0.9540253744649541
0.9485722000931651
0.9458334408650387
0.9529822332233667
0.9563912692676467
0.9518383949831357
0.9416952350699511
0.9392817224974038
0.9419674363624562
0.9381062018935025
0.937634710723926
0.9372800890592408
0.9404912922705577
0.9347989098407006
0.9320563757245475
0.9288759132808475
0.928982106366748
0.931938300473554
0.9344487920923262
0.9369565397833567
0.9325910354255791
0.9285472558525082
0.9227584621727303
0.9205208958780464
0.9128170452816942
0.8951162271427477
0.8702036352025361
0.8462515747818031
0.8226226670240789
0.7864694761129173
0.7397918701032472
0.6903584275988743
0.6398787478942353
0.5873731954432425
0.5360290921091406
0.49542129343592023
0.4756918412995434
0.4712787041964885
0.4531573279142396
0.41654632372560024
0.3758426457975037
0.3382363054465322
0.30486179081082576
0.2761061739876823
0.24127244607124604
0.1769252987532422
0.10175726299452204
0.04563287331937161
0.026308959400315114
0.019399412326382565
0.016119894480881865
0.012488253948304497
0.013782046250137426
0.00871475860691339
0.012154069690822207
0.016062525445275554
0.020277878542015827
0.015018818719203396
0.007020146171551671
0.0
0.0009978334030022885
0.032037176855366147
0.1033853874921443
0.19610947200434423
0.2950535272917226
0.3675855253952193
0.4146460079127705
0.4277422495611735
0.44245462617034004
0.458371235327412
0.48348970661695495
0.5173611421536846
0.5598278127383222
0.5991274031595062
0.628938034729908
0.6558749730201389
0.6858640054000383
0.7069656764715663
0.7139728392847666
0.716407517037724
0.7220266456701598
0.7273118887858524
0.7276000996078538
0.7239485565966092
0.7227061545698734
0.7216846205787569
0.7233075190486127
0.724685352710991
0.7169755814016033
0.6946422355438693
0.6732336479788533
0.6617585238840414
0.6520921411141981
0.6428090969406789
0.6218615094348418
0.5788780982833412
0.534252395407554
0.5130388900814149
0.5079192976369546
0.484088367237526
0.4124769796383253
0.3037357645701509
0.1855194895207877
0.10256330911366003
0.059562937215551906
0.04964644797422463
0.044190629877248616
0.03748873573046148
0.033982857806213566
0.031352129857166164
0.03185662227815254
0.028074933798994582
0.02643829545035211
0.029049580372437444
0.034380654959482164
0.041590231810068726
0.06623697517930635
0.1311687396299593
0.23404713707021182
0.3447716740421027
0.4404663871744142
0.5087824482806497
0.5518380884025036
0.582051376136723
0.6166328947291057
0.6693167371985322
0.7273735217398244
0.7769845319542337
0.8053528260943673
0.8222609429831605
0.8328457166972639
0.8450611325892085
0.864163992767939
0.8826457996417297
0.8919500572042
0.9020981224351079
0.9165165080328049
0.9329435074351409
0.947143109721625
0.9595263186585683
0.9661413561629784
0.9677250464269356
0.9700750332753812
0.9734084864526128
0.9793374032033336
0.9869163120443999
0.9927697111569099
0.9955235216948146
0.9961108579873497
0.9959413812097618
0.9898358643589007
0.9731094717810886
0.9581077272560325
0.947187226142188
0.9129093900056717
0.8207577080570146
0.7020163321320669
0.6146620295432209
0.5723051745993887
0.5407325427194061
0.503108248132609
0.4451882473311223
0.3418386822077181
0.1921067885688806
0.08467539519598724
0.04186595950130888
0.042729913760483164
0.03361559484203878
0.03321119726071226
0.03326667736563737
0.035380274214148105
0.03720822437671852
0.045176251813288555
0.043657768320524225
0.03706119679376816
0.025038714983788787
0.03447696900376992
0.09837752965867388
0.2294272138256505
0.37490933502288204
0.49150276657659686
0.5748851464050033
0.6243632079446911
0.6484792131538427
0.6709593333043482
0.6997513715195416
0.7303955928501258
0.7491179891200302
0.7571878628402429
0.7616014698891174
0.7671102540555413
0.7704820354425814
0.7703025784997662
0.7709741464349308
0.780498054342777
0.808068112857099
0.8441785225443287
0.8702852350424927
0.8899907506464295
0.8935773367536434
0.8943224573653478
0.8915138870818464
0.9053891132808379
0.91728107702994
0.9315971265544308
0.936757104608458
0.9404451950380529
0.9203392965536316
0.8764596775854838
0.8217493194106655
0.7762478366538219
0.7423647670336694
0.7196346821005414
0.7125188745446082
0.6916704794969004
0.6414044294244804
0.5554633014241861
0.4750667530949852
0.41457355469148416
0.37719862350711697
0.33185329240435385
0.255292650433235
0.15415592805121903
0.08011591825728721
0.05059413685525592
0.05002835126117629
0.04730459442427348
0.04302015798012167
0.041000083256804896
0.047158179429449026
0.04860846333332034
0.047033561765271494
0.040045158363537094
0.03796188989228978
0.03539580696635797
0.03698196254219862
0.032123651222038974
0.04641792921321018
0.11514065965552107
0.24029606572329118
0.36902426370294916
0.45823246763804226
0.5210780512947781
0.5650400454317787
0.5907451349616563
0.6072739299007961
0.6323241178359144
0.6636264862534187
0.6939727650228386
0.7059335689540337
0.7098113111545471
0.7230206507500324
0.7569522439507662
0.7984757495974496
0.8377126907434791
0.8757891259106042
0.9037387991249007
0.9258614566553772
0.9258197433050387
0.9146065832455261
0.8980986933024467
0.8908863072318501
0.8906394367818855
0.8943791935229425
0.9000943901591685
0.9057773203251949
0.8859063543077386
0.8091750540314493
0.6808736827047047
0.5677348348503648
0.4957911984168417
0.4535975129136553
0.41738859577481174
0.3930758157074707
0.37884452283376724
0.37251290127136594
0.3666386175732369
0.35895411074203887
0.35358886564202224
0.34794772011721065
0.2873865305956351
0.17256395042917236
0.07886852312304851
0.05307500539974619
0.048888588733011426
0.0477050310155105
0.05188051601772938
0.06261971928163501
0.061102100042248295
0.06345012524068992
0.05580520380364242
0.048743618435725486
0.041949783117086685
0.0418225344235596
0.04078675886933127
0.04745374200790173
0.05013737461767642
0.04988495935556145
0.04309296095865188
0.06186565500179056
0.09531770864496994
0.1381505769960444
0.17111470290303185
0.20254696414807843
0.22892636712725184
0.2631972069169044
0.302392542348931
0.36685797824265937
0.4591889516900165
0.5777970705113377
0.6609813360236775
0.7048569279316762
0.7114603088143089
0.7178210859203107
0.725855567022076
0.7479755317868672
0.7712970601435516
0.7984708690098068
0.8286477822292225
0.8500613403449762
0.8569503163621996
0.8606439321102001
0.8761533773999078
0.8910003455029513
0.8992621309962925
0.9044486719261399
0.9074205822097549
0.9230385454420087
0.9459903085863767
0.9740282972202292
0.9861402256241963
0.9965210442722295
0.9969000819367969
0.9955670635228934
0.9568120789464445
0.8902146583616966
0.8177463094001571
0.7798019746104959
0.7448609891280202
0.7233035556437759
0.7022949861837634
0.6652777030985969
0.5897338656191471
0.5144851409473347
0.46407737261741505
0.4312096153640276
0.39495221546900894
0.35220017663337694
0.2631697021767422
0.1582308291014146
0.08653292220550943
0.07136140695468077
0.06500331920036345
0.05800854861219705
0.05431193528004929
0.05230953646295136
0.053317435094198694
0.05753208430790791
0.06577266423671506
0.07159779345294748
0.0856314844356687
0.12798827830531628
0.19820461124117006
0.2593780318182004
0.29993403614875513
0.32344974529103304
0.3428346254469769
0.3628669914270343
0.39323333182584247
0.4227892612206726
0.44510704493471576
0.46031671710348815
0.48072254388908087
0.5088672445319847
0.5395367790077815
0.566321564983135
0.5872623405703056
0.6149332552895221
0.6503126231466212
0.6818576648672623
0.6949086106929546
0.69568219646038
0.6999342063322254
0.7160975545738845
0.7332556447031
0.7431209950371075
0.7553238435476792
0.7742449432040474
0.7923692155805521
0.8172108450396625
0.8120371691944552
0.7515293181597876
0.6662242398692214
0.619080372182945
0.6023975159966493
0.5978382898190183
0.6014678916387225
0.6185346846331106
0.6367823928872193
0.6572493114522088
0.6703370100637858
0.6732843921704462
0.6705141738838751
0.6706319010102734
0.6503417928027301
0.5893692581416263
0.4976921315312516
0.41141481173504146
0.3431902129809579
0.2953367002113763
0.24651346088187748
0.18048077937345763
0.11671326672695059
0.08053613349546775
0.07113505385888362
0.059263349226116965
0.05346165547758927
0.0542777986466775
0.05141481651367608
0.0474274431112899
0.05240849806497002
0.060304626137666205
0.07081736804287683
0.08416659803417546
0.12002560606567182
0.1720158218219263
0.23646249533664004
0.2770884628193788
0.29421092643443847
0.2952929821017597
0.2996790929761732
0.307903301620352
0.31739615172557983
0.32478063719476286
0.3389096931797376
0.3741489791521257
0.42529754574829753
0.4743520661310447
0.5027316781150938
0.5255805831231678
0.5546097784569837
0.5911339514554952
0.6401398556069049
0.6890132174935594
0.729273110122272
0.7495535926871002
0.7625125707638934
0.7685723971256299
0.7736539140004869
0.7680713176975527
0.7585545853086427
0.7510985038618401
0.7634920573275057
0.7728333095670852
0.7813016408788365
0.794174823871173
0.8208561057763195
0.8431853856438208
0.8549108191790393
0.8602790465805354
0.8549142378283154
0.8384992065471534
0.8261954566367574
0.8225024907700506
0.8283246311073291
0.8284752345303465
0.8285919559966684
0.8314177312383737
0.8302917140042207
0.8125902499834982
0.7654697176662946
0.7114408939517401
0.6631537383224085
0.6384681113211931
0.6140753574306389
0.5649994066219279
0.4743193784146909
0.36694587718799365
0.28337390780938815
0.2167324468659908
0.13493867245004332
0.06840673683883587
0.03934311026198341
0.043390896664401435
0.04312338887506376
0.04395843935294688
0.04220950367170932
0.043630050311599104
0.0448715202176518
0.04425650209566521
0.040918577026075834
0.04019062039132845
0.03848680220101167
0.05154452930447065
0.09368822928872522
0.15425004065993633
0.20592375351395809
0.2297878793428092
0.23539214534517564
0.22811971059837394
0.2328241970009227
0.2595820058879189
0.2983942849955655
0.33423644741166475
0.3701006167959952
0.41310232069703035
0.452645083947264
0.48179866465735177
0.5054629588179216
0.5430462290333745
0.5935991374171145
0.640931297509065
0.6664986041515519
0.6780156306823629
0.6894794546700621
0.7060235059802407
0.7181377984762491
0.7247247484497502
0.7230418835284965
0.7190600016218885
0.7192854067317218
0.7277453669202404
0.7375723793691171
0.7450090021317693
0.7533868485342691
0.7568286791226498
0.7557781375094033
0.7540880555497993
0.7564493384309641
0.7643734910033273
0.7732937886551212
0.7815026221350577
0.7875094263708303
0.7872321520209067
0.7769196819946497
0.770133475211794
0.7715514257975322
0.7773933224725859
0.7768844797172595
0.7803338342880183
0.7800329719838248
0.7619247906045425
0.6874677592147357
0.5882935309695012
0.5164777210224591
0.49306358269018885
0.4811457008946662
0.45828187204787296
0.4207524074723378
0.3492024346489788
0.2685250086483245
0.20972156947359238
0.192431796079902
0.1922936587406369
0.17976276107732583
0.13586703162279407
0.0804796736191305
0.05089178599860814
0.04820175027107672
0.05175899370467549
0.05546996406192156
0.05608951810828005
0.05541952527432589
0.04933769542960934
0.0484385527455167
0.04714879125132873
0.04415567828782202
0.03997348155840174
0.03905314321270744
0.039219421113682124
0.06509352031800437
0.13051301180608604
0.20600748662739066
0.24853678122219366
0.25294813354346374
0.24006502597809665
0.22884724931836656
0.24065040563601228
0.2810694500490733
0.34930005055524616
0.42141566309299466
0.50050270555515
0.5714965255676262
0.6259299158265254
0.6465102038609998
0.6568882711045911
0.6632783908896639
0.6726792344590271
0.6859828879898707
0.7141607115900316
0.7494224161315094
0.7777426679043659
0.7981839663098074
0.814521952415064
0.8260250002492829
0.8287228397232865
0.8425108830159789
0.8617485604853444
0.8802903804886987
0.8865738441492104
0.8909459709964054
0.8942337574827876
0.9018850670692765
0.9147108209020791
0.9328539726938819
0.9503452118035409
0.9646937226068392
0.9763475166409392
0.9723883764319159
0.9346502778279675
0.856169718856798
0.7803968117874266
0.724814054116385
0.6955355876066537
0.6767646984643516
0.6721298654788086
0.6601445458279079
0.6379718715758899
0.6056238000437835
0.5740880976505892
0.5357998014773457
0.47105821424432304
0.3588329931268835
0.20783252898520133
0.08995501434431144
0.05172919268014964
0.0777720921616885
0.0936280304107232
0.08672654094849352
0.0657958165900508
0.05007410870590312
0.03870914151898587
0.03670227640158461
0.03962478720032605
0.0409829547059788
0.046277883760486804
0.0804885123464778
0.16933196051857924
0.279171995789247
0.36466991677662774
0.4027212337076545
0.42339558650361586
0.45878584581748905
0.5178410757265487
0.5831882698786334
0.633371280846437
0.655439318566564
0.652721045752943
0.6474981454971618
0.6562044746687945
0.6756797890482665
0.694908351709501
0.7096668021661808
0.7198993462622628
0.7347841240124531
0.7500780024209445
0.7663131931356563
0.776958808306411
0.7898898343429605
0.8025454439228275
0.8162040416777954
0.8315283155579316
0.8522791522424173
0.8787076394468868
0.8968666354542383
0.8965969084191783
0.888970570263892
0.8819441946667643
0.8810333971609833
0.8789358336032236
0.8882047717265454
0.8874792092264491
0.8818471080210672
0.8732061721781605
0.8749381651638509
0.8678729026017988
0.8620102677070351
0.8487777935564761
0.8120826310127902
0.7477272856343227
0.687524672708665
0.6458177508851919
0.6205861957896828
0.5967999911817325
0.559930500012033
0.48325411364902177
0.37926224129405534
0.2926100775757501
0.27084429209021815
0.30275273292606436
0.3431428164773189
0.3535713797293207
0.2861921578461336
0.1663131765028693
0.07746539894788369
0.06461320751596808
0.07424565225010131
0.07401964085489712
0.07339812326728784
0.07444095998391115
0.0748661599213023
0.08415332451779042
0.09436843708505861
0.10323130619158957
0.11281136537361221
0.13663193933165918
0.1776065948130172
0.23811463762096544
0.29913992755271385
0.3408222952831605
0.369654992588891
0.38646094549297033
0.38510580965594077
0.3818723408983993
0.4347659625414929
0.5452974592654702
0.6547329857876235
0.7127244436640504
0.7361324854271075
0.7447319981257872
0.7494065452431405
0.7565172437149614
0.776538644902155
0.7992275700048523
0.8167212777124536
0.8204477376239115
0.815343015582419
0.8100886353411038
0.8124204967138193
0.8180228222539545
0.8213779286660752
0.8259506380639894
0.8309579055559767
0.8313144261149811
0.8356043090823657
0.8342878613630553
0.8367714048576225
0.8332434436742365
0.8327577966838077
0.8253514536134612
0.8264144394484925
0.8100703356626053
0.7751959664950823
0.7337265130204031
0.7070624756517987
0.6905852368303695
0.6743406891092105
0.6360833258419133
0.5881576207893522
0.5609788086922327
0.5561797812593514
0.5506606826352443
0.5355602910176259
0.49500520469056036
0.4055424679308795
0.28882564395469973
0.21154192104124414
0.20402907302497628
0.2268365921745436
0.22473086340330642
0.17544045080159082
0.1098239230590642
0.07074524474377678
0.06123321487524271
0.06370112583939652
0.06160482332198516
0.06590176984699488
0.06446719548167822
0.06515152718784105
0.05829108716165009
0.056471983880640945
0.060373047408300906
0.09685778319324524
0.17525436147694798
0.2638369448259174
0.3201670335668671
0.34291828629684
0.34686024243692737
0.3284058510781029
0.31178781066076966
0.32607060086192086
0.364631009753266
0.4030135845963342
0.4453040409963586
0.4961580967441915
0.5411164439454612
0.5761116600806759
0.6145976141351015
0.6528055507431622
0.6796046994182394
0.6919637106701326
0.7016397212252127
0.7113668312525785
0.7143822679819206
0.7072048532944136
0.6930416755993174
0.6815814304750848
0.659970088889627
0.6323479349521117
0.6199186531974434
0.631131206210764
0.6499264537929835
0.6607515363230877
0.6690434495049622
0.6736509751311076
0.6729698146233318
0.670752700064857
0.6712689304259858
0.6785116077093937
0.6930141866245104
0.7037879298269916
0.7143532857578779
0.7192392737743349
0.7253366514698204
0.7246526871895703
0.7258500288926963
0.7233980966257255
0.7206632971840089
0.7162587415496375
0.7093864234999284
0.6964095579606152
0.6867969838911713
0.6859786555327873
0.6884232995142024
0.6846064364306931
0.6659743932476898
0.6291405790752626
0.575722702849094
0.5305999192501759
0.5168902565531099
0.5186035993150206
0.49761228324901763
0.4506326781326772
0.39648116342070766
0.3463587141313922
0.29228206695198383
0.24609158297175068
0.2044055451848646
0.1522029878958
0.08498460825993022
0.04599924639249858
0.041573461198482466
0.04767611186438753
0.04825576128533947
0.05777263460392888
0.08137971629090388
0.11012760116637273
0.13563874628926664
0.14723626586906527
0.1538601878033604
0.1599998911799515
0.16871009921939825
0.18566441602220096
0.2195131729232184
0.2770655287424129
0.3618718688877509
0.46007806490272585
0.5436098050968143
0.5843070217560444
0.5928535721755591
0.5755745000408332
0.5482714519883403
0.5219170746036437
0.5054202067975543
0.4862598907997783
0.4648234751556039
0.4425710805501064
0.416771094679025
0.38995595719562554
0.3704703611684188
0.35694601736780734
0.3651447708182641
0.4083096802213679
0.48308637028701484
0.5506655618632719
0.5872075413176749
0.5904224880201219
0.5774660308515928
0.5647931060560873
0.5608269639224266
0.5646645751500662
0.5690438368921866
0.5704636993748148
0.571171539937991
0.5718422942997118
0.5729320249788891
0.5763141412944144
0.5828483904833187
0.5911114597946344
0.5974456692176114
0.604368585491699
0.6067650377209877
0.6094884234277022
0.6134423051445071
0.6225219328613102
0.6295941931269033
0.6394239976196704
0.6441912630329726
0.6360739312353789
0.5967388358020356
0.545024239224683
0.5068993768579181
0.49131916963285044
0.4706944739079702
0.4393172076943812
0.41580890773113877
0.40237769251266203
0.3623975427742426
0.28438983015833735
0.19539127831610492
0.13951134717537145
0.12032158703827249
0.11994909281314534
0.11091876690315955
0.08065663008087297
0.04822188847367947
0.033426824852958885
0.032949285572801315
0.03428626035518231
0.03402230947287149
0.033594533602453354
0.03619561752422317
0.06355584774235229
0.11591343020921654
0.16544294805714496
0.1973106520857031
0.20410800987092892
0.20132407364243782
0.19820512028219744
0.20927844615361185
0.24926505961091486
0.3090641959199448
0.3688149143998987
0.4080013706784491
0.43317745342175595
0.44815824631463236
0.45680831944750755
0.4616137467723287
0.46013973304794287
0.45826754281559234
0.46180385511108235
0.46942294718988953
0.4822736345923113
0.48535913641630984
0.4873417756003249
0.484455573277647
0.48143632439837375
0.46205021240289007
0.44426881455932027
0.43816323680892344
0.4559605542367352
0.4774188244920524
0.49271543580423205
0.4962405808784881
0.49965496050741887
0.5105594491529037
0.5438928747160927
0.5934691510086025
0.6402929556039993
0.6650780130219842
0.6698209292719512
0.6551567618180324
0.6335636758509458
0.6163411099617023
0.6102037757143899
0.6062765092869723
0.6074588703429862
0.6094086033686665
0.6116860307244233
0.609787409168601
0.6108980732422401
0.6084538242627683
0.5935712023207333
0.5624905235116244
0.5255033815601267
0.489428346121801
0.45292232360043044
0.4026899313895189
0.3415388183508109
0.27980222448737463
0.2124581717293832
0.13121202550239372
0.06909469634513157
0.045676283837591
0.047239626775745995
0.045992135551612155
0.04064801853030799
0.03185490958201604
0.02801823020741918
0.028976232789329738
0.03229795283679233
0.037241615595095416
0.04090914825494887
0.04648256866279562
0.04409744464049561
0.03934630817158652
0.04097768503100863
0.06628431324106814
0.10574895295242107
0.13333160642680722
0.1483456845239174
0.16153739541785855
0.18321913754455388
0.19620362078092143
0.21102852827382382
0.22703738999321213
0.2420860601369107
0.24721919041064613
0.2450947884582688
0.24099604654616633
0.23899695927534742
0.2376297474214526
0.23266196433968514
0.2249672265031052
0.21685429422235367
0.203871559641812
0.1871963884034761
0.16912560909887706
0.16133639625857293
0.1510364795065822
0.14230467050837597
0.13392967631511163
0.14467367978110704
0.18274652614906478
0.2563558904372118
0.3396709901123841
0.40394765262388577
0.4396191271530832
0.45093202297005813
0.4459130588173106
0.4335665440703874
0.41869038577611584
0.41065916221704557
0.4093810837349431
0.411104002844874
0.4070975261126456
0.4002567843453147
0.3915839124530413
0.3832712328599989
0.37299335245893994
0.36704976068453693
0.37390737271036895
0.40960159796505236
0.45790651435846974
0.4946787160642561
0.5054741523336334
0.5073952298710412
0.5076359008630124
0.499174669966786
0.48434567665643663
0.45876126574436704
0.42269994983267817
0.38319616476649215
0.36054401595316343
0.3321238251692225
0.2827892244880363
0.20743575164191252
0.1376714528389368
0.08048749448734108
0.05317048364454544
0.04170828641340507
0.042615297772043155
0.0405506344330839
0.04475618323038523
0.04571237633603932
0.04708181562264691
0.045067893996255645
0.04574796790649064
0.041092215221801065
0.041883605698088786
0.03795571101413337
0.038932856922166276
0.04486489457411493
0.04786390642084426
0.04330276621460251
0.03916268454600462
0.053843957117576745
0.06895913233438777
0.08896033358045946
0.09867079345153533
0.10060389213962048
0.09852559780846167
0.0996853328267672
0.11555713086153452
0.13924684207012444
0.1685689456367207
0.19701292105991414
0.22939883925182128
0.25908315154739886
0.28934519779938234
0.3252644142136888
0.3609829039005933
0.3917914900237162
0.4259146930766745
0.46545464719882484
0.5027689492161196
0.5467733785537975
0.5947400753781613
0.6411039116262183
0.6698972764991602
0.6895401910915401
0.708043333103666
0.7476021356439473
0.7991858908432193
0.834250644145205
0.8410139940234778
0.8346977560461849
0.830069596579335
0.8278097861657349
0.8258200366720385
0.8217619804664149
0.820079029382721
0.8195102266908344
0.8164636589907702
0.812936123312836
0.8102702469248197
0.8068421113564472
0.8081075909358647
0.8144566270071443
0.8215111976435864
0.8227658273806451
0.8075738492591203
0.7632836527107881
0.6910475685718147
0.6212410220306417
0.5823591241966829
0.5723288242465967
0.5654920690784548
0.5497617203440878
0.5288812748212437
0.5033243041761137
0.47406046938439894
0.44894652540357155
0.423818817117708
0.3579702056605321
0.24832992421220518
0.13313288174229354
0.07347404772133326
0.05596975413088726
0.06801951562408225
0.0839614101603566
0.10194348488645986
0.09755555822106239
0.06260124704569857
0.028452688307763065
0.013949584353236543
0.01766558252309359
0.02306008634344414
0.0345418135277948
0.048191802180056476
0.08247390479001472
0.13515867702946913
0.1922771944366485
0.22310167884314588
0.23531738225771331
0.23224344825184431
0.2482223293294419
0.2829491756781953
0.31961620437829613
0.349339162898828
0.4006107962511542
0.4751028467474114
0.5462424988211108
0.5951991166160261
0.6369965117601063
0.682291454508846
0.7256299655355827
0.7495810716597991
0.7537913440535106
0.7439066468335368
0.7384779590346656
0.739390160063165
0.7448310093563966
0.7485139536011036
0.7590636163562503
0.7665257045498324
0.7735909359220822
0.7869670905686208
0.8098843052850471
0.8261595120516699
0.8276907100374798
0.8212457666627658
0.8168405064271432
0.8187228477422175
0.8174516062635957
0.8146034412966214
0.8125393334922671
0.8126799073604121
0.8145943488852545
0.8152401862778529
0.8155049175050199
0.7989623571843115
0.7651005794976589
0.7222823407818697
0.6901232446332896
0.6703950454007732
0.6645968775373712
0.6610638637385509
0.6305787519134162
0.5676896401685162
0.48835529540370426
0.41834969900794244
0.375912377658837
0.3505859427859322
0.30023186594213647
0.20721419512402534
0.11103559794984695
0.05957368413020988
0.04819948841579566
0.05782281951455083
0.06331821882103486
0.06993328152707988
0.06676225595167741
0.0628335394631415
0.05028472528257017
0.03825272984471549
0.022918863830288818
0.024933815496452096
0.03237640234597671
0.04745277609240811
0.0601166335202347
0.07809140851421796
0.07732807023074027
0.06756552654242184
0.04760843705551976
0.04884343355158119
0.06572763262195562
0.10681855971074138
0.14436672858465013
0.18981988916462333
0.2458120262138497
0.3013246010357319
0.32869105421377615
0.33625515482064716
0.35614377539043945
0.3923436805702617
0.43392498648754513
0.46647199963369634
0.48568166939998986
0.4970628679733586
0.5086686777176024
0.5205492777432273
0.5312816767540138
0.5432907191847495
0.5560982539740907
0.5788539407859442
0.6057205512437008
0.6278672264363051
0.6364395408617476
0.6415293725460979
0.6390910377728847
0.6362758623019634
0.6334563468592158
0.6385719852035993
0.638134002837335
0.6382955390507651
0.635155513261981
0.6373314966284891
0.6397730885012878
0.6449178396631218
0.6509679823996791
0.6576245729724727
0.6615354235595927
0.6618026491109228
0.6612078749208253
0.661543153607692
0.6592253860962197
0.6535904350322841
0.6419993800149836
0.6342889197453495
0.6220618022677419
0.5966364789940499
0.5609549851443622
0.5412552328839652
0.5375018491638004
0.5443719868484868
0.5492254643214716
0.5402278483430554
0.47905051663569514
0.3784395375570951
0.2828988696936176
0.23994084604614474
0.23302835011358503
0.2414518111328428
0.2479138645263367
0.24909014291824824
0.22709856073323664
0.18154373929916734
0.1267355922045546
0.08955272103863941
0.0661004749260298
0.054988553935344714
0.054532060636970664
0.05897172691783594
0.05560823397572964
0.049744025145811485
0.0466221094071904
0.050671085996160325
0.048216909378576873
0.05545556126325727
0.06014836882272918
0.0653002294560964
0.05202668705042565
0.0464278900527697
0.04986322771114941
0.062033581348886514
0.06938658985879738
0.08930812860256761
0.11836350218690765
0.1504260766061557
0.16922375917649538
0.1886214486710053
0.21512253490058836
0.25531153941919327
0.30672042934804933
0.36167051607217965
0.40832900743731126
0.45281851409106355
0.4913274864207929
0.5233062646375642
0.5445515855799657
0.5647841642215995
0.5752525504150249
0.5763324481026425
0.5830441130355551
0.5990646046733972
0.6221296188326217
0.644481089105819
0.6643832171008628
0.67922330762198
0.6846955761145405
0.6956220536882662
0.7118963112845058
0.7353852097645461
0.7509769238734109
0.7685718699079962
0.7827994883765561
0.7954434372841764
0.7987645858588128
0.8050492355963282
0.8084159840074597
0.8139895725938888
0.8142808239611836
0.8242490749168967
0.8284252128396912
0.833999621225153
0.830254243984616
0.8338915140928749
0.831206050779622
0.8367236212191532
0.8358727916741207
0.8407816017293611
0.8436816087258928
0.8503194974406688
0.848979520966362
0.8458844582317623
0.841793273216434
0.8430247009564034
0.8408990821841472
0.8157745518613615
0.7757455725587626
0.7345948254810224
0.70183851707792
0.6725242238285777
0.653356687987035
0.6217751255056684
0.569869455235672
0.49830830452401065
0.43351597999035413
0.3938902626748056
0.3913244103773453
0.39259216286309023
0.37529583713970405
0.32649579136850626
0.2738901440201913
0.22754384996596247
0.19696476893088227
0.17896747178962166
0.1772924426121348
0.18292394364972123
0.17458017844230184
0.15469174690141752
0.13107800949239984
0.1073651063383726
0.08084669289773116
0.06798480964943651
0.06552504285933858
0.0672174281101733
0.0663484136568675
0.06922769700779856
0.05592104101996299
0.030658591082976284
0.015989554285065197
0.017841395807835104
0.02795817457509239
0.03703621801457279
0.04196847189335736
0.04011553242950871
0.0482591486344778
0.050702551586489876
0.05168263602721377
0.05434957135828856
0.06095202807639553
0.06375709319251054
0.07764897847646567
0.105793202945912
0.1340867024298626
0.16638270958636267
0.19235859404778122
0.2117242181662787
0.2249254873796849
0.24628219585309466
0.2810520330956697
0.3266470025099104
0.36823018123022844
0.4100381454228139
0.4495654529549826
0.4771159010129808
0.49351161298775015
0.5025274497905514
0.5016744093423842
0.49939740275091815
0.5044522385270914
0.5067823955116061
0.5017809023521012
0.503711801250966
0.5278650175419681
0.5664441347811069
0.6091609596127018
0.6341216881147851
0.6438760514613044
0.643898248650624
0.643860708323967
0.6433554236579032
0.6420037499821643
0.6398455449184369
0.6366502615771361
0.6342425457424925
0.6349452632384089
0.6349395550742335
0.6299473460609649
0.6198349654312834
0.6064307922733843
0.5907014758787007
0.5786095227315255
0.5712038584915144
0.5686400911460515
0.5702766989919619
0.5749468363335805
0.5780129643946975
0.5778050409969878
0.5752123575218999
0.5682648625415342
0.5640799775927925
0.5698211759837851
0.5839058900766841
0.5957377554559811
0.5956957147740355
0.5787414029414801
0.5484444200388762
0.5193543807661812
0.4939069317321869
0.46953013360069756
0.44697736325323745
0.43077245533554337
0.40529588296389807
0.3608318718381984
0.30065375653582305
0.24758431271699696
0.21959904393854596
0.21462427088880304
0.22504200840606925
0.22824591185469487
0.2286864310462439
0.21789226512562634
0.20761569865164087
0.1668207537424308
0.12385440634937954
0.08971218664012416
0.0881042298494634
0.0976930626977319
0.12779579567087634
0.15620775936136932
0.1668254737639469
0.13300638417922614
0.08935096885243725
0.06556349090959422
0.06406056975891279
0.05835875840347443
0.056596102016576486
0.05800545560667971
0.06483232155322466
0.07429639561778263
0.08563160908321499
0.08561379173181295
0.07632121447817912
0.0633867676578171
0.05163841429016908
0.04225283910475279
0.0373103160964867
0.0410409941100422
0.05227738897958054
0.05422526511721997
0.05085902062255729
0.04619543793858974
0.048298994559890944
0.04949316995873806
0.05258050895844581
0.050754413586640776
0.05321223833364203
0.05866005130172827
0.06729364545260313
0.09194331203326375
0.1324367307316997
0.16962367761102884
0.21144117975421373
0.2868557214394339
0.36078812451665165
0.40101785879375246
0.4108184867509963
0.4161531559204411
0.4117601263158687
0.40131514860368567
0.40333576697834067
0.41746306008215095
0.4352886279202265
0.44294836914081603
0.45414590279140926
0.47085934416985076
0.5029954010949533
0.5372940228455207
0.5616973043140349
0.5720679815610465
0.5761363328564613
0.5750129089397764
0.5697388250991632
0.5604075679534033
0.542539855255597
0.5224629615644217
0.5054809059665268
0.5001783641171615
0.5024516398596749
0.5109714259121912
0.5159032089220841
0.519843224674905
0.5224027767365523
0.5274918013586665
0.5280403609615689
0.5240214887641081
0.5259452810776399
0.527087501616321
0.5240275842870786
0.5171845738714737
0.515836386376754
0.5240788287075366
0.5222679093771727
0.5036123977243333
0.4592120196950455
0.4191032511695365
0.3877641286093981
0.37857234769634285
0.3751698790989166
0.3695260100801976
0.3487875681579631
0.32790632718627466
0.30310304858409176
0.27947512485344816
0.24419280785701525
0.22204236216502699
0.21334737967869755
0.21345603620008008
0.2102210413565976
0.1994612605399716
0.17527732435201734
0.14541078571163332
0.12491954342619982
0.12256348354009662
0.12851798589496738
0.14640372419733363
0.16809308316746654
0.17469552474911113
0.13987210371917408
0.07604888363459873
0.0363762557312135
0.026006576195552418
0.02856151791141452
0.023697317846615107
0.024680657624333878
0.02861790552672148
0.034975616146667214
0.04259914356069673
0.0487060458529205
0.05715861044669549
0.05645083221091803
0.05247099665836242
0.04440817157696113
0.042041810072126276
0.05219761933790143
0.0637422640757269
0.07584736037685665
0.10857952120903261
0.1506202592919354
0.17284605785029122
0.18091798969264994
0.19040791794695192
0.19302288226104627
0.18687702033186313
0.1837009593140273
0.17545375312684858
0.17150273462158472
0.2053901478371515
0.2879154317017872
0.3912712662326054
0.4718783439171973
0.5157723781344884
0.5250634186901776
0.5176733696111879
0.517515462992952
0.5305132882904825
0.5468026460976223
0.5611612639361268
0.5686871483224296
0.5734660698475171
0.5704366026383251
0.572063649973662
0.5773964628605437
0.5923516814216356
0.6013052170357114
0.603726062626639
0.6004027651975319
0.5974256373001535
0.5927717919061866
0.591732037253187
0.5929549858914464
0.5953133337048858
0.6031896307452944
0.6114380749166821
0.6058729115463303
0.591913465883553
0.5824566618638111
0.5788069931817887
0.5718386947403151
0.5713012054714027
0.5691549172079501
0.5685225093134361
0.565610782820347
0.5698007704015313
0.5673907375699653
0.5612076833513381
0.5347385285300141
0.484889110190082
0.41910351042147387
0.36651488856612957
0.3469450494390274
0.3594049128211606
0.3850520105603112
0.3999886041275135
0.3979754597197403
0.35481744984721086
0.2634907414033937
0.15757077584556212
0.09296482776703605
0.0857127969635677
0.1032793861551378
0.12221336078096692
0.12198335294742564
0.10444320063887971
0.07236151526460734
0.052259905794157686
0.04950767645203709
0.05059940282320903
0.051686674548158396
0.056686655617120385
0.06408251263212834
0.06757987924134029
0.0649529784690206
0.056246415105354435
0.051511058901825016
0.05507665644889118
0.055053034463868354
0.04912444785901038
0.05252522990218398
0.05589971273311651
0.05885616164195291
0.06449884010992082
0.07835153886503664
0.09266172233575208
0.1077459171739026
0.119781053627918
0.1353022024069288
0.1525225473281849
0.15091937916931236
0.13499069716889384
0.118907863475532
0.12445102177662204
0.1276112304800567
0.13388847383790223
0.13421945103162314
0.13542589332266827
0.13496746620901562
0.1448802851053783
0.15682045285913776
0.1641791188551389
0.17194737588155762
0.19279460821188846
0.2367745308142284
0.30281134934648685
0.3700732827250049
0.42409847311531046
0.46505424485222147
0.47773758329198057
0.47323871310302656
0.4615819627676244
0.4487373851684023
0.43690101709979895
0.43946679579078746
0.4491064187768706
0.4545241907313163
0.454191386061929
0.4559498353992336
0.4530364327402112
0.45162193145350293
0.4504384501978082
0.4472102543332308
0.436957652289192
0.4281486387554792
