0.06549838268010631
0.07474356908606988
0.02836646785410173
0.025537878942127234
-0.009692983343924681
0.008551930643192157
-0.01752962478948295
0.01249412037736857
0.005399580563024193
-0.0321202228597787
-0.014300908888120231
-0.015242668401343607
0.021080588611547327
-0.054198862011036616
-0.01946732404392141
0.0038144063984526227
0.031931769699604276
0.019399940667149177
0.015802910261409266
-0.009610522110063522
-0.001002833069966233
0.008072657404344513
0.03348855561079365
-0.00021083395806978839
-0.028568446276172783
-0.03170023419832218
0.013598593733858733
-0.005056753122336177
-0.012693032632574942
-0.01447820522810952
0.04691195552573374
0.022076290960934577
-0.05106821003987488
-0.04159045374265568
-0.018403942785183713
-0.01248097968175714
0.009803833061074749
0.05770827876797768
0.03319046784846779
-0.034852528322100354
-0.0029417183815054013
-0.03401562202434854
-0.00883307203920531
-0.03042788340687086
-0.024270571812782096
0.0067556583873330765
-0.01787479857048427
-0.006058222192266334
-0.009686381978449664
0.036400592257928646
-0.039764663195771724
-0.048394276538800386
0.01597971074738986
0.05228549704647539
0.011867336877074789
-0.060637917334599965
-0.013567123235726425
0.020257205591611364
0.039395168380544465
0.006823713744951294
0.0034750376664129884
-0.033380595006668734
-0.051780879952269404
-0.030515974858512058
0.015246824900810474
0.012056533594939332
-0.012947537194332694
0.021784340908069903
0.03252321848673172
-0.012402517768643588
-0.028274230473455977
0.0021717652475446575
0.00720845473483456
-0.041980166147523965
-0.036113626555959136
-0.018137422581408172
0.04734285022872946
0.02257632824943817
-0.03015139264896151
-0.06717303798263727
-0.015983477840722356
0.01778612986601467
-0.025571010598556813
-0.0031224484789270693
-0.0023484806268704635
0.021266181064874694
-0.037697781011562626
-0.018162421763021852
-0.021062600448140827
0.0007032633078587346
0.019577384239245762
0.016625721205841878
0.01660754955479842
-0.028910536021145343
-0.026779914856930362
-0.03833626414781457
-0.014818274284140077
-0.05101872130091094
-0.11722360086482185
-0.1649835454600814
-0.1586224291222067
-0.15648235183936068
-0.23942436943267542
-0.3091222684314055
-0.3273727851458302
-0.3343014870290538
-0.3477178215937768
-0.34002612923049674
-0.26892499241009377
-0.13065822180431136
-0.029225983695747377
-0.12000874557078689
-0.24245623612315237
-0.2695599524111852
-0.24904784607607128
-0.22102259635701046
-0.19043396314440428
-0.23068623076386033
-0.4261387386043405
-0.4978000311853001
-0.37168355735974745
-0.12797254650108952
-0.04575844924191598
-0.02171859447017096
-0.02405052562732543
0.0085681346026794
-0.033558093162347646
0.022776824584339887
0.02588373338234438
0.02791615986547747
-0.034828103692967384
-0.05297117855311271
-0.046490891345639274
0.006608147919771193
0.20555793406861067
0.4725032538299793
0.6140648973449698
0.655256630168669
0.4803428818301027
0.3116578666499816
0.08672981055287099
0.09743265818946678
0.10540768366207384
0.16634698066872095
0.22431345313581427
0.281235364580031
0.2602613882319638
0.1974207942992306
0.17838977147088503
0.1986022529822342
0.1397457364881311
0.046404909104292257
0.01612364416756409
0.03721265801649253
0.03500150245057317
0.0019086750735477398
-0.024182329716672366
-0.008227802701123487
-0.0067651049744986555
0.010747638949858368
0.009124698193546938
-0.05105793120048849
-0.1479024980796093
-0.14177828980002097
-0.07599396571420836
-0.06401558316253901
-0.061476924765009065
-0.1387253186598382
-0.2846574770205389
-0.2955335477241831
-0.14048635841434162
-0.03390448150978437
-0.1578202460163933
-0.4742461422635914
-0.7201382835893102
-0.7828868323109816
-0.5493769895256281
-0.2847697995005075
-0.06567191231957582
-0.03613113461596492
-0.04438326852094424
-0.02321766323154192
-0.017421985846210086
0.0033409991409895385
-0.025044217583396547
-0.010838631244914028
0.01729322447403428
0.035305021195450814
0.0477453952977408
0.1632229643089915
0.43001036334386106
0.6813117961261729
0.7332728253603585
0.6337378740937334
0.45242285508565616
0.285135813102253
0.20008738321408195
0.22901597547367158
0.34889854656337543
0.3844808350179722
0.3285487266308158
0.18786892014793766
0.11197393984782364
0.0700976237011584
0.08089654532772571
0.12650861894575
0.12239569579368981
0.06161741035272999
0.06720552343062092
0.09548570383313013
0.10878774112193144
0.09403681218596474
0.08200775413064251
0.04380806073684255
0.010487982755280333
0.015562778974247876
0.022075780999613086
0.039264228652689026
0.05019129500128827
0.038764113380593324
0.018237099823222306
0.003889632365527045
-0.0011223593155897892
-0.04043376214481558
-0.11077047128887414
-0.09934899611289205
-0.0723209771302335
-0.22700483956364223
-0.6102741635429312
-0.7863643108642385
-0.5785035369618933
-0.28050811091607947
-0.20908963465410307
-0.2491667479346063
-0.3835749852208671
-0.6844321023174988
-0.9915988966653089
-0.7114639943894299
-0.2835053252188217
0.005721533798490093
-0.06035954240440609
-0.002678121445687053
0.00036741678405073847
0.013997287097923637
0.012105593005696807
0.05276823142142224
-0.010056151160831086
-0.04368576986999571
-0.07961884010303072
0.0625048013834303
0.42318122012492715
0.8678760354274212
0.9634547948192725
0.7721395574276023
0.5521994935735697
0.32766827453765784
0.15970815286054377
0.14887451027576878
0.19067516367485923
0.2029412393185272
0.12398899815525345
0.0534427080478452
0.02922909591015119
0.036481902209620755
0.022329609423429098
-0.0011884529218849596
0.004447456098773762
0.06307204393034502
0.1825826077491713
0.23914105093974766
0.1728916043176509
0.13049970220918272
0.023752152866555444
0.004934558419670134
-0.018599746030357824
0.09188863277912353
0.0787544847408189
0.09480798357717758
0.03417193505568175
0.024424364855823832
-0.13315123631379835
-0.290592609880843
-0.36231913912189767
-0.30133339665865194
-0.2243904998090749
-0.15052990109885833
-0.04712440850020778
-0.1380684169827916
-0.3328867256014433
-0.5691447936190529
-0.5324258358157755
-0.40061597656245684
-0.24751533974954334
-0.3002992829228555
-0.507022560535224
-0.6697775596711134
-0.49032968351981215
-0.19550788515678255
-0.0037469129468952578
-0.01803806930253723
-0.02837366407120443
-0.01337793717919609
0.04078196850352976
0.00960449964253488
-0.010429779650022897
-0.046280674973141964
-0.013796437534739732
-0.016993874426267215
0.010504309273860651
-0.03217414825693119
0.09466380168050213
0.45511602121853556
0.8288412011127644
0.8525020019731897
0.5907809915828782
0.4161946389633074
0.29113813912355774
0.17023185773627875
0.109461881677608
0.16589477441350997
0.2072998159007995
0.2009681158393515
0.07921037858514485
0.025680332988083133
0.08747880127766933
0.22471184703709232
0.274989258362309
0.25984649364531737
0.2521610472097646
0.18509660465727545
0.1465072154329291
-0.0002762465041127798
-0.07425910988586089
-0.10932343842063362
-0.04776399934658241
-0.0016348986168216323
0.024766524807157103
0.03784886800654772
0.037635183430260344
-0.13159539694402936
-0.5081527445127398
-0.8496753440861455
-0.7492615900053715
-0.47644645890639753
-0.27942752191542125
-0.239793416163748
-0.16101129361119004
-0.09424668297940524
-0.04193113973782722
-0.03890242146949681
-0.050890617289680376
-0.03553131528776473
-0.03735846480258844
-0.40106624748355
-0.760412100844485
-0.6204976113067797
-0.17081747311122106
-0.027724528467719868
-0.007838106486814987
0.027652133561002105
0.07112033280791584
-0.010050427646121834
0.015549787954549756
-0.05062846316733676
-0.04676532226610571
-0.04499214858216981
-0.0008427039893578966
-0.006859419672091003
0.04415207050168568
0.017772346760847088
-0.0016716191142177271
-0.044979983574997946
0.12432209496737344
0.22153609813936356
0.28366050789676456
0.218304798560482
0.2081600306576256
0.17469749599195455
0.22695850628312242
0.2595709599624286
0.42692210424760385
0.6114615208118095
0.7854818162017861
0.5508874822682217
0.2905659406903086
0.04373086480341675
0.04212422221453459
0.05320832056666411
0.14648938260241012
0.15444673292396885
0.17995844596053467
0.1998464931280127
0.1418112072533939
0.045622217497026815
0.024460956255968343
0.10271124249761421
0.09832398984623973
0.05471364303615147
0.03434784759986709
0.019681464560443854
0.10342990215977402
0.1519979642104534
0.18568147318770042
0.080211199831831
0.06874693205110673
0.0025101754933130674
-0.00882790938081384
-0.25665473809462924
-0.44104116476267163
-0.4799213656293595
-0.25128621296197146
-0.23139654358739425
-0.1427640213345119
-0.13912917141964234
-0.24514681657160703
-0.5002887766528441
-0.4983343932056485
-0.3338252542232267
-0.217666597518202
-0.24011449303229035
-0.2831252147378862
-0.5896039787871327
-0.6949572881899893
-0.4748191159772566
-0.10047330209921865
-0.042106411993223555
-0.04632284164109362
-0.024480807745592543
-0.013260878557427514
0.006674804855577706
0.027911498402778935
0.05457320926560552
0.038576896099915846
0.09293806520723204
0.2805077064525239
0.46500739805656655
0.4051207453219165
0.2685819845726011
0.15573269443870477
0.12837629517321394
0.13266426758306088
0.20110097390374473
0.19573403010932544
0.14779943784214977
0.10072599614331071
0.1351375103486252
0.1863881730621535
0.20310887552651155
0.17738214334376512
0.13868020675435253
0.18325052758284716
0.23429972919755343
0.2089069189287015
0.08642983913908664
0.0051230688052692885
0.028158919219321257
0.10704171231218212
0.11362938668265507
0.0653332451001699
0.08081331789233841
0.12530491057706725
0.12002792494399171
0.1645135966986367
-0.03426264862572256
-0.4007130135566799
-0.5649325568332683
-0.3122100846130136
-0.11048215170148935
-0.03019345803701163
0.02403702425906945
0.11302477175418106
0.12084537857438628
0.13554209042553403
0.08667323432395335
0.019519026801765687
-0.018345760076418888
0.0007796474472271584
-0.13437116450520517
-0.403790379107028
-0.6071314226184095
-0.5713712225099981
-0.4518171460060971
-0.316909706480645
-0.3233317169389206
-0.4373011823755857
-0.4223001101949028
-0.23958292735801273
-0.0622586141706437
-0.07862031881986509
-0.038421694804094415
0.005404905036069617
-0.018960088296916824
-0.026406365205903455
0.03298701750351562
0.052292078157371295
0.06962059332047237
0.08840522489238575
0.2374761444299285
0.3443050062910941
0.4267978504638509
0.26904531528210546
0.11339345022803221
0.0071659095451925715
0.02904700259926368
0.05446479049536596
0.0628663637505165
0.04890372695977312
0.09356961957227895
0.23337203744835625
0.3387311879265461
0.32486337483519123
0.18794387252627107
0.1513167865936834
0.1922457357917864
0.24188119689646337
0.3245414140279272
0.3236636533831917
0.2666209859523446
0.13430741872289387
0.08582078307146966
0.040131177054201876
0.03365232619476949
-0.036970722803183864
-0.0630245240834587
-0.04937787104950046
0.08207626073279459
0.06186240746131481
0.05608149193373027
0.08525260545066424
0.1766966880321086
0.14787557107475102
0.0776516390321598
0.03555106556798202
-0.035528425576137
-0.1087084822849405
-0.08148153702926055
-0.024456652419572428
0.0385571022603989
0.0009973705966636554
0.0007729874671930165
0.018713685800687083
-0.007457044854488297
-0.1172278782144243
-0.31205554622001624
-0.357805679748505
-0.3197815046715981
-0.16348047101400448
-0.16154091995153916
-0.3250052977497045
-0.6005281422324802
-0.7110806038711895
-0.5534550496493822
-0.441332821870457
-0.5416789602660422
-0.44060749077420863
-0.19247375656794244
0.026806450069057155
-0.0017715693184007335
0.0055301186167195475
-0.011582319903312061
0.009407564724814707
0.00822162973544131
-0.004072955175883355
-0.022105396089759297
-0.004820890047492961
-0.011283529491128645
0.08647474812533316
0.2790964930062173
0.4010703656804196
0.342208967023683
0.1580400826215982
0.03711423030533603
-0.048161671476572736
0.03115544332456537
0.1772034876786185
0.2570341709097895
0.2373645844059724
0.23751032546948528
0.2847786206848149
0.2618717993683469
0.19306947747348166
0.15671669815775108
0.24889506419125318
0.33478644367815996
0.3134570503540915
0.1693193910880795
0.07627146443739372
0.07591913079778835
0.10956291693684585
0.0802268560223885
0.043622051170129454
-0.011144766546377532
-0.026369997795981856
0.0014927444833665142
0.05602605420193659
0.065079352601566
0.049249005987659314
0.05548225596604082
0.022793509993132427
-0.00695720784183043
-0.011192561355428654
0.015637586908007494
0.05247767029992783
0.05907463730326696
0.054362968528588664
0.03978003822648535
-0.001836248328769937
-0.06829429356311129
-0.044941628632930844
0.009390372366060799
0.03868793853224334
-0.003369809213625648
0.022843337537838685
-0.001992459466291037
-0.11992136237602302
-0.4930914074538509
-0.6567809497074854
-0.47559992848537186
-0.15506004213539065
-0.0789261269047507
-0.1514156196589089
-0.24853873654535066
-0.4738394231439711
-0.5342859471276562
-0.3894255524907771
-0.11450145860126357
-0.0009148140043827239
-0.08298582215981441
-0.2906993015157194
-0.36680256791591176
-0.19594567333753585
-0.017814751383861165
0.023557831122035786
0.0245758870897543
0.004102994317799994
-0.004437024996993259
-0.04027689503662738
-0.005954569008801747
-0.008541440594366624
-0.019821879227461345
-0.027696581948888348
-0.006094937197218503
0.001101174767374661
0.1713511236630876
0.43324033379592286
0.49996187263682135
0.28165009184940476
0.029214163985157915
-0.08531833089784657
-0.07428968330325499
0.07816635786345802
0.2676749680394111
0.4518568925865027
0.47758537000312257
0.5237536381872121
0.470156303267144
0.3604849201511775
0.13629287930641104
0.06872871088564901
0.042318543995182895
0.06225705081636343
0.08810339495620566
0.18660752972071645
0.2335205043369661
0.1875507597531876
0.13537242101629457
0.1081982509002541
0.0761788905723298
0.01786643166521811
0.09131126431344372
0.1274014459406898
0.12279313251619245
0.0416122142155536
0.028954393432150043
0.021773353512988355
0.05067076866273557
0.08493850602187372
0.12015295380005804
0.11583566453973959
0.09502295827273208
0.07717720670823003
-0.026219390990139774
-0.2499204146057665
-0.5197372035726461
-0.5018057891416979
-0.3680966014706347
-0.1938965332070946
-0.12431014201843471
-0.030694163835117142
-0.07937273384573824
-0.14683845098127413
-0.21422498080375463
-0.20884506926816201
-0.2535640959177587
-0.42875091544272526
-0.7432111004119285
-1.0
-0.7806433927931452
-0.2531503587187315
0.17246900285753985
0.10500589080413192
-0.045705087739033895
-0.138613642530288
-0.1041169507227332
-0.07526445201025087
-0.013290456614214395
0.01935431665958051
0.008994459145359953
0.03506564754357573
0.2265597578156549
0.5883653979285123
0.7274152162049383
0.5662096568601809
0.25199470178663524
0.13691582283194198
0.2343718578286414
0.3910930356720962
0.4327615449630013
0.33233679944667466
0.14614549594642798
-0.0180017513791915
-0.03458863709770544
0.057657631856440454
0.12897519547490036
0.12734108315847617
0.09773778206955523
0.06776498439422614
0.09857438409080338
0.10128365164587377
0.10751748881698975
0.07050054601663999
0.08563567079116914
0.08381172635332011
0.09045401173173674
0.10148494554134412
0.13742233709305313
0.1750225560874743
0.12025788205732311
-0.0017862662647644715
-0.050505395454483196
-0.04653214569284842
-0.006031753021146266
-0.013891106690849152
0.06138350750117465
-0.004805034899863666
-0.03729856883153252
-0.057224564785442654
0.011470116966430544
-0.04678967447029544
-0.03882527731347149
-0.08763200978073245
-0.24301357450967265
-0.42619303022859273
-0.39869157533963995
-0.27620393129613113
-0.16709587774404008
-0.1575240496322703
-0.24416806517302653
-0.5077890773306933
-0.6886857795178895
-0.5738536249597249
-0.14414383167134937
0.21131352818827673
0.2674831748421731
0.0690631205094626
-0.44621864089083774
-0.7938980984243591
-0.5883940692501491
-0.0851135889215407
0.06379082865000474
-0.001496759605931732
-0.004115997862272192
0.0069061821932211945
0.0028158849696791836
0.06150421225046741
0.06764954416089371
0.058694316980482726
0.06344390553020926
0.15775166052270478
0.27135450022797225
0.40071428357448075
0.404139750686432
0.2760413219083653
0.19094442834745304
0.11129735924725692
-0.008974381931423766
-0.021413634560139918
0.35028780834388507
0.7319944170520352
0.7247363585550484
0.38404820942811185
0.15501966762894284
0.056950240170194344
0.03095717052212345
0.04709057361008552
0.1325916532839768
0.15025732027824085
0.11585201282021987
0.02467846660366427
-0.03380600232263455
-0.03479711318228538
0.015442743080098102
0.03710137960158309
0.022219179465386086
0.03028275061210527
0.03316060993884844
0.0023610560472833992
0.028409733650616595
-0.008718170018837195
0.016447257355691518
-0.02336390953126946
-0.003216195348731777
-0.04904847884041734
0.007039619653314057
-0.10823876521698406
-0.23095537729476415
-0.2746312980585861
-0.17658248615440472
-0.1091204514839686
-0.10757945555663095
-0.2533592428656426
-0.31738779960039065
-0.179991579837913
-0.03178154093870165
-0.0365502096664324
-0.10000228610853679
-0.2685759050979968
-0.5924666342464943
-0.772956723276546
-0.5118111613282267
-0.04975380744008474
0.15104270890298238
-0.013945180786077727
-0.326425570158956
-0.4345452056423238
-0.25879839865008825
-0.06299338166013871
0.016343730982430568
-0.01388275545593455
0.02845651203414804
-0.009500463283149999
0.0045319841237097605
-0.04543323800484404
-0.01204700456617462
0.025834778388493126
0.2416200240994952
0.5191810417890109
0.5866378216285665
0.37304579864135873
0.15067008475303825
0.026105589558907967
-0.1222141366500097
-0.11005290951781897
0.0945877238347512
0.25536616135937373
0.2541884560504014
0.28006838681203167
0.3367807909525168
0.29773648350571025
0.23175568587907763
0.2548730844848183
0.2530319150026623
0.17747726026811877
0.08184750505334162
0.06407934313368827
0.06441774919472436
0.019969718281879434
-0.04753240149495537
-0.09379559046791107
-0.07589542978808032
-0.14312102752995565
-0.18292760949132383
-0.08231287119095196
0.074255089724765
0.12447145569422957
0.07168906792199181
0.05491316353898279
0.030513320951269796
-0.004510982874440987
-0.014682832738810204
0.003418733604980311
0.047964602788325754
0.09604327375781531
0.07134907341988983
0.06996902950558484
0.03235743707299185
0.040379860619268765
-0.004529550846997722
0.007929390879240151
-0.016237912121052977
-0.01811119891095695
-0.029169152951997637
-0.04551190017046362
-0.08593924272403004
-0.06365923524861207
-0.005419376443877505
0.01618964547765681
-0.025277161267054604
-0.12339063518058448
-0.24393179439413137
-0.353759682328176
-0.2988254629243035
-0.09079218911673209
0.011346605930318228
-0.1390149108833668
-0.31112225636780116
-0.35861820041268044
-0.33193572996101145
-0.35812239046277916
-0.305896304642468
-0.2760656268431899
-0.34571123728526437
-0.4451534637191543
-0.2581804108287788
-0.029309745630075986
0.0404147808458324
0.003838726087676972
0.06302545738971917
0.1563378087687679
0.19038275835029891
0.1689474616379973
0.07680452934844484
0.043866897840000404
0.0406601622815563
0.05768331964380568
0.11227989860279279
0.2241632639569975
0.3811402577226102
0.5616296653616518
0.6503701599408932
0.5531886320277236
0.26951716268268344
0.05659949767767284
-0.1144305895544467
-0.1808143319802961
-0.17453176408763463
-0.10925044436029388
-0.12688911988906226
-0.1419625811484982
-0.14736639871928273
-0.17086030839530086
-0.17758314609047798
-0.12904328564794074
-0.08956491542915491
0.05429621357166126
0.2858594485021092
0.4952083458200017
0.4475429394233399
0.2419991200829687
0.0212909723206573
-0.08580408836607066
-0.08392639630309011
-0.02626576120944799
0.02541456577271776
0.029001644246681554
0.009403033895948274
0.004687671439950789
0.00444206821173383
0.007216737282044928
0.022398052448050175
0.043273040424392756
0.0547221451158031
0.04194827783465873
0.04584698671914428
0.015870495782319867
0.01803561149427259
0.02618456664540818
0.06012980005335997
0.04683601673540645
0.06509784290161344
0.0315711970847297
-0.05375699898497075
-0.2604965200400957
-0.342479719326053
-0.25248175615537766
-0.10317986314565597
-0.13658696906736723
-0.2077958262707813
-0.15568362717870446
-0.08894817174784166
-0.2647683897243005
-0.5166057803817061
-0.5893925713945853
-0.37006463164449527
-0.12708411358981891
-0.0024668415904846998
-0.05980329902505259
-0.2004108861141987
-0.21479895304663996
-0.09798025260929069
-0.0031625020682688313
0.008854110416020893
-0.001748013715131254
-0.002832944076362654
0.017225668388207903
0.18119302065491918
0.3467378909361712
0.32800904374347256
0.2110437488368273
0.045015476103750306
-0.018436607094659302
-0.020655256776656097
0.07333305850653267
0.2648111956780459
0.396019552979171
0.39569890609009556
0.2595121578022302
0.1667285123023664
0.09921024400840045
0.05728507645353887
0.031823924198747834
-0.009761650288723384
-0.012398572699710569
0.02341921473944815
0.0504574083405294
0.08510362849193309
0.02043372410500524
0.013130020462420153
-0.01911386391481228
-0.01999496423031259
-0.1283844530258925
-0.11775723965248071
-0.040434165451761095
0.11786266703865655
0.1421073132277621
0.1013017502901538
0.023345259859259917
0.02261171611848439
0.07221493461936973
0.2207504841303598
0.3283187013650386
0.3100904680098694
0.1641389485712571
0.03140994484305935
-0.09711339324203137
-0.14300012976667698
-0.1140563771584292
-0.04064447273191509
-0.026008306992573876
0.007830181600665087
0.012912099553884148
0.015082254009630576
-0.012573614038967439
0.007355368607324812
-0.016187029578784266
-0.09856010725948727
-0.20583167731159724
-0.24494720702843042
-0.23890678511075988
-0.24176099543059165
-0.33266382654151544
-0.40497301373407746
-0.4088503582711907
-0.44598573349291426
-0.5380522946655695
-0.4113717763077302
-0.15508834784487693
0.01035323266747241
-0.008261505891554496
-0.03539139466676916
-0.05823233059762257
-0.025408394579485197
0.006344368458442448
0.021998078392298868
0.032739387831715684
0.02428822110382809
0.036909955472830054
-0.015795474774583
-0.0314643832117738
0.010803787052545644
0.16759304915984793
0.26135442652896657
0.18266601782434638
0.09943067514695998
0.08736205526866539
0.14358725484680537
0.0859896908938355
0.0981778935394127
0.10601862590545182
0.09965976084404721
0.03399413573271951
-0.014068843857220324
-0.027143902738319275
-0.013238947854778743
-0.009054355307227055
-0.03289912458219796
-0.050958372083948454
-0.05372786320140123
-0.08597811042727317
-0.1104312581628092
-0.11967366727856779
-0.05158403243712167
-0.06821115955198345
-0.05782637191109767
-0.05546336722122298
0.07115212212801923
0.25213728040087546
0.48747773529416416
0.5517539310144604
0.42567195324113966
0.2362342045235268
0.07491960956067903
-0.033238071030290646
-0.08176474699667068
-0.09851730177671407
-0.05318674750254722
-0.008464069891225149
0.011410025258693838
-0.026532876935190994
-0.04530278636039848
-0.05743606115102152
-0.05505068901802709
-0.06806522390167265
-0.03936141394126349
0.045414509583217744
0.23638487111660855
0.31989912526426745
0.24352376606794643
0.07149273567297884
0.012722328691686113
0.001593842729816588
-0.05603446945890302
-0.09820495184992992
-0.1694326640483784
-0.23881592759779025
-0.26161366649260254
-0.15001376944160935
-0.18821260547436203
-0.3267182055473774
-0.4990280875920249
-0.46201380372916717
-0.3787005468933307
-0.1809068005060387
-0.07590835760866753
0.00600667927607788
-0.01367322511685938
0.02785123092969935
0.006332385208809761
0.009069106471901376
-0.013337188318188493
0.004503786886356611
-0.030832704463216978
0.00524098042205521
-0.026012467619108286
0.006471145062946037
0.039284896809204856
0.019860944559188267
-0.030206133684215458
-0.027417675118625695
0.0972266718186725
0.10010019043802565
0.13245787925066826
0.06430748359796884
0.012801938716368037
-0.013763496310905328
0.007680340751916358
0.1051109221748702
0.15688502246168354
0.19418551945036913
0.18837011915743368
0.21447562016442753
0.19658424538171143
0.20041028631271032
0.23787487421633147
0.23654556222679177
0.20402974453256523
0.22598078255537327
0.26185319592828943
0.24711382332096077
0.2914191660788127
0.31765926745339207
0.3070443293773537
0.19068394946076814
0.1300851272480275
0.12253698766625344
0.2619780195056847
0.341613222796965
0.23221619550181324
0.04479025886918772
-0.04182926200389511
-0.030649968482930036
-0.014965585877139925
-0.01317710846126669
-0.02687446180175728
-0.011145337156811418
-0.0037668936656574913
-0.02017588301718919
-0.023361091623034267
-0.01765475624972445
-0.02270281477516671
0.008380633706065496
0.042046467256703274
0.046718867233571056
0.008308780666274216
-0.1006088173826316
-0.2933116583454997
-0.47838319272451213
-0.4622935892149425
-0.25749522066019653
-0.0664256233058726
-0.04527638512241764
-0.10417417472045504
-0.13828067113260278
-0.16925094098487556
-0.19379963471012845
-0.16631699858392882
-0.16640815264176362
-0.43608217916070663
-0.7260923472755972
-0.7628919760260549
-0.39509040160955644
-0.11592211778914639
0.07979949970147178
0.10557513598974463
0.1190862215445429
-0.029059027668158623
-0.2314847929378735
-0.22614870048278726
-0.09604675082932165
0.024609183759665507
0.03572508105199182
0.07603769464959188
0.09039699798177767
0.2270330942678119
0.3489047039618051
0.3782671644875989
0.20413503085380175
0.08089844944520735
-0.020357116273394007
0.10582007921913725
0.22997840798802593
0.2428272582373832
0.19684017985962168
0.3395461970515799
0.4933233213533039
0.47112207553840485
0.32421501531932445
0.2768030905180968
0.29996558623981906
0.2870091245949282
0.15861610929716088
0.02788251292897605
-0.06546136977897028
-0.03595146431985076
0.0060410478450156286
0.03603200377004845
0.02439028426595432
0.06986510150888772
0.0494176507072269
0.046789467915949005
0.08858353331938373
0.1517691673776964
0.10778249496871545
0.010140352842713203
-0.042681613009256034
-0.029173819171109942
0.012465798206475759
-0.008418791861653297
-0.018861961671200845
-0.013669546091049312
0.0009309499076311865
0.012678381723687487
0.004277055678401759
0.0017531815459758302
-0.10955304286474478
-0.22424949406034259
-0.28356362319269307
-0.21297349204442848
-0.130649924453263
-0.03839834464323909
-0.023397370457786823
-0.20188753722329053
-0.41648290356179585
-0.5253913967467339
-0.4636117961205984
-0.2810409993792565
-0.16772421870927892
-0.3334696825604087
-0.6160091715403173
-0.6369423943223462
-0.3408063287232375
-0.07532556789854065
0.0637304736343507
0.03639326102553129
0.043808227634568514
-0.02100010482370087
-0.026017910016819856
-0.08310447422729941
-0.07968184406747186
-0.10154846941424432
0.01334400975266464
0.049288503130298436
0.09984322784787605
0.08386634769510089
0.11903787909631604
-0.005055204881763568
-0.06465240847974728
-0.13216574929318545
0.008178759602372989
0.11181554418621101
0.27212450850637737
0.2486626056902826
0.3010133832259601
0.37080771484704544
0.3676318158187994
0.18123423218334986
0.05009322752659125
0.13171231414979714
0.23973373449938626
0.2753720404347403
0.21554247088677292
0.12721596503353338
0.0753719443053572
0.07685943093098968
0.0786792285252596
0.07107527166749338
0.07952983786506138
0.08481785047577979
0.15069944944341154
0.17792402566756899
0.14666627230911417
0.05677011970902459
0.033707390989044024
-0.01614786277031307
-0.018643488858948683
-0.018672230305873155
0.03387829549705201
-0.0029005365563201627
0.0010697729596281145
-0.020794808854610325
0.014410441576302632
0.016169432899941803
0.034071095019994314
0.04006704728324464
0.044083245774321204
0.02589959315258103
0.0017697001982674113
-0.003938889813871194
0.0022203818297674336
-0.015349406537570283
-0.037317442008971684
-0.07676171780787348
-0.0510624938371069
-0.08097403903431967
-0.16837910676773055
-0.23630055743545303
-0.13046153448849673
-0.02485676942451924
0.04549746071137558
0.032142136122385534
-0.05958667762752576
-0.40514664676759965
-0.6662958266420199
-0.6327177098862613
-0.28448934837160744
-0.04577797804696196
0.05578433859219826
0.042794924043619446
0.00778989918075999
-0.14563916945563013
-0.30168663184591643
-0.36296674587167255
-0.24624342300716945
-0.15531241076585106
-0.07358865453724744
-0.0030231251338788813
0.029401673074985455
-0.02227471922835101
-0.03883570069305518
-0.020674875116225868
0.02681433207496885
-0.016252775324458485
0.04793794460054913
0.03107810023066682
0.03411817746820127
-0.08790398414416618
-0.03707801184242228
0.022750510588873046
0.08059812072045344
0.048695270916600655
0.13193031463188193
0.1924191011563686
0.21233427725869436
0.12448758139381608
0.12846112496920106
0.17550334285538718
0.26615152971251954
0.34045517820809573
0.36390674052880473
0.30899568177053716
0.2946315887612965
0.2550255229255511
0.21177933722620515
0.14069705721212208
0.13399017517357997
0.06932684778772691
0.007151618332803402
0.04444797551493537
0.10609564499624251
0.1527479686260127
0.14802252695212068
0.1318017670221993
0.09827844308607217
0.03624007729821535
0.07236055621307547
0.10777620909145892
0.1555551409299208
0.10325606743987803
0.11652246325596904
0.09422234924530973
0.08373450359568424
0.021994293815678564
0.041620069006008065
0.022296278559600598
0.03691106923486016
0.0019288110731998885
0.06601470407641274
0.02765645752503433
0.036916498350840175
-0.024803746543602706
0.024087807470885767
-0.017784470587676092
0.03654008926988983
-0.005634615428957981
0.03250857593811856
0.019205285314957674
0.043959392790654174
-0.008873989109396014
-0.02049704119913116
-0.02709385721814694
0.008155125528711452
-0.014076902242246479
-0.1663871065933568
-0.26509176332759044
-0.2725206661558643
-0.21692852793068884
-0.1941337956540327
-0.1269369332769737
-0.20914877752779967
-0.3437451041296099
-0.47391344866677915
-0.4290869230233338
-0.2624211623506822
-0.016992347090092806
0.008395686019584375
-0.11454485137976386
-0.32317811768720395
-0.348380699670971
-0.3069281562654503
-0.2025098479590428
-0.11918703193107956
-0.011092874363057496
0.03729459422259146
-0.05525655338111824
-0.1317110623065723
-0.15638188626270497
-0.15703861103218283
-0.1756180922448179
-0.08517777293868346
-0.016289796220693854
0.011207814892850786
-0.005755044914898384
0.019068043050713798
-0.08812327871622624
-0.167300478714294
-0.09714564045411705
0.012263813447835097
0.06699832894398189
0.0601193081827987
0.032663832570456304
-0.01227108455845711
0.05393106737292641
0.016181426765150362
0.00649060548452617
0.017661769096104986
0.04372474452734959
0.018576533072662244
0.09199895750599801
0.1863850196052504
0.1873735928215431
0.213880184674138
0.17202519614143957
0.12824877213840224
0.08742535520300233
0.14143472071299898
0.23026311501900099
0.3019525116919818
0.2753844430657203
0.2768730840016621
0.2617694439341913
0.18245273757665353
0.10858054025176496
0.05970734496777975
-0.00564925712656716
-0.015079467499711141
0.03347563072012091
0.015431455775715645
-0.033122369443928885
0.012787370620616363
0.15995458310871083
0.2554900573215751
0.2828920101299138
0.1653023296581756
0.06459823419726757
0.00014700080192250775
-0.00024861067063839916
-0.0033462457810045673
-0.008951453781432535
-0.014292704833691569
-0.021160751786182812
-0.01594508896598277
0.004653743946489276
-3.7802295561544425e-05
-0.033060885220749195
-0.06696920229459932
-0.08876908580442137
-0.1041673380548236
-0.08007891376963379
-0.04904398328910627
-0.01697853950341245
0.010838429240684686
0.030927966799076553
0.020305421433940003
-0.0013769719112564352
-0.01717003646197336
-0.04600975910807587
-0.027714384671132998
0.03802106452869143
0.09327596556048974
0.07835648351515302
-0.000278414256436672
-0.11227986568733604
-0.20064165414869078
-0.19264867454581613
-0.16852563453129465
-0.16143525299772757
-0.1493556359290491
-0.10731694110880938
-0.1687185037242246
-0.29446274472358414
-0.3985293399225404
-0.3514521900345765
-0.1853323361456406
-0.03294541561855486
0.06899142712231986
0.0212178384141904
0.002917336672128548
-0.07148432279314483
-0.068056522424621
-0.2701643676468234
-0.28454447234501085
-0.22610672028944048
-0.010648687736166245
0.06350200910159076
0.19935523472892203
0.1881581215792646
0.07031577328541345
-0.22396679226755417
-0.28910782211783675
-0.15753248228777628
-0.009953089609522115
-0.03776022403538976
-0.011673185224412611
0.009333438795135044
0.04521089378996941
0.0626757945305183
0.07506740810278459
-0.00011799534195682849
-0.06154005755184762
-0.08565832491895105
-0.07780342553534085
-0.0621559360016993
-0.0327318398414266
0.024706400968772177
0.07441298232697185
0.012899802319891948
-0.022292941374695428
-0.03088455860368914
0.013930795731380521
0.00790842204118498
0.020445890794154157
-0.012093309660901585
0.016276935047665576
0.036078120680312596
0.05717594445784703
0.16324232326554117
0.26816751146172435
0.24627041440376618
0.276936249043205
0.4994325157468889
0.48961705844728814
0.2664212623833353
0.06490462140599158
0.03532882630373856
-0.02909282186345427
-0.06917182520963319
0.013381537508118243
0.09355794489847602
0.11804975527328096
0.05072660712752295
0.0741556240521747
0.11068470202026134
0.21282091487449414
0.22714249221367735
0.1616106387965761
0.06867977066138037
0.026942640994779315
-0.007439870619410198
-0.03492760019376626
-0.061796214990474684
-0.11832885944667923
-0.13295915218074716
-0.11246359866789934
-0.03511606324859121
0.015054759966698576
0.05642225075893296
0.03266071424301042
0.026092739351611226
0.016950623802358702
0.033702046222451335
0.0036328338857810356
-0.02661496585659167
0.012740307286253858
0.00756435117715567
-0.020264290885699476
-0.04531781047496359
-0.008928366560878413
0.054585543015613976
-0.011992806384124333
-0.12354605503287153
-0.29404133478445554
-0.2656201671531263
-0.20754322007074497
-0.06087253416936313
-0.022532835357605998
-0.037376501130645896
-0.13734025282712797
-0.13828593898955158
-0.16425961829437086
-0.156475835123767
-0.23365701024153213
-0.14669124242695772
-0.05758248847614104
0.0007195773999779687
-0.0214237410584827
-0.07125660757261905
-0.16015802550954605
-0.1977910386577603
-0.1357031741717336
-0.0156029976430588
0.03943366921895244
0.11844823394438275
0.14363769736352822
0.04372464428619424
-0.2306179734471962
-0.4226690324917404
-0.26273182754037777
-0.06867316332175262
0.016920091804917214
-0.03221314644592657
0.00651216394140495
0.026074409272634717
0.04210391442228306
0.050486781331186045
0.040442937224976876
0.05597707690384935
-0.004687258676988455
-0.02635644582404597
-0.05339602846410382
-0.015671220073964588
0.06725680827209234
0.07645436590840197
0.08016595425675606
0.21676861073398557
0.27841462820572466
0.14719026649814765
0.05345633795394011
0.06284701380386949
0.01731759123363017
-0.04070094727269978
-0.021033452022081945
-0.05461709163648375
-0.026165605037856667
0.22441926525321268
0.5465233788103581
0.6844736214441668
0.5338200656719022
0.29068807481353454
0.06152988077554891
-0.04894057194456611
-0.0010457359792468857
0.08607804864318902
0.10787621018076748
0.0950898920749699
0.04984014075110528
0.031648389640736574
-0.02006263508136771
0.010775114795742424
0.03531653307951824
0.09904087809333614
0.059294755582167055
0.016032040727082517
-0.022008524596250453
-0.01971601818776688
-0.030820073437654256
-0.006885771238583808
0.00809897270985822
0.015618149433149698
0.05216074722139601
0.054625290182215444
-0.036855273273403315
-0.09244637585800909
-0.06262764868636289
-0.024169916978521274
-0.046147529950213706
-0.0035595206409959625
-0.01421378586915523
-0.004188118878367716
-0.019282897636375536
0.02774817683508804
-0.015960433269297896
-0.040947253068218135
-0.17529187722556264
-0.33012758353612476
-0.4356648844926016
-0.3482679484084666
-0.1296011852568741
0.08251539790264233
0.16984780732255847
0.09891753414207421
-0.013332041190841032
-0.2858137563871282
-0.6048107796419487
-0.7014545694274109
-0.4278526456574338
-0.04802654643938451
0.11633467017087724
0.12539017501340646
-0.001523226003632932
-0.1161595920135057
-0.21246083948572417
-0.13312283233504754
-0.018226628360151924
0.007229953744696443
0.007200452867014427
0.03311235563004642
0.04897903497878849
0.023161297080059137
-0.017396640382874407
-0.057659182792285706
-0.03135987846425948
0.023613156206731836
-0.00015643650605386781
-0.039262042262960276
0.02252166615847648
0.022347499725342897
0.019579071664720702
0.037368616712820504
0.09173944486766238
0.09476913565835045
0.09989502299804572
0.07970264543507785
0.10278874881105753
0.1140416688063969
-0.010616975040342508
-0.10548763602126748
-0.10650850502203224
0.03670954478583284
0.02092847013019205
0.04157102028478741
0.0021918952077552025
0.007989659488152372
-0.003035931818213283
0.06564760547399792
0.07907371557849924
0.048732737596725445
0.051445252639294455
0.13806071689138855
0.2912568703171582
0.43732857980019046
0.44544189821439256
0.35778161807251174
0.271229442702156
0.08399536062258152
-0.029793750731343768
-0.07719678480236969
-0.08506316634344163
-0.07838630255797503
0.01699185963151295
0.06383836659627333
0.03587917418162149
-0.002203997658411505
0.011645324054467053
-0.019293998038900504
-0.009367529396339778
-0.007837600118794365
-0.02137871484652351
-0.06789781807836043
-0.058337658654124595
