0.6158019578602458
0.8755993179439613
0.9599991576994814
0.9787106247481155
0.97763008654207
0.9856132188057072
0.9843810703520612
0.97706377724638
0.9652435791480256
0.9625791730649033
0.945380694315195
0.8327672097020746
0.7819231112917062
0.7333088274862396
0.49335549239941107
0.16620491691623915
0.022433001238840306
0.06254844745178417
0.06114227894743786
0.06700669305202005
0.07169209857445956
0.06882685347240802
0.05734109598001662
0.05896155015046388
0.11399359061532817
0.26263394228162923
0.44603095290249456
0.5874601290289941
0.6905105385184614
0.7917645144129989
0.8808454818815205
0.9257105732350214
0.9462870823181527
0.9573272598910806
0.974980928023058
0.9863729790828544
0.982803473718409
0.957510722867323
0.8737327042937914
0.6896057490882399
0.6494878266724226
0.4766690623385654
0.26502308133915836
0.059492592852405664
0.11311153303913894
0.11942714374818277
0.11813794581249296
0.12238920146248478
0.12457501689007616
0.11542104858736962
0.08269248133225031
0.29971777116381426
0.5505118978120228
0.6930456265931456
0.6718907260956327
0.7737374219440065
0.8601565953806577
0.9186574807114817
0.9512591770580874
0.9677985639087484
0.9693627240813982
0.9637165954207221
0.9390925116306854
0.8806054649292193
0.7374710914799562
0.7218206775579387
0.5158442305361345
0.2636444383320822
0.02648552027984101
0.0854064354756336
0.08669113927796335
0.08856647099279978
0.08914067203083124
0.08787048498566806
0.08134610999469048
0.0708502583829771
0.10137656066134422
0.36480598164785755
0.6460273962273029
0.7471165768774475
0.6808606892594289
0.7338147970687456
0.82468844148125
0.8804422992001582
0.9063320739709367
0.9083935403055546
0.8876338885455929
0.8682940959403883
0.860899583577266
0.8645224978360304
0.870909020034365
0.8758524679095
0.8526834615463481
0.807395615439449
0.6790350879119281
0.5509192197869278
0.3391437143321769
0.18192610799331824
0.0803243362711565
0.11112220574244482
0.10520253781856505
0.09639310199659702
0.08892923116620245
0.090846042229231
0.054468743351138035
0.23256857849872223
0.5567499638498838
0.738420305029985
0.6895572869714113
0.6891766446752938
0.8063420260164325
0.880215748943383
0.9224982530775842
0.9326060187707439
0.9347404256518234
0.9340000530647341
0.935041252933329
0.9384069315904874
0.9285733537877318
0.8982322702930967
0.8334430043097601
0.7653634268480995
0.6078878453122942
0.3532271390070085
0.1308015280298921
0.06413424938304332
0.07660106711607292
0.07940517785820851
0.0796059213544998
0.07777681870167126
0.07208177863135092
0.06422571272374747
0.04520727132145558
0.19345836087729953
0.3733394536847445
0.513277037040668
0.5598086446384143
0.6716969281250161
0.7608313132086747
0.8250427333967326
0.8804029777185676
0.9110145489614712
0.9185872138655166
0.9081284392617726
0.9081217746153065
0.9141180225325647
0.905686497836096
0.8547142944817333
0.7286223985418417
0.6810526842454377
0.6885551049007737
0.4977042885261887
0.19442748275795066
0.03215252880973631
0.06290201069590406
0.05342347461959202
0.05279589080630889
0.056520024496844394
0.05705553800131335
0.056042165634548426
0.025531454944180233
0.25090364178650665
0.584155909543958
0.8545683655347377
0.7820974934408305
0.7377226203797408
0.7452770018440865
0.8179450340292104
0.8408461391563664
0.86777661415477
0.8949607488631371
0.8991473426926907
0.8976713709847893
0.8938184171055913
0.8703835047504775
0.7874780738157255
0.6882195019577121
0.5041295055693228
0.2807649973920635
0.11008101735062846
0.08739680258317938
0.09771780348469432
0.08349905345366929
0.06822500557064318
0.06266184208192864
0.0621038908658464
0.01339172657613842
0.22569052937173278
0.4295701306556928
0.5180599441240797
0.44518310432890024
0.5661942395430924
0.684417489731992
0.7748104789843444
0.8359775903659218
0.8831210815924303
0.9101651695624048
0.9382796519619294
0.9539129980338774
0.9642176832264123
0.9654823235450989
0.961242046558512
0.9176097799778872
0.8558008596467763
0.81646536788527
0.6639958705061314
0.3569627482015533
0.11200745685154585
0.07367906035582238
0.10324847567248391
0.0916658778601818
0.08556154663999677
0.08310305260964826
0.07739945228350548
0.059391648241566786
0.1474622885853974
0.41049306647642964
0.5528071404882906
0.5295197431887768
0.490629850638715
0.6000819219484572
0.6696413624801172
0.7296004239906413
0.7782614190827959
0.8058310682576348
0.8143235039805268
0.8145844431743914
0.8149606453297112
0.7977765367270964
0.7254805907199353
0.5778577558453923
0.5965611856868036
0.5028916859095904
0.29537772160725945
0.057965800911632566
0.0702631788490318
0.085497567037876
0.08160857132985885
0.08314333636567992
0.07526358768716172
0.03968886739457907
0.19883626536638319
0.29064875347221397
0.3861613099526622
0.39187979565098274
0.5062948998047455
0.5262190710905841
0.5852788448638726
0.6536433563755931
0.7016857332968149
0.7418638112912919
0.7762365790510122
0.8029124312293446
0.8266073752532991
0.8432876749127787
0.844718447470334
0.8306219078058806
0.7869521657509632
0.6687808471695318
0.6162133127665622
0.43592866070064007
0.22073788982767661
0.027884378166915802
0.05383166698899702
0.061078239090619206
0.06234883507312025
0.05854121488136167
0.05933569343381435
0.0599362082827576
0.05871857059503452
0.0484296534040449
0.1635645438314243
0.398304706108331
0.5226193324956531
0.5110006803023616
0.5033728113033641
0.5947620744843313
0.6606560913028134
0.7167256756242562
0.7430946506895992
0.7536835172083969
0.7726196016722211
0.7884074574427683
0.7885634794571154
0.7699068992937605
0.7338646788089749
0.7206285191806642
0.7031711900831488
0.49185362883807776
0.19382138723651784
0.03497677770267398
0.07740504458529261
0.09330787383120194
0.0783809615720967
0.0718372028831977
0.07065910366026454
0.07248577189300921
0.06636017596845792
0.14047788517797616
0.17129796856152735
0.35646483708289745
0.5259848534198108
0.6306074745839937
0.5664456145603758
0.5996331655378354
0.6692092648571459
0.7072769949742015
0.7379446902801706
0.7633203549706321
0.7839417017152853
0.7954794814805318
0.7966373346706926
0.7624017654965396
0.6527109163269255
0.6328518376342557
0.7048450931877058
0.5799862063206863
0.2876910986337907
0.0881719644810933
0.09317306703931769
0.07894873774720455
0.07223948600888819
0.06473286223382202
0.06061211205389489
0.061883327949259326
0.06359134910785837
0.022906799405890084
0.1881208073908791
0.4607838340176222
0.7176947863802665
0.6479254888243069
0.5728241126141068
0.5597206996692541
0.6853555079076731
0.7745527649445727
0.8372975435697915
0.8734962539221092
0.9011682566174908
0.920468177575085
0.9256011203841564
0.8984264992429285
0.8122767689239363
0.7185934795144681
0.7222873059554987
0.5584766694181308
0.2664014202278187
0.039614900701099624
0.05835820981974977
0.06570928663080285
0.055880190451496746
0.05000092446982027
0.05385052154936943
0.04849787909384622
0.04835947448582289
0.07717183891909798
0.2535781937190614
0.4054118692073176
0.4923785110238305
0.5300864781707266
0.6482157663598687
0.7407714807076092
0.8053212888564965
0.8478343728074079
0.8753950169857132
0.8922825787583697
0.9000673896707813
0.8982352443216147
0.8985394912293999
0.8986876060338193
0.8988035295991931
0.890428156115341
0.8600234884037334
0.8197357008385268
0.7421107368017691
0.7133451539544506
0.4781207495701845
0.21150255467634324
0.014219825847568621
0.05262187242607487
0.05122911150059286
0.0514591255937997
0.049407809802065966
0.048404849825752314
0.04628200187315884
0.008885386205804698
0.2307084164253574
0.4099845943604548
0.497423426179537
0.4297290372946787
0.5613364963526409
0.6692287153620159
0.7669383399468548
0.839198775477206
0.8858869767320903
0.9097397773612014
0.9153699499785183
0.9037725488660946
0.8441332920166414
0.7084959466543322
0.6653063929438701
0.717168174812384
0.5446318122714834
0.24066689399964009
0.04769640080828705
0.09041649521512618
0.09205902373831647
0.11162274762448539
0.11136675330675445
0.06807532885319323
0.21428792821206438
0.4711421080656705
0.726762828629352
0.6798063660678618
0.6222919912702906
0.6183790408026234
0.7362150338465869
0.7983106232222684
0.8372007665500323
0.8471974929763512
0.8382071524887171
0.8126910844726632
0.7918107530946774
0.7637742974642859
0.7404332540197168
0.7279182928373479
0.7271781855833171
0.6820727077133326
0.6537711556435662
0.6478215902945182
0.4509096443525985
0.17376464762050126
0.013084717243876868
0.05534910893500629
0.05298625624953396
0.05523551398161798
0.0559925565105275
0.054077025231356234
0.024178429423856517
0.1825438869103672
0.3860390617492739
0.5841512588556398
0.6057586578164567
0.67166883165648
0.7033373458946359
0.7739087519608017
0.8260803582609905
0.8722476208306514
0.8912728837237697
0.9077533230998821
0.9339825468321077
0.9311752935128514
0.8836670118236696
0.7875366798028136
0.6198314286675464
0.6017360455990564
0.47731107537414585
0.282678619708466
0.05088298836293537
0.058300515757755904
0.07329071971122858
0.08586054388754978
0.09933061469348448
0.08613397687533308
0.08669919161804635
0.15595327683262614
0.2891873353785542
0.42473749600615784
0.5401115208038963
0.6600662969840478
0.757209409832334
0.8284555496645528
0.8811361751411142
0.9153905375578723
0.9328357056930169
0.9349799909600449
0.9154393402510014
0.8875875456432589
0.8623885837298356
0.8207216840708702
0.7045007043997699
0.6413456490370397
0.650763244853979
0.48779049155980325
0.20108890877404467
0.028412682136363554
0.0534484013981915
0.054908853535650774
0.05475984821284476
0.037942888097479775
0.20812853360076597
0.4618323469375911
0.6676946674664997
0.6940805441114916
0.6970118091809843
0.7010935758694851
0.735046288161651
0.7866599670507526
0.810969138154111
0.8339107208935967
0.8500533392541741
0.8316243113300057
0.7910565129500113
0.7114779124319536
0.6614327455441147
0.654265687862699
0.48989103101582926
0.22241623343134664
0.050691168767865606
0.06854735645787656
0.08167924760472309
0.07239103381318811
0.023486115047901934
0.20607306573299639
0.5134829120765296
0.7705219768169999
0.8190106803584056
0.8234878316345547
0.7894437799486659
0.7981104697671122
0.8726077930268258
0.9253145776948927
0.9438617843794515
0.9698196488193019
0.9845928564028792
0.9929958540460195
0.9957852036636105
0.9989385107176542
1.0
0.9994758412219739
0.9988812998010841
0.9826947439118672
0.958728547714748
0.9050929359228995
0.7606187792761703
0.7264942281110899
0.5357666842787797
0.2839332998751413
0.03164056665815845
0.054035042513830775
0.05619849261967937
0.06439216746342381
0.06454519812452293
0.05468841774437629
0.045752627866364234
0.009403500386488088
0.2148636287015383
0.3666045921506584
0.5149013635432772
0.47971845308356054
0.6665282616998572
0.7051916060914
0.7451436817766109
0.7220436160041637
0.7625437974543787
0.7021892017733193
0.6938929829210718
0.742647031246162
0.5591542967596075
0.23264659109935973
0.03535799980694367
0.0702120808615734
0.07270653318060108
0.07920156388416585
0.09115534954493133
0.05663511267002563
0.21867307180122272
0.4768985568799985
0.7305280013259049
0.7902251774150009
0.7717565590225662
0.7223286878212228
0.7367133999087985
0.8210861185065436
0.8775280071705767
0.9192062540065853
0.94839235799846
0.9637414239396478
0.9788964596324135
0.9910928850161003
0.994903200671035
0.9871625751645066
0.9580374092568393
0.9088336266533308
0.8405295108608447
0.724716694461892
0.6812994370267608
0.6991813538782454
0.507610425128149
0.19993683706504742
0.021822857588668986
0.05794857841574831
0.052525715706184174
0.048093486970648885
0.0445461949895311
0.04748835112284313
0.01415597946818659
0.2067017563955546
0.4833746895581536
0.7205996809748192
0.6442940084795914
0.5928257672769154
0.556216706837453
0.5610115502942468
0.4628515615819429
0.4777757145756008
0.3957843610520643
0.24973566098587838
0.08145020442162816
0.10271271958514702
0.10311912731903372
0.10470548981751274
0.09416969311473614
0.08985340839505114
0.0695132040096763
0.2686573317417872
0.4358210675245534
0.6530433663712454
0.6843919787106821
0.7404615173394001
0.7041997728910019
0.7851673010014124
0.8536610258520538
0.8962774207216382
0.9155437479285177
0.9324550692612591
0.9475625800093684
0.9732338292208473
0.9876133186167231
0.993732130149974
0.9947291259404941
0.9938336054007092
0.968671995577184
0.914957817718892
0.8499135574467062
0.7483788569612931
0.6195580126036443
0.6214999679355538
0.533094356691422
0.29606539871046444
0.04692041721168972
0.027460934366314728
0.05211707423840832
0.04823543728858426
0.045149774471108295
0.03831963215837231
0.040434308787541916
0.0
0.1924627013758122
0.4822247576633819
0.7286632970456316
0.6282304992103063
0.5533614618977526
0.4978724210813675
0.6264563807689993
0.6638898056095535
0.6539223628920092
0.4301208463988199
0.2220623293583014
0.07180278428351684
0.06737580516444086
0.07073454674615005
0.06891719374920004
0.0698851249204457
0.07286679145079891
0.07366010961969913
0.07194432274603473
0.25771940751824873
0.554452729560728
0.7837824193905982
0.7490620676402026
0.7015225578986604
0.7278577892374932
0.8344384515892092
0.8921489096650209
0.9096430885644685
0.9165839719242383
0.9248947367804025
0.9364636940803168
0.9337921306157994
0.9393898162645247
0.9416366715256184
0.934757269138625
0.9117960307652782
0.8559270915060812
0.7400348701614992
0.6190092800310885
0.3963631947476977
0.17912786484179594
0.034438039369820365
0.05149671582338635
0.055622051487198905
0.06019348270756083
0.05790311074857096
0.058293521934946815
0.0590631405629813
0.05820506985607449
0.053962514598938256
0.12797991666679748
0.2336554639669854
0.4483889401395751
0.6555123727186744
0.832311030028069
0.8704952662444075
0.837450023590024
0.7841441320936599
0.7729004547860925
0.792576933371543
0.7497940758833506
0.6429725513278951
0.5002104020696253
0.3512118696562307
0.20996894817934048
0.11434889787129392
0.07973881907382292
0.08715898625402761
0.08816323762231422
0.08945372745338721
0.054097416174535826
0.22382396893759354
0.48532809303284535
0.7140559122886764
0.7781352179855896
0.7519879063038237
0.6660616718954377
0.6222584020536068
0.6974436365163562
0.7498718801978964
0.7934229905291413
0.8233696372310834
0.8381362907297027
0.8408449340624323
0.8302649404370572
0.7876153922684777
0.6848533816594192
0.6388817004441186
0.6538833876317676
0.4922917985154399
0.21158607368463986
0.03465527415170342
0.05436693408517705
0.04847410066873706
0.04408745642490468
0.04500531343262631
0.04648044151013913
0.03434110153533161
0.10417129310636643
0.11735184838291521
0.3110337799536995
0.5415854690596968
0.7080936292212504
0.6173417210883134
0.5889011660368247
0.6435945954226501
0.7030921270008513
0.7225526548565075
0.7056915387474365
0.680146332437107
0.6564138161790257
0.5718156923488181
0.5952467181405182
0.454081356655913
0.2532585111475608
0.04499387141107848
0.06909288509382183
0.06165385668325386
0.0612268603466895
0.07266888915371007
0.02943545122884271
0.20408011204594909
0.4885105728625746
0.6994657663461007
0.7145245148579641
0.7661336542140696
0.8218992971299729
0.7510363377958935
0.6822882279327662
0.6693352808665597
0.7494979459683163
0.8083806671030538
0.8418956413521195
0.8470823731006477
0.8441284487160786
0.8131334050186183
0.713214109859903
0.6600746456141033
0.5052175891121
0.2847737801482326
0.07628700582310534
0.06146101972620062
0.07003397684552819
0.06946881722195541
0.06651979906298433
0.06918625596225265
0.06098211239939286
0.07125890972126968
0.26655025349474565
0.5313564879057191
0.7289890637655068
0.7888740505728621
0.7857740093682062
0.7321191725852615
0.7136752471000098
0.7699168375643535
0.8176863570692918
0.8389242241637859
0.8314360596244135
0.8041109647069447
0.7631194331801581
0.6938380632084613
0.6121883810161196
0.5713081950126403
0.5401999447641366
0.3520238171379554
0.1433598133337501
0.039709037102550936
0.06989500120494288
0.0671910004478375
0.07203057155529465
0.07438961136145547
0.06750065170838904
0.09064604514446585
0.11040448078512537
0.10520920941982283
0.29994232690102157
0.5926328399177633
0.8283158207560433
0.755527156056952
0.6913331197593184
0.6766489775116576
0.7644684564704287
0.8174113477628494
0.8519447026405623
0.8745042196681719
0.8671457831985924
0.8428862053570635
0.8012450042990692
0.7446512695843264
0.6771913502446583
0.5969314197178073
0.5464666748944941
0.37947385491085744
0.19045539356111083
0.05390101495000557
0.06450730939974086
0.07224950561983769
0.08275584348986874
0.09113926487549698
0.0623482644370692
0.22864090559081002
0.48330716161436804
0.6993032690774191
0.7515841242459148
0.7769103452852933
0.6933574381663016
0.5993159068358596
0.6008747432614076
0.6725592435145833
0.7187968483248457
0.7304991280820889
0.7018173614780225
0.635919265721543
0.6723387688370791
0.6349396012417925
0.6742984308116611
0.5269288122254806
0.3585922231122625
0.11933624377834763
0.08340822679096914
0.06521301701899693
0.060444389143420624
0.06298901888627852
0.06107390909011877
0.059508942143787324
0.046399377538378125
0.10542484067110858
0.327302469136993
0.5726632027553796
0.7111415739609861
0.7457814991489541
0.7974921915535936
0.842534339915001
0.7996513422251644
0.7301953932596875
0.7104849162899926
0.7723556570727084
0.8230894756259377
0.8471570164817152
0.8289229617978521
0.7512686671668324
0.6426587854104481
0.6178900885402133
0.6459202083994627
0.494278025247239
0.23304563583084417
0.08920485377856938
0.12756468090841117
0.13892214012556398
0.12339322658409539
0.18864200339496828
0.2341529061360649
0.39319774849532074
0.5438404029393547
0.7068178568472714
0.7295397958242492
0.7750310071739595
0.8167577348744659
0.861893123190696
0.8062779397974091
0.7283740651883676
0.6893227094196849
0.7397212718003295
0.7706101880821483
0.7970210928879778
0.8093535280041902
0.8212626671430155
0.8304940725128598
0.804109795230106
0.745566602348162
0.6433850692045882
0.6173890186188128
0.5146206786767306
0.3264388546073463
0.11797564838947643
0.07546071748375248
0.07936186959419331
0.07543092401743302
0.07173877412144233
0.07473649278682366
0.08271523209803287
0.09182180964423188
0.06947465006607845
0.2316432905117041
0.47159562668912763
0.6541858182397315
0.672889755063792
0.7189410906666369
0.7693298459271074
0.8236272046797656
0.8046457268426499
0.7336713045885558
0.7083413949335663
0.775198311832991
0.8057543016742361
0.7566599140270922
0.663954165674366
0.6103117317151356
0.6499206939890331
0.62288703774194
0.43645865445767323
0.18743185183074138
0.09765080009195395
0.11350739378621297
0.14077542098492613
0.13138493572772306
0.12996740791307249
0.13354468109113182
0.09674116444097766
0.21307973888255402
0.2506839400534318
0.3921552172053832
0.5358191975946086
0.7930764172614396
0.7812400196718827
0.6815019843934298
0.6135643507452051
0.6451998841506239
0.7141576940698786
0.7593749389431913
0.8099100576326815
0.8325637041563666
0.8273462225745662
0.7838437181910197
0.7097344877359423
0.7057548098911822
0.6466274206096907
0.6357340830747399
0.4406188630898987
0.2554053735375736
0.07253201991168232
0.10769358723958336
0.12037533452915382
0.12587942058893106
0.12966585059184538
0.11003155972534596
0.17141768820121808
0.3752932781536924
0.6106828677363805
0.7217842865692384
0.7652832823903374
0.8134899570434683
0.8494372468539182
0.8728380099217102
0.8217402071117169
0.7709388639911171
0.7560326164000878
0.7841396492815929
0.796715139442798
0.8169927016150845
0.8310599926562803
0.8314503363759467
0.8225686223903561
0.7808171650524436
0.6816504040465439
0.5762034331481328
0.41763107013765965
0.24457571405671963
0.12018498870200851
0.10575701920924518
0.11693509880429247
0.11287148660058591
0.10557889607890734
0.10244438236662304
0.10459456155680288
0.1100773849660367
0.12023769656299377
0.12632015336143107
0.09153440601190901
0.24075713163273663
0.4713316235004339
0.6650560174077075
0.6828282544643517
0.732861733371247
0.7784153881281317
0.8237939767008284
0.8065253537173539
0.7364758001544651
0.689911421075723
0.7383976626425558
0.7969442723861859
0.8124414541035396
0.8045909785178441
0.7803712718628484
0.7461119969088287
0.6233391093195245
0.39177213016985335
0.16788517910590936
0.08718869503843384
0.09052640211600758
0.08399259498940713
0.08136121199356136
0.09311573998471125
0.057222729666961944
0.19001214866497007
0.428517049014417
0.6452633166790653
0.6814708772626918
0.7149439542750088
0.7470132231520867
0.7819386030778424
0.8156259984197517
0.8391033556989836
0.8508184715474136
0.79529588124937
0.7307487735453949
0.6997150621281407
0.7461238266345975
0.787708587215123
0.8270532750873303
0.8509669782419628
0.7960328449499758
0.7580432979601576
0.7433882135489055
0.7382067879012515
0.5344086949274787
0.28035947881341083
0.09980824771753473
0.07417352325701934
0.08089449500639359
0.09006354042472686
0.09366776991746424
0.09137489772306094
0.08976976101211308
0.08380085930259136
0.07240440980527545
0.06713150793159876
0.14465336180152155
0.22219739112509498
0.3006978937110035
0.4945208818630067
0.6988141772553885
0.718880073009826
0.6245053731933407
0.6369988590566701
0.6935570440645608
0.733529889360585
0.7789414997523106
0.8102658461056365
0.8230429761649508
0.7944023802031119
0.7562360497766527
0.672670146176976
0.6312436784631166
0.5885644945738202
0.5819138221379471
0.4227722312380337
0.2529411541734246
0.12025120572647893
0.1266452310068187
0.12279225293772002
0.1250667895072787
0.13487363549340303
0.16292904229446925
0.18750728687975302
0.23021088122734365
0.19538034520675532
0.2892249622673732
0.34057334051216137
0.42000591673795795
0.43131156224596756
0.5644745037247366
0.6102334450956349
0.625192402346332
0.6503562309534671
0.7152007695698653
0.7637521848015946
0.7847009722353683
0.7671109225983258
0.7192545877119033
0.6708305764300508
0.6468088093255824
0.6703593977699053
0.6784578952253758
0.6870786872094469
0.6775388990081114
0.7033314017903765
0.7098715776586991
0.6921327868935739
0.6770537263042022
0.6678304099742253
0.6072094211665378
0.44473508775465626
0.2580792711364041
0.12106249383366678
0.07036568685015487
0.06600161885216194
0.06358469001345236
0.06223864986105716
0.05896048271636891
0.05871407548436031
0.05861352428832687
0.06285842515655071
0.06686478679306991
0.05778998196497696
0.2172362411917187
0.3277935501478264
0.5172129533867923
0.5396973536775552
0.5936164727974583
0.5499004441312937
0.560873214743923
0.5965706995144324
0.637448448001307
0.7379333255016941
0.7641839920696695
0.8031101011765187
0.7514935866553514
0.6804910547289992
0.6049132847419394
0.5535353484992672
0.5216598450204349
0.4704911087683059
0.4154561974977937
0.331976734210427
0.2400615266202528
0.15252924847209753
0.12794257880452994
0.1403739897768049
0.14134912873979558
0.14709258317465074
0.14826669617079966
0.13841973267986749
0.10706007624481144
0.07836979161657434
0.08120596088853425
0.12210794411308928
0.2760865789235975
0.5488095492371968
0.6841767557012122
0.7199060581019545
0.6708385931999872
0.6935126478124894
0.6719257052513664
0.7374725188876791
0.7884356956170954
0.8323775831324588
0.853709023663065
0.8573880251911202
0.8608988088724454
0.8694766790070957
0.8708239664247913
0.8555239075658845
0.8250529551487749
0.771411244292611
0.7071292992944685
0.6408590071263846
0.5798602648737998
0.4905596370315977
0.37084620633238713
0.2398048978856771
0.15190977663915667
0.13146603967376636
0.1559950513913108
0.15097336838684064
0.12976060906051418
0.1005490292032991
0.08124129882034775
0.09052925354780283
0.10175206508810704
0.3248795290036061
0.5962932703168236
0.801523357848977
0.792037351502743
0.8267900641531537
0.7756502654448465
0.7036374097005429
0.6706150281578799
0.7306820324831499
0.7772414286515325
0.8042435630649362
0.8154920768247819
0.8067465546781
0.7505738679454828
0.7259759637306026
0.7596297464711049
0.8000527452530098
0.7661404471739025
0.7067656496291533
0.6587383507525861
0.6389779582581276
0.6253411377991583
0.4321393592198348
0.18495258532696823
0.04022286205390392
0.062049896292797585
0.0620830180064826
0.058325813225699456
0.06200046302767628
0.07784210988628787
0.07678952781330059
0.10689737624619072
0.33394568960391163
0.6115783568229815
0.7728311136887245
0.7771800635602687
0.8070089017547468
0.8194006430476043
0.8349182596439544
0.7920912332772935
0.7515929479502694
0.7331046912373042
0.7507086767361781
0.728554834611798
0.6945614345473782
0.7185231251043913
0.6278020862833795
0.5663902555585636
0.4661461316275988
0.4572893265642363
0.29815845932476054
0.16847925813663647
0.06803634248434128
0.08144936115242836
0.09537820031929949
0.09817716382748748
0.09626255530496315
0.09528305410253836
0.08831907416441236
0.12375781073393458
0.21525442590018654
0.41618293168288745
0.617107844150388
0.7526822847207095
0.7979970925441132
0.8628521551010868
0.8183550861508073
0.7393329812836344
0.7130461934427277
0.7904564222650539
0.8409112009658682
0.8713736016512164
0.8969013655087428
0.9124952430140222
0.921710002001968
0.9258871582606782
0.9352369742287705
0.9438233666833595
0.9394882848081897
0.9415089317886585
0.9442867249975468
0.9556952864322193
0.9571743010840205
0.9470997270358477
0.9152715908772253
0.8667842355724608
0.828652154584823
0.7727730545204455
0.6611558815944222
0.6275633225467215
0.524882368554742
0.3231129861730611
0.09009794645349821
0.05088754932358346
0.06149815462274547
0.0606031994407105
0.06125992371226137
0.06238978814167646
0.06603228194528737
0.06426908152971271
0.038542105829645706
0.220367611498778
0.48052808435813604
0.6820342789466433
0.7057177886621444
0.7608422484567553
0.8045554299485576
0.8408923692739937
0.8847230378011869
0.8278639552348719
0.8124701206033096
0.8134316062637666
0.8555074618785871
0.8259623824756923
0.8451011339239994
0.8646572205538122
0.8768473853725938
0.8713292040570617
0.8502542490335001
0.8279828156761648
0.8057945424552174
0.7704141534219527
0.7071509162950662
0.6106733308375437
0.4677562421455998
0.2847530257866727
0.13571100319111093
0.06393531425983202
0.059311474940955386
0.05956558694892647
0.06767596895390122
0.06832818752540189
0.06767091822021049
0.05830796612305532
0.05603431361322676
0.031098743118759792
0.20185134250093967
0.49545685082196544
0.7449422042614464
0.782128406232911
0.8060762898813577
0.8337463889262152
0.8148170636893689
0.7760624332205152
0.7600045545199873
0.7916384224404935
0.8162360985364451
0.8377100230134109
0.8519311406502894
0.8603150145964004
0.8647267528045716
0.8714989009845184
0.8802231551669079
0.8849958917240761
0.881780106724259
0.8510374330542294
0.7977828441255171
0.7148268854917692
0.5884391153359367
0.41974493966188847
0.2584587275105475
0.1474818837117895
0.0959413758694222
0.07978469960681685
0.07896669804060771
0.09069113975440715
0.09779595763381352
0.09094382765966899
0.09064573570982266
0.08782853947764403
0.06837538921311859
0.015722773428124795
0.18994810966093098
0.34131773391564285
0.5336744958488375
0.6167384292493722
0.7730863478481665
0.8101203766928903
0.7638098856176058
0.7107400397982528
0.6757050575547383
0.7675417277113986
0.8089114227982742
0.8414709709667249
0.8223221491602938
0.8210873232131992
0.813049620541615
0.8064833999285809
0.7995746534852969
0.7982521965591193
0.7748065881027563
0.6929476032820377
0.6908897032210102
0.7303909581978448
0.7562638163316006
0.5124371994772726
0.2384033119436483
0.07468757900567827
0.10379572742390672
0.11544392052905263
0.1258569961279866
0.1324778532372992
0.1357321998172262
0.08939889313347321
0.2511383350928047
0.47893464233335203
0.6676854632832069
0.6730363597223694
0.7219427667648516
0.7747081243562162
0.8385824209720167
0.8271612341725479
0.7674827558629893
0.7597177538749927
0.8187079049317493
0.8434006074443104
0.8297184887515743
0.8413621239480693
0.8553406038661472
0.8581539231408459
0.8638445333786635
0.8741786306341792
0.8848349910620633
0.8942980691734651
0.8971008195028036
0.8905466647076544
0.8782702583020485
0.8584082833619198
0.8021538522502437
0.7169710799683042
0.6609824276482275
0.5678285578305053
0.5551415601888844
0.4039204089605033
0.23525149372006732
0.06608595020291522
0.08809894815295868
0.09026756852739541
0.0880404262393257
0.08653299891001874
0.08236490569273286
0.08298765784301214
0.1103074076565631
0.08461108219648311
0.24363369357033585
0.4944634862192111
0.7186099122940476
0.729753730769372
0.7549107359330423
0.777785777908214
0.8005674739116652
0.8270500390030121
0.7936079860362587
0.7324550039747132
0.6839339242782407
0.6788961243351699
0.6571646506754822
0.6178529273937032
0.6601060412116956
0.631354365023831
0.6466928430192311
0.6321936876213168
0.5073763699168936
0.2236673801647301
0.06344770130056251
0.07578685802474706
0.08441757579308663
0.08762003107595534
0.10094431539887917
0.1124899323079834
0.11785460666983927
0.07337124813082488
0.2331560788142036
0.48115569016799836
0.682706004752531
0.6920253836205223
0.7470313915457398
0.7928506533012304
0.8436576567169025
0.8836739419062446
0.9009841344279529
0.8658690208702866
0.8349864438879359
0.8295183287375614
0.8471281345651405
0.8640926916241667
0.8856279882832446
0.906021200259332
0.9076033345265226
0.9023189497834674
0.9026755592613775
0.9038438479560915
0.895834611677796
0.8849075610084266
0.8661497200312182
0.8285308144775677
0.766966289592628
0.6612057957877039
0.6290688107178213
0.47971133871993915
0.25572360506517544
0.05122847170938228
0.04945284426299435
0.06126874126341131
0.06424394670650603
0.06472281764198873
0.06293720725950432
0.060020016885174776
0.05988458718239457
0.020533753665417397
0.19155741031098772
0.45100343842371193
0.6604952958050291
0.6677022699590842
0.7059405489105454
0.7324042235141863
0.7546144957803698
0.7650958537554697
0.7814708576822181
0.8009594282068407
0.8067290560238344
0.7466685841708072
0.6644202624542697
0.6807022546813835
0.7394391123078142
0.7482385413195433
0.6769554779039105
0.6457309095450217
0.44445047091432394
0.20395747205179746
0.0448870427909736
0.08073893242098251
0.09264694817601891
0.0957555214789633
0.08732732540521279
0.07910551364258825
0.08454068987398969
0.04617267092919923
0.24161508302722745
0.5351647100405943
0.771108256794221
0.7651645942968749
0.7890081651418366
0.8167030192541282
0.8373389733645719
0.8399275963830773
0.8167681065929591
0.8060065834090493
0.7995303498604194
0.8054402724406678
0.8102543535623067
0.8327520128101312
0.8410419084940646
0.855688657416375
0.8713776877535117
0.8853041822771175
0.887189388538514
0.8900198645485261
0.8938709573113894
0.894794272281729
0.8954213638861344
0.9031595766984521
0.9102583440484335
0.8959457322581488
0.8606599527058102
0.8330895983703908
0.7665839275500735
0.6206283401371027
0.5585171929580254
0.5717273699881348
0.4179957498324391
0.15806817470234252
0.03084418583115822
0.06901871934793255
0.07733448438340103
0.0705634576014557
0.05654514188667198
0.10850128062702911
0.125966792893718
0.08649195778601731
0.12637597135266493
0.3430781989178572
0.5460114833012972
0.6539052094454346
0.6817419078450073
0.7078091647064766
0.758003633235082
0.682113504681709
0.55078582952402
0.4468303220072362
0.5133544199553708
0.6131690349061747
0.7249197219166242
0.7128222016534252
0.669443284754902
0.5019020642520016
0.29626646609721974
0.11436052960266437
0.09763210912934346
0.07869877708160941
0.0862362895467766
0.09715412637270071
0.10297160204695403
0.11683313081896986
0.1808938784298786
0.38300977860271346
0.5837927926100778
0.7114347148360484
0.7414691108384266
0.7746908006328963
0.7955175447221624
0.8276330109792296
0.855123710798234
0.8201043834328225
0.7474280791471755
0.7275198099499098
0.7622058680798263
0.8086509725360321
0.8172048155317402
0.8302044516773973
0.8349537820646005
0.8486652427180694
0.8584099895903015
0.8682806484463568
0.8727626108034505
0.8736723678872821
0.8811055821850252
0.8794439726314284
0.8715635522697152
0.8346216642056192
0.7662724570023
0.6704285208144248
0.557018336602843
0.5748481111450167
0.5020404103691514
0.3152372202771769
0.0968823585257987
0.07018465582121941
0.08299611437721012
0.08042730340199847
0.08319177798194181
0.06185700583872936
0.0972950122503145
0.07227058348206963
0.21039964052246
0.4066020129223309
0.6162246977656153
0.6465112942718138
0.6357159342747485
0.6495009293536579
0.6901508613935889
0.7754370876309253
0.6340701138198496
0.626099781741363
0.5590376708242498
0.6614007667185982
0.6822926855276278
0.8179643423942825
0.68646006250599
0.4295848774213755
0.18192369454870638
0.08522426989068009
0.0840189786611361
0.07913251423172024
0.07814482491975139
0.0806737476038684
0.07930994972214037
0.068339505558428
0.10321242941184908
0.295397103473344
0.5498840324580899
0.7265804653142048
0.7857475386341218
0.825223661891229
0.8623942730495406
0.8761020019990011
0.8444753628867814
0.7319087011605409
0.715097664985628
0.7769517989009318
0.8664747659802651
0.8398031802210575
0.8317397117986517
0.824703653355717
0.8437237611590066
0.85202742741752
0.8667104020809802
0.873200182756403
0.8750735150450404
0.8770215053728517
0.8731445626768852
0.8766001441447672
0.8769952834921714
0.8725228669317896
0.859736513221535
0.8454549923665
0.8315710487372534
0.8144959705185019
0.7682284910246007
0.7421085935103682
0.6280629490699745
0.42963440997125507
0.214572102697173
0.12783059109837863
0.09821312749771592
0.11545925106113489
0.12127145867004586
0.11717323923421674
0.10385759108851297
0.10961741876490382
0.10417967213159761
0.13061316933787837
0.09721948494308967
0.20644513051647473
0.4202708441421355
0.6536181698972682
0.6728898157069451
0.7201399998955333
0.6152161866604954
0.5936310065765726
0.5529639160737105
0.6097890117843671
0.5724880569258582
0.6196027174260652
0.6337802519719806
0.6790921404642069
0.7286314482135029
0.7541315979003961
0.6646643086623542
0.44613166008135907
0.22885502663792706
0.11514712846035118
0.09967617818437832
0.07888788976347923
0.08902265675354866
0.0887859966985479
0.08755022531810495
0.08686096217631914
0.08007663790478951
0.1792726151859349
0.25521528704395163
0.25084841811964576
0.14841888193331956
0.3600079262327809
0.6832302666259328
0.7891582120711579
0.6089990206596244
0.6080000497014005
0.7494892082709466
0.821315116090256
0.7928785702716092
0.8056714671566401
0.8188626899575914
0.8297047941733778
0.841500295249051
0.855762380628722
0.8662540828637082
0.8758549562404003
0.8862308973304294
0.8900436727400514
0.8907254256444871
0.894098057527602
0.90174859144027
0.9082355180138988
0.9101685076380843
0.9025435287637774
0.8849933459016306
0.8716733198027826
0.8620148485377169
0.8466768663647761
0.8013971276136184
0.6975256316290279
0.6705444031768355
0.5759327654581774
0.34890465650539765
0.09584014028288114
0.05098213080493141
0.07308361533489076
0.06541184125193134
0.06084061794620992
0.06644394319331681
0.06405564188326072
0.06063870365532307
0.05033928105024171
0.12380626027665986
0.1738775184292135
0.1435767253736159
0.30849058095749465
0.5274766513803475
0.6237652956026959
0.4506097929506507
0.46412447396737877
