0.7090909090909095
0.7970401691331935
0.033766233766232764
0.7090909090909109
0.6286266924564805
0.7520661157024798
1.0
0.6679841897233207
0.7970401691331929
0.5909090909090916
0.8935698447893573
0.0
0.7520661157024777
0.9454545454545484
0.7970401691331929
0.6679841897233189
0.12727272727272831
0.7970401691331929
0.7970401691331929
0.5909090909090897
0.7090909090909095
0.5909090909090897
0.7970401691331976
0.0
0.7090909090909095
0.8441558441558369
0.7090909090909095
0.7970401691331976
0.6286266924564765
0.10743801652892761
0.6286266924564765
0.9454545454545541
0.6286266924564765
0.5909090909090897
0.7970401691331976
0.844155844155847
