-0.08356600968070134
-0.08130951005446603
-0.13221774662572358
-0.23293161480385527
-0.2771328870768761
-0.35926090005749145
-0.5259019025129901
-0.6086820903824784
-0.4155133260069513
-0.03328178597384183
0.1765159153876905
0.30278849988020595
0.30485536787672884
0.3088598249664801
0.35855181559462046
0.49980144704043983
0.4306898266328597
0.1885618367637195
-0.03790678859468716
-0.15197622323779633
-0.222512909368508
-0.35211314327132187
-0.536631879448524
-0.6511348409172599
-0.5131066922816161
-0.20159733964719978
0.014868159221995279
0.058933743069946344
0.03347878424314469
0.05555312617161511
0.09438598053474442
0.07680294137764798
-0.006208641518337173
-0.14752632666978688
-0.03342825212199742
0.4153307059098863
0.8730425809872387
0.7812149580645167
0.40761091619960765
0.1610567428745824
0.13449264394499366
0.06917819220484751
-0.004845366519261514
-0.061619752036708615
-0.031208103341355212
-0.0717196129450003
-0.26259996147259984
-0.8323835634551748
-0.9647302924419601
-0.5792790802403729
-0.0029158854278184465
0.021589006454144292
-0.1065237125909505
0.20883403522632332
0.7583491511983961
1.0
0.6273507534738514
0.2524319769786529
0.057717033391647084
-0.03634171562691012
-0.07823264678313127
-0.09504388762029359
-0.13798876623751188
-0.1195168325364615
-0.05901532932881139
0.0838981398192525
0.05684771953091208
0.041424897206857006
-0.02059669035960305
0.004855387606999289
-0.027821207381429507
-0.003127419480727233
-0.09107369460643527
-0.3339010196767899
-0.897210024440659
-0.8533106192446692
-0.32253604470782676
0.14926955411407378
0.08445690069713142
-0.1272875241532864
0.03642846020609535
0.4091064215498526
0.850125465042916
0.7706766083153102
0.5320219363118287
0.22493690586898396
0.026909909670602496
-0.030819139059797985
-0.03586180695280771
-0.05227429639864321
-0.13511912415356225
-0.14660556449452702
-0.25742483340184896
-0.48753576076748145
-0.8599308551658206
-0.662380756858997
-0.1905216875112434
0.17375718860521888
0.05276459774126229
-0.20661422027508336
0.005295262601261203
0.4470897420992917
0.9259260869610604
0.7701446099612371
0.495132244953616
0.12375991333221756
-0.010008727006299682
-0.0688892135746044
-0.11905371664986343
-0.09499175931909398
-0.11659946715878024
-0.057407555653642174
-0.028712774970368136
0.009290062790981834
-0.01089160446367163
0.03003459357213632
0.05340304925399683
-0.13227005482652945
-0.5019931083215932
-0.9972611017356945
-0.6710865024517471
-0.0894678791835118
0.2212067052244679
-0.2124787939175122
0.04647371390130504
0.5289572144614892
0.9924802640032078
0.7712700538951103
0.45040548208878517
0.07197997653834569
-0.041737392633101604
-0.06941706184370518
-0.07590549397081353
-0.0973230804325151
-0.07757985442073338
-0.11186913116313715
-0.14886843401303715
-0.3485674201452341
-0.5534569145472281
-0.78155710926115
-0.5106098006060713
-0.14280680764996617
0.15441281722363548
-0.05957851446815878
-0.038524135191753336
0.24874407833968565
0.6013140080000062
0.6988235238003571
0.6053515288834341
0.4142429704181998
0.1116625231103834
0.0020357448546994474
-0.022083936026422484
-0.04086745726932208
-0.07566857940638257
-0.0509430687932736
-0.05427666692631283
-0.05211702365083771
-0.053087160387780795
0.03631038144492167
0.011726161322374367
-0.06643293474167074
-0.36981439738881233
-0.9120983528966148
-0.7396845481374786
-0.21075537580059314
0.2030952100903183
0.010473978939650136
-0.05983728672667556
-0.10021703761046727
0.3668515180548671
0.9210506922649204
0.9256683744880224
0.4092661004950406
0.05428721275861451
-0.05506605290397424
-0.04406178446574022
-0.04142563888169481
-0.06399811978400254
-0.10029947101408626
-0.11501060214795443
-0.094914905881714
-0.05639516303956056
-0.0052226558691191695
-0.00461609894954818
-0.1312695842826967
-0.44149379611588124
-0.7795009066203189
-0.5874622132807981
-0.15304137647673294
0.14071336151319896
0.022561320692151738
-0.23001694132938025
0.054813203220114314
0.5389631023923619
0.9130938008387924
0.6276756395951752
0.39741011843391677
0.17212920203976176
0.0452024985303516
-0.021357721672164046
-0.04220172505793518
-0.044926553915680595
-0.09557693604061833
-0.16255660161815846
-0.35972136527536974
-0.6126698891537049
-0.818067279375665
-0.543237967128064
-0.15153422249487858
0.1323922048801532
-0.04764212204468223
-0.07015830693926396
0.20928402981865013
0.6196284739467771
0.789721831337756
0.6332643849073856
0.39781726072001794
0.10148195434062604
-0.009745816166651796
-0.05254103095022531
-0.06903365307657837
-0.07982880759883937
-0.10768052693089138
-0.08194818403950246
-0.08530863162752246
-0.01915874387335031
-0.02174231785972783
0.004332817013364282
-0.020432973364580352
-0.02706324600798706
-0.27673213981878086
-0.6653105663184764
-0.749287420553123
-0.37493444122585035
0.05903341395201808
0.10608224364399826
-0.13044007200051652
-0.10660429140231797
0.37201523029106
0.9023324298749767
0.8536888773454631
0.5084958672225031
0.15944848809687595
0.02111041946436633
-0.047483826321641186
-0.049521513021891686
-0.041544330726124436
-0.03777603020332402
-0.046953426595776726
-0.059025850314017324
-0.10322433733567603
-0.1733629217178264
-0.35162360160669925
-0.7073976995298468
-0.7988448217920338
-0.4528986451044385
0.004364379977947995
0.12094763602260425
-0.09032329284756463
0.013443861773410217
0.4524671940892159
0.9428895999408143
0.8482410343029899
0.4985215838402
0.17403575275950733
-0.007306239158846192
-0.04365675328453683
-0.08178033413217807
-0.050428700424176603
-0.06734317467018959
-0.0584764079783474
-0.08441825104384268
-0.04283775316229508
-0.024129198637831806
-0.02838994682806299
-0.07958330238044063
-0.22074759740554867
-0.6536085279433107
-0.8759339513357517
-0.5786556494890347
0.00022729919329740673
0.12378776911468516
0.016544353386202623
-0.1866928571397961
0.12597988168781826
0.6387483784754623
0.9845686983333989
0.7215421628665313
0.36466760148345934
0.13236730447524273
0.0348346119032645
-0.0033501153446847164
-0.03982237979160485
-0.09204030451514295
-0.10967788661425877
-0.1239059403514184
-0.09843233946605434
-0.0805809881147292
-0.11257121743865481
-0.2986204481542933
-0.5936580775494248
-0.8060633934853862
-0.5498197432551439
-0.10761960625039536
0.12032576402489667
0.06178475982024279
-0.07629023064770063
-0.08000490857670721
0.2649175875524218
0.8038265167937079
0.8838590943848676
0.5705349748471799
0.25620426056765344
0.08291905292311018
-0.0008021366617946289
-0.03166087921671533
-0.04234396682517518
-0.07412184606356267
-0.06916727925372244
-0.06202539905451261
-0.07193804762199867
-0.19089055249766035
-0.42658269976078844
-0.9541283938572837
-0.8423079003003837
-0.31648704603677097
0.2161899019134605
0.026699061938361895
-0.06972109399842685
0.21584645122447263
0.6828970423377705
0.9289007922453486
0.7107803635647023
0.37601360582649923
0.09123716411214539
-0.022364415299651063
-0.07974031795683831
-0.12382440865376704
-0.11953717261933212
-0.10545792941742486
-0.09821336802819666
-0.09022182412225337
-0.07400614801145973
-0.22755926499448284
-0.5556753975130169
-0.7594572712645107
-0.5336146697298443
-0.11471780369036863
0.1061674932883737
0.057569937818288695
-0.21347637568201977
0.07003855921775097
0.531374030143396
0.8865987000762721
0.6353766724119562
0.4044722488284536
0.14620328250111098
-0.0018890780165395078
-0.04741100298407894
-0.05878199220337053
-0.06909214567657757
-0.14502639674032305
-0.35981409017287164
-0.6153069462607892
-0.7664550933856609
-0.46409540276274136
-0.045086457605652115
0.029202318159301518
-0.03717664515834659
0.34545504603958643
0.8821139056099481
0.8678378585670263
0.45676106896634017
0.12502479150436788
-0.01582393947026964
-0.02856806182940118
-0.050567937718477146
-0.11334769601580034
-0.14241903291466002
-0.2097988168290636
-0.38502118746190084
-0.586009153096729
-0.5904608227606146
-0.4803980347940964
-0.13012304730246702
0.06095301267822981
-0.04645965491285628
-0.06923049841222627
0.04379032770713118
0.10654981715286516
-0.01675769747095987
-0.048009950809613844
-0.12855838528645377
0.19726059333285248
0.7158711500283086
0.9512247695430027
0.6825416224650491
0.3008202352877264
0.024348976379777718
-0.06800076902438681
-0.06259513707927632
-0.046668147095745266
-0.05215721098494823
-0.06215905956335466
-0.07074415462915291
-0.10856339764903719
-0.2733506076004585
-0.5456163995636563
-0.791783890256565
-0.6278649443738762
-0.25232239961462216
0.028064392266665808
0.0026693395829607233
0.0045262589536326885
0.278840394848959
0.6934639311472531
0.9313230603727352
0.6996108404072293
0.3101676757365605
0.034004636654803765
-0.01590168645085177
-0.02519301268793733
-0.04608042767518096
-0.042776573873441665
-0.050852473501445374
-0.06699200803472379
-0.04115006463203036
-0.00827165299360105
-0.15772206836139605
-0.46260682520440133
-0.8592508981585081
-0.7990191554577434
-0.37668763590312354
0.06634556036022408
0.05376866651889606
-0.05989332721210248
-0.03880625484816558
0.3758971779479446
0.8418954092728085
0.9060777663777435
0.585724697974533
0.2457791982409677
0.048393994354309175
-0.06395465023012609
-0.07472390291541144
-0.05743543273928097
-0.05965564195920633
-0.06749327946500147
-0.09439417110931873
-0.22214476253424567
-0.5452227008837689
-0.9135670137421398
-0.705502913364107
-0.19896034452023903
0.14789065387826328
-0.02032842446185345
-0.1071555814012934
0.2954056674309031
0.8350804924795117
0.9827041329942243
0.6382597909348637
0.29521041171318724
0.046740909799958
-0.1009832529694103
-0.0981228545401029
-0.09338662240898604
-0.06948808874864286
-0.08389222514378258
-0.07823526645371516
-0.06321500309994212
-0.038207566997969115
0.005742839687235564
-0.007446868067829557
-0.08964969813308597
-0.369668722367482
-0.8671644439778747
-0.8585887264507911
-0.3223725277421617
0.18277546958409235
0.10709999355289919
-0.1004984775045639
-0.12362769195048463
0.2789302510589042
0.7631251099975576
0.9034277268817776
0.5993481796246822
0.2952340612602557
0.09752462778029446
0.0219151147117102
-0.0497785495852565
-0.13151335918288096
-0.11633003867711599
-0.07748829482033921
-0.04979051106476179
-0.06329649057933438
-0.04612395491258077
-0.1490917594232406
-0.3512177948112134
-0.7840981330356085
-0.7890289912160522
-0.32637711205140557
0.1300851713528626
0.06192875580383799
-0.09640321370820412
-0.08585538010355367
0.3127021743854799
0.7445780876060154
0.8522903449870508
0.5230142842825084
0.2657243785203645
0.04846676467168789
-0.05059790224765725
-0.1321063846297177
-0.12676869554733364
-0.12873330555040352
-0.06823638712110558
-0.07664515200754632
-0.22906133994428463
-0.4265703344487416
-0.7885249839193426
-0.6241056727441439
-0.2472453814479965
0.12497172090711398
0.056613780786431166
-0.0723664291420959
-0.0062144029286919636
0.34661372446033095
0.7288715292989796
0.7279451348771935
0.5383618289865607
0.3230706534237665
0.11282888504783219
-0.00022821586169309606
-0.005314804407010479
-0.006947375356180764
0.011422254365234488
-0.02094296045850836
-0.10731658957717022
-0.3234240072280743
-0.604035032645515
-0.913314597845772
-0.6284900171044948
-0.1900575405346958
0.0923540538198095
-0.04026382109641393
0.04026187611546535
0.37252453903032956
0.7859560076294761
0.8533288460792284
0.6049651361601731
0.3070494455227979
0.08707902559929617
-0.09005218023200326
-0.14074401884552928
-0.07498131606183565
-0.06933954574887918
-0.07493855819847355
-0.11460216134894367
-0.05265094800721658
-0.04739471872269679
-0.19646573772655754
-0.4885095908025181
-0.8353009827033352
-0.6999797898010557
-0.31683076062506543
0.04849316375824624
0.0550702898928045
0.015761714541532773
0.01085359486098644
0.3003672996407092
0.6116795942607451
0.7589539274240149
0.6118041656289783
0.4001073617075969
0.15509602579015644
-0.0010389979324261587
-0.006581987704928288
-0.030959873091581425
0.0008113552683164563
-0.013849542800144
0.0018077276144340669
-0.07156163386758699
-0.048391804479201495
-0.12291171954001075
-0.3404000110821682
-0.7693793607452614
-0.8649900912654086
-0.5306090196042449
-0.07033738239298958
0.09519811975024821
0.04510479866988726
-0.04400211381855564
-0.04945870163128096
0.30980173278670964
0.8047863749806613
0.9024259417164477
0.5686278392551085
0.19394117939678596
0.05769547442747975
-0.08693004222993604
-0.08327439301985087
-0.12929847424690155
-0.056740132212373166
-0.09094963637791512
-0.01666651468921257
-0.0015459066934311772
0.023166182094596924
-0.02618665723880249
-0.01988104792715138
-0.13873955752503
-0.3986358472960482
-0.8836631742378279
-0.6749335161801908
-0.2480343165555019
0.13279955131697796
0.03274630847954023
-0.09014358801786834
-0.02296917833691725
0.3469625895428353
0.8815387082593733
0.7960271692112362
0.5076674946020623
0.19118988554912345
0.08354253439323073
-0.010105577936344498
-0.04154274119339479
-0.06057274551285073
-0.09142220813936264
-0.11107309117237218
-0.21455138017908498
-0.3900682515330254
-0.6357387737765229
-0.7638396969690634
-0.5084297686332895
-0.12519039805713203
0.07902986067104645
-0.036305769392949175
0.012851724872440688
0.3256762506083218
0.6825205407599091
0.7651439287794239
0.58987732808432
0.3138569051871056
0.05271863664619089
-0.0652586931620436
-0.04806830801061013
-0.013720058842978517
-0.03788710878012294
-0.0678401247636709
-0.0967282914626761
-0.048562665401153685
-0.0161319848136269
-0.06773985304409157
-0.2978659187442522
-0.7604932548062945
-0.7873445861417001
-0.41894998365448766
0.07470838540253673
0.10265330343506568
0.0026706184425717237
-0.18269398634558487
0.015012625501356274
0.5096601605482726
0.8805695064557238
0.7808627856954661
0.4920422519791645
0.21923131096424708
0.04912236282354568
-0.02810203437606556
-0.06710888519893339
-0.13913843970994408
-0.3580166375916675
-0.7432638216133565
-0.898473488073299
-0.5770332458754839
-0.157627810693481
0.03206739973383668
0.030487580626469783
-0.03544234453663343
0.13484414588562088
0.5775129974601813
0.8835287152173058
0.6705489996333677
0.36781515454512537
0.13943362766936157
0.03677840496109548
-0.03435551362629206
-0.0367791422647654
-0.08131210560005794
-0.07854098512156454
-0.07742785424047906
-0.13134920844184764
-0.2948595906508064
-0.5113697807965477
-0.8040463940860622
-0.6242274547055139
-0.20376641926032998
0.16813426254588176
0.031798000593667615
-0.052328576794769224
-0.08210477322353153
0.1063240589520936
0.5142960852549844
0.8522881779418291
0.7722828015219984
0.4497788024308402
0.20183214502957345
0.07498971500706764
-0.011826856262843442
-0.04069704071301988
-0.028643748852557497
-0.05825178639748625
-0.04719110277925139
-0.07651067600126103
-0.09877802974934845
-0.35475522463759673
-0.67106859471513
-0.8770528379360711
-0.5696426452126405
-0.18535358760764004
0.04299594295058266
-0.001244544991403307
0.017093454602359618
-0.040048209256763175
0.08335585231638773
0.47285665355570733
0.827126171959776
0.7430579393405009
0.4273280997781073
0.15814984837546608
0.022649734895386627
-0.06564920553754912
-0.07794602840225506
-0.12183940553437672
-0.12144930421297996
-0.3017368509623482
-0.4468283224064899
-0.7852567167307194
-0.5862807688215391
-0.2621755679787579
0.09062700901129024
-0.007954265655611468
0.023646976242847034
-0.038106499790922545
0.0009390850982190579
0.3896963082790387
0.8260959201570148
0.8519124825992458
0.548357524795439
0.2913480500541764
0.08227171793555951
-0.04252659469823436
-0.053310803905737614
-0.030588478674864698
0.0017776538971790675
-0.023374161723729074
-0.047777436117393296
-0.05636204424229055
-0.035222921282660434
-0.031065023167223975
-0.0938415837688153
-0.2166879805516515
-0.49581141972936316
-0.8412256616424992
-0.7530498406295224
-0.3277703338954326
0.06526437065548883
0.04227366189579588
0.0023945170937229748
-0.03407522999322003
-0.038081117876475314
0.16683789657844353
0.5916575729698069
0.8830448817008637
0.7599029491285417
0.43410644991698183
0.1592269421254503
0.002492985412494491
-0.06468701455598892
-0.08295451245267185
-0.10293299507083127
-0.11207247104278667
-0.2288357426493102
-0.4233026815170869
-0.8010975875159282
-0.7750607585097312
-0.4134742172182096
0.02440350206727189
0.014449291050179492
-0.014109744427339043
-0.07543336752280727
0.16008338054727939
0.6336714912893759
0.9353609619685918
0.7622420419065875
0.3794109400889214
0.14669506412970112
-0.0008785853758733786
-0.0599075445492492
-0.072267797445423
-0.09283368181381858
-0.14572852129526281
-0.2439912214662291
-0.3759589562909352
-0.6941590040622999
-0.7734352666535866
-0.44292012844419243
-0.04322126363146088
0.056223609630792926
-0.002752679034318074
-0.03531008731381274
0.039604719370325586
0.4406777055008463
0.8118242426299843
0.8045257955241584
0.49612299289786377
0.22076917930898782
0.08111201655404784
-0.0026632837719456418
-0.0008566453426057857
-0.020670149977292034
-0.020435687122013164
-0.041571927320302175
-0.048098296403561516
-0.11282323531925283
-0.22484139380803347
-0.369965503472166
-0.4995165951831268
-0.7556330694276718
-0.6066758820976406
-0.2652412851785533
0.0744057320651971
-0.029318826447341427
0.0003246152099808374
-0.03392911413057634
0.05253101569936284
0.4105359668377194
0.8191148930941359
0.7914170261647604
0.4749170600510574
0.22855757417153197
0.09360396230385246
-0.029744756275990252
-0.0509802300640135
-0.060338214197525934
-0.0488022666137991
-0.13857439287767548
-0.3261980195353371
-0.5408130009539615
-0.82237771008276
-0.6534110820069811
-0.2635937958668459
0.08876861061113869
0.01716990092151864
-0.00723280756837219
-0.04331340749809384
0.30217163106089695
0.7741460011854455
0.9445954336137242
0.6119912460940631
0.30025470912886315
0.10087142262795183
-0.0033490801052370902
-0.05554916686876292
-0.07589381597461667
-0.146053240797752
-0.27123692078297
-0.47920865356879966
-0.8064306608985264
-0.7860457041500014
-0.38732460633132254
0.06448795143965046
0.12075549084009779
0.04061321655639062
-0.10971005708830137
-0.08140502711135292
0.3443409091286099
0.7870911503528877
0.7742146124242947
0.4674546227141381
0.271000617266228
0.14002628978045994
0.003473957784543966
-0.06415451138600273
-0.05587794020578547
-0.05032004491292024
-0.08711330363324545
-0.20163665183925128
-0.14524961659535238
-0.17111024138914063
-0.3457986575533924
-0.8396282265446462
-0.6764447375317181
-0.2498350270547719
0.1138159060658178
0.02204981685309753
-0.014193416030349883
-0.05361007784601792
-0.06316869418035638
0.3431773336165086
0.7786199012503493
0.8888073834056406
0.5669642897151442
0.30242334794737497
0.10099317942414997
-0.02863697064048505
-0.08815341889725987
-0.06966470352418297
-0.07999768253345965
-0.10386158996256055
-0.18882100097786378
-0.30270877777537125
-0.40127584186695153
-0.7098287547350655
-0.6246514716897795
-0.3173436363887197
0.08438233023642254
0.02032044918735047
-0.017526138746868588
-0.05633714161342663
-0.09707941203454983
0.2104591390145402
0.6717365231876709
0.9084730154834911
0.6237005856048433
0.3183015119182123
0.14338373752665506
0.03305280634023941
-0.032504232908310615
-0.07784066312915704
-0.10974985663103173
-0.18451917761183934
-0.32997150529486696
-0.5607805510335533
-0.8039480007166474
-0.591705321765731
-0.17607889120476392
0.10859946753027287
0.012806891482346627
-0.02214435263633896
-0.05237442270998764
0.009230345857679487
0.3612172039707779
0.7272194860246459
0.76346248344661
0.5118013346326228
0.2560324559326784
0.06757204670772826
-0.042172765633919744
-0.038015090775058914
-0.026422662733983936
-0.0015604873903241785
0.024773550225910202
-0.010989957909270999
-0.06796270748236166
-0.14062368303826156
-0.2727667825521895
-0.5296303279803891
-0.8453776360985074
-0.6348686593067088
-0.17134799460668323
0.17016616353358513
0.03647134268698115
-0.03446343530519532
-0.08088966977321219
-0.09762934030383041
0.07931807479345511
0.4648464357393411
0.8070363521859166
0.760934586305608
0.4351296733067963
0.10698922549321957
-0.04065124677162672
-0.025232612767749515
-0.03231417699729268
-0.020369652796961603
-0.027855812638703986
-0.019008523371137807
-0.12308599185175181
-0.25600278369481283
-0.4886714600359042
-0.7986906562541357
-0.6458884183718723
-0.16878432259181067
0.12580939335258262
-0.006386406809606477
-0.057613117292204793
-0.03341637262775948
0.2697738182073676
0.6387706418355596
0.8559026211744654
0.6260885751223594
0.3671854363805924
0.15345297245832223
0.059549292746440136
0.015623945268764754
-0.014215211162241292
-0.030428163174812742
-0.07240928413467118
-0.061651963976454636
-0.04709880032655363
-0.08111786346773854
-0.19409752403091204
-0.3847588672375408
-0.536879835382137
-0.7878231291335079
-0.5901110003248078
-0.21096347845478375
0.1383173900999891
0.06192986472661999
0.03296271435100844
-0.00874399832635281
-0.04620548634331712
-0.10520339801235505
0.2817476764011784
0.6137160235123235
0.7626884349151727
0.48484792576109337
0.359045543917175
0.14705879244101747
0.008268484519782411
-0.07597077110131692
-0.05536638553244569
-0.05353505265449877
-0.05518419213089907
-0.18262091943564943
-0.3690422730563985
-0.7122698808283943
-0.7163932391726541
-0.43397218923627195
-0.061365227952583985
0.03368759911145481
0.08843547200852907
0.07265651449448206
0.035768931200189105
0.3329689239840317
0.6347663887027013
0.6966054684594961
0.45097532423130265
0.2846128443328927
0.06186953329828175
-0.07092381649132688
-0.07099695380143137
-0.03033928190815686
-0.04837665678136646
-0.06177769198559221
-0.06164084093538901
-0.14672898211217456
-0.34087826377727476
-0.7244596013454194
-0.7381869209308171
-0.4044721176781802
0.07121989328525824
0.11656881120728836
-0.009518139818825027
-0.05273359177059164
-0.04650279757786265
-0.04201225469440322
-0.02585076812348544
0.17753217620349748
0.4698303228001852
0.5848040384091712
0.5291133792512195
0.39993551905734953
0.301693096700477
0.1361000755523747
0.00646272231695018
-0.03278127882258113
-0.06777763400857077
-0.11429904277539338
-0.25732043188051057
-0.40612932485765246
-0.7195784929963303
-0.6838153953500907
-0.36474409195213653
0.032919354862180956
0.07329706067252245
0.0018215489658854596
0.02439052621560165
-0.04989656873002882
-0.0561779070242674
0.013533040634441981
0.3543372445740664
0.5672629989912604
0.6747462998739518
0.5357255400209062
0.39767665601038
0.20716884780109313
0.1064876112539646
-0.002145192290032676
-0.021392931904983342
-0.060137962687152144
-0.05175710390185108
-0.11440571661856758
-0.26162733419727674
-0.5024224662455091
-0.8640524859991745
-0.6830640459500881
-0.2937227252385699
0.07357115321639933
-0.011293475599115765
0.022164828498625833
0.03057154216657543
-0.0035817420600505836
0.3050314286865178
0.5430532924645372
0.6446457538969522
0.38950193616365053
0.27116751983494464
0.1592851154821739
0.1349811428068304
0.066979715744827
0.0007334104984440961
-0.047284617146943514
-0.09313439376501131
-0.2957179442462479
-0.4542451407875301
-0.8443689464121211
-0.6928825411126837
-0.2738187911530246
0.1507242450108532
0.0840378188609987
-0.03069620200697928
-0.09971296352085628
-0.054844579465734636
0.2879594547673891
0.4956793180671469
0.599749843067158
0.5610643423268293
0.5038230887766669
0.26136322876075985
0.04960928931689875
-0.09038858357251059
-0.10944521049847929
-0.08436631230956404
-0.06521405025377641
-0.058107533544263096
-0.09339198788059064
-0.03823739421164775
0.020652180780818714
-0.03348560079851847
-0.25417658895871603
-0.5612417508768185
-0.7004978417509062
-0.5118539950973189
-0.185897101236902
0.01966509845990246
0.0824590408801508
0.07157056300148913
-0.0020992258862095907
-0.04986883566049941
-0.010769976503938091
0.035695253735152546
0.32263458996173505
0.6111506473388868
0.6912806684387529
0.4885518004865776
0.29365922098650743
0.12160565272183278
-0.04783596662252823
-0.23758782099643197
-0.4017764130584142
-0.7383236650042234
-0.6990066046556258
-0.3810107888693243
0.033968598315805835
0.04195285426862954
0.008947328452939789
-0.07233025032492703
-0.1302426256696894
0.08863986343717534
0.4937558841421267
0.6940188705732235
0.5820979060570711
0.3593921746540013
0.19961709260599164
0.08599584862553013
0.04899888798431644
-0.009333839368566849
-0.07677476390667584
-0.10316786314654951
-0.06922378962099236
-0.03577528360779153
-0.054439105726619315
-0.07264854564610296
-0.032840990665394684
-0.04266359977427862
-0.1934022394884523
-0.42814009737569325
-0.7215187136717415
-0.45728143158495843
-0.1925431335131241
0.09203190294735372
-0.07686627653930321
-0.032414936904788944
-0.05606486845783239
0.03106937769135365
0.3469175155145573
0.5740214771954918
0.6528858289869357
0.4051642715118836
0.31768601032827726
0.20358016184419964
0.08369104925029475
-0.02054460944266665
-0.04601016806464748
-0.06381672601747274
-0.08402684192184384
-0.24758015604885483
-0.46536420558994546
-0.812554519353515
-0.5965121589059549
-0.2862250934678251
0.0819498655401415
0.055507861450159825
-0.012162176451420295
-0.05826136912392778
-0.011170441486694396
0.12583903318421855
0.35459492692734645
0.5639220128656226
0.5435948645554308
0.33015438720049634
0.2849294193669694
0.14590150351473105
0.043872173363160086
-0.06564643484110891
-0.06092759263571437
-0.0735059361877183
-0.026804306696393086
-0.05765989952722465
-0.19001792789549268
-0.3769658399050223
-0.7161151724778811
-0.6719813673364292
-0.3156725655368791
0.09861457974576075
0.0484145531989628
-0.027811222540161513
-0.06461372307856644
0.039346824990891205
0.2596871912909319
0.4777193860123359
0.5301799451735516
0.5166961427967551
0.3969674623161401
0.2692511927024402
0.1037045519746138
0.022389460032144808
-0.04671878435832974
-0.06524334688610355
-0.11663720951492977
-0.28191706434864416
-0.4609883338677566
-0.7639451670274595
-0.5838034960465374
-0.2691536148070605
0.054040754462337574
-0.00573677218108629
-0.021728748731615486
-0.006596323174006418
0.06504602367775045
0.3564128555367845
0.5766439063522862
0.6734673935626291
0.511571515827301
0.30408473992204654
0.0812740666939794
-0.0813411531261098
-0.2292371466654369
-0.352969314216342
-0.3637352874088683
-0.3166853950175666
-0.42819713433382434
-0.4794600601930038
-0.27056742998436395
-0.039077617042642315
0.06387138660811616
0.06951667681468239
0.05916798968258079
-0.032125221633000016
0.014049952562746531
-0.028967577802735383
-0.13135574348132076
0.14527498356711677
0.5287440195966145
0.6994703357204011
0.5398323784659064
0.43218679666597154
0.20211175328300224
0.04302700302281701
-0.060967923375599
-0.11550169380464645
-0.12099922227374833
-0.09866777211759688
-0.10339610769542086
-0.06693038663700143
-0.03423831220022875
-0.13838186446777492
-0.2959894565449792
-0.6124904225787129
-0.6354078055868617
-0.3557755669602141
0.028080015237222755
0.015990811631831015
-0.04770488051865616
0.1140045016620661
0.19395798055948113
0.3522935593308406
0.3962609464449449
0.4939354677402371
0.38913018538902205
0.3335232139999492
0.1416401565106882
0.02510152850755306
-0.07057884099720284
-0.10915167973011734
-0.1335454383680708
-0.0826642744392348
-0.17764473087797916
-0.28590636609602893
-0.5310177021421061
-0.5695194060030374
-0.41266675332943165
-0.0854632018806207
0.0025404700231268303
-0.006766842274288186
0.008196516764995018
0.09940485060414743
0.2998890977272301
0.47554047035350644
0.501252251943931
0.45066549779720666
0.31689826486185624
0.2143705501579878
0.027809294894511467
-0.05245840574173704
-0.11069225291574854
-0.06746408566764195
-0.08919904064895666
-0.23292611564693463
-0.3110882454548826
-0.6450233166922364
-0.5918927026964516
-0.34645327785324953
0.07925327841551329
0.017390978042814892
0.0037414503113192177
-0.06627649524081841
0.11288693283506437
0.388357258724352
0.6431629106393407
0.5472884838463621
0.38296109531331685
0.22723127552123895
0.1323454780355477
0.01717017015204829
-0.08614249257897365
-0.11608945543708472
-0.12009400918816682
-0.06814120445935704
-0.05452378728483474
-0.06801584187571065
-0.07076248436608848
-0.14342193364076034
-0.28739940526419383
-0.6136674743900362
-0.5314842029423259
-0.277437550650939
0.029298712124003486
-0.011982788622633493
0.03358731144967252
0.08844211238878767
0.24116242875628216
0.42212392817208744
0.5969858163357727
0.6039964287406925
0.4561685745805867
0.21573352153032405
-0.009701760142967523
-0.12087794572593
-0.12281094933700587
-0.1389212789599023
-0.13284561525779284
-0.16075124373745245
-0.24510802697431563
-0.6041263261971637
-0.6528882774367607
-0.4007148105594409
-0.042016279359859264
0.00999391320377589
-0.007676770206469792
0.056250890268905215
0.13041522033465283
0.2925864776586167
0.48556005066244
0.5603799923949723
0.47013987558396536
0.3001170370904392
0.19106565619783056
-0.002564571089328899
-0.11231043793032588
-0.1595451184413151
-0.12528309791129782
-0.08879451468976572
-0.02242172219354833
0.019761987602686087
0.023272794384413483
-0.028100952999866924
-0.17313284336397025
-0.4586579851248069
-0.6643895647041698
-0.5084998565266844
-0.13924805995431483
0.12005497651121663
0.09502511490018097
-0.08598969129911603
-0.1120873482307844
-0.05165037500132437
0.1942440966986558
0.43397367065315723
0.6116019092431255
0.49792087584992867
0.3901195531760762
0.23207862733383475
0.09080708195361394
-0.1111672411499164
-0.028569870025110723
-0.013323544359838551
0.05027653344804163
-0.05213661817627204
-0.06130189802456252
-0.1790508211598023
-0.2863059465987112
-0.3902010030246866
-0.5501420689657857
-0.496056290147108
-0.28044132665734717
0.038437280016395195
0.1103617202677976
0.11074890646383324
0.08112052511168948
0.25328532182543384
0.4236500686318773
0.4608252911882331
0.37887210987730335
0.30358051028765876
0.13132586857923725
-0.024625803189571017
-0.08146306349077292
-0.07579351711080747
-0.09471486392342218
-0.08629298015611847
-0.10882403797022942
-0.20283358881113087
-0.2755913237829566
-0.5638638579636839
-0.5473520172870927
-0.3079322607842543
0.05108294105897109
-0.0023670546323002976
-0.048563634529090405
0.007832113833418438
0.1009912821139168
0.24227804127326086
0.3717215466310734
0.5309393983768179
0.4941008453482686
0.3861515951706259
0.23471352273372745
0.0780206764600111
-0.030944955239055286
-0.019149583751180307
-0.020499943200968904
-0.05481832180140228
-0.11159483271032808
-0.20277473088542008
-0.34323221402248366
-0.68263955053488
-0.6530327343964348
-0.35184291461266437
0.05130591809724805
0.012662000572797951
-0.027096409331415702
0.01115265722577954
0.0899289288796543
0.3560441878100016
0.526858991851884
0.55945519600324
0.4208437147647626
0.31949594235785284
0.15248395540604032
-0.01795912511993095
-0.07103753164701483
-0.05729160166208157
-0.04087098326081798
-0.04047832331050444
-0.08035879178476481
-0.04885547690415344
-0.0973993903899191
-0.21723958242944574
-0.4360394494885302
-0.6615186097448186
-0.4900893513712146
-0.15939465761428606
0.12330877989322327
0.02448980162840321
-0.05680368025773599
0.0011880887819797521
0.10238094609350251
0.33268855084361887
0.40585270183156646
0.44055068220300647
0.31466456449942454
0.24935410886642626
0.1857643670734774
0.10186127760892814
0.06498308208502093
0.009974456133752897
-0.07952966031683857
-0.11059904161619034
-0.06514883321387487
-0.06555594890715107
-0.21693105396437518
-0.4471752844717647
-0.7134861712252927
-0.4913827411063237
-0.13187120429635502
0.08204324763565005
-0.03399109381781756
0.00047932180083936563
-0.025553282080701737
0.012704796455145094
0.26211589158109133
0.5697417398711109
0.5695985791416899
0.49047488722640453
0.3286327829629856
0.2121394602082669
-0.00565703718171822
-0.0739047937097007
-0.13629471383796674
-0.296420760785176
-0.43828286764698926
-0.6808401859889099
-0.40145851284582296
-0.09136278924659921
0.13372585859664135
-0.1088178899157714
-0.02638788853302277
-0.04813662766946593
-0.09656245481128933
-0.11292710561561192
0.2300308905064242
0.38604517994240245
0.40329008165450286
0.23908306942334112
0.2771412351200057
0.30661767069653123
0.36750411557825585
0.028624086481912038
-0.09774033535653073
-0.1471396235140754
0.00876041902531826
-0.05429231278111823
-0.19476171755398802
-0.3699129935071017
-0.601301406137509
-0.5676594912625416
-0.30343938263610143
0.079622160647524
0.2244375448745719
0.31091587280590083
0.5155704521194668
0.5849741620729081
0.4805917247506761
0.26024850189686216
0.11137005938132331
0.02421510471355123
-0.019230192176157644
-0.009463673865973172
-0.009850299200962606
-0.04573027033896939
-0.05809622053518767
-0.026128231578505155
-0.05116978219182185
-0.0951439409815289
-0.15247405122058402
-0.245299740094031
-0.3394759741845139
-0.42589409268041734
-0.47950118001838377
-0.3376841062272018
-0.1254703550433067
-4.612185931377776e-05
-0.03557477580431702
-0.0046065843618839815
0.01963438312351698
0.026091309594557494
0.20071294292676997
0.43334579527102235
0.5662512444127026
0.4580650894965425
0.3226875459831104
0.21334503196898913
0.10815929911646648
-0.03000150559731892
-0.1043481781912233
-0.09808360004415692
-0.0948835415589922
-0.19240334214224222
-0.30849205562860654
-0.5252973394871033
-0.6233259471313859
-0.44018461527154173
-0.10708031832633204
0.05482169197977533
0.1384888703051542
0.12628031475609938
0.22264494702096127
0.32649621010697294
0.4689571565940639
0.41152519425922895
0.36493594136398805
0.21097221047920545
0.07478482146487178
-0.02811922757423927
-0.07413521767307407
-0.10601428989967092
-0.11112889590971811
-0.05361245069683167
-0.012447121267921324
-0.012600574626622162
-0.10210708532606493
-0.1991547166424089
-0.3476786422283503
-0.6029277869702969
-0.5257415650297135
-0.23962940869362226
0.04986309009279617
0.05958814850372406
0.08511508337880394
0.01078177212132136
-0.06449471729106865
-0.07115473163764882
0.12971108543260249
0.4081830186815258
0.5694688020606443
0.48128185216739294
0.34866076639740645
0.23522279226244805
0.14171061307623084
0.02316474543038738
-0.031424719397211615
-0.05157848888905079
-0.10131836275558405
-0.24668463877586017
-0.3615953716202499
-0.6379497195508722
-0.5829381745566804
-0.2669165444179799
0.11660638230323553
0.052400854705890884
-0.021666479495552612
-0.001086621803905425
0.02938980880455839
0.2285934186963373
0.39479233888477244
0.44263730600779233
0.28268018868130584
0.2451927030928062
0.16163303727271658
0.11020812620009714
0.03695878402992209
-0.018478975598103933
-0.08440262573027778
-0.060040015627253175
-0.04323934426701739
-0.09317701180466607
-0.20730108642737174
-0.2851135882372753
-0.48504923984203036
-0.5219268635008912
-0.3129157647918479
-0.02185721911267142
0.04137205009406703
0.048786940112465545
0.027740730782050436
-0.03990506265560394
-0.02597277267668275
0.3007240104336644
0.502670120036656
0.5101974502164398
0.33341979257251947
0.24649973458954919
0.1419673212163552
0.075924451807643
0.03301256953665953
-0.012354273330210629
-0.09204527699467982
-0.26671253645928866
-0.37594146567498715
-0.560205443010613
-0.47193128622134045
-0.21947828177286985
0.051566985235124325
-0.016149909321189607
-0.012215553667335231
0.04824360056796667
0.1438228982168872
0.3090589864539128
0.4297363744711224
0.4407966606589396
0.34076273286242803
0.2422359012149015
0.0850099634516933
0.0024575282028018006
-0.054896004531918695
-0.06327395404384593
-0.08258190462326095
-0.14957224024407575
-0.2706097958719188
-0.3297475229337371
-0.5072355570739229
-0.5100024340396124
-0.31487361816726916
0.013000643338876895
0.02185946223171786
-0.012596851724597397
-0.02420641392432969
0.03984344752495026
0.0797993514483655
0.16776524093656797
0.33677454908501564
0.5033210820617819
0.4843204218510303
0.35665436585154303
0.17456620954891106
0.05930960734560547
-0.03646716767641957
-0.030831656537750052
-0.09103620308813627
-0.20280706975580384
-0.2918489228325839
-0.4748897734395414
-0.5847779588696694
-0.3952298422902906
-0.059769297079829156
0.03985552418628096
-0.01894376047871832
0.003793428653524692
0.06844459171259017
0.24361252638380837
0.428113942057705
0.49620914493128904
0.42387966094654006
0.3078989594149474
0.1779862231123093
0.04152209605532691
-0.040121584065670415
-0.09379189389090917
-0.07617060083965327
-0.026174233629586596
-0.026128374292767997
-0.10410572538235294
-0.20867884766190303
-0.2770997570648588
-0.5703737714787298
-0.48355947560460777
-0.21893428554539496
0.07037282619524078
-0.009379000273687137
-0.025203468169758176
-0.051986708663081554
-0.09351576790539749
0.0024152361610881305
0.13373187246485965
0.3656918080612695
0.4556759179268744
0.4152459590694729
0.2616805477578555
0.15969688380034894
0.10615913369942542
0.07511299445858208
0.04149040378966077
0.0014309409297565052
-0.06926769033781657
-0.19625620486019527
-0.35409950516071387
-0.6598582616989941
-0.591798141952213
-0.21232392452788912
0.12633521729129885
0.03274774771806465
0.006897449641399308
-0.028113284072166834
-0.051228731470627294
0.00926890510558982
