0.8108540602862163
0.8440431849332279
0.8613893867341396
0.873655783169047
0.8895993557916575
0.9121567351576978
0.9357490671887307
0.956170587124976
0.9682645367829106
0.9735650779699454
0.9753875713569562
0.9827843305805001
0.9891421658811057
0.9973133005687886
0.9992076706730317
1.0
0.9870091817352233
0.96710694687221
0.9279622086857271
0.8729592640450151
0.792685958696089
0.6771046710796608
0.5382590760406202
0.40190678764408216
0.29575473284186127
0.2137381184026455
0.16789969696634033
0.1503359072992029
0.1505367096314016
0.13611572099060726
0.10915297401743672
0.08795162658027468
0.09132483928612056
0.09665661801071337
0.09578110145575347
0.09694043654069358
0.10208125368150807
0.11795200440962164
0.16303861178876083
0.22076818801342907
0.27473702809711115
0.3240591785381963
0.3860000924187932
0.45228845401904877
0.518118370029414
0.576061958167055
0.6256512578122236
0.6634325822721584
0.6979255769810975
0.7378519347993426
0.7861557514073798
0.8200800352608274
0.847970464141479
0.8729980487786411
0.9013482859191961
0.9262439547814681
0.9424152950931954
0.951447067747534
0.956246291701385
0.9732829379386986
0.9810965609379864
0.9866893791964622
0.977620929928976
0.9789404958482524
0.9707800373847927
0.9692733583308955
0.9489945199088012
0.9194333029503601
0.8633307551093118
0.8020244755795816
0.7284281767043399
0.651163724936763
0.5309394546111221
0.3743382243080839
0.23026964229522842
0.1547248081263178
0.12584919291466548
0.1097576164475933
0.09323381009639471
0.08508670638770573
0.07721324522930002
0.078167093545381
0.07954310120857541
0.08103737475761581
0.08301445485426753
0.09298445986306894
0.10287887986367437
0.11927317326494383
0.15751316103421795
0.2160745174296449
0.2811408320886359
0.3480902575543271
0.4170518085109607
0.4822422692182317
0.5415810905494866
0.5864444991565
0.6178351671609374
0.641352456324941
0.6670215539466299
0.6970275066233742
0.727945093813098
0.7624091692299545
0.7997829248140107
0.8383342110253731
0.8647557776307729
0.8810780535993108
0.8906458517226605
0.8985680781427149
0.9059189744617822
0.9164646730449236
0.9237778453318841
0.9298214957460789
0.9311477902811869
0.9314647856684662
0.9175328423470324
0.9004559232865604
0.8856867646431672
0.8794761880463421
0.865506673529986
0.8383347375671077
0.80232613964724
0.7633187448473168
0.6990323275028428
0.5947689684315522
0.4819730906858603
0.3850780985068579
0.29605322399598943
0.19072840417508766
0.10652306419565785
0.07388150817737997
0.08212507023989334
0.0903471815776789
0.09225618943209267
0.09553242021254985
0.11184133832187032
0.13655856137630165
0.1725735955497009
0.20645869945146844
0.24698030867549986
0.29240273292474755
0.353281107199222
0.42197779540256586
0.48461020532018245
0.5315629184407418
0.5662335819601165
0.5967967313730616
0.6247150915282641
0.6711991708828601
0.7249835067456448
0.7600058182923091
0.778422850949611
0.7984556456574389
0.8267545143378422
0.832277855230542
0.8471180970290011
0.8737714584606076
0.9074549962445779
0.9236446752427641
0.9342474329636867
0.9344038294226777
0.9287897374665065
0.9202105811320014
0.9130333230313072
0.9072214399975642
0.8894886745527284
0.8262501797807817
0.7012182951132658
0.5528666565506205
0.42290547285049057
0.3236692071586449
0.23754611561978306
0.1544637605190836
0.08797620947961635
0.045624395528671195
0.033334377238621454
0.030211485214081166
0.03312388607797144
0.033777051822109626
0.03756496401209047
0.040929493130828415
0.042852561765012974
0.06990702480878205
0.13145145812960754
0.23391302849254075
0.3234409095905407
0.3944638320227736
0.44232177015351354
0.4852588661689247
0.5280006119554093
0.5898671496379029
0.6643155136096992
0.7192475326621609
0.7453799674687624
0.7565960939752314
0.774443883827274
0.8035898540934053
0.8374979084284337
0.8640209385677515
0.8851178551001025
0.90157973754517
0.9094404936922998
0.9095952013024201
0.9128872297530065
0.9171372176176797
0.9164852203894808
0.9103969143578063
0.9041050131019918
0.8960750858396875
0.8804492818527909
0.8665799773096649
0.8484148058419808
0.7901515403271085
0.6864458811032025
0.5652024794732031
0.46912557798579857
0.4001821345272274
0.35367040596562926
0.29788962818316084
0.21424837475728747
0.13786152618807035
0.08132166830752809
0.05335233705790225
0.03784050413653338
0.03611949958149124
0.030714944600191075
0.02673946185583585
0.03225237258373722
0.03616476650457195
0.03735039201067681
0.030264902794105507
0.022496128504876943
0.021883854282509812
0.054817341276615424
0.1222029141752485
0.2039265726631468
0.275633661821027
0.3338377119361793
0.37617417525508895
0.4143379104972692
0.4521961548238135
0.5053336302912527
0.5648104991863929
0.6233918756018421
0.658400114976352
0.6829794149542151
0.6897660318972175
0.7022212632408709
0.7154719812840606
0.7387744987406643
0.747172328436616
0.752199576651618
0.759526070862482
0.7640416457707464
0.7675389239299927
0.7687303310231949
0.7699136612030609
0.7435039281136543
0.7102908955419144
0.6866539999315039
0.668170323412225
0.6214513698857699
0.550601973786057
0.45880983114931717
0.3726490061735577
0.2972265342569052
0.25375053018585014
0.20453966079736804
0.15232702252153466
0.08763276452136819
0.04695643714254996
0.027083288580654254
0.028539637119330847
0.02760577329830083
0.026187058783748385
0.024259148014616757
0.02077405405530409
0.014767093951502625
0.015003781457841906
0.013699043150499756
0.0378896821891908
0.09809288764729147
0.17535411045868762
0.24050732289592275
0.301063164868853
0.3636262612124319
0.42105167893559303
0.4701245162752729
0.5039923339272055
0.5298143086340613
0.5461671135190704
0.5626170486178951
0.5839617818925587
0.6165373366080045
0.6553796505578362
0.6977799394876404
0.734002573910577
0.7458129931052472
0.748336038294
0.7521216827629169
0.7594801656071044
0.7614371278092948
0.7663434535935802
0.7680559183771913
0.77210530158882
0.7527026751645237
0.7241806952194335
0.6876923590039055
0.6657168539177318
0.6308325520491187
0.5912181894501155
0.540945623807084
0.4858019766314803
0.42344022063558834
0.3602763171613095
0.29857670497297983
0.2505811846512562
0.19789048823800087
0.13140183316601262
0.061670040685586264
0.024284703642607288
0.01735859809025525
0.01820909320647961
0.02286086463762535
0.020050103629455255
0.020538417659741934
0.01909894354169968
0.024714396279490364
0.02576762411189335
0.03504857216850665
0.06016045582890808
0.11095054072215987
0.1695087010448036
0.22978827145037584
0.2773835584143561
0.31857957145328725
0.3468899065327416
0.3783810625281688
0.4121554090714264
0.44323700173517905
0.47238214151274066
0.5028334457962977
0.535087856394716
0.565294542267522
0.6089176911832345
0.6725321209897461
0.7444016150480067
0.7959816987320909
0.816838621483709
0.819712582856973
0.8248463645277382
0.8246620948211498
0.8128022566871127
0.8097032173597948
0.8072433060014857
0.8074204818628025
0.808920749463661
0.8197314229739849
0.8246101113974508
0.8323835363726406
0.831566346674528
0.7890368429028651
0.7191731246377067
0.6422295512143006
0.5756601190886874
0.5053688137482166
0.41026989980467743
0.2926955034204771
0.18464549111078296
0.09580852972836759
0.03648708960071563
0.01135152212336385
0.017929777445788452
0.021085053012264477
0.0272543689392524
0.031038399541263802
0.032812245472525634
0.03186894556906308
0.029234808592384497
0.027008794799039063
0.02334062480339967
0.039932529455185335
0.0681018430052656
0.12303579261573538
0.1732295407642481
0.21881981736901887
0.2426090988494843
0.2736780747154639
0.3008697236562171
0.333463709399263
0.3732929814841727
0.420286631739238
0.46035589726249715
0.4887676322066721
0.5218349791292765
0.5710814385174073
0.6360878420405731
0.7060816546116697
0.7635684472658445
0.8081732200045904
0.8275819421936781
0.8361965934010596
0.841764763380628
0.854450081630832
0.8626045934111403
0.8477849682929659
0.8180815602913798
0.7878622854044216
0.7747411544170939
0.7668206834080076
0.7588057552981388
0.7458243573105865
0.719692234822187
0.6631990285444203
0.5798467596841776
0.47659160464862876
0.3565136280705606
0.2373938516146105
0.15267662326118647
0.08968094151778931
0.04373056408236203
0.016838952904300517
0.024203895129352764
0.025619745716902505
0.028460299411977634
0.03321332838051258
0.039279917995006346
0.03502181365584949
0.03687657870799769
0.03746781033028228
0.03610368779660703
0.02844079635240989
0.031915828249498346
0.03684781111940277
0.044888765284472686
0.05598532959307509
0.09588547556228541
0.1616391419531002
0.2313465225243427
0.2838806163394612
0.33204962435754104
0.3746558129506981
0.4177692563873519
0.452225258840971
0.48395204761023464
0.510853848498387
0.5392165083019362
0.5743410045439761
0.6121442649998249
0.6651914203722513
0.720390346347563
0.7622889508965268
0.7756365405829503
0.7850845734502236
0.7858885545565923
0.7802140626417438
0.7640265603658228
0.7485443233665794
0.7356254896182027
0.7288556216117106
0.7299906952579814
0.7229075602581051
0.7117468482102596
0.6913127101756713
0.6656376857080128
0.6127784555758473
0.5322133619280643
0.4485195764031765
0.3564361725893555
0.27339892605883015
0.20465149766341298
0.15846919596177225
0.11562728271814425
0.07677363182804471
0.04776788131526337
0.03545323107703825
0.037023155763621286
0.04209761989342087
0.040812978666083896
0.03996182433958506
0.03991233873572447
0.04202786179933364
0.046164031754473915
0.03767038604374002
0.0392601171369659
0.030373299223716524
0.030649484154958315
0.024268255393064205
0.04107566114723679
0.056331156234321104
0.07713774806452574
0.10677431581182269
0.1527476262130783
0.200936363809235
0.22157992933267204
0.22534693001156278
0.23783466979207027
0.27948309756824424
0.34342091299398725
0.4194233657088028
0.4958276723988046
0.547390985192698
0.574052940787465
0.5933021214816636
0.6189170989731301
0.6442016463430331
0.668400087047437
0.685553141938459
0.7020545123448438
0.7097033886056949
0.7109394851909007
0.7126521308368751
0.7204488418377469
0.737881640846923
0.7575242742384238
0.769407840798231
0.7543301819199857
0.7224980383939045
0.680424873716039
0.6452190940257632
0.604130530882465
0.5543316252762297
0.4852449602566786
0.38887896234347996
0.286562311755952
0.1967520688494602
0.12831613393231853
0.06403744151993992
0.03880292963177207
0.040899666459177364
0.047160827703273824
0.03614982549382959
0.030513915229647717
0.0319224339584588
0.043763550488949275
0.0402383974075124
0.03491400629438151
0.029182927511600492
0.030419120895368922
0.022161873779183973
0.021672798263321066
0.03726743579871641
0.06792986281554668
0.10164076070201189
0.13654981631603408
0.17146395278585183
0.21548957741652067
0.26488429838022826
0.3183050629539716
0.3619917528800816
0.3937111955162622
0.41540433572121466
0.44192848765900794
0.48127257716371324
0.5280790359155064
0.5706738543489582
0.5987003948056894
0.6161176926110973
0.6375843915171671
0.6570316658234067
0.6691124733927171
0.665389613260191
0.6590565783747065
0.6364347229011278
0.6028396038471563
0.5630047463691877
0.541212667396991
0.5246345650185721
0.5075602057732506
0.4734093007820982
0.41681964809835786
0.329859979712877
0.22561476333689762
0.1419611197481488
0.07923024551857055
0.047742407348575905
0.03305823965779087
0.03307895170374504
0.029746090613517167
0.033577043582423825
0.029628028280908717
0.03178103023752195
0.027028915453322828
0.03436649134365099
0.028593470140349617
0.034324009639472956
0.0234211436010419
0.017768189340111613
0.026839176194549067
0.04255617908549665
0.05941821939125526
0.06887183129612334
0.09144676285921374
0.11253858680040406
0.1480678736727252
0.19643109334307568
0.2466812060929681
0.2887799553984174
0.3126316717998032
0.33571957666026897
0.34872786730971383
0.3624296830881372
0.381560814717365
0.42667222568769186
0.4890295210389853
0.5406079746697291
0.56375567432645
0.5644257620348991
0.5644890131050324
0.5615578387805646
0.558443428491089
0.5632040487490687
0.5846136010834005
0.602940978412674
0.6052122433838154
0.5832693200238042
0.5444956509968054
0.48217139379485785
0.42592073005411174
0.36622642412891127
0.303689930817237
0.21686089735792352
0.13775158277974378
0.07338252318505081
0.03483028670952751
0.018812193399176422
0.022434241168265315
0.03259884765156726
0.033992190109946994
0.029399734388348774
0.027796197566033663
0.02589387520850152
0.037769728972509416
0.03514955483229189
0.031546501457340344
0.019295522721446003
0.018213586130283337
0.010008247845520282
0.01087228694506313
0.0237901698457554
0.048082023893519926
0.07710253906023036
0.11303538807579992
0.1494400172424718
0.17984715444331636
0.2031382690615084
0.23210637065749773
0.2592611654870348
0.28305562045045934
0.31015782224462307
0.3366303114688723
0.3649961751835892
0.3979298255353123
0.433586062356739
0.45723717165197775
0.4703398047602921
0.4790661877373972
0.48504659750597756
0.49143647778788196
0.49346793064247163
0.49422975697203314
0.4797183007013579
0.45406343236986485
0.4270073067810879
0.41564749857050126
0.4101436398185131
0.40479001678406307
0.3906455330140253
0.35744373665777235
0.30299465540117315
0.2538186689292989
0.20924836764583216
0.15846515213615334
0.11188895461779765
0.07155023594559577
0.03764254887158532
0.012722442562916712
0.01513909670861896
0.028198100316018066
0.03230294300766133
0.02611458915121583
0.027574421333176224
0.034766841330937465
0.03409858632464269
0.03150514337624009
0.027109360301902034
0.02225918652823332
0.015480733926505471
0.008964719935614348
0.006183235639487596
0.013526758133329778
0.028807679342320584
0.04665923236587568
0.06791695533307812
0.09615998830019568
0.11958066719453947
0.14161544736449638
0.15700942317152877
0.17643635293138132
0.19372550362601926
0.20407942800172585
0.22444347834559644
0.2377252397829803
0.2495147914461231
0.25414766791444005
0.2770746597044129
0.3084064769121083
0.3570120458370779
0.4077125166468628
0.45035630800395376
0.4688302792340376
0.4743160940396323
0.4790600883335788
0.4801418640613915
0.46374780609820787
0.42231263883843073
0.3859283206250848
0.3683659029032234
0.3683448976885638
0.37033658576518574
0.37033015468757274
0.37590100116677927
0.38418651626639644
0.3953093542806195
0.3855468084880634
0.3560570015820027
0.30282785740996504
0.24326926108294686
0.1902453424140119
0.14281626565909408
0.09998063113506842
0.06813347437571429
0.05394754209982819
0.035823065414162525
0.026318703335999047
0.02555790446334366
0.03444398880537529
0.02635581484518614
0.028081338199770368
0.026315110017043973
0.03136755283978957
0.028394411833573312
0.040638735567442026
0.04128194501147679
0.03979441516322005
0.03325140007724595
0.03933188665259191
0.03811760278929134
0.035274557709746475
0.030512106338304965
0.04324828995684866
0.07345442681593373
0.10859923891467978
0.14154289491184124
0.17004855236423624
0.18500725342058266
0.1906473019932112
0.1926479940325361
0.20072425789348414
0.20088628944288933
0.20915926214797398
0.22732951330154363
0.25176304951145306
0.2744239935726654
0.2987963049625819
0.31961907051472443
0.33725377985290217
0.35891800422446646
0.38839085360406805
0.40380431605692446
0.4025202555405617
0.3969224362971933
0.4038830689748401
0.42198608303945656
0.43874305852864404
0.45772257965270896
0.4747645174870382
0.4860274611548316
0.4792634707009578
0.46173463169958157
0.44170360114260343
0.43359496159591704
0.42537288588332
0.4047682807390564
0.3672058169376074
0.32587036176060336
0.27195010791375096
0.22259310294213305
0.18436552206388782
0.17628126065902805
0.1663946086911218
0.1405094739766947
0.09357405427304084
0.06002603854019674
0.04116936625083558
0.03559107118423275
0.03458189989469241
0.03621653330113034
0.03625798257332467
0.042199075901667604
0.04189384065521206
0.0388862449612977
0.03313221666583569
0.031048667452158823
0.030350898857855736
0.027450259828268805
0.027867346720655474
0.036989474257765304
0.048907564256012025
0.06297112812666944
0.08609477079807837
0.10199644615676147
0.11329898607244927
0.13409352101549618
0.15306686020103102
0.15824379577237743
0.1750254553680735
0.19273410928518203
0.20419821718604145
0.21834947638467003
0.24471612920713479
0.26606810455855967
0.29244769681731697
0.3190390922754185
0.3441277523871115
0.36484784731248415
0.39342312298636817
0.4245095574873235
0.4648509297176138
0.506027732434845
0.5386368021620422
0.5567446539606945
0.5672419609227057
0.5729871031684788
0.573829475439179
0.5737939703410723
0.570316818454392
0.5601064997527038
0.5456064134482076
0.5318734152997664
0.5302285603510922
0.5335743411754301
0.534893236594082
0.5248633081646524
0.5048471422390993
0.4651246106591685
0.41211926740832694
0.35971604964088716
0.3192906129403871
0.2803136447980628
0.23731420098988454
0.1852635597601629
0.12300915767853131
0.06851689117521904
0.03720553024342111
0.029919649300974203
0.03526557987718132
0.03405223200518729
0.03146483240412758
0.024766436245928742
0.022226684199757395
0.006882873781247505
0.005268417542030276
0.00566778790327143
0.003553646881286837
0.0
0.012985327599991886
0.016900225847222988
0.009274441912021513
0.010305923912233048
0.024602087950540294
0.035261271493740656
0.050792907919841236
0.06914334914011794
0.08756798883664205
0.09671269248817263
0.10166029780329759
0.09952590976449478
0.10353634041501356
0.12519300602502992
0.1614526565304095
0.2059045699092934
0.23901020634706602
0.26277663108134647
0.274576222857053
0.2900924267967349
0.3090988162229415
0.3364520611944326
0.37085110938148325
0.4066858859464553
0.4338483621250919
0.45198967196834056
0.4660001548077536
0.4786451688164858
0.49385165992854274
0.5161606784638338
0.5401964347678114
0.564377827946456
0.5872655313256109
0.5910629242484947
0.5769022829121818
0.5580117093351418
0.549711365858817
0.5387465685421293
0.5275680703742154
0.5097271654630402
0.4918193467696977
0.46764976630924665
0.4470072913545314
0.4128794764882057
0.3698127274015101
0.30754352196378604
0.23980848286725193
0.17476526895801386
0.12734260831093466
0.08985149608188082
0.06787828021328672
0.05626949916923978
0.04072180719445625
0.027371495611610272
0.018227139366583694
0.023320633151025356
0.03129439415954117
0.036049225674450944
0.028500600656576277
0.02940206933831895
0.043149718404081064
0.048646360294055474
0.04486906684924875
0.04225915622116047
0.04599715715696461
0.050455233346510156
0.05288274950624543
0.06016584850820078
0.07344753215038721
0.08487240293189449
0.09415685438517896
0.11963920309031159
0.1436177177869943
0.1656803613828966
0.17498137571468253
0.1866010598588767
0.1843206214573175
0.19093487820162225
0.18936743629884947
0.1919241868645121
0.19844566953032935
0.2155609694661911
0.23937793719026862
0.27879969788425485
0.32583311522495867
0.3732455399261625
0.4012567151401385
0.4206875930527093
0.4261028754934129
0.44481467778738865
0.46943716471047847
0.5065496502345374
0.5433697397225149
0.5729639923909836
0.5860442981935516
0.5929559262471157
0.59595113882848
0.592423326603198
0.5850133529609035
0.5852272741806489
0.5897511503489299
0.5901587590425474
0.5809201928988794
0.5619071482347415
0.5408899070141767
0.5203722250680363
0.4906203649582861
0.4617193623720813
0.44736619162891245
0.43572894660317374
0.40636997082669346
0.35552191801414607
0.29260214004474844
0.2291075958572834
0.17413724814188644
0.12646359333871615
0.08663017704339102
0.07190440061792262
0.06778242780370793
0.05522071439001303
0.03889282209485432
0.02920125996146718
0.01815578363288563
0.02963879733680179
0.043019187436606814
0.05280152501042748
0.05259312567437178
0.059432718260559125
0.055130911270582
0.05506675652763973
0.05058668891904428
0.04185527092968545
0.03855498962243929
0.0412810940412257
0.040223374808412586
0.03468825152748406
0.04383196510447028
0.05707017898417009
0.06627451410832153
0.06929589937923286
0.08309779673407158
0.1000639142579563
0.10722530844912571
0.11851032374377675
0.13542630910689193
0.15668246063350272
0.16660327611562126
0.16717735815948867
0.1729818657840564
0.19275607925109348
0.23079133782075054
0.2809310325623713
0.3383613395949084
0.3829382902324784
0.4118823905143521
0.43530901441254677
0.44649835100869023
0.4622261404085562
0.4825280623834863
0.5091023695398968
0.531426394920935
0.5447608050733017
0.5532903015802961
0.5554569495709991
0.5692934572180252
0.5808749472775313
0.5829948629844001
0.5733078469238125
0.5711997295065446
0.5713550275994538
0.5684182464014058
0.5581512899387747
0.5463181244621093
0.5339068162015944
0.5215009477174285
0.4962714073265212
0.4406073567023526
0.37383057860768776
0.31997571003270847
0.289840622877398
0.25802362271423784
0.2195826776632812
0.17952481911982093
0.15047318012189156
0.12974111902457963
0.11163688106738222
0.09466419357033186
0.07869641633622328
0.05372436234900091
0.033991839716286304
0.02888598066093298
0.041411874006317496
0.04043031872234402
0.039993663587913335
0.04730786528411738
0.054059449619944654
0.0528271802225485
0.04989897829181615
0.053447034034438644
0.05084007023411781
0.053753779184852586
0.05941762209145125
0.061207203920456345
0.05981622422006295
0.06465402773296786
0.0777950030268638
0.0890249644842666
0.1050653297491458
0.10989824459695355
0.10932125628247376
0.10898559056728296
0.12262207670989927
0.13718551231678966
0.14699367386856257
0.15598184342221363
0.15906260909166225
0.1740703228475834
0.19966987151041107
0.24565348118667135
0.3069568034131551
0.37478552906695906
0.42746198822128134
0.4495781527441514
0.4597487636488662
0.4690914572500808
0.48459179685091325
0.512931501058152
0.553132106676738
0.5905420857212476
0.6027707611577277
0.6083951908143164
0.6126718441000772
0.6160406048307864
0.6048192285388274
0.5990871460552806
0.6036919061631403
0.610342595743039
0.5904752545486316
0.551120939481008
0.5100944403736037
0.486607322879909
0.46512731797990803
0.42611436141367093
0.37890835161573677
0.3482505335860348
0.33650899212783003
0.3088231913635992
0.2587459759942194
0.20318625968048284
0.166146243187147
0.14254386718522424
0.12889585710249143
0.10984750931472438
0.08594126967558265
0.06099500380747165
0.02960024608086924
0.014728410276216904
0.0076277904773994236
0.0199431680643438
0.023919193519802005
0.03182145223264764
0.02836570149409306
0.030003564739694247
0.03424284821776958
0.03943270994527914
0.04181952852278732
0.04160119913479956
0.050076751761223635
0.056595256276326236
0.05338307694988968
0.035735443177134854
0.025400591697274884
0.03423159183582837
0.057359049932316324
0.08256020221697931
0.10806545111263169
0.14038934345912357
0.1562707761946701
0.16866784106110044
0.18455072519069549
0.22731188467512026
0.27967434903548327
0.3314931649695117
0.3742906398147232
0.4151577793038458
0.45134548124304547
0.4767254556826406
0.5083151446276983
0.5425115794894902
0.5752258435864523
0.597914933749425
0.6277384424672304
0.6592450847302623
0.6896728601992517
0.7080976061987665
0.7319593277089688
0.758931112751369
0.7817597365153491
0.7963824856983354
0.8011351475643268
0.7971585873574356
0.7897016845065874
0.7680580086500953
0.7418382387067226
0.7183282001062846
0.7039013827255585
0.6639278276523118
0.6169527604304103
0.5821864204034735
0.5590995540925274
0.5180849446909099
0.46015112049120427
0.3978935729688738
0.3315439613361822
0.2804386129810678
0.2448759505315216
0.2184161283128584
0.18964411067766418
0.15715152337421784
0.12164086538695873
0.07479462777859443
0.04299133303087229
0.03670514231694144
0.04959632291703211
0.052466959257909784
0.048461073589891324
0.055908325912085374
0.06266278278712469
0.06024131585410504
0.05970952605063317
0.0666837819289664
0.07315748436922843
0.06773927021401319
0.06805149860663885
0.06803946727774536
0.06844800790778602
0.07233688413070229
0.09527001961815142
0.13330369091717723
0.15311904070511867
0.16507289963157526
0.1734681355674177
0.19308283271437235
0.2058612689649679
0.23856260896327314
0.2924581248308357
0.35178068202172624
0.39909248142356674
0.4387689631841684
0.47939926299093466
0.516018011179054
0.5608256249049008
0.6017634490423247
0.6274593550371735
0.6471408081278524
0.6758787359624001
0.7081086298401261
0.7391725209502492
0.7580205645021189
0.7722816161205073
0.7812676380366996
0.7951181776254861
0.7954403508820044
0.7887705843297544
0.7863021994790934
0.7859019501049251
0.7845706822981429
0.7704686701907049
0.7531152722218842
0.7319954093742801
0.6942604423609174
0.652944713618943
0.6009351535421528
0.5481043204381373
0.4689973345264494
0.37852010701755423
0.27901327610556853
0.19259908471186502
0.1289595906698083
0.09596089631023232
0.08061320800329508
0.062002072631608396
0.04569716867591732
0.041792344657102645
0.04016343299036833
0.04242493463887502
0.036240043092733536
0.03440442397940268
0.03099063256574692
0.049475125099713003
0.0431765561464883
0.03895228418138328
0.0369285227512676
0.051499994672401114
0.05291876515066434
0.051926172250173375
0.059285426758955005
0.06742154943241464
0.07862592875156563
0.09580780272369616
0.13186230956384584
0.17560883235525884
0.21182682179891632
0.23907806018189298
0.2476019866894843
0.2453755734691684
0.25964772186022855
0.30957937449129014
0.3785840877416934
0.4416460023655345
0.49520337426141536
0.5391073693322493
0.5660455845551888
0.5824539699194804
0.5978428247778809
0.631448693493348
0.6743791840151989
0.7166334967796449
0.7458033624230647
0.7684743915222558
0.7772693251635463
0.791564653306356
0.8107251435295363
0.8345494841271508
0.8402640079202542
0.8493409850419481
0.8565005245240322
0.8581278113981697
0.833501226573677
0.8118131269131357
0.7853011346685738
0.7569892074386005
0.7061402774830575
0.6511016583031847
0.5765796438423557
0.5066374628651759
0.4401844132780352
0.39227878120033866
0.35269169812074475
0.3126922122213083
0.27142263242688697
0.20690050877462632
0.1427694035621994
0.09588566151723438
0.08946334287692716
0.07978361089614948
0.06742008541421912
0.054880596556871414
0.05027559234595026
0.044825027833096234
0.04550948449164196
0.05041921321928436
0.060028867228323464
0.06353550922924425
0.06837377814104133
0.07828974815406682
0.08952051118894422
0.08517982869076782
0.09371437326856666
0.10135844003161064
0.10320869131718247
0.09064527054990577
0.08589155995045337
0.08480916064653683
0.11117407090695551
0.1557192844820796
0.18213371329238537
0.18257188080680456
0.1912238654258062
0.22844812115233903
0.2829491694836855
0.34312345976261627
0.3930365066685578
0.4258253399749231
0.4460854728607242
0.4635282181795488
0.48166469863990946
0.496353487935901
0.5288212914532812
0.5776947259142287
0.6223981364665979
0.646671988839503
0.6544359816706978
0.6517380384715495
0.6457001980492315
0.6502169442804383
0.6582567864711897
0.666440687454169
0.670258944228684
0.6790234662283303
0.6929595112210627
0.7012660648590079
0.6890265370858933
0.6564740779085361
0.6158969733843863
0.5784516260488504
0.5575098658122536
0.5495000150653813
0.5433630697306288
0.5268630702096209
0.48821779355619327
0.4337831141360663
0.3772543299074427
0.3369456237610187
0.3096349556466438
0.28579784236174227
0.2557623760500537
0.22556767980503586
0.20071333775952066
0.17989442329177308
0.15468057186006023
0.12106770838272836
0.07484129056975904
0.029878370244005758
0.012239509629450529
0.01877844265050694
0.02277787599457706
0.03198818611504684
0.031130530803495107
0.03924241726711605
0.04617620130064022
0.06829638580802463
0.06896140583845065
0.06719138293369334
0.060550699475080065
0.06765511238256339
0.07240432451306755
0.0748809447926401
0.06594088192260102
0.07428011321293589
0.08866361716065434
0.11946833142689706
0.14786958014695853
0.16787122134611687
0.1699392061662679
0.1734797599899585
0.18340678321991566
0.19992092981470005
0.2058499880547674
0.20652457120989537
0.2091356445295343
0.21857074192030068
0.22920638030011226
0.2470943443306192
0.28343929884638247
0.33139966230359563
0.3789278306698127
0.415756127718048
0.4474639939822709
0.464438420570041
0.4801442503609366
0.5047107634551935
0.5443156411471235
0.5804697052707631
0.6020050550483614
0.6169491348619055
0.6222489252249659
0.6282205233768644
0.6205386258069313
0.6155338456500122
0.6129632832887092
0.6167454678073921
0.6048174093452368
0.5850883899494195
0.5650150485266819
0.5507646311839787
0.5341576891272203
0.5217043615239727
0.5040487513454724
0.4657754178532186
0.41436414404536376
0.3556454281148854
0.31894565842534023
0.29501943025548566
0.2721567869232951
0.2264023063156686
0.16827189035455464
0.1176141801369238
0.0915967943967579
0.09218741809412848
0.0857353098903803
0.07301582787209122
0.06412538545223906
0.06140930342557302
0.06235574587473038
0.0652310759727202
0.06765421757083524
0.06530419891377473
0.06591280983938466
0.0615253833236874
0.06182162381322596
0.06827288120276874
0.08207632012153891
0.08464240379495698
0.08314074253936289
0.09104420216468016
0.1097947378534934
0.13823539035036694
0.15569023238007815
0.1723527306141482
0.19187123326974131
0.2312779571661183
0.25946151048406096
0.28159392793739535
0.2957029499610022
0.31827029978562327
0.34082667221874685
0.380194753230959
0.4342496521087952
0.4793735426427007
0.5095740572671935
0.5232240425406004
0.5330414369007457
0.5394151517216301
0.5530400225143289
0.566884629174217
0.5671099063434561
0.5620092420691795
0.5608296595420996
0.565655327622685
0.5742301349230646
0.5743625828131924
0.5725956503618057
0.5708189017224432
0.576970321384146
0.577544358575895
0.5770586536109584
0.5722434924944634
0.5670906384480623
0.5639203591585528
0.5571844463232027
0.5416911806854313
0.5138974270188275
0.4795690845676597
0.4188306268286898
0.3402971867119505
0.27030979206168504
0.22637408712821647
0.1875349920832713
0.1501089936033906
0.11750238003700055
0.09022495103697202
0.061373547259364045
0.04653284500566857
0.04533842145712632
0.0523197677731819
0.059389676148056875
0.06851971960789822
0.06966007968794828
0.055735662334106546
0.051042833870975586
0.04711031372527387
0.04587133590873655
0.03967764146772219
0.04793844265809558
0.04915193644930196
0.048502121066334204
0.04611189056396355
0.047804657665164146
0.05059970731704862
0.05560044642560088
0.07041620347864158
0.09219214968216591
0.11018419562979469
0.1234359781564462
0.1334729326322549
0.1382104375424578
0.14574215990473285
0.15451954489278444
0.16393931262861042
0.16664499883319084
0.174229191617647
0.17431519487526237
0.17819297201044584
0.18890244894646868
0.20161550218487798
0.21165650791335602
0.22417007346374962
0.24233961445339125
0.2626964658843468
0.28673669593245754
0.30761191075525957
0.327662859645515
0.351903322446797
0.3811598543812961
0.4100090852081219
0.4366426674216735
0.4550356801572685
0.4644752147333238
0.472802151425022
0.4742253391069109
0.47538756154604184
0.47607846052916364
0.47743143055848375
0.4795767682491272
0.4854839018308534
0.49087348402726033
0.49623582275262323
0.5000724583149576
0.4978609692509533
0.49607384407879906
0.5042721593366746
0.5242394759307131
0.5528833297268337
0.5881810682698584
0.6189443067897404
0.6368179398040212
0.6415464536000596
0.6351548157024446
0.6257645028221317
0.6010071347974062
0.5681070877192075
0.5338609299790765
0.5176766912920507
0.5127226475093348
0.4881598010143373
0.44474361394310136
0.3745610834782958
0.3050598554017444
0.25187567279981493
0.2358344525745613
0.21659456616837558
0.18120647159969194
0.1335229142806216
0.0918892009943067
0.05197122836572971
0.03035858073960378
0.01711403315158115
0.018237749156709636
0.022754228211171755
0.029291547791135544
0.030320534783454457
0.02920421296451386
0.024369105491440436
0.03358628737759124
0.05208106953888283
0.07609980043377744
0.07081136028016481
0.06074833217313211
0.05358967178741198
0.06830102977756053
0.09208445144217876
0.12896330073420706
0.16136226474945242
0.18398387318834464
0.20044086634868186
0.21906880856457964
0.24727372823379762
0.2894382624229985
0.3264944788371641
0.3423182112525468
0.3460290454821551
0.35668672784366684
0.37631837138183416
0.4040531837257637
0.43122209623016583
0.4577158682124233
0.47766116117529145
0.49525250604288945
0.5154799946092408
0.5464538185145902
0.5763666522844825
0.6052372098748748
0.6247793556723709
0.6419748207653246
0.6540908755931439
0.6635772523283435
0.6584529002382351
0.6518655543066657
0.6487257656568461
0.6524084065087902
0.6628782397657196
0.6711981910395993
0.6749725953703253
0.6763846303430667
0.6802998174175446
0.6751769357556023
0.655140595634412
0.6296385596664239
0.6018228784870988
0.5665232295386206
0.5205243806212251
0.4823014037152119
0.4687266270881333
0.4724496487475775
0.48195242297612406
0.47912620200556916
0.46717822100578044
0.44885438430511443
0.43405359830640095
0.41178328989153806
0.3704786709582423
0.32541723130332323
0.28575179690161495
0.25113169217904685
0.20089397241741827
0.14121767160881515
0.09377595118400568
0.07775318499783754
0.07609931568906068
0.06771407312674234
0.05384180804716319
0.051270211185208484
0.052377541775024176
0.057681206577185444
0.056165791588984
0.05696520320247482
0.05972399398321194
0.055917864029885564
0.058022628101315026
0.06639099130430115
0.0792999721935044
0.07962470795237209
0.08448738703668053
0.09604751273700553
0.11920559397869952
0.13741420429445303
0.15265295902259962
0.1629475621264775
0.1783042574806083
0.1900873141919965
0.2110127938096104
0.24415508429029564
0.2772764493291134
0.29642359048371103
0.3102983093862361
0.3361420291825476
0.38724654542484743
0.45577730923866666
0.5307715856849988
0.5750845282465002
0.5967994082056093
0.6048805610138328
0.6186625453127361
0.6372356246510187
0.6560811175061945
0.6725201330078054
0.6796865421119226
0.6934259676904787
0.7122343098869495
0.7203693091447788
0.7172403878701408
0.713514046020559
0.7192690161486807
0.7202919365823187
0.716729647637253
0.7099525767560343
0.7176390660522926
0.72804481450626
0.7340423792527704
0.7232814589228012
0.7125561074632738
0.6979743286622397
0.6880267385229728
0.6804537303792008
0.6730413567360314
0.6561919845051944
0.6315434969854979
0.6115596793429997
0.5960573021111768
0.578847951031013
0.5504080495029263
0.49914209095502515
0.4276049955426783
0.35528638704852145
0.29773664162898006
0.2514328085292394
0.20466089836320425
0.1462421902694297
0.09170058441759509
0.05496024524671204
0.044075679466716026
0.04586460965289488
0.05508219565731331
0.054781278576557145
0.0536729306370316
0.056812380252061964
0.05902213670247064
0.05545348224231931
0.055734352958717634
0.05754401578352145
0.06143803257262235
0.05870232870908738
0.061377179775736854
0.06421254253452041
0.06272219706250305
0.053592377759937575
0.06477291177078864
0.0957360989455178
0.127477612493782
0.15115453314421698
0.166432875101613
0.17364114228840513
0.18095073291065977
0.19479930244878993
0.2178337712065337
0.24627046833337424
0.2667120274115442
0.2787209452590588
0.28907357552400637
0.29705498842702854
0.3126746310128689
0.3483243511812311
0.39107608535606536
0.42466472474486566
0.4485164045235271
0.46997331850188356
0.48336991985454214
0.4988022389170439
0.5199276980053125
0.5439593731873925
0.5696161411813071
0.6030741738785144
0.6425303548733476
0.6655193845460415
0.6720930583706336
0.6743767708730528
0.6781655895535551
0.6675926466287734
0.6590901713042113
0.6484062850945361
0.6415029349762216
0.6321812552446836
0.6435863552086679
0.6540475064996417
0.6613671022698132
0.6701521086350435
0.6733995043979304
0.6640777007833256
0.6439855154873345
0.619079183366545
0.5987081507151503
0.5911818020425511
0.5921854321922783
0.5701535106430033
