0.12458471760797361
0.13265306122448983
0.0
0.2410714285714289
0.14111498257839725
1.0
0.14111498257839766
0.08309037900874618
0.08928571428571443
0.11688311688311735
0.10248447204968923
0.10952380952380962
0.08309037900874651
0.017006802721088312
0.2142857142857147
0.095744680851064
0.15000000000000047
0.17953667953667943
0.10248447204968993
0.11688311688311735
0.1168831168831166
0.13265306122449025
0.13265306122448853
0.03694581280788226
0.1691729323308275
0.1168831168831166
0.2714285714285717
0.07142857142857102
0.2142857142857147
0.0326876513317198
0.12458471760797264
0.24107142857143044
0.06593406593406587
0.14111498257839725
0.1168831168831166
0.12458471760797431
0.0957446808510633
0.12458471760797431
