-0.1425655889344717
-0.051390509466182475
-0.02593559803125735
-0.042930977282419326
-0.0333299140235602
-0.022784762131272333
-0.01800925610496194
-0.03634863696901668
-0.057105665458033375
-0.02173415835591965
0.006270883552402699
0.0129015460549294
0.00333501672781219
-0.013573348036849167
-0.011597538513229514
0.021399286206477162
0.028303965046325343
0.005418437978811392
0.019176265130784426
0.014158015622445171
-0.012572485518304758
-0.028130729737506563
0.002929417809357585
0.004296119826142337
-0.005768844352961412
-0.01740561446167854
0.0028632276199380227
0.007926060738438866
0.001279099728248391
0.006580539407809243
0.03286317951971319
0.0836001848771987
0.24500422695628785
0.42298329268120727
0.5147983603585057
0.51727707342129
0.5093331012707417
0.40374422606989363
0.243889755588519
0.1502707476444663
0.13344779162508022
0.10759267007856362
0.0593588330128468
0.020466165774630094
-0.034227374473928096
-0.008395698507581314
0.04490098004316282
0.08309133162238437
0.032659421277321014
0.021076078085221907
0.07540341355025135
0.1215276782181746
0.06693465749962575
-0.025003847412926602
-0.0063292051303266515
0.010003985883650592
0.02513259807259862
0.006871046236947932
0.03283809064100377
0.0020365345634736445
0.021803180699882498
-0.031069913321468183
-0.0019712798928310606
-0.04178682639587395
-0.02248795426563496
0.004457221885812927
0.14774452743692826
0.1565576890985725
0.11755466323007728
0.07717211089411827
0.08790057004741428
0.03360193790872562
0.03575561081813475
0.019085565996094993
0.006599195191260069
0.02043444160996387
0.04965774550837806
0.03766269753552621
-0.006197854864123001
0.014296638991834035
0.02511036791117809
-0.02599516424573664
-0.06587128580040835
-0.10617946799387375
-0.0624080089158526
-0.046766210802751805
0.007299553801887557
0.0016151810689412252
0.01528341920386024
0.005289728477312434
-0.025800871774450458
-0.024442059378729678
-0.03553357331307681
-0.01186743302414189
-0.03404406507619784
-0.010820060736376173
-0.01975523910708321
0.002217369930923829
-0.016663950947120768
0.0007179841118144634
0.00574619320611289
0.009881637448075456
0.004862240029905276
0.022885182354011407
0.008771794569375642
-0.022348310260882787
-0.03807938652947037
-0.06252649380436195
-0.0829541960954847
-0.08553354351401404
-0.04485402805396628
-0.04716959817319534
-0.03318628177790083
-0.012780635540520469
0.014127264339857778
-0.02249245139694029
-0.011129088303445016
0.01105130574237823
-0.01448503853385328
-0.11430885986948362
-0.21542465023645374
-0.22069878305790444
-0.18694154342033958
-0.1052738648038969
-0.09413914854004134
-0.10689040372241893
-0.2443107485465649
-0.3005078031235527
-0.35890216456679014
-0.45170288896806104
-0.6440829780608078
-0.4637687372587998
-0.17490596598644476
0.02013157250247094
-0.022830584767693
-0.006497978417869635
-0.008830714347346329
-0.004602896629344819
0.018908063978852207
0.0005071764406288066
-0.02121913392064413
-0.020015135441583367
-0.006134813616494281
-0.009500504959173109
-0.013405545500181665
0.001164791770079444
-0.0029857517436435543
-0.012125378751112796
0.0014334596073119251
0.00885476529557328
0.021528432219399
0.03248271555438689
0.04675526789844086
0.0438156473838766
0.03546821500480432
0.05942444941545229
0.2818024340649202
0.457835451218327
0.4866876446259814
0.5162994449108828
0.5594505100469422
0.4363639869334348
0.21784029174308822
0.17377851515173628
0.1698594502714777
0.1350937928572621
0.0851013007499731
0.07032939757887584
0.12071837945250857
0.12067568773210491
0.09634593305783906
0.05798080429955777
0.04322122804242844
0.0027320902056074186
-0.004451901357969966
0.020523309874237228
0.04201244688134911
0.05270694972892975
0.029888235634462884
0.02949731944207212
0.0379212706887035
0.02064831356430771
0.0012042021119470824
-0.001054378484601953
0.017699083705228713
-0.010050716390537348
0.023347207332837815
0.020035695385582725
0.015040785677047497
0.0015504088233227289
0.012607650270059629
-0.012020913610908991
0.03893716692811016
-0.006435722145782596
-0.05404755763182838
-0.06856779850336481
0.00645457738250828
0.023410207461352268
0.0234985145955079
0.014651123952058191
0.01554293462736739
0.054396169126462966
0.04408432627116546
0.016016527011705504
0.024971496450494676
-0.005580238438587551
-0.01952881136948544
-0.014621995534359205
0.02350741966899868
-0.013855550919048203
-0.024309030719339063
0.007317805904384419
-0.02405998262311535
-0.008081977116621711
-0.06788361176300878
-0.05095653490611705
-0.09167240326985968
-0.0360710326830685
-0.015508593503034601
-0.013736474253896748
-0.02261972061165794
-0.06329715692813526
-0.16100946806606173
-0.27398834615604767
-0.35341769576562243
-0.6477105340013133
-0.9079220603572811
-1.0
-0.5894560687610482
-0.2247290070323645
0.04793093877285121
-0.008991885222114696
-0.024859735071814375
-0.013175949466734855
0.011096195673274538
-0.011945639418187317
-0.0227830471285445
-0.014634730280545015
-0.00469082848117412
-0.027619885158414754
-0.01233827215323891
-0.013078637302531585
-0.004800280612602376
-0.006676489887661787
0.009450732770555702
0.013816719420216245
0.012883934525942744
0.01005411344888552
0.005315145865201858
-0.006784374140390777
-0.017428843738281834
0.012618624690002554
0.012256393967691842
-0.0035939005706539066
-0.02600398281008023
-0.00040854078485962856
-0.007351237739273162
0.003874709723417058
0.02227879837023008
0.04680770969783807
0.02753192029007862
0.0904221957767933
0.14348392037726865
0.17404858709900112
0.2507683674167832
0.3601544905758187
0.455457172133763
0.5135000603905203
0.49487330885545094
0.4037338387314459
0.2698212597440102
0.2334717908957182
0.18638503862562272
0.20793167011686345
0.15105379959777593
0.12413547321366976
0.09136810006665494
0.10973384113683722
0.05077862009023459
-0.04137415253033439
-0.03262214332406384
0.02905728755488913
0.050199180340514765
0.014738466189175653
0.035811948333395814
0.023733396884540372
0.033263319915257515
0.0548596032108068
0.08896236017096429
0.05571325643623888
-0.0006573205857580221
-0.06528315274336159
-0.04938283609226817
-0.09821176262624577
-0.06541781994807716
-0.015728404542227823
0.04326539615222217
0.029695348395876345
0.04454016817830142
0.06149216862516851
0.03788274814671597
0.017728748838815134
-0.017271289028414943
-0.0139432363807731
-0.03853069439824457
-0.08492029146003698
-0.08958450791192035
-0.026240520559229777
0.019667563970058415
0.012778879310237596
0.0341783172726995
0.05810877196827902
0.03514284762996754
0.019208536503864622
0.02866360600458802
0.0194463592497067
0.0016087767220700092
-0.029424827572405717
-0.036517596446896027
-0.06726745948562782
-0.023850599456721366
-0.011783023223200817
0.01587970078361473
0.006985460732851921
0.023887605836954005
0.023195456833573668
0.012877114965024375
0.0190832752110797
0.024146057944671433
-0.018627123054861337
-0.060307432997570284
-0.07149977635934751
-0.12061637051797339
-0.28421711564634883
-0.5046311991909005
-0.6487404652465765
-0.7074154699258226
-0.7124936245216857
-0.684902610144739
-0.43866446053896624
-0.14102849281089386
0.04975630454206775
0.013771009252319144
-0.026589036497141096
-0.036234487275725355
-0.04146206678276316
-0.046342171574233884
-0.04551894668793995
-0.041394587066907795
-0.033106819741759365
-0.01151388535661343
0.008877404989425016
-0.008035597630347209
0.0005534097115101658
0.015016117573392095
0.020252884539310755
0.012305431483891613
0.005654253030162097
-0.0050891019912932735
-0.021371611185430316
-0.022261895349793556
-0.0066994180537919825
0.008368554282050194
0.00503450723602481
-0.004390546931587118
-0.008226931500769709
0.008661569094533379
0.020565616013573148
0.03585940067632665
0.033955463446193386
0.038430891322595806
-0.015815222505742146
-0.006867160154923118
0.03947601446497283
0.13781070171051343
0.22896530745122373
0.39035213886623477
0.4847064691838088
0.5648382115978979
0.5831879491398237
0.5803175536016516
0.41700331120272693
0.2877527403250293
0.1918747959799278
0.17285068889464694
0.12562282435791186
0.10412895425040611
0.09413456320172701
0.0681978541590604
0.011649047719645528
-0.005972745439554507
0.02915273920624555
0.05021183693662323
0.013589774446333313
0.005121802445693697
0.027964026629646404
0.04327702798274068
0.01042788078827776
0.005001333747337548
-0.011310891934965364
-0.02356716338630564
-0.027652470660072932
0.016871041468270735
-0.018728191029237323
0.018828105835161982
0.018954159163580203
0.061739841308777785
0.010189160900267228
0.02070851242478061
-0.009954600857785286
0.0016280402706202691
0.002396678633096842
-0.06165071317314903
-0.07302611565792792
-0.035312415859620236
0.016942232530421885
0.025521537117366114
0.014085467103542665
0.02367181962566439
-0.002321216681894206
0.0019154582105938007
-0.023160032204743216
-0.04227195309808279
-0.04000145615765423
0.0022983973334288776
-0.006220106121409118
-0.042336533421853895
-0.023862171903975753
0.012896773877194121
0.014623322715653793
0.02698973840452851
0.019095151785982867
-0.005079489496880796
-0.03360621404598027
-0.020001856209749955
-0.011335812920844448
0.015986168163247067
0.010502396143372754
-0.007362836364818995
-0.018791441416987756
-0.020534723059704305
-0.02180188556612235
-0.02351128822734779
-0.023853335596278603
-0.030402459308242494
-0.039392384423938595
-0.028745498913877048
-0.005957927196886132
-0.060041810462282914
-0.08748718097290246
-0.14728931369605744
-0.23162083275719517
-0.5061250323904084
-0.8256283859264186
-0.9907532848051164
-0.796415924966881
-0.38857703234352464
-0.07108248397459385
0.018526886031699975
-0.006177970579562821
-0.022773270321183474
-0.015675780128430836
-0.018831957385667897
-0.05232076851717973
-0.040013664432888195
-0.006678903304723266
0.025154609368429535
0.012178206033535498
-0.014525924056150538
0.0029021100188031186
0.015364715588117497
0.032028789317262
0.019938831853249246
0.009768829990528185
-0.0019567420231218166
-0.014526905922517252
-0.022595601873660894
-0.03626109337651735
-0.025223496809890337
-0.010188777184386587
-0.002575252683426603
0.0027549512218142534
0.004048492044819349
0.01655808318335337
0.029556284993017254
0.016240748904607485
0.008574420432789435
0.007298813078166916
0.00770054910346421
0.0016002230559472965
0.025694963116501747
0.035879061171941624
0.03135603886037689
0.05623682193852978
0.12309457756493315
0.2354381544268027
0.40304004895329615
0.5202516678106904
0.6191565258395719
0.5747048849520394
0.48583031350095374
0.28739088427240184
0.2052076337546458
0.12684670510156867
0.1426434444519717
0.14125028087439567
0.08202840530752972
0.03179257618180952
0.0275478219110005
0.04478877346879267
0.019104476706705623
0.052974535202264965
0.06743460190999818
0.04431097654460218
0.02572456677425401
0.017495762633757763
0.0025596346149738096
0.018369881677163007
0.021046322621869437
-0.02816808665064161
-0.07513231152276922
-0.025491091946624717
-0.00899259490973782
-0.0036895625330480835
0.003032165698264084
0.018407185204439937
0.026930014908467113
0.06118210019555998
0.03580586905288271
-0.007225329701367596
-0.036982683876779235
-0.017657531752774243
-0.053399958720208814
-0.06744595821468011
-0.05368736227081725
-0.020205746994409485
-0.017253332517676738
-0.051332237866603854
-0.03387512549362012
-0.028729041853118944
-0.09872776502469212
-0.21422483258584293
-0.29447463773396587
-0.28391671421694403
-0.3156445433403219
-0.35178007681506696
-0.362780255725557
-0.2079056176383025
-0.1724683099849973
-0.18040401268104408
-0.24772249059358267
-0.22605653980567886
-0.4048433085400754
-0.4111143564703454
-0.30227395119413075
0.11489719839000241
0.10101254631437584
0.0015215970421075147
-0.11436350355485342
-0.009482652605395143
-0.019126063339885136
-0.02041427013087831
0.06237551748551966
0.05978274322991285
0.035238912276173366
0.05356727708529829
0.03645170084709163
0.00866727711713699
-0.049097982312033044
-0.023289653931782107
-0.04249757348445348
-0.03732522755133284
-0.023633849609904823
-0.0036271192862023624
-0.009608877743958574
0.008894702145641205
0.0009389652727123493
0.014920442364527359
0.002913305479280678
0.04870621152722192
0.12192307135615302
0.08419844674002896
-0.007674798569746283
-0.07162510420657613
-0.014557954865628896
-0.10041509597215954
-0.06411402857104016
-0.06209347094700451
-0.03225762677214131
0.08017173734882871
0.37629820349056714
0.4660133582877124
0.601126295768771
0.5489354276581819
0.47901689182209845
0.3198888575016881
0.3696934004310677
0.2680500962017043
0.18092703031506976
0.1253800574883111
0.11173960422512452
0.10706255223932216
0.07517719970920207
0.04087785015978243
0.047542116326050946
0.04592555539560913
0.02910387984410607
0.005600015238465274
0.007152789312703994
-0.0052134214912878275
0.004990025984228016
0.007086086657035401
0.04513862807941045
0.01389573115519124
0.00852327008598537
0.024594145928601343
0.041868344959798846
0.010484814551143681
-0.01580763360070838
-0.00920450682768959
-0.004061079935863745
0.02164799488961671
0.024127247934425118
0.012396556350917059
-0.00543923856245315
-0.0005585479304400079
0.02211860841316925
0.014849075766912368
0.018794720985477305
0.0035137172638291287
0.00806783391231311
-0.030587104097314438
-0.04566875640226685
-0.03664711290103241
-0.006844933182211545
0.02285928626917766
0.014605372127520048
0.015591427646876693
0.030800843767490864
0.059664513176565986
0.05903386976839862
0.014504785675542744
-0.01642167853206344
-0.019352011392757332
-0.023348192452156125
-0.02626683514528413
-0.005123956491751862
-0.007622355875858605
-0.007166221833271322
-0.007950863731591562
0.03605171906504687
0.007352038315828687
0.0032796758826421336
-0.007791574653574021
-0.005544531216230115
-0.037976035582379615
-0.04345187446423382
-0.029713288550165792
-0.019275239378745347
-0.07850754095115627
-0.15652481147565833
-0.2040402636199753
-0.23527613074215536
-0.2578919399110949
-0.26781917430474356
-0.21802245206245957
-0.17134174338709057
-0.10427252507527161
-0.05486006397348594
-0.01538533985058016
-0.06662483471226156
-0.21368891601334272
-0.45290672513815106
-0.6253686832839592
-0.6974646433111508
-0.4156779804595354
-0.15826598788894639
0.017695602099229685
0.016368639514882228
0.030699580361173342
0.017871444608544194
0.00035516057380572096
0.05212155508026141
-0.02572030626802655
-0.09748599556210552
-0.08991235857494538
-0.02121413278048186
0.05228401077393019
0.04286276510968314
0.029817449582249873
0.02280802596068206
0.06225704242679059
0.0880805863442039
-0.01207616872514857
-0.057796762753533425
-0.014762303408478204
-0.03699868278468894
0.03681095814897973
0.0758083146024969
0.03263471824595227
-0.07124518443780904
-0.10640073091267513
0.029300865906200322
-0.05804077464202307
0.1143628782048738
0.15114406391223478
0.12977864312377452
-0.12391841332790919
-0.20635988053114435
-0.11860324355746234
-0.04154061694530748
0.03984245718110563
0.012048429033951162
0.043237290259669235
0.011816201221246204
0.020831829699426797
-0.01331493605436029
0.17069967178924078
0.40098537514429605
0.5612698826181921
0.5651148733001751
0.6899809267540257
0.5973964999591832
0.34844539440889194
0.0832459480469868
0.09678538601743569
0.06968065478388147
0.07207993277730584
0.05897812503765522
0.09372984282874625
0.09440465552692372
0.10603347215683748
0.08913077512858383
0.08251791971191863
0.05544927739994822
0.07058771140255744
0.03563851222368
-0.0018301707233432452
-0.020208770515701708
-0.017234235636180248
-0.005769297292082858
-0.016897966383122767
0.01200056653799692
0.022376709980227172
0.05502726221693743
0.03432817650881068
0.035142826809348444
0.041552068444096105
0.03373481087115403
0.008823002633714612
-0.024686870581350988
0.002950230410316469
-0.0023546147338304275
-0.023849468445277574
-0.022740339607525292
0.03519720786932032
0.03692270460332078
0.0162308173358755
0.0026502730162978336
0.010531365062072476
-0.00042253877877459974
0.006186894968566312
-0.0061866380091473855
-0.03445086202011242
0.0007897310027520534
0.04384222608780488
-0.010633472695947246
-0.09923704127571885
-0.09446278454925224
-0.026736099014826244
-0.0037844734036134716
0.01363082580621616
0.009398129120320056
-0.02041506077852846
0.02069419644877857
0.0004779811969897495
-0.06965861628494102
-0.1813128593607262
-0.19093642373667732
-0.3113511870173545
-0.48256264505338026
-0.7040575676412366
-0.6672664922514994
-0.5678619819673634
-0.38226806415872816
-0.227326041692782
-0.049037418002091916
-0.10530454804777489
-0.13555578429792725
-0.07552514184186365
-0.025701314575036743
-0.03503010435585696
-0.03995527482848335
-0.01457879667154743
-0.0296677200778824
-0.013293152998049436
-0.03467918712525879
-0.021672850123246212
0.016883599463439154
0.03839975070427351
0.017238870162413798
0.006880440567059631
0.07550250448702696
-0.010729411656552975
-0.07936788384080937
-0.14622668865474817
-0.05043088514449932
-0.04464039331746648
0.050101824957074506
0.006126247673601655
-0.0316171964184529
-0.031315182969915936
0.09837898376672412
0.12771564766962407
0.08811120915677459
-0.02994007715730287
-0.01112147139159301
-0.029615849207323238
0.011948580536262928
-0.04051502027317977
-0.01047804907684946
-0.01846116840797389
0.014048382365272689
0.047815668387982665
0.039567404920038525
0.021970578608872648
0.22688560767038912
0.41559220693271665
0.5410050465908179
0.610442593995714
0.6040591203005266
0.37619998722813286
0.16166339721579823
0.15539431203803047
0.13423372690707672
0.09996789338791384
0.07283311674046367
0.09276300591635711
0.1302699175355705
0.11512158081398113
0.11181139042086288
0.1038887803410706
0.08686300818172508
0.027413878931354843
0.0038727756587327074
0.03742807709414125
0.022295412261187763
0.024305453230497036
0.006015630233579163
-0.002140520671617008
0.0033630060782375002
0.055401265925154757
0.07566862980358678
0.03699325044913518
0.026984852998725377
0.027385104435835243
0.008265616560753208
0.010698375897039479
-0.00015566169259822747
-0.018980632844020774
-0.022644203149642134
-0.014523172601790063
-0.004368904341451553
0.003325615142502559
0.014198954309696695
-0.011609523095430362
0.007952479980890957
0.02881612629173899
0.023525808635359413
-0.001546090270506996
-0.031362760066874884
-0.029632279226000736
-0.006356473808151472
0.026754736248226968
0.010388179396087115
0.002988935272864872
-0.0057284458308976965
0.010770693794780026
0.0017092994413650672
0.008702657392184674
-0.010854863217223018
0.013439439317731805
-0.022791502473089188
-0.01296877135928314
-0.017897721410211603
-0.004073652722926766
-0.011131265712481889
-0.015330602697153023
-0.006726494687131485
-0.008743036682495991
0.006302613519486329
-0.015520912978164363
-0.03818458794414663
-0.014319849528546064
-0.014940212575247079
-0.03950331168268505
-0.0740879928931647
-0.04510002136603309
-0.057464199433619335
-0.05621758467208318
-0.06690012966622491
-0.05424492047165611
-0.08076048949101647
-0.1786281820752478
-0.3468589907657588
-0.43306859953573135
-0.41552220305775756
-0.31588449827157294
-0.28714390098291437
-0.30643412188749586
-0.35063113958112774
-0.33418438390916916
-0.2932036060205464
-0.22888992880438605
-0.21162182742338428
-0.17281618850455652
-0.10050932734434202
-0.006794616551088538
-0.016852190206219673
0.002996970576057405
0.058288654644689485
0.03324661393520346
-0.04715863258426968
-0.05378851473104606
0.024599346717091547
0.04514315317796667
0.012708611516517497
-0.0106493428495403
-0.005216172316206511
0.01099999282160066
-0.003732770873998385
-0.026383832218025056
-0.007543254158041328
-0.00020138132131255256
-0.005955033706663184
-0.022846575865307944
-0.009544271242293522
-0.009028221136658115
0.008894801621207494
0.021617176564325533
0.028361210486276427
0.007224278980991489
-0.012882363177254129
-0.004543168943149086
0.020023841816771387
0.028970459107969544
-0.006701673789736076
-0.02318273975275965
-0.02029111614819044
-0.0038319272456644195
0.02384707512311413
0.00019885281490787456
-0.025435587242534998
0.19541170345758505
0.47350427730221895
0.5906052939314267
0.5127060311133822
0.5310131146377483
0.43166652003616185
0.2872181351822927
0.18661026263631375
0.15015663985680022
0.11852769414808269
0.09571848381393967
0.11769269474848962
0.12325209297288185
0.12116353114781725
0.1063411787670722
0.07084862268818387
0.04613241523048241
0.037323230790118914
0.016569825957239694
0.021801470259461962
0.0004485289910721847
0.01574423024775087
-0.003167885860790163
0.02597077883197255
0.027890325386460205
0.035222230890463384
0.012052627778888863
0.009039086480663604
0.0043514653993622365
0.012990237911465606
0.00016729940288362968
0.00020771810427747632
-0.017919029665259732
0.010209266126152519
0.025107051053576874
0.010663165373758061
-0.014948733687709692
0.006662744107323989
0.057979027252737916
0.02425937866662244
-0.03083076963799474
-0.0544043645260661
-0.015439295112613084
0.010680174818614772
0.01373500967968341
-0.012678584044701803
-0.015916325241522374
-0.014828481175196521
0.015226572268446903
-0.05846949571157355
-0.13012501133028578
-0.1638593918749824
-0.06832762739119069
-0.021074084681869814
0.05599100531675442
0.0529086839570088
0.03141530401255305
-0.007707888739630839
0.004468629572134861
-0.03763928636715332
0.0005026033256226613
0.0682100937299521
0.012857085947955964
-0.1462871858577788
-0.2649740610429019
-0.30758493822899124
-0.33750597861780174
-0.19604752639048825
-0.24477619222235084
-0.2950624244838182
-0.33605457419918516
-0.17412131889338553
-0.19964712482063812
-0.2386491541539031
-0.27046051130520293
-0.37379588142048986
-0.3968714148389089
-0.2669792368555179
-0.06681771772549502
-0.011666485908690235
0.006265191865871393
0.01388307433468624
0.020682299003612563
0.007375651780161925
-0.0013768825730946029
-0.014519449088794763
-0.018825080007774164
-0.02702436956442611
-0.03485864678184513
-0.013726368270989244
0.015786499894304234
0.024618601937301775
9.42798461627835e-05
-0.023076313261854223
-0.0012465305223282224
0.01508733297278667
0.0825054718604144
0.08597960089161767
0.005193228362672751
-0.050990093515447525
-0.01808844713960231
-0.0037523031499239307
-0.030727898062786696
-0.0314267751297352
-0.06037667085279632
-0.06241228328082043
-0.008296149920750156
0.12931820231912206
0.29815799239315527
0.46024431753820766
0.5148670697407592
0.4818978245842459
0.43979637852482156
0.4159322170790824
0.4112616227160033
0.3178698143230506
0.17449175379827184
0.05872540984129699
0.0539416560871107
0.06351929649123463
0.0421203561319154
0.05399148899377592
0.07374206250504872
0.06235881594404877
0.02100037744330915
0.023991357342901577
0.020187393156774452
0.012186728689086967
0.018871369257203455
0.029850459126559162
0.027289810382278897
0.02691121963253449
0.0207614370609179
0.006832200466030029
-0.02528767183796942
0.020645523081013698
0.04690283781847196
0.043254061863975186
-0.012760260365727269
-0.004051449450694117
-0.006384416400534559
0.02430067289603361
0.021282562629765692
0.02182795439046797
0.0364997713677028
0.060401042659176236
0.006291527561866785
-0.030611670260241156
-0.011661029409162646
0.009411974466015402
0.00027644502689497984
-0.011190962374615455
0.012802041825906276
0.01637508919891932
-0.0050057284494381986
-0.009749787484139353
0.009437521575021991
0.0036700791257791793
-0.005493302332317712
0.018606923856140854
0.03370240307135539
-0.007760492235619229
-0.05711743362761995
-0.06721426162692541
-0.03330789264525285
-0.016993735426031196
-0.031067389203032755
-0.019896220512898542
-0.04375712534750049
-0.044911361102555024
-0.05847236065624514
-0.07314887092629173
-0.26800928616403336
-0.40335232858083525
-0.42835863285465564
-0.3148073024277524
-0.30115074684075505
-0.2476511785314144
-0.18191059687946484
-0.12487763979704958
-0.16610498734362586
-0.18987887729428563
-0.3228689560292829
-0.4467649903667829
-0.38124880771326547
-0.1140249174878222
0.025461931510772928
-0.011235868611187753
-0.03470359161486233
-0.028597044621347118
0.006835369192604594
-0.0090897379739937
0.006300654109818595
-0.010204242277457965
-0.019909952750232225
-0.01127442155115157
0.02195962136841563
0.0451203829791409
-0.026773870816098198
-0.031159046315028794
-0.0600270986481105
0.019407299532964332
-0.001266521813292022
0.027065342562119402
0.00344589519588872
0.032785707244403536
0.0006425273861042167
0.0036989200426241096
0.02601994860917564
0.009345679990246967
-0.014523056282570578
0.0038557523587333083
0.0021533496410398446
-0.03712359992205473
-0.015465878036780177
0.011756780140895652
0.03945521599978645
0.025302434164911996
-0.015006069179221402
-0.023089598154152825
-0.016234462071659753
0.009676585062512613
-0.008673650699700134
0.11380403958561128
0.31849119014862604
0.5449229652106177
0.59690319570364
0.5380373117643823
0.4864027580094599
0.4459405627114266
0.36484908955038287
0.24224329618237547
0.15571076045789456
0.07957486558105192
0.07936277823154436
0.04980414589684616
0.03955810378182364
0.009586585108708445
0.034884832454838824
0.062451358428190135
0.0800115086913821
0.03163309551916147
0.01572775246799763
0.012966428983891564
0.04633917148055472
0.028280131723969783
0.026603701395287914
-0.010147040220972217
-0.02635231698563887
-0.02718649565922348
0.012989892271583257
0.027131009290651466
0.009529276207959882
-0.006848290416758623
-0.0028686758928430085
-0.01598882986599823
-0.018383601282711153
-0.004648035234407006
0.010295331098369036
0.00040556407629317894
0.007316673026824873
0.03343664820677934
0.040407247260197544
0.03156762021634951
-0.0017111978000403582
-0.01740496134885604
-0.01956806733309833
0.004424980348229997
-0.0012486834858202556
-0.02038729588394445
0.01969521857269044
0.03225096396920042
0.023025785459302457
-0.01587370905220017
0.0017652944904970262
-0.021875309033210628
-0.00031970286306659583
0.022068606890377113
0.01634571864712188
0.0014263826933418205
-0.010022060227845743
-0.013312986077196621
-0.02940113179053836
0.01083068879853387
0.009677671577547016
0.022668220689219757
-0.001420243010893913
0.015322429790362028
-0.009272819169299607
0.0208085125899213
-0.015243503333137681
-0.03091969923742645
-0.039922667827410226
-0.04504838239874938
-0.06149842444340811
-0.06527144796354865
0.02271307788058036
0.03300641795898491
0.0538696012720888
0.042934637567254096
0.06446482632644784
0.022527382001104643
0.006757828919888458
-0.01103568278509236
-0.04059082350276641
-0.06270617231605179
-0.06199245702710574
-0.06129588816919787
-0.06620409665476296
-0.016876118637806813
0.026361241145914847
0.01789061168323881
0.028269647139119076
0.04496727993538486
0.05337546974764514
0.012191386265857106
0.022295134875935048
-0.0048512660448982
-0.017573221056087822
-0.05225289915726709
-0.012457387919781009
-0.012439697089554398
-0.04629297050701203
-0.15529698585797597
-0.14062586739628433
-0.13125222565408626
-0.071121486086329
-0.06290543897507836
-0.0355945090675175
-0.021550069581533073
-0.024832570527470944
-0.11085471588029416
-0.25369366834374507
-0.36820866608483666
-0.46571278764851104
-0.47730761109806397
-0.5412833371349219
-0.5677118179402272
-0.40591607955925035
-0.13979450226232365
-0.0038705766329215703
-0.022165802594953644
-0.01856463565825539
-0.05131799677775319
-0.06616713196741651
-0.06224714762928643
-0.03710466534797257
0.021052165440221277
0.034750511794978366
0.029875830247968
-0.016795808610628578
-0.009941208681367565
-0.012419580949731031
-0.00816887806403313
-0.04635376096609718
-0.02557092616306504
-0.0007347271891736315
0.025652091138686838
-0.013695425955280584
0.008478165030524988
0.013247594024911831
0.0017571916047516717
-0.019669251369403912
0.028811508544223433
-0.002726853325189079
-0.054220908246531155
-0.05413691554718184
6.641392485849407e-05
0.03057336158474486
0.1455161846345576
0.3544971158091968
0.4979949307194778
0.4815906674383636
0.4214405819462342
0.4610383097225538
0.4458509221285617
0.39999278914963415
0.2667120469415712
0.17899511715124763
0.08114080844656715
0.10949567484190643
0.11694988624142186
0.08355014983416638
0.054952864936044676
0.05248335312338254
0.05579473385741328
0.030060417611228896
0.029598975525863182
0.055680711181294154
0.05873604691251687
0.014546237321778803
-0.008212813308699609
-0.011202652812904515
0.03683533421200685
0.02530465023792071
0.039116265085287635
0.035381094945789206
0.05035397981843779
0.018518947967670684
0.024022154748131654
0.01657492724171456
0.0071022211387932015
-0.016851052902476273
0.011532861125443761
-0.005496352816687399
-0.016716069494429647
-0.055615291323035596
-0.014173331065596149
0.014922701262262186
0.03734356697111739
0.009643139794534511
-0.0023978161925846454
0.003772229889086749
0.02091553914250704
-0.0019452329008377576
-0.005546195713503098
0.018961670079568674
0.013866149392147862
-0.019780341082501443
-0.031329267877646755
-0.02421013637909499
-0.03838830433463285
-0.03653608157540412
-0.021276851118257965
0.008914930486669638
0.025880793395347382
0.027808079438573347
-0.018882132945175347
-0.041627857313910256
-0.03532110243327192
-0.054876961335345156
-0.09881852023250716
-0.1431428389173858
-0.24068033662444407
-0.34739020797053854
-0.34047998860452416
-0.2797337095225659
-0.21406709087735595
-0.12462841926805139
-0.05420234428806664
-0.03327271424450208
-0.011795546163891687
-0.10056730318874693
-0.35039163840113424
-0.5213310991371309
-0.5964682336688859
-0.4285273259461192
-0.23682183518548097
-0.0325939064819753
-0.02671366567464775
0.059615291036789336
0.09160925830988285
0.014635564251366152
-0.07216625315339206
-0.09560021578003382
-0.03652514564499454
-0.015846815021345932
-0.016488322711955442
-0.054689034312218394
-0.03566209546679411
0.01305152217492477
0.03156791472844863
0.02303809857885422
0.011881717503858732
-0.001986886621735624
-0.03805314313493264
-0.011870615815447983
-0.0014882548460090888
0.042050760648629115
0.022588519963885605
0.045371476736625733
-0.01765747184367734
-0.020398034421719582
-0.04313966824372198
0.014127959215894688
0.050611924124241495
0.023760745130830124
-0.03539216853920767
-0.02370168275914479
-4.1572286630829255e-05
0.001959050955680705
0.032755081055166876
0.08653063168357286
0.021800574710650826
-0.051630113930472406
-0.04911118722853507
-0.0034871623379345135
0.0001149534181913421
0.03255309591284701
0.1378848151027364
0.31106853108721755
0.3872052574710987
0.4115071346935747
0.41072853466185727
0.4780187538336552
0.40136608996676704
0.29198003268401906
0.18222765898339152
0.1357437834003511
0.07273339487016021
0.08583995626811398
0.10801914121064897
0.09431795845613157
0.05635737939633927
0.08163228820301822
0.09915145116446082
0.1061108661732047
0.04493158664838156
-0.020053807688355994
-0.03179287230341985
-0.00010781859177337606
0.024524328027079354
-0.0015568365072035255
-0.00026515234156651807
-0.016414869408226285
-0.004081762817292673
0.02781313703418174
0.027610696202068512
0.03737012444185265
0.028130269478832876
0.03312149515382942
-0.009587350910826528
-0.012928539443068066
-0.04339648235682935
-0.05714420258658963
-0.05581003412734695
-0.007952656053798919
-0.02124935541950754
-0.044825377980868074
-0.01246273477394676
0.03616432976640055
0.04401709624396319
0.017949886378120273
0.041176820726693035
0.044560222955167976
0.03801243838333409
-0.006716499692126402
0.004158062343369267
-0.00037797485614957316
0.015131837389768817
0.007845188346560632
0.019758917867632973
0.017307825962268993
0.012601410673221862
0.00029914579194859997
-0.0012304565625359631
-0.0008838859690077316
0.0010246690528420681
0.004751554811676519
0.01885529811262982
0.011063148302728249
-0.008278513080511623
-0.020426221051024727
-0.04441817894838208
-0.03656438350300849
-0.020316043865312192
0.005368943614633014
-0.0075847085638445465
0.004767962685302822
-0.0009448811782757368
0.007694495084134996
0.013097791654479014
-0.017812764768539956
-0.04830410827746037
-0.08334801932298429
-0.09769644674826142
-0.1386869042497665
-0.10031559040806483
-0.0835173997653388
-0.05983996779824251
-0.05004556384275443
-0.033451568170576054
-0.028990566711521025
-0.021169506410102776
-0.30774154856496333
-0.6201901160489717
-0.6586615261018804
-0.6022782065006749
-0.5753971491485156
-0.3885674503461049
-0.025660164944401615
0.07817058670122792
0.018506454453743527
-0.05367315202776787
-0.06347757413355747
0.011852268862172175
0.05465767181437897
0.03841457477749996
-0.03368023553058368
-0.05009186791933371
-0.020585051341702746
-0.006190895164933286
-0.018026967063365523
-0.02216943799596822
-0.01291196706559693
-0.009882999207199946
-0.005246169955545151
0.009014744630671256
0.02813483090419452
0.017772404498542425
-0.007423492085274435
-0.0019624184922957624
-0.005836779883666313
-0.027075292710146876
-0.049575283976914734
-0.000590503107258063
0.023597573110654645
0.014056908450880392
-0.0001315809972626682
0.009315715570301787
0.015181648757033678
-0.009045592803974416
-0.0006215006929620345
0.022780493755191915
0.0030133857907536344
-0.004681304187993451
-0.004057674440118948
0.014000305814861828
-0.010760538204823361
0.010762839904433556
0.043528700335173295
0.015257753508184011
0.045777145241766105
0.28168804001284076
0.5618702246555484
0.6370821649885058
0.560980115711321
0.5159327826696719
0.4006144566962441
0.22854066568277162
0.1046191689871047
0.09494345353911562
0.0735590257971856
0.03427084861766992
0.03552835669412009
0.08242332861573406
0.07169276744232526
0.05179346497713109
0.015457148008155305
0.004166732464733405
0.003929379880924587
0.000915794418790462
-0.01303505146363305
-0.013910656959915179
0.010882362506201955
0.02625732273803991
0.03043029428958761
0.031152284941379838
0.026046775629039835
0.0051274518446343745
0.02915565412653043
0.059093962075003025
0.0427880691673389
-0.02600874045878889
-0.009590937459915044
0.0013480586244213222
-0.02349778848642942
-0.03572575390928171
0.012524886290155229
0.007346966916309412
-0.00511053777331471
0.020356771556811183
0.06974515020279787
0.05014736088023746
0.02969901420133164
0.015182851596061803
-0.0038867379848859297
-0.028772399402690226
4.2724482171262166e-05
0.008024303866746267
0.013074215528855175
0.002950970630961542
0.028262546268499677
0.02473300729120527
0.019809916570825266
-0.015505514190554176
-0.007926128776577201
-0.0011037747979161022
0.024368179543003788
0.0022830823753443763
0.021945785055602827
-0.004149356992777766
1.9734263965190276e-05
-0.0345575003858191
-0.01153368912079858
-0.02980351756663098
-0.03230044004646448
-0.05184993166180336
-0.037657142157292364
-0.03848169651782575
-0.019044622639266526
-0.006458773303367219
0.009914586670927603
-0.010055819233322012
-0.026868789023676728
-0.037079893298949125
-0.03700629289121153
-0.04229344248452899
-0.040591044194686905
-0.03521424316524328
-0.022421803835174968
-0.019555761763046055
-0.04932775162071121
-0.11795632616122614
-0.34757481198827894
-0.5909693224488394
-0.6904487288170509
-0.6509417554438818
-0.4967065157030578
-0.35310459630707813
-0.19893321722339008
-0.0830844171812312
0.014877412928093957
5.806963228443704e-05
-0.03991762843253772
-0.026890218518666496
-0.05062065132358764
-0.05795752078870119
-0.04782988246083533
-0.04748299559106217
-0.03295089543343568
-0.005119966013835196
0.024644198124710547
0.03383938265430471
0.019447947384872096
0.0018462610057254812
0.0013848268127414957
0.01994431232873875
0.008383662142035732
-0.018837388468506806
-0.03984785354533705
0.0019901049082659476
0.016400304236294655
-0.006331776085762085
-0.016774075543845832
0.01302608755388419
0.0051328851182110185
-0.011091908247727945
-0.0032205778731672244
0.012056792558623316
0.007125498121483132
0.00890120069489743
0.03134788182546042
0.035169860208672285
-0.0016034732996233882
-0.03848300591511218
-0.02575167427769986
-0.015380968071590432
0.013441165894495748
0.003360726011539345
-0.00046688265842873987
-0.007607526320913525
0.032346787797244335
0.04694045180380081
-0.013444179519540283
-0.0359452704715032
-0.01806713254116258
0.011741149284749857
0.028748855967526646
0.19022547152603733
0.41268205992457097
0.5045499534190774
0.49292421185497065
0.4202858442235384
0.3786166334947673
0.30453799787541586
0.2526928117244903
0.22715183671525546
0.19615052187924858
0.10948992748357034
0.03432831902289578
0.05442881867791946
0.062045017826519125
0.06759672235342286
0.08029594296627636
0.07463762050535941
0.03706991679715196
0.029333201649317294
0.05658030772902326
0.06142198024908291
0.045683636986604964
0.010328380418198866
0.023427293745266514
0.043847986706321396
0.048897419317726516
0.03445676134029311
0.020162063708326045
0.015275822782590832
0.02904292114046757
0.050712861871147465
0.004907925003633997
-0.009573472007392081
0.0009345906459340996
0.010017707934416108
-0.017265787874107354
-0.0070708862308031025
-0.0012836201346785045
-0.011240588287725622
-0.0009411962181264433
0.005020582291926353
0.01352584025660194
0.0018387183026910925
-0.004938241274904781
-0.0053640362389761375
-0.008456620940645213
-0.02595572679228904
-0.012790329448290035
0.0018777757165539964
0.007236163998178439
-0.008963387428982023
0.001016684576564623
-0.003193978565550435
-0.01184061751795271
-0.0007007172907772412
0.006780335675192432
0.011675901392790462
-0.00650037158348928
-0.015536017812096941
-0.023439819191898862
-0.017715544729500734
-0.04528832167388306
-0.06400004070551928
-0.0587740621940825
-0.0172110807097413
0.0018045668281631026
0.03595734950575369
0.03549007418531634
0.019643562017699342
-0.0018115302952044633
-3.991001550122638e-05
-0.011686108923736182
-0.0336519863553583
-0.040958900568664774
-0.07063639448879651
-0.08644617114414464
-0.07892062258781146
-0.05707365364483721
-0.03603817079944074
-1.4827254811684474e-05
0.03137465026232304
0.045313937740623964
0.035656219547566356
0.045633431820033106
0.018109408282275877
-0.01773680569810115
