-0.14207069246773618
-1.0
0.07969643685388149
0.34345419770666724
-0.10418287822359017
-0.6260182935358706
-0.01160379775754886
0.059524441781893374
0.03795577643487444
-0.03909159157436368
-0.09727895740116466
0.019796586781008575
-0.009493968061674005
0.08554305365763842
0.007372191808955755
0.04593666085196891
-0.05891041684500417
0.0049655070209255565
-0.06159256785176126
0.019857457217537795
-0.030438214465713084
-0.028747645983260663
-0.010712093041544772
-0.0012650909354539682
-0.002790714762126428
-6.699536310085839e-05
0.00390745541536984
-0.006894771101801432
0.006170412303448082
0.014003802441570672
0.013178434731723985
-0.009340719962744277
-0.006684029568361822
-0.0012028861305642307
-0.0016582753674933995
-0.006071453447780991
-0.01099445407186225
0.013739438479537657
0.02484624936978586
0.002475772855724846
-0.01786432344592994
-0.016829721345483745
0.0006432504328411996
0.023862305991375694
0.03700172370284433
-0.013236218957700543
-0.04459242207408898
0.01340571216358319
0.021322017449757234
-0.02555563463383827
0.006154269898430213
-0.03354154789545236
0.21414280647899026
0.3250286129872016
0.003780639244616606
-0.37365903679863194
-0.17913250439753273
0.0854905256386967
0.01011345305894004
-0.02067833645639767
-0.0455690967776548
0.2700227965497569
0.42519115840830346
0.00813259714532675
0.024215758556745622
0.2605839373866046
0.3274597590482117
-0.15193649950809013
-0.08380701842497408
-0.13336681629698063
-0.17729563655277647
-0.23554866917415188
-0.22996199330778244
-0.2028778811726895
-0.18222185373684377
-0.1749349578995147
-0.14630467360949817
-0.07088815346552488
-0.028243826668288993
0.012130872495592459
-0.008558773290125157
0.003195620278935018
-0.0007097613608256304
-7.835915077277671e-05
-0.012964517114279239
-0.008711707911975784
0.00769029308267961
-0.005596939003971872
-0.003451029977341373
-0.00044841018969440265
0.0012458355301692722
-0.005451039913654464
-0.016402779826741803
-0.003670930123565043
0.007531788420204449
0.012657539398425918
0.011703333755852906
0.010535533723726067
0.0027402266259517485
0.0037941981488673325
0.007393033954437665
0.026548839605146642
0.07358489424998738
0.19080121751625811
0.30018338227721997
0.3361169061692813
0.26281698855864016
0.1611145278041017
0.12256844732592552
0.08446936034700117
0.08978215904310635
0.06236925155303602
0.02665548936570697
-0.003210950711312446
0.018435402430179375
0.02633462441236782
0.010549581496020241
0.0169833575952423
0.01065276750753141
-0.008496185983261415
-0.01724090995517147
-0.013058719402367766
-0.0031351931329365746
0.013143276813419084
0.023739171354156402
0.004664110468451076
-0.011298011926143974
-0.015301018578158779
-0.011413184779169406
-0.0004750924926580706
0.011669578614864961
0.010795308223182632
-0.002071493611198979
-0.005546850391928083
-0.00997437168896432
-0.004249520855948577
0.019555952982705307
0.01168973535352913
-0.0012009177086268771
-0.012148587141819208
0.006431061327278793
-0.00520412174203952
-0.031663146965467216
-0.11924931689185622
-0.22984665801002563
-0.27709299359498035
-0.3230226427417786
-0.3217109989534787
-0.31698896952436345
-0.17735328931184433
-0.0777468386443188
0.0018103455871126206
-0.015913831628753265
0.003620268913832304
-0.012829113418350723
-0.009460045648412066
-0.015454663058356322
0.02356886921025539
-0.01953931438321505
-0.009075287779711332
0.0038781014163139053
0.07268594463147063
0.03199616707714562
0.04462841782322693
-0.009369519547459381
0.011348524470331538
-0.00398807806250703
0.03579246795971704
-0.02699903054781568
-0.031353961342519915
0.13147894456016976
0.03920339108996222
0.19006698669785896
0.1587430570732413
0.5001353681291082
0.3092228636728822
0.1341661419548866
0.04136474748877291
-0.0017704737701558628
0.017560746878700406
-0.10739517492546555
0.03904345833603373
0.1237576175775812
0.08981583493544275
-0.01307021618071707
0.009682103890950054
0.01942698024732088
0.011976409704739411
-0.004607527548730184
-0.01147255484164923
0.0010759351437004425
0.01670837806398257
0.007664794370243998
0.0025372118465531025
-0.01818497380465749
-0.004757491808857797
0.0010614148008930746
0.0004288909336955005
-0.008825246599368643
-0.00816111123696718
-0.00010479949613592543
-0.0005137917412319313
0.015293684848579238
-0.001799906169692486
0.0019924370438572634
-0.0013504764669562655
0.03167231127340077
-0.06702965914818804
-0.09205155578032076
-0.09605404275566191
-0.08249171947570481
-0.1758370751036673
-0.19293649904916735
-0.24273639121140098
-0.2687298983236174
-0.3064546346822576
-0.21754859751642627
-0.14519265862683606
-0.013981008352841037
-0.0026573510172544796
0.0035105734472312493
-0.019333622173848715
0.04829255805003505
0.001866054695168434
-0.008347667371029903
0.006164243835166531
0.21615084079162106
0.001059716054040554
-0.042346829081640266
-0.14709666423442783
0.001470822853039834
-0.07402375474644335
0.01926073657310376
-0.0008502348982748167
0.04744133737041524
0.15866725593357148
0.2445936015463038
0.2811915258713172
0.28445410115456554
0.24654034573042832
0.15379667663180915
0.08357940050756744
0.06552543169104437
0.043944622502152586
0.008631955636975356
-0.007409413923001661
0.004484961434855125
0.016102309455245652
-0.003703402438020352
-0.004421270305667543
0.005982246167972325
0.017495924360904632
0.004559937852924804
-0.017156001754786057
-0.012571448272383526
0.009072098396820254
0.03724757595332677
0.0025536578652742372
0.004584956727153912
0.009724748863670649
0.010106400676606626
0.002219617163256179
0.01713500341749779
0.017284757619096466
-0.001612103196542123
0.00215674870115161
-0.000636020997567912
0.007581606520372865
0.0026720959591875343
0.00487454964234717
4.928437054540957e-05
0.00868382422089636
-0.0010958027239827822
0.0014199727577078472
-0.020978593938672126
-0.016674337821421293
-0.026348515324268042
-0.014332308362012347
-0.05620797459297499
-0.07809881501994109
-0.1356507410281015
-0.17430925360503144
-0.27862552844346233
-0.3695977037294669
-0.3458892522303927
-0.18694108145476174
-0.02095221058007859
-0.004788892955881946
-0.016827617903622114
-0.0043437359363776885
-0.003814949518542131
0.000782831663838429
0.12672777279128541
0.06505201898917796
-0.02372291069968706
-0.08639854052058316
0.044792537728716914
0.016105817725790936
-0.0003962558091077246
0.001890866220465107
0.00036140033659094896
-0.007306058463913772
-0.017287367256047
0.11000218773806635
0.25545335027100413
0.29269664642406307
0.2079591947574197
0.15436167421442168
0.1458169176716831
0.10926521712196789
0.07016232001840197
0.033559218418058895
0.020807515479908868
0.01516006534050348
0.013461993035855761
0.014117833640995333
0.008205230512038133
0.010907509530356893
0.001594633953061873
-0.0012430740878702953
-0.0006124502613836018
-0.004867719440101738
-0.00982393883824436
-0.00563276455790766
0.0036233057329886874
0.0032897839189150705
-0.0049137378290019
0.0020124000725422345
0.024252838276979487
0.01921424038281151
0.006098572382967545
-0.007912146911545011
0.001943180833029308
0.00016136691766134478
0.006697599394570143
0.003604682866767134
-0.006213468112762219
-0.002888061735897671
0.006288883649850709
-0.0008264805452391816
-0.012506085170592943
-0.01983574212790018
-0.021066810579109276
-0.0411064923688213
-0.0426372121441725
-0.024825671648941016
-0.018528704652203954
-0.055883267442909425
-0.13043048817190497
-0.15956506969105172
-0.21523148469456077
-0.27056102896098433
-0.28590349539092513
-0.1813550750669136
-0.0976534787005381
-0.025614478723585403
-0.002954322034467375
-0.0015725391145071993
-0.01725631898046294
0.02607518522985079
0.02995663758580387
-0.014969865422857912
-0.0320926689424925
0.00622555774327182
0.03155043534952963
-0.005307207673770946
-0.00761853909624986
0.001081513989356349
0.022629481534971328
-0.03102344544352242
-0.0006366566747413473
0.06445271336521503
0.1412192500715297
0.2467379129473254
0.3133601686916466
0.29985522168525125
0.19566884248865155
0.14213912284356867
0.05849257110529485
0.030646873207882418
0.031416956318502116
0.03177420923775066
0.010081646272049228
0.018917354902807448
0.03272579069585864
0.027106179376533573
0.00975156792908753
0.0021428832369936464
0.009664827360603383
0.006437950981617172
0.007860686433821608
-0.006998606159223755
0.01947308893504306
0.010698147381360372
-0.0038131522962331628
-0.02821158348500344
0.014053132186856861
0.01760821884642178
0.004957727564778249
-0.014489027792812739
-0.009601089516255998
-0.00152504829356129
0.00575707000998611
-0.0013474245762649436
-0.003522630709018378
-0.003698799172749366
-0.007856864412921173
-0.019074898863608764
-0.007547712915074447
0.012558595748049147
0.017472959363814617
-0.0032533968011721707
-0.009865556557351097
-0.010380455261589597
-0.01753083682540996
-0.0214561962972672
-0.0011549096999000582
0.0063175330085033995
-0.013872045505275227
-0.02680930264725671
-0.06792543751332385
-0.10428926482212136
-0.16750046654559678
-0.16363945665353855
-0.20229807731527832
-0.2572008602163129
-0.31925644715134227
-0.19263737969936948
-0.05750664257055133
-0.0001687209875743441
-0.029410776496730993
-0.013575615535365421
-0.005577662965900225
0.005128956131388946
8.321001891792153e-05
-0.0024119752258617544
0.0025617549299529647
0.014750322503349927
0.008982258109055077
-0.0033056498144820967
-0.004366434469655209
0.00095362534311898
0.003941676787956762
0.07117938948733073
0.19696283841575324
0.2722206522329948
0.2306880277531643
0.20402984242009614
0.19197250432283322
0.16085302586401803
0.10029756591839903
0.057068748381645745
0.0321591646453808
0.021492772030119234
0.02577947015860601
0.013342280063391158
0.012338137034803591
0.010432098376070712
0.007162856958615753
-0.002491776777901128
-0.0024422077752587917
0.0026538551321305093
-0.0020857519997116423
-0.010483801314169393
-0.014581786564210782
-0.009944582243787331
-0.004547116095992122
0.013660244814646354
0.012996449592020669
-0.0008180560960688641
-0.007948941578889103
0.011555419619318724
0.009139194606155214
0.004943591708138411
0.005077352252686856
0.003494006934708647
-0.011910552793927965
-0.0036176043271546896
0.004540838595503954
-0.004685609732120208
-0.015674089899686147
-0.0035097120539477043
0.0025189651219272124
-0.0006518535965695396
-0.0029440528953112656
0.0015529114166872183
-0.002375583244109305
-0.0014644831335321588
-0.013074538524745272
-0.026895800856048323
-0.0259075404272974
-0.035802841391237204
-0.0730040223951233
-0.09593756069353897
-0.08608202292338359
-0.12136391695272081
-0.1406642422742808
-0.23250518090916175
-0.26399246832315354
-0.2136723910884328
-0.1263869734399742
-0.08636039447538923
-0.05354863281674295
-0.004926597418479224
-0.028306350357095836
-0.011769241002194586
0.012795642318327648
0.012078750537163601
0.0038851735196875127
0.004030351705733373
0.003315445212340393
-0.01061856384576148
0.0010527319426636332
0.0109280984416083
0.008838316177569257
-0.003743229028962303
0.0032937824107597408
-0.0024727988447455747
-0.0011064081623269378
-0.011311499118078177
-0.0020703849327122713
0.028467580027923357
0.1696205786512394
0.28670010315548655
0.307130473186879
0.2372406731423797
0.17979082498359958
0.15092607398613778
0.10436289066101025
0.07409830908257588
0.02939299169676201
0.025034397922763428
0.013242560687184749
0.009379414239652436
0.008097166121215589
0.004317908230883296
0.013555990823032053
0.014561753695055493
0.014450960761505023
0.012595229579384554
0.02036234736546766
0.015681483723247576
-0.006226782440251244
-0.025350251079438942
-0.023223653640825934
0.006501700612773401
0.015594607439173127
0.0005976137044875976
-0.009673275159797868
-0.00401774400650188
0.006295321316222448
0.007443308202791995
0.008160363493276084
-0.00234414408298719
-0.008804935471865569
-0.008115925992457484
-0.0008762997424850778
0.012304008665787142
0.008582964046099706
-0.002160174377099915
-0.008038035216052465
-0.0050207423154814326
-0.01065905278525616
-0.015704084575966556
-0.0005842820981319092
-0.0009078035469015049
-0.01380491118264417
-0.021469817296985348
-0.03262636559103692
-0.07202451522585869
-0.15781694392911128
-0.20205316176279922
-0.1819036181622527
-0.2066527047375053
-0.24787574209332097
-0.23344948277444602
-0.14222447886962192
-0.10128367694957555
-0.05746918851979798
-0.013739952100557716
0.008377095309029735
0.010141796479231462
-0.008917418707722205
-0.012514475134237571
-0.005492699138174201
0.0003033823463318747
0.004910865377286728
-0.0030724115166573924
0.0035999784318050125
-0.0018811462737973283
-0.0029476145852942726
-0.00802673261642692
-0.009535551627822571
0.05184528096717559
0.12576032547803287
0.22376038381455413
0.2721698835058779
0.2771373387336337
0.2130905940479367
0.13626586065590704
0.10192587130213361
0.06811932243280064
0.04629064571426425
0.03174697124403221
0.02649343183911304
0.006123142905829831
-0.0023868263691633213
-0.01005247014389045
0.011584195596892662
0.0016504824979210306
-0.0021418812271127444
-0.028607133825476725
-0.011281306330446892
-0.006847156061774336
0.00782447190361092
0.01081029261981304
0.011862965293435413
0.0003330689297308392
0.006360613987199595
-0.0033530668927027217
0.006904384007549761
0.00799286635133435
0.026706981256171484
-4.955635999366897e-05
-0.01638569700481096
-0.012957885501967479
0.0019789431968616103
0.008939872095695012
0.007995522398528573
0.01004894370603259
0.00042903785582888753
-0.007832780306056258
-0.007051968429341363
-0.0044796916056847325
0.009799836622127448
-0.0027713462966607867
-0.017674599292640134
-0.025951227860492542
-0.01921241985387965
-0.02125150855866621
-0.03786363974175276
-0.05394047344445327
-0.08326084191921114
-0.12167960439301298
-0.17642192966626905
-0.24154206657125926
-0.26161188058886015
-0.27088156030036487
-0.17452181577050738
-0.08167897541831054
0.014704160385016877
-0.014462576502317066
-0.007165563920539756
-0.0036881258988129976
0.021730237055244604
-0.004729544354990759
-0.006534393737223
-0.013707536694619927
0.009709693979774149
-0.0055829386318697796
-0.01109815908811239
-0.011261946663908937
0.07448985135429537
0.09654601941048284
0.24558531990047805
0.31870637514332323
0.32891891541169077
0.18501044414346607
0.14430137769418958
0.08341362456787478
0.03456975506869654
0.01191022854187137
0.01654421606075519
0.01705974806226707
0.018848517493156067
0.013455057179147434
0.008810428607263058
0.0017152808107096197
0.008723053125663967
0.0003777084990264183
-0.00292832246572927
-0.0032277807644609585
0.0015135995654018872
0.0003912609527480068
-0.0016745140838372273
-0.00981067805728192
0.002772404010363016
0.007766537650495705
0.012761857267499732
-0.007614104277774391
-0.0024496027851335887
-0.003933965374127207
0.0018118395914739503
-0.0008353098512844386
0.004641031227101804
0.0024096955744500243
0.002034805830454561
0.0028899026389529415
0.0006425140579436533
-0.0071854528911557605
-0.002627668621223269
0.004188906229407287
0.0040052509240034945
0.0031969800762129924
0.00044384632866561915
-0.0013132472345899473
-0.0068534229752768815
-0.010337888421759249
-0.0023005894452552567
0.0011442777915103028
0.005795523654590887
0.006268065084671428
0.004025124687003184
-0.007407016924036928
-0.020947616742525415
-0.001422673623003451
-0.010487930734105571
-0.028843116028363577
-0.030834114872028386
-0.03151678930557506
-0.0576239139633557
-0.13679525153667188
-0.15306819230170968
-0.18332716405566196
-0.2458032132302017
-0.2196551866654203
-0.13302090720510468
-0.0973142058629327
-0.14150006264286677
-0.10133708626802712
-0.033312125489246454
-0.006421762233328751
0.007826452726934316
-0.00509572572756084
-0.008015688835449297
-0.0014296992345057208
0.002858399803238481
7.918553213080113e-05
0.001164142905196595
-0.0008868203697907123
0.00659084280521419
0.006377889868477189
0.012374721383370648
-0.004200067742928716
0.005937028004771562
0.0075792273665916815
-0.002940378400903407
-0.008837939410375757
0.08367056807296551
0.20618796712165882
0.27194953195785065
0.26245711960543566
0.24563126189702522
0.18791727609920109
0.10179712787079388
0.0531745000165448
0.02476865594630272
0.008093841545043168
-0.019740452413394515
0.0058744107144314
0.00877582964826004
0.01954530662679566
-0.01755602812085635
-0.033095637517807946
-0.013846377207710753
0.008018221414957293
0.015212768885796656
0.0019404106678451343
0.03720427024459292
0.01041521119872261
0.009325897534599748
0.008901253998773298
0.04003932565112276
0.028711203696532975
0.013468316561248462
0.013760852518265115
-0.013247821827574615
-0.006277050154449959
0.005858753721532117
0.02065595502326132
0.009185743950085604
-0.0052874031667978685
-0.001777099204748077
-0.00553775005685136
0.006083987126605757
0.004432599781573417
-0.006534104516707685
-0.015562418924000265
-0.007023296447648954
-0.01458944414699324
-0.047889529047879
-0.07284571176816317
-0.12176111580192467
-0.1581054831355328
-0.18699005366799748
-0.1690446081345536
-0.20266173951057953
-0.19947808748294518
-0.18274022732177178
-0.12731201490350347
-0.07565631157535917
-0.02371032886319266
0.005322600549434946
0.005158995174251887
-0.0037913917423008036
-0.012230977312076043
0.0007614596308413734
0.002278157549601011
0.0027773005750717297
-0.003530289818672875
0.003125159467528063
0.002049124627245766
-0.005697843949960991
-0.002230836790418
0.0070271704753758655
0.0025237429045544208
0.013821231131136903
0.11516432923744281
0.2643150043854288
0.3547984719299574
0.3037689754638237
0.207957528651367
0.13014416348699273
0.09535246209938662
0.006879024907953651
0.003983705864340469
0.025869521709241484
0.05065825168695214
0.002888632089356672
0.01330850963847548
0.01162778374021617
0.016087413891598807
0.002915748380354156
-0.008667738946230304
-0.007362164458164436
0.007789215092948474
0.008845662476195929
-0.0007591748831812179
-0.0036104055146006773
-0.0013033967862964798
-0.0046881044121755075
-0.004486761769881953
-0.0012681141584752523
0.0020434280912955097
-0.0009970354523146283
-0.010495870166723537
-0.008469907863779812
0.007978268517994134
0.015624978365438668
0.010566415291411542
-0.009977330224931961
-0.006728055328472361
-0.0038491868807431326
0.003347581441403312
-0.0071979226843506185
-0.008788753020526471
-0.02435430700897886
-0.016749435444237428
-0.003820952254987042
0.0018999692113705374
-0.030341492173791274
-0.06373707182847971
-0.10924717135273865
-0.12272539654495268
-0.16186302880280554
-0.1867621274665462
-0.22242338208570603
-0.22332998526804987
-0.23957339650825288
-0.14763332392086181
-0.0381302432417883
0.024589040008384837
0.0018664582545856547
0.0008825612474855382
0.0016607471721273575
-0.00590274647326813
0.0027881884884865637
0.0076755073269675405
0.007319520387981054
0.009851420280621465
-0.003978607842175035
-0.0031886773268720425
-0.0018221565196197378
-0.01578180123805269
0.015468065502171608
0.15746319741990086
0.29355259240606674
0.30158567488773197
0.2751864692248725
0.21871706480065456
0.12747057657137953
0.06871917987014874
0.0533802811906032
0.04183460811719494
0.011138974771029033
0.016904309066105246
0.009471987721660493
-0.004577011983436761
-0.016753875016701083
-0.001081269753636252
0.009208192489696758
0.0037308300369334416
-0.00010348320882186679
0.0006062590985422263
0.004203337974554085
0.0076412297173855115
0.0077839775725861106
0.0025899276616537154
0.008982563612052885
0.006465207086827598
-0.0058678812435799645
-0.010844628663695536
0.00015283055216452606
-0.00178430584805382
-0.007950139473996152
-0.010915216991534566
-0.0032587958962116644
-0.003752243598441987
0.005153055095323177
-0.005670800351618943
-0.008178954476253136
-0.008802238285510253
0.006515000347095915
0.004199673981558739
-0.0069726775347659885
-0.004650181340686743
-0.017780215092523095
-0.02101868462927903
-0.052217512152538115
-0.06902039682537132
-0.10738154873313217
-0.12923319465425753
-0.18008703390518951
-0.18150044744638089
-0.18266754439875085
-0.1633514692564532
-0.20012445661243558
-0.1722504249539953
-0.09557304676225371
0.011903066848695866
0.023845461442196656
0.0017197768440550037
-0.004306135862114925
0.00925129278477532
0.001011884832390369
-0.009359611755885093
0.003470366048313965
0.008704619928397807
-0.005715225236452211
-0.011265063389323187
0.0521406717555136
0.13524224172809665
0.2265236649170661
0.2687909441532384
0.2533687738108708
0.19453089918483604
0.13329746127896966
0.09403757385781567
0.05239155445952292
0.019973610239317683
0.011209980031686405
0.021335570088234557
0.01877911225485016
0.005924853806800743
-0.0028588796315234615
0.015974373915499794
0.0282364390835779
0.022152695465476224
-0.01072368759923331
-0.00014347959866189614
0.014331266548906312
0.012047155913414253
0.0019019579315182748
-0.00674453421592066
-0.01248646736006131
-0.009449979413075859
0.003492526451189119
0.0047741495665440765
0.006076183851558087
0.009189778348374736
-0.010944935342402137
0.0003682173640183148
0.010752845871228123
0.017658083802092685
-0.0039802108448265755
-0.006648218812230339
-0.0021804790880875463
-0.007915355818780716
-0.0029792798637171816
-0.004140614508277773
0.007989338057825658
0.0001625830970999409
-0.0008080575586703948
-0.013009255487959922
-0.022745004446472
-0.03907560103540286
-0.037292445677842956
-0.053518556511201174
-0.1144413177964389
-0.18282400767424972
-0.21287416741884405
-0.23201306242074915
-0.2512621680483043
-0.24339119490765385
-0.14714568010440848
-0.039326954631107226
0.02701794739225976
0.015165948264115147
0.005883331559978293
-0.013032161899688508
-0.006057246137701201
0.011669262029839767
0.015486101041882732
0.0034340360690306086
-0.0037286026992241258
0.0005963033344983205
-0.0006940964997226634
0.0018404193679610816
-0.011555504995550475
0.04219606719555024
0.14049886832394579
0.25056570522548405
0.24887954804496276
0.25699503574859406
0.21069134415469473
0.1191002936098691
0.058383860155760345
0.06735142051158598
0.06649323272177618
0.019816066748724683
0.023143256402126965
0.019042701956024203
0.008486635448798786
-7.94850630301025e-05
0.00606020399995832
-0.00081786576555409
0.004530041437665489
-0.0027358767506110602
-0.000265315791517916
0.006042711473311069
-0.0021697175168918018
-0.006851723306911843
-0.021255970589523086
-0.00363220175977005
0.003409537250180986
0.024669629807709755
0.003418277069211663
-0.011438665458801114
-0.012544588049908092
0.009825851515738337
0.011340029521412607
0.009451625038228077
0.006896255085712774
0.001431526353599025
-0.0016123297333197873
0.0005519364648650065
0.0059736278986645365
0.004075892049913746
-0.00040571011896179597
0.0037402452734103604
0.0036402392395556925
0.0018862809166503964
-0.0010350989078316555
0.0021156810264201533
-0.0003966608500787288
-0.011474760421209233
-0.01647646489876161
-0.010509476241856521
-0.011385737614324256
-0.05270248021180141
-0.05965053213432515
-0.09607254016445117
-0.13957565750635118
-0.17638502221726704
-0.22333864785555288
-0.21714631928135053
-0.2077368466943227
-0.18257449152411706
-0.17284194182039417
-0.04965683340639802
0.015936320109249814
0.020177853844118798
0.003155260779947789
0.010283443814555237
-0.002061492636907589
0.0014149522361068178
-0.008947060227622716
-0.004453377862108826
0.00537298333775927
-0.01783743494020153
0.01137999473213331
0.13860103398826182
0.21691469270835362
0.24527279544527736
0.22313650164668042
0.23656247970086106
0.154729320616317
0.12210546340408657
0.07010761174555409
0.04078927074938335
0.022403364099249274
0.023322896719859997
0.013716616631584624
-0.0017976293154059219
0.008787627667097245
0.018616999599106496
0.02009617950694459
0.015976236762477284
-0.00856689598331113
-0.007600741665637467
0.008292785224905739
0.015573163011295353
-0.00500663678859335
-0.0069578526943946395
0.0016109475625922848
0.008320408751735177
0.008144482484814234
0.000873853859467159
-0.007119520665224531
-0.005445295511976188
-0.0029734026690465365
-0.005071866918058174
-0.005885918321719678
-0.0028655496901099265
-0.0025206666238542386
-0.006494957684858559
-0.005877070610344935
0.00028649821860940504
0.0018622301354646103
-0.0025855305668650397
-0.0023890968319284864
-0.010269719106320886
-0.033436160237329184
-0.05035497901631651
-0.05405792347138362
-0.04978934020950889
-0.02945689997736463
-0.014734697368428494
-0.029177564176050257
-0.06153032716406467
-0.10706203591887159
-0.15640711933064894
-0.1753943152171399
-0.17937430711945085
-0.18223876500281017
-0.1771935215636412
-0.14391770843507945
-0.08878302725125352
-0.019703937240270395
0.01625296757532849
0.023887660095201827
0.004050851795786177
-0.0005695293845051038
-0.015710565401625003
-0.0002475169081747653
-0.0051539711473130995
0.021273584811369595
0.011192462256188845
0.00921963656220821
-0.0053389412714931255
-0.006997515857035747
-0.015350435082313358
-0.00243189360032767
-0.005637431454273464
-0.008117438975970564
0.02870178995211902
0.08108426139238521
0.09961408583527347
0.08961129881099864
0.10934989692182082
0.12087142626750638
0.14899722257913112
0.1974697715972156
0.2134227056115635
0.15702625169492507
0.034866858293924406
0.0020499751689985377
0.00676725741644406
0.013935343865108136
0.020309603515680875
0.026173634329550503
0.028100640365427296
-0.008302336649271316
-0.0014013220396592386
0.011317576430914564
0.012869216191850892
-0.0008486255304161701
0.00922965272924063
0.0211442964379975
-0.0031807334472939
-0.02333099719005968
-0.0023376191267473253
-0.0045434146980052595
-0.001464946469219442
-0.013151054492393658
0.013984078214630137
0.004495329404925895
0.005974892990005805
-0.008060281683428006
0.01083746176535376
0.002510189016245454
-0.004891638536382064
-0.004075573678514716
-0.004130075098760029
-0.0005939871268785139
0.005194882600578267
0.003411606758767584
-0.0014474282202159025
0.005632318923046211
-0.001471442952482292
-0.007148058490729938
-0.0026862895391681053
-0.0004175030502383277
-0.0011555537628941254
0.0010673209411259414
0.004196782065417097
-0.0012683338557022336
-0.0030606087973767434
0.0024519661688177804
0.0023582249108359305
0.006492883037361748
-0.0011751363822318887
0.0034035448476885774
-0.0030377842722802404
0.0015991073982959615
-0.00495041030640006
0.0009396285059081978
0.0008494424315542491
0.0027934987347174854
-0.007092521910939978
-0.0024442015492890674
0.0006558279831810887
0.009145715504984556
0.0039580369806792946
-0.0026224737609702883
-0.011891541840209017
-0.006482137708434672
-0.004207335737722017
-0.008073049562116413
-0.010127091180303005
0.0032397130242524945
0.008265305517306224
-0.0024502750381547463
-0.00378597920722064
0.006546992034940443
0.010062426065128551
-0.0037436742798728356
0.007156625402054153
0.000527598488797904
-0.00584960489310182
-0.012450781109393868
0.001962611873565256
-0.03043957581417248
-0.07881563700215646
-0.16190825249869056
-0.20537103725604897
-0.3080941987620386
-0.3147288918326558
-0.21785365601962345
-0.03272707897009795
0.019748304349020227
0.027592215258481493
0.012610134378650202
0.014957234258560367
-0.013463563052296337
-0.005647966839343066
0.008591491203022338
0.01733661517553177
-0.0016522652924844464
-0.00877941400491774
-0.006737125098067983
-0.001589217337429436
0.010051284315017202
-4.658635440018297e-05
-0.014401103686611048
-0.02974899606405481
0.04843004021260249
0.18232872214385193
0.26991732472271385
0.2147004063081806
0.21150916887299084
0.2262164866574819
0.1488612635922963
0.06356172980934498
0.02956713857968023
0.03365895114854787
-0.00644376669306989
0.0042164209114395005
0.0003775020624379156
0.008010566678576853
0.010436171596808128
0.0021141336297663504
0.00106866204803352
0.0006028119758286154
0.0026960658970692883
-0.0045997241978671015
-0.006242125698247549
-0.004650159088184948
0.007971503906683781
0.008438177434174778
0.0032109085779769347
9.784499678012885e-05
0.0036444902597086363
0.009519918724956448
-0.004888339658006284
-0.003854007567267483
-0.0011436021006712438
0.008716488860154852
-0.000552227585797663
-0.0018559276521855311
-0.0038190571910170835
0.004133213296832972
0.005111243469544533
0.0031438712331239922
-0.004340504899928518
-0.017567196553690163
-0.03189826482088935
-0.03736409055864497
-0.07840728694445522
-0.16359836709971703
-0.22412221943351324
-0.2371400887238084
-0.27266881565498197
-0.26749973776747993
-0.16741192432124968
-0.02539149189967011
0.02998392228093995
0.011860858034875287
-0.010943306110161909
-0.008024667118904242
0.003429700904604597
0.011772391302978885
0.009656669105736594
0.00417698476089958
-0.002143698575485336
0.0015310671076616661
0.002501246818292698
0.004437106244130461
0.007502642996503924
-0.008413081161602644
-0.024075732910910145
-0.021648670454831785
0.07199452260825387
0.20420663424073143
0.27470465679356243
0.27303458059225644
0.16435037932124422
0.10266501561933286
0.09063212642161668
0.09837099565717315
0.049455802599815704
0.03588961591382771
0.05650381193140391
0.04332377987414373
0.017856146645435025
-0.004117920969110086
-0.010514524365565547
0.004749206988979051
0.005597315305287779
-0.007615851765349823
-0.004630921207519888
0.0022908234548904166
0.007405088755975291
-0.0024950480596397898
-0.0010695951996748776
0.004419985189067726
0.006419028487151026
0.006879088390973289
0.0010716803070098424
0.007044884864107315
0.007086958628662086
0.006600038629858581
0.0038917693275721935
0.007164965543625842
0.0036625243148094735
-0.007776300210766947
-0.007871892897755486
0.00012879583229163377
0.003285138539852081
0.0040808569147220055
-0.001967666505354952
-0.01476902677446021
-0.02807901555744763
-0.0287602182197235
-0.01528808960174099
-0.10238813026294293
-0.20160507140708914
-0.27933093177516966
-0.27549593214730106
-0.2937421661309012
-0.20259947176270382
-0.07420191932072612
0.0006994052435283787
-0.010178245395941166
0.004560719834719638
0.01849983486726304
0.017208186016952245
0.01442847811938608
0.01583386850191552
0.007588505400502233
-0.0008891282973749328
0.010720262478821995
-0.0010001075215025034
-0.003999250635767026
-0.0025965155318340132
0.011685838006885304
0.0026980965375492673
-0.011997716435113475
-0.0265196873828122
-0.018076430346054953
0.0843110492477231
0.2059768325984834
0.26871244354137447
0.18343588812554795
0.1722440715410266
0.16895853743572836
0.16190652455036775
0.08845316212310327
0.06998962299667139
0.04107179089961992
0.015462070042511482
0.005584456623982743
0.011404114259532944
0.004711774938077855
0.001126877484257004
-0.0015902221904936548
-0.0011656521477081264
-0.00010412604462688281
-0.0010093388182092484
0.010274063671159068
0.009392312791964352
0.009103047923498623
-0.003358074310375138
0.0010208132563386942
-0.0009516386614372504
0.0004893473402858958
-0.00396996521948891
-0.0011541971372560813
-0.00037851573771317224
-0.0013025164147440708
0.0064306466036548856
0.009069317471996166
-0.009089229190864441
-0.012305855452211942
-0.015660137834760203
-0.006377346170528475
-0.008504214912847896
0.007109808242752589
-0.005274228820303141
-0.01579547481541577
-0.005993612153532298
0.010635375467522426
-0.017774014070067803
-0.0803644015364225
-0.10684417043788705
-0.14424641586317974
-0.2126248285073613
-0.24589473878049828
-0.2445977424292069
-0.24858117048911815
-0.16644085961817734
-0.04484616997073495
0.026260920676824215
0.001299323576468102
0.003203796761037991
0.0009020185163626065
-0.005741584415418582
0.00028972582583794074
0.012239361363709733
0.019531729526954533
-0.0013706075677760885
-0.0007497000459854708
0.0012063447617779955
0.006756230527191107
0.0024930777972458737
0.0565041551733198
0.1620075194752791
0.23067242400321405
0.1752398732062816
0.17024804392960258
0.18784464320024993
0.16652927928821856
0.06979942040085997
0.037019804159800884
0.024927226777231075
0.015756947804181506
0.01613358253621078
0.014491358461382437
0.04314365351529977
0.02158729192823616
0.00474077436472365
-0.03761950184929135
-0.007286290718942775
-0.009994981329089218
0.013814227969008832
-0.00028543014400941565
0.02133120595655951
0.019339808152381087
0.03838589241287971
-0.011484445063028752
-0.010558548624339833
-0.009390717745837452
0.028460217913018514
-0.008967804904956805
-0.025748594518391205
-0.005185971135495316
0.028006979161910646
-0.005102156519712437
-0.02531698346418948
-0.009158713245042907
0.016138401283506056
-0.0014237900265189722
0.006135370216667167
0.01100759169633305
-0.012331306144198148
-0.07413744882162637
-0.09093183255063746
-0.08873527133119703
-0.13187594180410492
-0.221539542050046
-0.2139877099021889
-0.17645063370830288
-0.16570966859938913
-0.16593792130054486
-0.10738776031919497
-0.035625424344973275
0.01518013092660163
0.012296078994399906
0.0060356086938766675
-0.009829560952978907
0.016064117669160213
-0.005095371893479798
-0.001375220748231393
-0.004672276225473526
0.0219880918705473
0.012535378125222698
0.001214360961773516
-0.01153188116318818
-0.0057288564305821585
-0.0016935862625106803
-0.01776262617858322
-0.0011111984824783176
-0.003881005882922849
0.004375957889544938
0.0019414119679109461
0.006339523545908403
-0.007373355290733148
-0.018473368088432803
0.042107700565529
0.1134897391207711
0.18995390529054185
0.20051770532673088
0.18944393811397636
0.1501811658577403
0.105756445009671
0.10452530180274802
0.07447683153269105
0.06354238024186246
0.03298484424350253
0.06138318331899861
0.04592158017975181
0.02347208569715873
0.01185884751693132
0.012582025827645721
0.008020774598514724
-0.0010886235992201268
0.01900582648494494
0.022711631268025608
0.01037867551417838
0.0009680884919064364
-0.006176543900678222
-0.0031269046287776734
-0.0009551270363737117
0.01647645719525105
0.020690823736093565
0.008839141997414524
-0.009653790146321
-0.004930017372221145
0.002938486307146715
0.005902693792351519
0.004244159177744068
0.004600316306604205
-0.00756359660324652
-0.015297832137419545
-0.01358477341985031
0.004546791640885356
0.01219909731029438
0.0038919120229570425
-0.0316850682707462
-0.07063633208177326
-0.10681777292340242
-0.15211880131088654
-0.21281805583742658
-0.27650704069412113
-0.2824444191739369
-0.23443157544578205
-0.10936169854992822
-0.03231813256215103
0.015493190029998698
0.006798396323130517
0.010582870058152028
-0.010880759525716127
-0.019931439989697035
-0.005257466199521116
-0.0011644175987108093
0.011587611768519518
0.015606433938190717
0.019792116881137526
-0.010284951092565126
0.0061253772844026095
0.02259489552063714
0.007827868646941119
0.08710922784765995
0.19947629580857784
0.24150593432710443
0.15977530941224816
0.12188147305601228
0.15485678532140743
0.13812157482768353
0.09810350305755187
0.03823370318924584
0.04633760367382138
0.022951347600176503
0.028625226064100374
0.02118689408332103
-0.002268561121426757
-0.011290155218327654
0.009683694397396546
0.0263780311291367
0.02953389133537248
0.024110723149445994
0.010932774701122598
-0.0019158387599038913
0.00010944564462184228
0.00441469267488443
0.0022683292272116296
0.009444819839102975
0.008196645637638207
0.001973429821405516
-0.015561872171119836
-0.009778100790926477
-0.004019241864667348
0.0009744145278299738
-0.003390301666037235
-0.002327604564043915
-0.006192432196979817
-0.005570204347019257
-0.0003091693501990686
-0.029039318198713106
-0.10885818260223158
-0.18305466312815594
-0.2205861382276334
-0.2481789204715445
-0.2596503048861871
-0.24979229928789673
-0.1604406705858263
-0.059374533519785486
0.013838747651054601
0.009603948519031987
0.014822374634322441
0.013189953218436705
0.009291817502257445
-0.005820562746110356
-0.005206452210537741
0.006246740672416367
0.014838051225028391
0.005959912806712585
-0.0017727475083975674
-0.0110202903362733
-0.008790258397475634
0.0366761046129832
0.1329662260266086
0.2229836079103438
0.21478591061892532
0.1475708184097709
0.08009847605235464
0.1518463597474982
0.158337611293725
0.1408387988619398
0.049655311165053666
0.04624866255772502
0.015657988904549017
0.025562805928937633
0.00966281375031873
0.012887886088374443
0.01440786269047358
0.012863643029254954
0.0039326025822022225
0.006741318794009409
0.015077443231230581
0.005062287281363252
0.0037650245408731436
-0.0015401510460138703
0.0039568026233977325
-0.0026421921443031357
8.893940756309351e-05
0.002709455834013784
0.0019967303199090757
0.004231812443890883
0.007854142809959067
0.007152252643890255
0.0003224280120012378
-0.0006182971328746353
-0.008089161123499727
-0.012398558164143534
-0.004829612534895467
0.008974181965383963
0.005195166231487886
-0.0016817382943207842
-0.012716739391349804
-0.008168007556323943
0.0014713518257619454
-0.00432897506522443
-0.04629443707359005
-0.08895927022229967
-0.08873897754531344
-0.10641510605486751
-0.16102063396432986
-0.1683237852952723
-0.14348368642946352
-0.12113732469982388
-0.18038684031601873
-0.2115793494671888
-0.15766479020977625
-0.04588775727356862
0.037848974918063896
0.022689225301076137
-0.01393532678144704
-0.027738405523016776
0.0023259998072435945
0.010190070902601092
0.009603913842276534
0.011103582013534383
-0.024967444054800537
0.018592143915685824
0.1609623574584357
0.22604821456342042
0.1923274542216442
0.11326019082794231
0.1398591218806645
0.12214586491801833
0.1411356432024047
0.08598544799445697
0.07382978852530095
0.04448517358024525
0.04587289121663541
0.004154587417475874
-0.0054310896179811784
0.01478150518532188
0.04434833655789229
0.013324948541321185
0.01575662943583257
0.015607118990862581
0.012362937176881021
-0.010057336686708279
0.0032435495222772363
0.008855173479479585
0.01104845928101484
-0.0020762366860012085
-0.0026873120117731873
-0.0020591724561286142
0.0006566401790838813
0.004626609908605022
0.004794754155483118
0.005383180398640219
-0.0072452001172037045
-0.005473890667318166
0.0013216764265541296
0.007564497642976005
0.0019133946438353326
-0.004249868020195777
-0.004864289824351063
-0.0019510306782200791
0.005577748449058698
-0.00022559556302896
-0.004804806508624337
-0.007105288343842715
-0.007408502827905512
-0.011472077893208508
-0.03274689616834258
-0.057021712693880997
-0.08329768994670528
-0.08319169792349103
-0.12653422836462083
-0.15174215244483816
-0.13703742163043334
-0.10438226317881824
-0.09240497796895164
-0.11959585396134317
-0.14911348721237477
-0.20400901404657681
-0.14027884493611073
-0.04432553571196438
0.027685752788067012
0.008252730761902234
-0.02601825280357086
