0.7857142857142851
0.3035714285714287
0.8636363636363628
1.0
0.7162162162162171
0.9062500000000003
0.7857142857142845
0.1716417910447764
0.8636363636363641
0.7857142857142845
0.9062500000000003
0.6842105263157903
0.8235294117647065
0.8235294117647065
0.624999999999998
0.7857142857142881
0.5465116279069766
0.22580645161290333
0.203124999999999
0.22580645161290458
0.21428571428571383
1.0
0.6842105263157903
0.9062499999999957
0.7857142857142881
0.8636363636363618
0.906250000000005
0.9062499999999957
0.7857142857142881
0.8636363636363618
0.6842105263157903
0.9516129032257992
0.0
1.0
0.8235294117647065
0.25
0.8636363636363708
0.8235294117647065
0.9516129032257992
0.8636363636363618
0.9516129032258092
