0.1578947368421098
0.6363636363636395
1.0
0.42857142857143055
0.4285714285714332
0.07692307692308023
0.3333333333333388
0.3333333333333339
0.4285714285714332
0.24324324324324478
0.3333333333333388
0.4285714285714283
0.2432432432432541
0.33333333333332904
0.42857142857143854
0.07692307692308023
0.6363636363636337
0.15789473684211203
0.4285714285714283
0.3333333333333388
0.5294117647058866
0.7500000000000022
0.24324324324324478
0.42857142857143854
0.33333333333332904
0.42857142857143854
0.33333333333332904
0.3333333333333486
0.0
0.15789473684211203
0.42857142857143854
0.07692307692307179
0.15789473684211203
0.5294117647058866
0.42857142857143854
0.07692307692307179
0.6363636363636337
0.6363636363636572
0.42857142857141767
0.3333333333333486
0.42857142857141767
0.3333333333333486
0.5294117647058866
0.42857142857141767
0.24324324324324478
1.0
0.24324324324326344
