0.042879830861738924
0.024265201160855253
0.014612805781770648
0.03506060075937685
-0.024638125607993475
-0.0020631304738815462
0.005167724693942623
0.022512829479877837
-0.019407981582560695
-0.009623315509489316
0.007791205914727535
0.00662172620044602
-0.010695635006620942
-0.014781588473557235
0.0029599838307542556
0.01235078738218639
0.006029183607813353
0.01204545357718369
0.002294734092818259
0.0029483640537573083
-0.0166113198216505
-0.0025638706540453437
-0.007659325119764936
0.0014028335886280944
0.0010726720838120532
0.00014301851229532814
0.0059504077017915515
0.0033957093724109257
0.013936041824315591
-0.008854677084891105
0.0019803303725474423
0.0029655590550488535
0.012124890238216654
-0.004735712039877388
0.010751898453404962
-0.008577418702569374
-0.00039569676578344134
-0.006061595050474617
0.006760439215374425
-0.024058704089431796
-0.0246761371655495
-0.0519827550558109
-0.07331440497429728
-0.14950564392991963
-0.2688009775777466
-0.4408274354606879
-0.6699906883226308
-0.9140350468737243
-0.6981742629266464
-0.25882635290547523
0.013740815934161415
-0.01117722356723357
0.018423143479579556
0.029438821787545498
-0.03751919708496539
-0.007062481416902841
0.21634986451921162
0.502975190825109
0.649913638512994
0.5156484265675252
0.33282159574214687
0.2209557564327886
0.21268194137921448
0.17745890700090294
0.15672662595355827
0.1505159571491788
0.08815244155865096
0.02842413841876733
0.027566256045710044
0.04006082066213167
0.031950251561459114
0.021307562947261154
0.02755911312234291
-0.03449573069725423
-0.1992441927283015
-0.5048126928492177
-0.7244233313039388
-0.9744983699920851
-0.7655911877140865
-0.3399215293592158
0.07042233456914743
0.02939710997665114
-0.00931645223521701
-0.0022805066835980352
-0.0011629768604360588
0.05896755945752295
0.2787692602062539
0.48330345505928496
0.47929832070786293
0.3619892050427895
0.29199295547970927
0.2970395913903318
0.2830990011678532
0.2321494777588883
0.1341122874916238
0.06867992540965673
0.0655344053437442
0.05798905230044547
0.07119634627360637
0.049166500810727716
0.0362465790629882
0.001995582360729638
-0.003985902767888739
0.0015258868721787738
-0.002213990450409713
-0.02786786119698397
-0.05047394399374388
-0.1124157020677103
-0.2952630688673882
-0.49915552176775657
-0.7105738230198594
-0.8300793157210752
-0.5597262110397124
-0.12763026391430518
0.08442900540966976
0.01425228261233129
0.002296931141115788
0.005985988732449767
-0.015629713411382997
0.002466942495804749
0.08861894123111833
0.29207981740880196
0.5126047456300424
0.5947818660898797
0.4136312006818118
0.2341980720729301
0.1901896557779865
0.2207302011798168
0.15025832874027548
0.10981863053750007
0.0873882778030506
0.06958484365898326
0.0664791698555875
0.09852741015205371
0.09243217076026937
0.051720799180513005
0.03116010356375798
0.02963413153862874
0.030785398621255226
-0.02662508386518677
-0.22232484205727868
-0.5343480794224409
-0.747596416477542
-1.0
-0.7448411988023317
-0.32437189443174674
0.10135634788576267
0.03261833865686944
0.04304294248920581
0.002302591234191576
0.0077026339597410015
-0.008383976579088287
-0.014003828647740017
0.05736775455240488
0.2960349457216891
0.519710924378527
0.543398201953745
0.3837879586617009
0.2541311790425235
0.24162817012710108
0.23239020032340066
0.16021738274890604
0.11154871836172602
0.10446361136720086
0.09749794180008975
0.07705515205549622
0.0776541792180508
0.0734163454857514
0.052737840997187764
0.036431232761888255
0.02373930046088462
0.02897234978403466
0.02632867810027614
-0.0035545817951139497
-0.07968008431726088
-0.24838467651296425
-0.48219322845863005
-0.7028653988858019
-0.9645258868103874
-0.7602445778547896
-0.3027736768738956
0.1088405247732099
0.04860028625039124
0.02515233664307968
0.007471801164391044
-0.0013000163696677595
-0.018147322503833004
-0.004514869200137688
0.18686569173993037
0.4403449498660261
0.5669847993786229
0.45474180386779717
0.3111038808810099
0.2518097504833829
0.24094851851620047
0.20979346612923833
0.15367216906458114
0.10722102681530893
0.08686468290027469
0.07296841733963234
0.08056014090016632
0.05365538118267966
-0.05710756800273741
-0.26213736668014914
-0.49428826962105044
-0.6853866696276769
-0.9138131271016418
-0.7066217977911213
-0.288211261321501
0.0753943206452878
0.05392812096734606
0.06750764944633426
0.02481571653051617
-4.711160339887629e-05
-0.004655915205326842
0.16513406645408088
0.4120223725296077
0.5670864773553038
0.46401333965321395
0.2956083904246598
0.20764969082736495
0.19197508542625757
0.20932323021628255
0.15613498162857445
0.09167265019606997
0.07386897033599367
0.07858213956731427
0.08462415439357575
0.08104264280993734
0.08319561753120923
0.06112764039659683
0.04493192930362521
0.04086029548127942
0.029666461017928313
0.0368374672893706
0.031204984270355344
0.022625733578827863
0.02805142342093929
-0.11620063202896223
-0.42437068776638087
-0.7531299486696142
-0.9535472991813572
-0.8601302386492093
-0.47081877873534694
-0.05169642610804214
0.07306916867369036
0.032802484511177656
0.0010833973887623414
0.0031282896030109305
-0.007942775349676825
0.025797600518634563
0.2446288611146145
0.5182731975315833
0.5620970372962845
0.41552248565553324
0.28456948315302905
0.27143464257177424
0.24847764329486996
0.21135600736028703
0.15539922344251367
0.1103976760483397
0.08444262733914543
0.07283135458713508
0.07536140371702958
0.050425826246535244
0.0641176199208022
0.06983243078043398
0.04227163247260009
-0.015177101057791968
-0.008320739864069783
-0.002733771045782782
-0.02007304558498859
-0.17696656444591713
-0.4876810502471031
-0.7764811471862707
-0.93212171850958
-0.685921007148152
-0.30497566103858514
-0.0031031460154778137
0.012156037517155214
0.0032726311343356245
0.0049053012446372045
0.0009906371794888955
-0.02241330704806497
-0.010707506534559931
-0.09343680813273181
0.06559237556366447
0.3783901342603243
0.5885136305317027
0.4514842849683734
0.3210501933370588
0.2821211324429128
0.2480530278881495
0.19620573075464873
0.16527770866931632
0.10281904185355621
0.0776056000813376
0.05022788472295283
0.07082278198466939
0.03646132396912675
0.04549873482436709
0.06161325832674505
0.07317762558558107
0.031544154335206756
0.039363967214958655
0.06717394947866323
0.0762307475520577
0.06029896274662393
0.03396406962673804
-0.01020451061343582
-0.12645646652506795
-0.3465346372026833
-0.6198612291474188
-0.8529886885570711
-0.8819842726374443
-0.5537327966983553
-0.1220761937297558
0.10001069582673211
0.058144398403183264
0.01710816361450497
-0.026943812471832352
-0.043341316722080865
-0.06650522518495273
-0.05450032721691526
0.23841729091924646
0.49550886867474747
0.5260734483551105
0.33810663497372373
0.27767247494591024
0.21797912154485588
0.18756641223630868
0.18156960891147939
0.12418817108752604
0.09103133248928877
0.07987101912223595
0.06962750027366184
0.039091077820921374
0.056640963480064345
0.05299022834355379
0.05743611501010362
0.030976787499661988
0.043251779675320026
0.03014081030300921
0.034154662484452356
0.030521653466159433
0.025020243588391992
0.014749118619791238
-0.05953492161571224
-0.24562502248053958
-0.5283198238033345
-0.65549360210073
-0.7545663965568672
-0.677247248866973
-0.3665373435822121
-0.003908139146744867
0.08672244197286444
0.021090624459446906
0.03215144263060287
0.018348882636186222
0.014562953103646734
-0.024321394931414525
0.13114380169089684
0.3673302350694257
0.5096196816845505
0.4249750073083857
0.30058209490826887
0.23835231100091814
0.2088863260753595
0.17947535726192593
0.14394315685685988
0.1178360798401353
0.0908634056412742
0.08929878753151972
0.10328960443449074
0.08261525328826996
0.05859998385167863
0.06518783429672977
0.08416220955111613
0.050365965640360034
0.023310907686418806
-0.018369789543663133
-0.1377252471902572
-0.36869569254028334
-0.5830399490057301
-0.7581999482695053
-0.8644806378660762
-0.5614657676794677
-0.14797092928167302
0.07311132667050053
-0.01050468880143339
-0.004059225019536454
-0.014160747160554094
0.0016880991834020739
0.034949696766285863
0.0165531654539989
0.0957420471742571
0.3595991551609609
0.5267006371633817
0.42928670168476846
0.2819774025053847
0.2504940780368634
0.21674578289052726
0.1551960143854105
0.13307664524354507
0.10978042381431519
0.10259568344046124
0.07152484179581217
0.07103967199649097
0.03693228463676653
0.030395145868020355
0.024278930144804024
0.062300142055683176
0.03573179535188116
0.018231528034683902
-0.06284892682555127
-0.24024100673666876
-0.4780340649483402
-0.6688773423760532
-0.835555535630975
-0.6132796495165798
-0.2327584926320225
0.05610338075928049
-0.0028242556490568884
0.011942943750036045
0.020966133082977904
0.04127933364473563
0.018948811599100595
0.029873650519931932
0.3076633210335004
0.5236031937611675
0.5040673021520314
0.31805386979214173
0.2812526661842044
0.24315280238110562
0.17777039657277305
0.13723269383111875
0.09021099870807801
0.07487071601448445
0.0673088700288025
0.08515217186907836
0.06508600369017373
0.056185301142009855
0.03272865958815196
0.03163857602593862
0.02380424362390023
0.02476167993662763
-0.010881603910302079
-0.0694402923578999
-0.2477996119558043
-0.4472025837225141
-0.6525722282971901
-0.845772430246282
-0.674233411851574
-0.2683526642426993
0.05809558205150139
0.021085555600596318
0.006464840685490368
-0.006702485788006979
0.01450950394751211
0.012316024678763459
0.02470672225802908
0.23978013751479152
0.5000701015566763
0.523628456801515
0.3539092870322563
0.26295170478204816
0.2483643115763448
0.23206526536234015
0.21498788705683092
0.17778192445303828
0.11666908795079499
0.10081471743174235
0.0832387693207689
0.06985972707181907
0.06518074250818666
0.08133519466265406
0.05587210380273222
0.025540001200165773
0.006600828961663235
0.002398154184594786
-0.007571499962043481
-0.00566613966884129
-0.025924824958948937
-0.032917609519885614
-0.019094975671094253
-0.14627210194194862
-0.43040918817559004
-0.6871786809870079
-0.9467312975447836
-0.8174388386489281
-0.39441627826567505
0.036814485886964635
0.05460925307526683
0.03417344422057535
0.048782379469109835
0.019351696384490233
-0.02044202624974036
0.010537055697409344
0.22257483151582888
0.47949151931049877
0.5321191056168337
0.40711980411795673
0.2875838243320354
0.2705556824682744
0.2506492766101517
0.2046887258868732
0.12825463326326345
0.0908232857652217
0.08008661133540859
0.09181996755443719
0.07133944009560937
0.08167474470865461
0.07265397472100893
0.06483266958834913
0.014595208442339847
-0.005330173174307732
-0.008925178965024361
0.008443690139549277
0.008881226325227828
-0.012468630569381717
-0.00623251749144819
-0.023895065015481942
-0.12206865814217618
-0.3742309370153085
-0.6219520277765557
-0.7763380417222362
-0.836003850689879
-0.5658813373196714
-0.1846176711882526
0.08924177344341738
0.0217108139148044
0.012948738036556029
0.02051105586351323
-0.0050943019962833925
0.146509899294041
0.38452523747496076
0.5538480604344337
0.41923606477678677
0.2902538852246043
0.1917023388424439
0.19608131036261858
0.19959785074675762
0.17481830227698705
0.1431102605672724
0.1115403659628228
0.12892724758517896
0.1261087139872833
0.1166669548779283
0.07598586950136332
0.059593789867116734
0.04496238742234185
0.030957392582923165
0.01621030744121976
8.443465139259882e-05
-0.009942596889668984
-0.06365706010827239
-0.19377980676192477
-0.42114434904020814
-0.6486321922520939
-0.7912598872935557
-0.7758937228838539
-0.4745752411043017
-0.11923111822465904
0.07296220679635414
0.03198034817544563
0.010099912255598812
-0.015117953059401152
-0.022820387596383593
0.13498517857355882
0.39999010286074027
0.5477041487669988
0.45706207979319635
0.2978362014408625
0.20008243407050044
0.15432637238163227
0.1706248275809952
0.15095700729335815
0.127532682197055
0.0667719351041819
0.06637158272651486
0.050164319481720517
0.09071316002302612
0.10113459650746602
0.11188275269057489
0.04971988674221194
0.03201503452399662
0.004175395210754792
0.033916740195351916
0.03474624217728477
0.03448211001635391
-0.03766484658910603
-0.19660855449484796
-0.4373376560210244
-0.6413474887850672
-0.7824674702780577
-0.7601030743835362
-0.45546940559330007
-0.10893491308187662
0.042302056280400985
0.013226628440181767
0.0026297705234796377
-0.0034582761314888013
0.02254112207060123
0.15982287737698497
0.35793432633243677
0.5164165631461871
0.43545234763719964
0.2884043537869202
0.19507038979514738
0.19590804705667172
0.1854398974125426
0.17241688363518973
0.13906453817627135
0.11396570367447531
0.07417231467943304
0.08903477905611402
0.07945285987908413
0.09597984003314677
0.07129085685396087
0.08436844855404986
0.0649491713749146
0.05953608485569087
0.042076682805554176
0.04455347429903142
0.05681087417627251
0.047792006724301644
-0.00262344150172671
-0.018704123614267553
-0.014776724829414058
-0.12642479774778245
-0.43421619055097677
-0.6965250721518801
-0.8229012241356294
-0.8562456265563301
-0.5518970791388605
-0.12973965519367922
0.09394269815410096
0.025535368042895034
0.016100666464878975
0.025680698172307812
-0.020378258729035835
0.030434153428408474
0.226096420462955
0.4742619683125117
0.5426177653075152
0.4184494939463526
0.30187433712675615
0.25201761642107534
0.22970052794665954
0.18364127414330464
0.13024323743504262
0.11325746341979809
0.1037277853393803
0.09790005811353067
0.07015320286875246
0.06730554512049736
0.05766345525852808
0.059247130832696185
0.05617337569874438
0.043423101679466544
0.014287236246366833
0.0014127311978064994
0.00029788138373093543
-0.00393003963615428
0.003747461149149067
-0.010574628184645631
-0.034631229208539435
-0.18399595396776136
-0.4829839984559779
-0.7802242174696812
-0.8792791173126853
-0.7414260306812048
-0.37039164699274
-0.05196523943451409
0.06272172143244965
0.02959405315336105
0.028500976026177
-0.0012736971612923654
0.0004381838120185311
0.1554195970273713
0.3680263047276848
0.5052832963786559
0.44472242259427336
0.3278850845669982
0.24525463242956735
0.22750257496136328
0.1879489157586088
0.14983030476243372
0.1374978174724666
0.11933722409207857
0.07874252064550871
0.06100546091780267
0.07678135486085658
0.06573263909796627
0.06045110690254287
0.056020719806519556
0.061281645069209495
0.0582026432033274
0.049260190368200577
-0.016698969637576278
-0.04097503254297331
-0.037682392615936776
-0.02752001390140645
-0.11790894534420812
-0.3754583768876008
-0.6381859806448733
-0.7033339938566466
-0.6628906076343946
-0.5503080030527011
-0.29777275397739617
-0.02750654075728536
0.008937314431756622
0.026354613582533725
0.04662944964502842
0.03984578322333883
0.030512161519940753
0.18626730442568268
0.3366628014929402
0.4100684050728225
0.3707361178922006
0.2965441844057818
0.18942857551352643
0.18157178059319365
0.16752916008452337
0.1874723050172848
0.142510596430091
0.13910744887069756
0.09434504813608093
0.10104842269989395
0.06561016987887715
0.06947659293765951
0.052490377157502384
0.06210284242891709
0.03377700773035361
0.0529986985411372
0.056335415431207965
0.04557973022705834
0.010518620430639168
-0.01712883075646126
-0.030544380986389508
-0.014248124331812726
-0.04241828233321621
-0.2544978142142009
-0.5803104845727503
-0.8112610799179035
-0.9362820565465989
-0.644070517728424
-0.20770392314486363
0.09167068350486726
0.006790748092078284
-0.014414177590428609
0.023883731420579764
0.042368992071757344
0.01493027739773076
-0.004007961143162779
0.1355964483175515
0.35921369815696946
0.530095631198792
0.4679567899272939
0.3360262364515458
0.24918812520986175
0.2588450514661779
0.24612957654754508
0.1948861881461371
0.11682217791847822
0.06689622206326487
0.040414409425602454
0.03239983458488581
0.03261192835819867
0.03390103942215507
0.02604028493615668
0.006156125960852598
-0.0010797531986374636
0.0004890108169033321
-0.014374165254885742
-0.08386563282204128
-0.28910917874516995
-0.5614261393760768
-0.7482845739806587
-0.8067913066768495
-0.5274172429045646
-0.18594763397101352
0.05388410630194084
0.0030408604389836114
0.005466347186579402
0.011412926982285044
0.0012712065344065231
-0.023922875655844226
-0.044486603159837594
0.09181504644712404
0.304714241775729
0.46032571592948657
0.43473791187907246
0.34516440820809363
0.25964448361776565
0.18039009366275183
0.1271637792657311
0.10457397439404018
0.10199884545584606
0.07938133991290454
0.07514755632388066
0.06614105792762999
0.04520421129342749
0.03001971205402622
0.033176240421239865
0.03307682885836369
0.0063318026696979335
-0.02681154140553308
-0.03953536628998722
-0.08005038125672931
-0.1904540891903914
-0.33749006893424355
-0.475426655575363
-0.6397023063174851
-0.5565817367819806
-0.28463301369099187
-0.022569992328953695
0.0025802027484145454
0.011367720888586026
-0.002664563088313824
-0.01690108505811856
-0.01126280150828318
-0.04088285880457308
0.024207138320310077
0.24366609185440316
0.5210858825468314
0.5150836812026959
0.39045868227889124
0.28217295610261883
0.26575658112512446
0.2428586362309706
0.21530187681147628
0.14874309085255377
0.0839258444708169
0.0577388044862424
0.056162995053097624
0.06775849397397957
0.08370532646163627
0.08640227948812608
0.08893544148826656
0.03612968453804413
0.013802622218796115
0.009128086074748281
0.007353027031742791
-0.0049551272923932565
0.026734299660640354
0.047040899865192255
0.01753449381298006
-0.009010090182025437
-0.028082469658734184
-0.06585191311301197
-0.17268481887634277
-0.4149219528070233
-0.6771963370232689
-0.7498833509748388
-0.6746871628077751
-0.4717374985211619
-0.2352082381377225
-0.019303442999760938
0.0038559471867392722
0.02099462225362664
0.06362513896951856
0.13078615577822064
0.1899462929140474
0.3283138761390587
0.4136014067444444
0.35134659690841696
0.21936838827754168
0.1640711221170715
0.1901000835300043
0.17869744752610806
0.1644787248355818
0.12308495908307476
0.08314765205492383
0.0701405917638048
0.08260287754238879
0.0763568018005241
0.034417926640036706
0.012372343196258158
-0.031355730280076544
-0.09776328392502158
-0.11900637303280369
-0.1452353869582855
-0.16468388294324557
-0.19946156453363761
-0.20233844255486255
-0.30512587648401507
-0.5362741787391588
-0.6332931175472166
-0.4172697078674347
-0.11447763678395681
0.004399379006917608
0.007310508403765758
0.006153359884498139
0.004179976036554175
-0.006749589672914973
-0.006837067595517747
-0.03535239811823342
0.04358402618064491
0.2100765525826861
0.40941534943095126
0.49110940301594674
0.42403049244903906
0.3088361129932211
0.21886162094293937
0.18924568359015956
0.16187396061069734
0.1519941268103225
0.11411436277671776
0.06469144121748369
0.08660545485819542
0.10402367902286766
0.09234259771475976
0.04879462830051888
0.023977258604361874
0.053101793984179614
0.08902260235586452
0.07799825399046978
0.010804509171368099
0.01332445697279244
0.01937749933215548
-0.004216750449233155
-0.054219743884860803
-0.16181977267356945
-0.4041664163637299
-0.6278538370278536
-0.7131331194956931
-0.7662487899423487
-0.48621673763692996
-0.15093442522787642
0.08612101450758296
-0.004247429176317519
0.01787342296776587
-0.009940195942600016
-0.011033708810655478
-0.02911882638276231
0.030105448111696385
0.1794692735192314
0.3829199644920031
0.477604332026536
0.4163364926113736
0.3171438345679982
0.24959033559189528
0.2512252118366145
0.223000468338491
0.18126767415872583
0.1258162662016567
0.07504100022774675
0.05100849298141679
0.053798160389994035
0.06576264171238749
0.038605017846168245
0.05728134613204378
0.08351401644033118
0.07455853404701776
0.01378681262975458
0.0021828468779072716
0.014121548271030645
0.02268328161060379
0.004119955351452121
-0.04185149556303842
-0.11647282291277421
-0.2921717348945471
-0.5286136267762566
-0.6949287633398503
-0.8323121662622084
-0.7004004607257324
-0.334949857528145
0.050240503658510335
0.08674190273008281
0.04944200973166055
0.0074290808873667845
-0.021776850744051744
-0.056901161585720145
-0.006286022074621636
0.18650929620154297
0.4311814858722658
0.5408884256733643
0.44242730933550334
0.32618899646667615
0.23023282880845508
0.19512550851142224
0.1734626328855639
0.1699684675275259
0.1384168093881724
0.08119747277940731
0.04487010160288614
0.053606239606915185
0.07656953331568951
0.051398051418439
0.04540445633405457
0.07031045775254749
0.040040904610622194
2.9773150838812192e-05
-0.029987773757194587
0.001849768806342064
-0.02665230362778285
-0.044814508954668646
-0.0867432022506118
-0.0968934681409882
-0.15126585878644652
-0.20915586090864347
-0.3391431379384966
-0.5278333588176622
-0.7149157627201234
-0.6761323569328611
-0.3895659950415259
-0.0787301536428259
0.03822548982347802
0.016814791353626967
0.016249173026390312
0.00729911273384606
-0.0022466082609491865
-0.03863580867232878
-0.07199871805866129
0.07984301810580012
0.3502096395285258
0.4464583459869947
0.3985308142061741
0.36927646213960874
0.38038554550498643
0.3378602277393855
0.3361899709960709
0.2508293931548123
0.16624823695663524
0.10527651621339616
0.09030932105499777
0.060532551448010605
0.07724578986241187
0.04195165070674341
0.029088761207846474
0.022603370648669175
0.01885493013600865
-0.01338691299436622
-0.01767659194943055
0.012510243406961224
0.028305358492401858
-0.009383535192961041
-0.05238179923009881
-0.06624197894305338
-0.13961582553942722
-0.31962419753239496
-0.5861380005323066
-0.7485752811847237
-0.8388034745562725
-0.5769682294699253
-0.2215819815063694
0.058603441685454706
0.04660384421563111
0.012559057619544848
0.001230333119497105
-0.0024965893373116014
0.0007776031268353757
0.05608082963684798
0.22802953262394224
0.44052351518176336
0.46867487882870046
0.35157842786167365
0.2724259287577751
0.32888706452672384
0.33546554026976194
0.2675519714049536
0.18855289530957625
0.12531799237764257
0.08115337074474008
0.051475601878387636
0.03583896664445564
0.07519048700474706
0.05599181567491142
0.05427357502181124
-0.02095591746340205
0.018845292684031824
0.009898783778261453
0.02996518259280597
-0.04854489106811348
-0.07631944293893692
-0.09658311338779961
-0.18219414834115535
-0.4278814969513275
-0.6616177095055072
-0.7425989693787777
-0.6929181003526954
-0.39733121883860006
-0.08574250161286891
0.07833106315942417
0.009410211896035987
-0.005255776724639372
0.00029791992679016746
-0.009825039904899174
0.024174152447365295
0.13443800333813447
0.29749747759264156
0.4107401465973237
0.3901186800653256
0.26924829665242017
0.1918182834972684
0.18032458091098558
0.20850221764301596
0.21183217260898043
0.2054843155002817
0.15920991203185078
0.11150616900501138
0.09302751513113588
0.06652246462948451
0.04915488148227694
0.03295012509685393
0.045041167467947514
0.017670173277769423
0.02587662831911413
0.010730253304414216
-0.013477573595705167
-0.07162695986651106
-0.0882960072111381
-0.14955709119537838
-0.279539193816193
-0.44306979419165016
-0.5691128997630852
-0.6762251279268852
-0.6078222420893933
-0.31861790144233954
-0.005108095367713617
0.06322795309018603
0.026160747021866524
0.008516749406820243
0.0020949071132642344
-0.029712387828235796
-0.022221981363603135
0.09165503519765524
0.30741139897296593
0.4777871223379283
0.4450902950320659
0.31449828646104067
0.2052165953365036
0.21876198428879864
0.24318438760311328
0.24890127661673275
0.1677343305448377
0.09395640896545085
0.037227279258756234
0.05705264920034489
0.07015601611555859
0.07543573712397607
0.0462901349596714
0.07259529142397397
0.0782166881866663
0.04670050959899677
-0.002002821220813104
0.016164414780657815
0.024529468057412688
0.01948019312402088
-0.009121312231839908
-0.009670210742484881
-0.03651866456197081
-0.053357697721118535
-0.1008796758953302
-0.1793388608520054
-0.34019895737115957
-0.5419848538934636
-0.6803138731616901
-0.7851464812205695
-0.5688381592370377
-0.20232176956953254
0.08928368785947081
0.037855191321882635
-0.004710888357796632
-0.02340441951916183
0.002197984122656133
0.09868353822818873
0.30739270177317896
0.45024316353646004
0.4107596168079207
0.3014541822266067
0.24542890614111945
0.28306503569269115
0.3121648388857514
0.29042805345035616
0.20784537361307934
0.13707287985250655
0.08342926732952881
0.05795793668015463
0.0688079310190281
0.07523963979034601
0.016842430956526856
-0.014086931221250109
0.022106132514437254
0.04248670874425309
0.023169053514848024
-0.006289345742596689
-0.019817589856052437
-0.08138218741708667
-0.18443998048503926
-0.3643319727071882
-0.6309730171280353
-0.7987711147874133
-0.8351816560452228
-0.5102840659451839
-0.14242610453922183
0.09665108000505336
0.03343543066747004
-0.0036820726803601287
-0.006113759893344812
-0.008180965402742818
-0.029995565503027646
0.10146042945451203
0.3100719763655555
0.5031666265805084
0.447601800467653
0.34106950633228816
0.2865156321242877
0.29769197382967105
0.2957729479011912
0.22270079207331142
0.19735618920308662
0.12290411805430265
0.07662201457775639
0.011560426531194417
0.020734174214850715
0.0425184659872863
0.03582299663139247
0.010638733300513195
0.019667114785562566
0.014488924323528387
0.015535155492797457
0.0034188029701113895
-0.044728736834437594
-0.13343670407445812
-0.31389483396486567
-0.5802327497914354
-0.7624023118176468
-0.7962059628112457
-0.5757957479350254
-0.2577898313362407
0.04637982842157213
0.04897927807027852
0.029293684519044853
0.018203014279532047
0.013857268312836875
0.0718264688111056
0.2515661416998007
0.43790761132943956
0.45647545262553885
0.38588923983533774
0.29733977154496144
0.2786036047579699
0.2840736343492467
0.24433894626810773
0.17683825445062032
0.1340264859106667
0.12337968023310078
0.09459783603361636
0.06810641968376897
0.05607570008858153
0.03405908252723774
-0.013609374390756093
-0.027114839197355495
-0.007168911027587055
0.004417993278249521
0.006383635213842446
-0.011549556397073453
-0.016494972540556107
0.010298165141629652
-0.013695818267950133
-0.04411738875326365
-0.10650445241304848
-0.2091860966108125
-0.5231075876927108
-0.7531976382480691
-0.9065743123946912
-0.6566367516902317
-0.29574430353604825
0.03276042061816229
0.04574027899936583
0.02414616084897313
-0.008290643825739649
-0.014502299379549177
0.03859069644978287
0.1908488474091819
0.3680131575071792
0.4829561670024992
0.4526112572658787
0.3590613401983785
0.26477899939440347
0.2986530139056573
0.3102198184622148
0.2443273264289748
0.12287302131102375
0.056107543461253864
0.04448629050402723
0.08121570617870763
0.0871983890173893
0.058987839268096164
0.0162022694469627
0.013416793138111793
-0.026135107739302593
-0.029961161851539384
-0.05954829848109796
-0.08665670821801977
-0.18450860679442008
-0.3040981909356823
-0.5401184006812477
-0.6911130474643853
-0.7500883818942009
-0.5239133841594499
-0.2111966825612711
0.038811994207074825
0.03444938552466075
0.0010176315426251015
-0.01548745441454606
-0.024296602816484485
0.028041695963210864
0.16332051347969626
0.3113836726936056
0.3902059568201899
0.44152558444199014
0.3532709744750459
0.25480117883927955
0.214604725584385
0.2773017495633688
0.26758837190821366
0.19419267606797005
0.09577024703265122
0.06549251429979261
0.06534836132643755
0.049639962078428156
0.041284594364035386
0.06564457809364097
0.031072395383975313
0.01874956769666435
0.003792672225237619
0.009736639334766343
-0.06207704988430133
-0.1579242362234089
-0.3184279125234049
-0.5466251149383138
-0.74897592624613
-0.8644138169368983
-0.6022191315364849
-0.22831416607783353
0.04525921108105267
0.05897152720777678
0.0018854240094328925
-0.036960894855556634
-0.025693934078744148
0.04041526079064056
0.14824152473416835
0.31871037736594504
0.4754864388350845
0.48338500956033104
0.37119553744521133
0.24407519053634785
0.2502232145175075
0.309000163571048
0.2689818206468105
0.15441177211750837
0.08240130582958205
0.0746316119502396
0.04517472884670903
0.01628664419062493
0.00524723167400615
0.01195589400284187
0.015205611408673313
0.0016658030124367357
-0.005614704530066963
0.029384475821269677
-0.05961358527751688
-0.23463916813724994
-0.4171263157502706
-0.5224748295256544
-0.7207923530006016
-0.7671399037842357
-0.5152280333652862
-0.14822203970713815
0.03382653727854924
0.03480674901844855
0.014239504180964983
-0.006755923760141267
0.0003399057206984626
-0.01527937685358769
0.05876348604568542
0.22661017099296668
0.45996894916350867
0.48223422728381743
0.4018856145714105
0.30523210721121424
0.3177284271520079
0.3163833871909018
0.28544607122003907
0.18052102666217024
0.08560735259183117
0.05565713065412686
0.03532708632610915
0.06477668714323469
0.060676051308007566
0.07347688847829954
0.03861181589731153
0.013194403595967085
-0.006194783639534414
-0.003018736032611384
0.00986923488234417
-0.03659485260460905
-0.07615492422968846
-0.16569313179490214
-0.17796793368003744
-0.20854320650754293
-0.26832376756475407
-0.39186734455968014
-0.48479741648812474
-0.5941199804430334
-0.5986365204342782
-0.34033046566069475
-0.07373931591028174
0.04099985586383922
0.01731274031667632
0.04834515439616814
0.038626725953222495
0.027754536227507957
-0.03399780546804659
-0.023872150025369715
0.11181703949716522
0.3298538011099565
0.4335523545917218
0.4197807543761065
0.34208204171146595
0.3017231577643806
0.3481877551435286
0.34772988289302564
0.26740835627746323
0.12033174826690037
0.05915511505398207
0.03683193630298117
0.04260322143603677
0.04773844630958596
0.032942251594700066
0.03479971012099447
0.0026446632250707496
-0.04783202582130441
-0.16940807316535633
-0.32536831926786125
-0.4574051667228888
-0.5685339360171394
-0.6219679650353971
-0.6686490548829637
-0.41679088229039213
-0.10281843275695964
0.07919540428047908
0.006197575499441847
0.0009547267408301597
-0.0012907598128993204
0.0025482253239438
-0.00873918472535705
-0.0073543317479845246
0.10689320288346815
0.2945606808274581
0.43757655351423175
0.45905448691575945
0.37113220457688506
0.2555255889247746
0.2231338318268913
0.26685935678166345
0.2486095317023043
0.1791077015950818
0.12113005725786938
0.09453936051313298
0.06091588369334181
0.0551657314694377
0.03505407314592487
0.04201174642100983
0.05253341243032626
0.06026366719206314
0.044507281422306345
0.005593941383471336
0.025769674807261975
-0.010491006448873423
-0.0977206754527244
-0.20379504605558638
-0.349554526674074
-0.5607248113467389
-0.7348583901698261
-0.7923047971679086
-0.6157520922757765
-0.2556425187078589
0.0625058831511003
0.07371912172686851
0.011059960047698401
0.009782660413945564
0.026864908383494247
-0.017956008487408123
-0.05476391617957118
0.045186740414297266
0.23716668174114344
0.4184982934161394
0.48005597159852414
0.42942710302820797
0.325637591228397
0.2619910069508334
0.28861845255785623
0.24723130614562513
0.1962944706935517
0.13717376846288865
0.0827847817778438
0.025319493489482776
0.03318922568844794
0.04946895079024119
0.05028958372903523
0.05940793218991357
0.05929868803274065
0.03449844943727851
0.013228037818715404
-0.04446559434565517
-0.12008071150029234
-0.17406463105555603
-0.29879032141469086
-0.5383861582513678
-0.700653659651622
-0.7462642127215457
-0.6020239259634309
-0.2975515115443566
0.0021523232185433373
0.04806669697645805
-0.0060902371821733425
-0.003301407376761198
0.014006674128918596
0.0027598337999824563
-0.011806848526481728
0.05754360868112251
0.22607158435994984
0.3829604948118224
0.44545028096770706
0.3721962535619757
0.28110691842503754
0.226126824577577
0.23035517063932515
0.21179682973823044
0.1753822456673236
0.14187290992783083
0.11169269911954763
0.10865457014727285
0.08651693122141837
0.038803903586209915
-0.0068085479511488705
-0.01479974018104725
0.007406037088351615
0.016028688158022684
0.0005785380957742451
-0.02719074775531322
-0.05049008435223519
-0.1425632906338747
-0.2720106880579571
-0.44939700425428114
-0.5415060140323821
-0.5635501891020858
-0.516603859151503
-0.35367274199816173
-0.13750695105406374
0.008487761742900382
-0.004523593276099994
-0.000381999819499279
0.01559287266279021
0.025276343448415152
-0.010609114501828186
0.028307619253871277
0.15769711714201123
0.32959990275010614
0.42029041181702453
0.41189890360006776
0.36937781991199437
0.30090721854186614
0.24743279878044358
0.1926944486196267
0.17249437308415314
0.13667212780778257
0.11022460499852013
0.07015174427032295
0.03178759854459916
0.0018135339123036371
-0.007670037158971867
-0.008187928917727808
-0.016565929862585396
-0.008114874772700268
-0.03203757598171494
-0.06198133360596164
-0.13682852096056855
-0.21623695815848876
-0.3158191699094904
-0.43062640036941974
-0.5217659894913088
-0.6049880773545464
-0.4682820997824318
-0.23426893498143556
-0.016208175518941718
0.0022853175716724353
0.003256588507393587
-0.0030757037719853137
0.013169256120887611
0.007511972021680724
0.008500151922752556
0.0011882628606297305
-0.02444349161491751
0.05951538925498543
0.2315602375342546
0.4072864516931385
0.3984518157995052
0.3643825859886671
0.2948100864332447
0.25898930954790794
0.21164724851940817
0.19560761370949198
0.19013267260396083
0.15994198524591371
0.09487234513319205
0.024779973403500886
0.0418067888465723
0.0373920544501901
0.043823706517614
0.014319121880214607
0.017607622687149067
0.00823650273932428
0.027235245293888852
0.024659764743869144
0.01006952186966546
0.02403723547786298
0.04070092018795976
0.01000249385886365
-0.08485497316677594
-0.2184801864963126
-0.4105000868958084
-0.6361194103056833
-0.7396188579622283
-0.7082127869951242
-0.40812971038448354
-0.11453842802927944
0.06216316261833221
0.0008259511342709611
-0.006638637523635984
-0.004067049571616838
0.007182069677775223
0.005206849897047957
0.034113537189766986
0.15100244902872767
0.3067530192804679
0.4346715598948747
0.4339708162943019
0.3521656918788822
0.2853966464994624
0.27702678319230584
0.29897320011158474
0.22562562954696308
0.1599367191559691
0.09101296187519656
0.0851557450551511
0.048530584306832956
0.036093862055905215
0.01502645040547516
0.028364029206958172
0.022429424108358433
0.01939449358823057
0.0006061599207825725
0.010563083414405464
0.00874075309073676
0.00752480795570668
0.0014625771927378837
-0.002562059201405831
-0.02185096469566342
-0.09318275199579627
-0.21163798397601322
-0.3983407069196529
-0.5850145823466272
-0.6862601528472265
-0.7057748534606514
-0.5048334567248739
-0.20625254714459695
0.017021433280015562
0.007257192302865106
0.0011176652672512182
0.013216454999435051
0.00027100034271678304
-0.025074589286897608
0.033763590892065584
0.21195865419839713
0.3781388647477726
0.44215267880866577
0.38026275261632625
0.32262587177961466
0.28134458765855724
0.26242158334623794
0.23480645164940323
0.2042489074270759
0.18559494918580716
0.1415028518526799
0.11577013387703634
0.06814814753592377
0.04692148908801033
0.035463722172694945
0.03732744792033447
0.02797957451753172
0.015934389837337182
-0.004117649184072715
0.0032514665122847586
0.0007138861842951144
-0.023372914113560447
-0.03750072349563678
-0.0267881359190567
-0.05708811484353096
-0.1570675144009169
-0.34084167450738184
-0.5860854602994661
-0.6879345601811425
-0.744026194512484
-0.4783959000707808
-0.2091227554854751
0.05129090686519798
-0.0016127516514677007
0.012349370658066065
-0.012489696287212524
-0.013818779635592497
-0.060310952763861135
-0.01792664713063289
0.1319890679074027
0.2992918678572482
0.36294235790146734
0.3653673291931285
0.34717482923113074
0.2988192233991362
0.2694516721301438
0.25201871118099006
0.24127410953083717
0.19769659177723858
0.14143124613650043
0.0877331986676173
0.06033878341501972
0.053920916305007595
0.04433735432120416
0.02321489100246641
0.016262354882738014
0.01666122717998046
-0.008219568929814593
-0.02144562754408474
-0.02294706437184944
-0.030824914416767633
-0.08903333420456255
-0.20718200544022494
-0.43112008914131783
-0.6148034077285776
-0.7544675930562192
-0.6460347861914034
-0.3335690717621744
-0.015662263029787078
0.04778572103177955
0.007574924361169221
0.008032468406074184
0.012356208013518558
0.004229373847579568
-0.005032131612635864
0.033463409961834875
0.149338366058135
0.2668229274928193
0.3641042606648835
0.3807976412803133
0.32850756458717567
0.2760833640248755
0.25191333040941855
0.22012167548797346
0.18955500679277298
0.19426530697833344
0.17020436769532246
0.11670377657870441
0.07362081544959216
0.04719400901855975
0.02644975294697554
0.012887418385777553
0.02629421663083766
0.02794483505394245
0.021780527099586784
0.010610794832869657
-0.03969134847158837
-0.15015109409880026
-0.34824850494974413
-0.5577318278332307
-0.7036273098013054
-0.7214893410196759
-0.5586327328961123
-0.26095130327006283
-0.03418313913912473
0.04855714271366999
0.01190950904710899
0.04030990441450215
0.005683101747244603
-0.012324596459907005
-0.04229580218157292
0.09038003347188865
0.3097351192178012
0.48088236905165993
0.4418070266222308
0.3279151816786574
0.24860949467561685
0.2740213570681468
0.24982657653774096
0.1941191848652204
