0.3712577183005466
0.448005110546473
0.5522758850414329
0.6760251153253495
0.7819288230057229
0.8292788409424169
0.8436275786556358
0.8618541579618831
0.8805084414928337
0.8954402505624535
0.912009182585278
0.9296397153682228
0.9421580533091585
0.9405459980129979
0.9236458356506125
0.8861351706027761
0.7822087983254921
0.6129464519443417
0.3861241320853234
0.21737521558606668
0.12860558604843395
0.12386122355884156
0.1241297648538445
0.12202979714477144
0.11344490993222447
0.1129097529492887
0.12437607253368212
0.144095204388172
0.19192846430933816
0.2814180962202168
0.38786533042833926
0.4937226271054262
0.597973461405808
0.7130492815146501
0.7996029509252718
0.8502712373092005
0.8775339052912831
0.9051822395201906
0.9104763485529832
0.8993514512235298
0.8924499068273425
0.9028983032500406
0.9029722473812871
0.870846306606815
0.8036568783257833
0.7034015850405309
0.5836371473633611
0.43460097257079133
0.26757745563703206
0.15838736404663575
0.1327114266134256
0.14562664905561282
0.13713189150697255
0.13365978583959184
0.13630747384659567
0.1358419572343831
0.14666635206445108
0.19060174573619512
0.2736428868065883
0.36001432813207535
0.43143378812475947
0.4925649951301458
0.5418853723229293
0.57623738390938
0.6034487047118755
0.6072863934724846
0.5497249220212211
0.3958265286475533
0.2244430760361122
0.13322883489069148
0.14014645828951533
0.15216458754842124
0.14135692323514984
0.13233214148924008
0.1364291315790974
0.1405505141591186
0.16523201926626876
0.23245894509297876
0.3466433121501565
0.44792025320394957
0.5136179811015709
0.5320485477570857
0.5557385623443731
0.5885806886006267
0.636342347675714
0.6767239267497879
0.7154371648794677
0.7399837098828401
0.7519309567341623
0.7537480167170405
0.7528363115022387
0.754284989336348
0.7560911453920017
0.754279319339546
0.7466001753147118
0.7361477957547202
0.7147335076463511
0.684395717507377
0.6265854467095322
0.5492481544405959
0.4531530988259402
0.36439010502133284
0.2622532199992409
0.17975528231434498
0.13814240930113605
0.13499749721111842
0.1413853818982609
0.13801061410936255
0.14043481362494228
0.140315407455448
0.14855417241656382
0.19536008548110517
0.2836379591743098
0.3807220079595161
0.4524506372582719
0.5194118951850418
0.5906183120687658
0.6496764291153269
0.6958458888622587
0.7444068633931227
0.8044095922396582
0.8551240955437689
0.8623180550649294
0.8166653543133228
0.7270066440427011
0.576512529569537
0.3838552056897885
0.2271932961063908
0.1827992423084122
0.2046086312581959
0.23519822731987775
0.27354715473566676
0.33282326011306423
0.41493368987412654
0.535440007168101
0.6673357463037034
0.7567735450432377
0.7918931297409881
0.8153655969985971
0.8154968480172238
0.7619442867214863
0.6360481215268006
0.4580539152199152
0.2615040364942623
0.12302442978563917
0.07815290470313972
0.08822383505522707
0.11133422859639397
0.12724512767148352
0.1684648898374132
0.2339575544025446
0.3979376697940497
0.5781647196584889
0.7202613825341162
0.7690469994623667
0.8065122700594676
0.8249749025041011
0.8392460329607857
0.8241880933211835
0.764835032607025
0.6799187067734703
0.4386846907461323
0.19753490007153746
0.057477703323916274
0.10750261084322384
0.12292897553020456
0.13603997402487725
0.14388050395703028
0.22000299997109246
0.3516809771466075
0.5336517292841133
0.6793325474793481
0.7757397164080928
0.8205115292639381
0.8590380577512612
0.8870198995776506
0.8852101757996326
0.8614157789583338
0.7578182050909338
0.5160872289837608
0.22981919524030936
0.07170348866655561
0.06905022562818637
0.0908784063989886
0.09083532749906964
0.08052107510859337
0.10546153252520575
0.18021779762157683
0.30770735675326555
0.46917815260493945
0.6223293076806685
0.7336845321687603
0.7830082669593836
0.8084464008471439
0.8255018660742812
0.82428222342594
0.7436822155804632
0.7156820849598963
0.48820839780384495
0.22318464949425992
0.02220776644329818
0.08027640400038763
0.09155772285711113
0.10077131716680589
0.13115500486667253
0.23527103688931128
0.4379240176745123
0.6320355432735245
0.7450882140927954
0.7776565556386819
0.8027877365006689
0.8127496279143189
0.8057726406166987
0.7197439889074531
0.6480654893533726
0.5198492426887659
0.3071213064440345
0.09931204705041849
0.060539541965304956
0.10340647678322029
0.10908496388164782
0.1329637508941159
0.22436220822343017
0.41449575848803355
0.607956128945355
0.7363850789372852
0.7894863409258257
0.829957401050168
0.8646051044022832
0.8856959545903611
0.8923627923860122
0.8860513352251038
0.8309982379446021
0.7974644846241669
0.5421506118906876
0.230619403006192
0.009016248536492457
0.05356080878811952
0.05879624486396661
0.058587540588095226
0.05814928900755373
0.06803956148478957
0.09543605122269203
0.20176673768102074
0.37761895486997776
0.5868611242785986
0.7408095916521764
0.815557697923413
0.8199014110913703
0.8164843934486828
0.8350483252647186
0.789605428000909
0.6709900194038276
0.39152789200794474
0.14931481554597476
0.033858134133870434
0.07160086145713869
0.07871488097351792
0.07527139632061829
0.08415069867418606
0.13628049705924675
0.26713974951542774
0.4760766111515681
0.6486040077522623
0.7373432627257936
0.7541412339967947
0.7558235276640201
0.750575883918795
0.7441487346365792
0.6776513430586655
0.4694917807807716
0.2135874195241822
0.06198113241099535
0.04491342004892694
0.07067308443817276
0.10398567274687316
0.12016232616778608
0.1869248161350007
0.3622482853959986
0.5995067835254964
0.7716058358179181
0.8647182224746548
0.9218568640609135
0.9673084054670248
0.9924769005039377
0.993407348246532
1.0
0.9293157429785781
0.890696724085433
0.6285382300195894
0.2992400930000386
0.029661663206799575
0.034295269389614504
0.05609671092135864
0.06647573279698603
0.0807262512423826
0.1267490750002028
0.2713599587619507
0.5028373682436638
0.6983766874524029
0.8023861680524121
0.8494657394423601
0.8979928311898202
0.924964498325697
0.913203895607142
0.8379044429051216
0.6848732244962629
0.385337233399067
0.13276675743491292
0.018746546949320125
0.07474707470403327
0.08785826333643966
0.08738033199885183
0.07705273022778372
0.1208639578974288
0.24120620549049693
0.46752675184186926
0.6934022485826742
0.8302068382954482
0.8912949384809113
0.9335807675870361
0.9564689310678085
0.9654233363873959
0.968281100229762
0.9452079565381181
0.849485786451881
0.7753861961883809
0.4863845378509318
0.195915495459771
0.011280121257293772
0.08325712712378407
0.09877464452764914
0.10203637515203512
0.09149849088520785
0.08021853334637555
0.14690702533894962
0.31847392220354864
0.5640432986062479
0.7529573607610828
0.8478551777736631
0.8938690681941849
0.9374597984267881
0.9717177847725076
0.9837218250192717
0.9883166216334278
0.9118801902217368
0.8707229571904476
0.683706305054035
0.37790438712859786
0.09728345480857913
0.05555518835856455
0.08460608335502168
0.08630462348496434
0.10574442474818248
0.1760462906990851
0.34146111796810746
0.5613867316163756
0.7334076805361609
0.8303481309837242
0.8893666343858029
0.9460267940098831
0.9768907269758397
0.9617645532542485
0.8876494824868112
0.7254922788653851
0.5313504013582174
0.2885956589093521
0.11399199571574736
0.03415284792959315
0.06675591581889874
0.07286875655913214
0.08045463057381443
0.11567695226917223
0.23491434900192026
0.4390265437281826
0.6412963465298425
0.7563146278446358
0.8138376804594368
0.8744304775421072
0.9272227559132729
0.938188975403685
0.9105232874050616
0.7697536796015917
0.7099811227583969
0.46752809214307983
0.2326597720702577
0.026996169340949835
0.08169172816904867
0.0806579257253325
0.08938899755709927
0.11280597032648093
0.22945668129473415
0.4584092785132431
0.6724051157996668
0.7693352449476784
0.7957433638721199
0.8310946618198206
0.8716835890469997
0.8962537830705675
0.8865343104051949
0.8379101233894248
0.6596830890040112
0.5147671130473923
0.30054438848648446
0.16576371934286332
0.05221044583412347
0.0855552122197222
0.07587289354042819
0.07196467051147562
0.13298172409362216
0.31403243040904405
0.5650732509976991
0.7503394707576087
0.8410435565552657
0.9015436901435266
0.9469611802031348
0.965404606873345
0.9631139684874711
0.9751891259908052
0.9791562524448583
0.825693708696806
0.699381668126555
0.4198039415432407
0.1868749478370048
0.0
0.056806445636261825
0.06223835513369441
0.08137708509578026
0.16604596390759793
0.3181995680783441
0.5246451835962553
0.7170631183027113
0.8505807911799954
0.9186080426730142
0.9546089852945829
0.9582101455601345
0.9106978320874051
0.7777241747634553
0.46332992350095176
0.1699730429742453
0.035860074851412904
0.07739791424858365
0.0925906084752635
0.1127095452588709
0.11252688344228098
0.1152923264822655
0.18329471587087737
0.3674307184788487
0.5831733014616216
0.7231038269060039
0.7829126451265841
0.8329835792611243
0.8877722175136027
0.9313837025980255
0.9443090343786968
0.9503416770701337
0.9330859073255297
0.8433038260944342
0.6896408779107678
0.5070041982011532
0.28287454651909033
0.10807308490391694
0.04503692458356849
0.0921876489266252
0.17760576238284273
0.32078233755314306
0.4695728894727372
0.5644159902447421
0.6022326689484521
0.5770019788381622
0.38441794409629976
0.16353914111075896
0.04706325718259437
0.07779212459183689
0.08555875365591578
0.10309015756088338
0.10682544784488823
0.189197934913293
0.39344992652123306
0.6261406674404745
0.755203280641912
0.8030116613752118
0.8469062070532759
0.8773117397034771
0.8992011661789758
0.8957561291577368
0.8545745771727338
0.7420265995648866
0.5720620527872949
0.4347655653893147
0.26493117890817225
0.12516631736321382
0.05589876114531396
0.10069406807014121
0.10603667576604864
0.09075173865627702
0.09661370384017288
0.21400929171587577
0.4527996564731349
0.6867542081571831
0.8061912873401802
0.8490964157599268
0.8952063723586642
0.9449880672645319
0.969240633488143
0.9728616609985127
0.9513207111873911
0.8911392377349174
0.7830033697874051
0.6270248226849914
0.40743445810398365
0.21199351475639144
0.10561000289167287
0.08649723437210693
0.08123309447438205
0.081136117686312
0.07285998127186538
0.07584935051997552
0.18619892315553252
0.4298524760487762
0.676988291816036
0.8135984213798179
0.865930040176299
0.9133498600957154
0.9470875936937512
0.9636982129923367
0.9617090032697126
0.939181828056258
0.8499282810440995
0.687769785891518
0.503075933015488
0.3628830310973246
0.259942267505965
0.1783057303373826
0.156255330881373
0.24081041940037956
0.41852137399260453
0.6134178550890529
0.7146668491444124
0.7596119838974372
0.7842897538930239
0.8127360177895919
0.7809178514805566
0.6924563732895854
0.5017441159250837
0.26391202127783053
0.10095883711669651
0.057898997210734666
0.06101543710490678
0.06057153444133734
0.06896482096909834
0.07784809447334559
0.10112543791861466
0.21113697563175196
0.4278023681028657
0.6405340658950118
0.7542947355737986
0.7900588737980185
0.8146857922873224
0.8458312001719416
0.8742307378509747
0.8731270984113451
0.8502030367974259
0.7443660526585821
0.4444926588342262
0.14645718008156788
0.009358855958884442
0.05755574442833649
0.08462582241942987
0.08978941059705126
0.12865454362939083
0.28861296812446646
0.533555204954599
0.7183109429856971
0.7930348150996456
0.8242536667575442
0.8703787748384074
0.9300292782474738
0.9538398129395789
0.9517773086187645
0.9226229076004185
0.8227088386750693
0.6690405498421286
0.3673984879402495
0.1371037800254399
0.046714067191764734
0.1033651838703382
0.18218190889656202
0.37764601715401874
0.6045137276527004
0.7390032524926425
0.7981718048747898
0.8371282829917311
0.8622478668556188
0.8696281657811861
0.8427480436645708
0.7763744595401505
0.6501223070476538
0.4697698056889268
0.23347184504422008
0.08524713185972807
0.068151853726472
0.13003277165885432
0.1424286236278609
0.13396298041213453
0.13000463918903982
0.1711758353543016
0.309697965681429
0.5195482884977352
0.6941931304982449
0.7801438241653386
0.8157294537181181
0.8488840769110408
0.8892742773692456
0.9335835394388843
0.9610735640655829
0.9802844258866554
0.9840447646402462
0.9605533216198471
0.8924022353825077
0.8096473151143272
0.7029442486717898
0.5811644329274571
0.3433156324876185
0.13968991845959455
0.04237960584320826
0.07856616439164424
0.07830589052455089
0.08517067440855411
0.0876234636402671
0.10433058222349327
0.1547842963537213
0.3101538558896781
0.5386110136373917
0.7271498017420339
0.8221531283043275
0.8767307556341627
0.9386315612105822
0.9723412151992018
0.9822591996292812
0.9826203333207203
0.9916569040473142
0.9866919239188289
0.9351253848721577
0.7742439383092904
0.6815848922153349
0.44021562220722715
0.2089265355285424
0.02095587457572325
0.0772553414141613
0.08152402009388925
0.09754050447983431
0.10341978124435326
0.10897444657939644
0.10087838541350214
0.16907529321849324
0.37059668254894423
0.6213919393647841
0.770865122794822
0.813294377133917
0.834535900286948
0.8684627264171988
0.9061163795025869
0.9317256297093848
0.9535576287847105
0.9492911325857846
0.8711536686491531
0.680591725828501
0.3754716263704912
0.12281531533733162
0.02966282974795407
0.06810758544060795
0.09747614935288813
0.10367514534279851
0.11132651180452062
0.1798521924397795
0.35763054647754233
0.5852588005939928
0.7220272509225056
0.7708239124239005
0.8104614376024355
0.8801064603474591
0.9258103905580533
0.9502499048590067
0.9616265078265748
0.9632355466609125
0.9376852822221939
0.8370910056156855
0.6721484278606796
0.3974541211863234
0.16875155518956222
0.053979140570459064
0.08166415984929039
0.09287167865536769
0.09360956185806225
0.0965401237217153
0.10123765426680108
0.09593983775252025
0.12872753725485236
0.2691748873394201
0.49398088633278986
0.6541655830639928
0.708994572818167
0.7054366286048963
0.7220383351416254
0.7406460067168583
0.7526746828340182
0.7220887089354491
0.6359341975320226
0.4026480548489073
0.16630944610859952
0.045993373966711756
0.06737337840648289
0.08009009336663
0.08953340888028588
0.09674458685438406
0.08876581017309437
0.14621013946492234
0.3370957594523504
0.5754834102380572
0.7115518861466753
0.7397080376126631
0.7551305138835918
0.7889436524531701
0.832032959562489
0.868494348399865
0.8870992662607327
0.896461403785479
0.8449371975835
0.7134753943252888
0.4727734284160289
0.22560328916828504
0.07385924478592774
0.06185434566380385
0.08415274805692717
0.08689530464190741
0.08372674906505861
0.07611272841313672
0.0844159434878046
0.16621518226940007
0.34425997451464385
0.5553669113307451
0.7130996755142116
0.7903114965604747
0.833002221812875
0.8824302079301813
0.9282616728737113
0.9528445566086476
0.9569823146881918
0.9134377037350391
0.7764218006105391
0.48240403398326154
0.19756456647338838
0.059228911480898344
0.08457335133226276
0.1107737981972412
0.10319258171362286
0.08059193575726
0.06900715071372034
0.08790324410223117
0.14954631453676515
0.28757245844367973
0.5210841700289963
0.7004185279225563
0.7732267266118594
0.7739131269122843
0.8041430468279289
0.8295251391282682
0.8434798349798939
0.8252069348596489
0.7263224295850442
0.5045248347308975
0.23418565821622578
0.07435375162017845
0.06203681669413853
0.08881911225459088
0.09329001089822626
0.09719670737771219
0.10974301598315471
0.1234576581761898
0.19329931712372272
0.34355930576858795
0.5516393181283114
0.7096136092398571
0.7911237202657433
0.8201037556761903
0.8579452123873672
0.8965832676909791
0.9246805555398748
0.9250126036290934
0.8750506873163587
0.73179266910209
0.6073200943465463
0.3795153450491693
0.184062008276034
0.048054694486762944
0.08711517580435381
0.07792170861599643
0.07436485727044242
0.06323955623507195
0.08132486390771657
0.1756087185599858
0.3653932956799947
0.5880209953964369
0.7320745548619032
0.8131511439784582
0.8570083178341391
0.9035535832560279
0.920526201899689
0.9185108665232742
0.8299622068643329
0.8117209846459519
0.5762400800888198
0.26848817820315823
0.011066139567126126
0.05074852659649747
0.06485436665860503
0.07081602447701067
0.07543136292698205
0.07607525879302826
0.0959430651354678
0.20917409577969998
0.40562505235397994
0.6220334472577702
0.7525984791825999
0.8116756132318232
0.8397708535702035
0.8843200080312336
0.9161049444989199
0.9312003513090807
0.9433864823957552
0.9429613423169148
0.8746833028480983
0.7228796890033619
0.4383592344437658
0.1776073771430706
0.05192470249230584
0.07479971394183042
0.08411785193055542
0.0878083553643921
0.08529584074163
0.08902979101354104
0.11901264234434322
0.2340549651477184
0.421015251803344
0.6042814727485691
0.7181217203962699
0.7638724222327897
0.8009638053056973
0.8349778054394669
0.8667287378390874
0.8797511116178357
0.8611532812761666
0.7708712342935062
0.6093354911694724
0.38621501955678067
0.18740914466947733
0.09248777135792872
0.09772342017603183
0.12705664199819236
0.1414688819431253
0.1463650998157662
0.14994873965555106
0.21347446230490502
0.3725284557480074
0.5601771636900571
0.6906713886907916
0.7365907666697367
0.7566875297428167
0.786904679750048
0.8183615320855255
0.8370639612257291
0.8219828783265158
0.7446818189697078
0.6023797017583115
0.3446733061143361
0.13317801614370872
0.052354892044790095
0.0876297272855352
0.08944926572472996
0.08345470724626501
0.0863098672369019
0.08125255452252686
0.0838410438348137
0.10939144956214479
0.20792154290898238
0.38332997705265437
0.5520772986544242
0.6560967579421382
0.7049530040379118
0.7160763394279754
0.7098300144652632
0.7061426846796839
0.6820262517644334
0.6066676177750606
0.3694414473819793
0.13201340216130344
0.02208839281766262
0.0705552972524312
0.0911913190500274
0.09491041202797013
0.12743313154664399
0.23786414426162258
0.4460897548414066
0.6481103274416314
0.769037605796292
0.8203349106021584
0.8652052752327445
0.904133839819362
0.9308829032688279
0.9462005631638201
0.9437103910279387
0.8781123751977483
0.71412550935318
0.5013221872999487
0.2776524543334199
0.1257395915208284
0.0767218072689946
0.1035934920954182
0.1039911199568246
0.08699165871698451
0.0814620264112823
0.08882595912274703
0.09787263227751712
0.17239780071806515
0.3624064446846433
0.5858574143938123
0.7122010935950511
0.7544642838045804
0.7769653257502374
0.800414737411949
0.7946500578943939
0.756350877282272
0.6484951219032822
0.44528695736427976
0.21894277394918407
0.0763609574698418
0.054611543337865394
0.06957912817089423
0.07933158283803687
0.07456337309099384
0.08434619773958163
0.1378539114211435
0.32791383983642636
0.5547518285705046
0.713586045001211
0.75537040427467
0.7969287620194965
0.8236288229928139
0.8523893548445681
0.8833436314436831
0.9199064674246138
0.930325784117124
0.9248259047829498
0.8285847348084779
0.7834357297453753
0.5217800955256021
0.23426113144668015
0.011011807635517139
0.07346124991653008
0.09345555606268909
0.0958279421912993
0.09354734638105525
0.09477295611559716
0.09723813455558575
0.11018815442406545
0.17290841129844642
0.30606511287163274
0.4570995530454238
0.6048922226623834
0.6965163779912744
0.7020676638970968
0.6459368423679251
0.5457770082416259
0.3329481470014247
0.11683001802770347
0.03442629173029783
0.06247199157749826
0.07333723220096815
0.07135816864840065
0.06829035383409042
0.06106886813370688
0.07697921954398214
0.1511192766170042
0.37208012792887246
0.6004582599947963
0.7158466505209892
0.7170410310786626
0.7510027063103392
0.8157444628922725
0.8958966018455292
0.9552184176805958
0.9716333676941102
0.9555440717198631
0.9468544804272102
0.8773081303277962
0.7257775057337444
0.6645198609579476
0.4943238537335643
0.25564737390766423
0.04895624962753181
0.0801590060377967
0.09389970919750897
0.08583801228713515
0.08838954401592906
0.08736432922531512
0.11505979501034126
0.19249442222316945
0.33231221716370546
0.5055010641753415
0.6454229956158953
0.7177695065481141
0.7234853033447846
0.6842326313610043
0.5720040440398442
0.3241428960341125
0.10993097579123594
0.026476268738334034
0.06256111187196327
0.07153442571065866
0.07477545377657907
0.07088799930735115
0.06154130980896164
0.07438716049927876
0.15606913336753275
0.3523125141680667
0.5729730205994247
0.7326020966660447
0.8050303201944097
0.8542966428623971
0.8893834788558663
0.9279945454252512
0.9506916058706674
0.9458389816899125
0.9185052677056609
0.8395183388419266
0.6878964090835125
0.42507764449290236
0.18514064858058624
0.06780340746788062
0.0821115353756705
0.08600236797503776
0.07113545446103939
0.060711023280645184
0.058834845650471444
0.05928729228383108
0.07276838205831405
0.08682434667620777
0.1534978206724851
0.29110599081688165
0.46624804068566156
0.6105946859944925
0.6933532545663946
0.7211372607737299
0.717441520495806
0.6994691384355584
0.6217137351996229
0.4056116570399967
0.1725966874489035
0.04392818914498136
0.05664638924844914
0.07925176498373962
0.09263464734471348
0.09617608115937115
0.11436122861473313
0.19255810218840333
0.3568507491505312
0.5475332006990267
0.6890138426618176
0.760749774199399
0.8132339816544674
0.8560976572202306
0.8899557720323192
0.9043806551670326
0.8918785428688488
0.7930065157091439
0.6796273295033465
0.45575534062691553
0.22157214300009245
0.06624118281355999
0.08167312248933606
0.09651438278674876
0.09167727541139882
0.08701665427201852
0.08874746544477091
0.09330544339062156
0.11992911244032024
0.20318808066724403
0.35424488883083316
0.5555389309240653
0.6851600360199579
0.7200254621684112
0.6763196809288679
0.6324584961603976
0.5273802055362165
0.31478817093696404
0.11971725516809219
0.05150689642621319
0.07535136527899257
0.08094149464818488
0.07042402684594705
0.07203504026190931
0.06632950515502835
0.09919689846803406
0.18873927537537766
0.3478371542188635
0.5369534640276824
0.6855659776005244
0.7653740860551924
0.8056912717787341
0.8504906475585842
0.8909270134665422
0.9259837037050687
0.9453034998859076
0.9365033719311654
0.8606974011876352
0.7108443884632509
0.4639083879607995
0.22247983233421972
0.07224749279554865
0.04964584892143198
0.06328986867022794
0.07314802563119834
0.07381605695476513
0.07709498345155719
0.07793698766131367
0.10292060605111193
0.18566015547662856
0.3272241914901926
0.4880481912292098
0.6018357149726985
0.6543858314831802
0.6671339208612018
0.6943261168956674
0.6639318705973457
0.531688706332511
0.29101474540357986
0.1107502860737138
0.05407550180766054
0.07671265483079659
0.08144819540664389
0.06932199529617122
0.06314948053346633
0.07821244838996179
0.15805341358377076
0.29756629665495465
0.49391981182288147
0.6581870852606452
0.7594518906957967
0.7961880863970417
0.8411769187949135
0.877845866916049
0.8984581311772638
0.9030208576461884
0.8777563481451548
0.7823308149131605
0.6099256463334695
0.36533688833168904
0.1585415776519958
0.0581963160690355
0.06775828846642011
0.0775279996488648
0.07009546117207469
0.06366867004425333
0.06111790081396061
0.07590514817046116
0.08741784875037777
0.09769634345426356
0.14506121099823505
0.25554959310861197
0.38711705615693953
0.5607124358092307
0.6525310060132901
0.6878688280125513
0.6577048534018551
0.730446111841654
0.6772746887165804
0.45318871443375436
0.16675361220247079
0.05023107833451394
0.057761865847150234
0.06962645811333451
0.0687299440181956
0.06872722258828068
0.08384280483292363
0.17097458421979211
0.3441744856975281
0.5502511808363058
0.6811491418409438
0.7468336205684243
0.793373359621774
0.8508320725687002
0.8937267803799731
0.926576644886086
0.9198059467109252
0.8443987832222682
0.6988814383878111
0.5302576510336445
0.3313446191529918
0.16307525889801455
0.07273191571504023
0.06865734921966528
0.07051999168646342
0.07031714515000463
0.07114753013432722
0.07220322198592936
0.06919924008898323
0.06277700079062706
0.09011078596990856
0.17902794594640675
0.3163071609267181
0.45530646775098266
0.5804286676716333
0.685460003883934
0.7150453231016941
0.7330049688124385
0.6563702388078722
0.4438051705489409
0.1684721283130516
0.054697833296956135
0.06479824786942562
0.07556737186611182
0.07323675922006291
0.0759598710982123
0.07723655437946644
0.10864119441060695
0.20316164925326294
0.41947384683344835
0.6060903182073798
0.7325774719863789
0.7621795691884841
0.8240928277823283
0.8815120598158686
0.9285838591068039
0.9396169885862978
0.9282460071022707
0.9149834914594565
0.8618514122867834
0.7529235072348995
0.6005903022795133
0.3470091328257929
0.13723014437433842
0.04971596776855243
0.0769763186309425
0.06503367314631885
0.05896144423393145
0.06840950538895753
0.07278685687065407
0.0758342920420833
0.09259074565785863
0.15078804404511154
0.254585549432182
0.4012369538057931
0.5666513681469593
0.6805316282823715
0.711839342154693
0.7095855170251129
0.7306069629454524
0.7312843128109898
0.6940397589206797
0.6178592188271081
0.49907160526805094
0.32182051184402727
0.16735387870524834
0.09192898882953095
0.10374507607847651
0.1279668107153976
0.18540796765351966
0.2720318356936075
0.42715126264237335
0.5883108149725624
0.7071368046360919
0.7647195900302853
0.8153153412465336
0.8710244356580062
0.9191588308134574
0.9500985490708437
0.9580006761858758
0.921281506802226
0.8294070697576823
0.6922325529929721
0.5253321896566158
0.2964603000410982
0.12457424128428116
0.06223891762927993
0.08376744277744598
0.0755304898833097
0.07111129252780796
0.06352751647513936
0.0597457647510797
0.052915743920464844
0.08680942153438956
0.1811216964730339
0.3375553186803625
0.4849673851581601
0.5954363457207297
0.6570464862765006
0.6773810994206929
0.6638158799211683
0.6170041676191408
0.5157166355221878
0.2997323318588223
0.11540036089456841
0.05311531577238843
0.08675517809881475
0.08872593499567819
0.08663750260611361
0.0874614509630296
0.0893737421625452
0.09423286104487237
0.14261969474600622
0.29961399250018894
0.5370075033972622
0.6975436236993047
0.7447479313678762
0.7548555664367019
0.7945198187212937
0.8380429937580701
0.8756133623172051
0.8984046258293975
0.882863730127647
0.8040611141383691
0.6664459963490529
0.4621475719749803
0.22849982254429005
0.07224074003005428
0.04065502251264083
0.06470489796768972
0.07162664257308829
0.07680110156914577
0.07624501235723323
0.07346511244441048
0.10718198923507946
0.21027158623965625
0.3832777203728061
0.5267033222243456
0.6147228142688841
0.6438492219817866
0.6391160616961612
0.5875896108869687
0.43517276147908646
0.22464218307086864
0.06890016325516893
0.04652794383920388
0.06614682132821954
0.0750827848917139
0.07000578069727549
0.06299459533418666
0.06422904720286322
0.1119052632605028
0.23183798072041847
0.4399522666037089
0.6203571662973308
0.7270113097877404
0.7664328173393825
0.8111703701842858
0.8445580269579182
0.8646556698753375
0.8606905503635875
0.8081911808384346
0.6929048967194491
0.5030430042981949
0.26132291403470537
0.09718234299041921
0.054604038880298016
0.07430186344946565
0.06834417113583607
0.06274823885496905
0.06358518547680754
0.060539320306025844
0.07815259289082085
0.14796508513757245
0.2710349665108808
0.4238359988652822
0.5554055892601613
0.6643251953054211
0.697733714022015
0.6340511645517257
0.4314054637711332
0.2067416389986083
0.06515714392902075
0.05123176240741595
0.0650545887197586
0.07138463390313607
0.06494460688679186
0.0628005577668671
0.0650465990413869
0.12741310350969082
0.2596402529627431
0.4449137515985473
0.6102377870598363
0.704069134652817
0.7412792157301914
0.7793236048052142
0.8432247376547952
0.8982461058595399
0.9319684388755821
0.9301821032400779
0.8724951219322519
0.7390492751829078
0.5575525018755962
0.31507971192066986
0.14142111020602988
0.06170074036137764
0.08103150239911971
0.0770285526900964
0.0742520106671285
0.06932952617659814
0.0718792358976646
0.07158425570258728
0.07229022431495777
0.12421470210243711
0.23461403306559442
0.3948808541216063
0.5318464095254429
0.6449456261169488
0.6789894480078655
0.7033223979824239
0.7251531030941019
0.7529647926519222
0.714100001003722
0.5773133532526614
0.32490980881530496
0.11532199223968917
0.053198715534620314
0.08227694705046783
0.0896828646377205
0.08728993091072265
0.08824265915227997
0.08586661445707885
0.14133487986456564
0.2729697804152412
0.5075280219565934
0.6894462371411257
0.7729092379506651
0.7812960972008921
0.8231580908204327
0.8712940532881035
0.9077678956977672
0.9229717538969
0.911834512067633
0.8497995407877844
0.7200212380214576
0.5396674142870501
0.31593932171198413
0.1347127531882225
0.05640634759838105
0.07493659421485066
0.09093843303522033
0.0899371173967689
0.0806230816460484
0.07731613182153893
0.07506620915979867
0.10241231170951806
0.1891209993789236
0.3424657760013726
0.49142126937398006
0.5891428046150082
0.6304242675973157
0.6568006917957354
0.6499977418534615
0.6571315594546546
0.6399034292941044
0.5586274875050399
0.3139496225350637
0.11355829346823697
0.04082936807937555
0.07275632300011957
0.07475451157717555
0.06828439265087109
0.07188733515672881
0.07596361385807839
0.05888589130124249
0.03417637474117549
0.056638438220473535
0.16957483961493178
0.3252033498411918
0.47302173197187736
0.5776243454701036
0.6546912435715448
0.7102559481573963
0.7702900541675406
0.8330527361404574
0.899503566704645
0.9396279934347466
0.9516059756908777
0.9333286933997169
0.9086688112666405
0.8748119775027505
0.842199140470546
0.8044794122895319
0.7459791624512363
0.6350895136025914
0.3959036077527727
0.171201143058915
0.05614686374928151
0.0696458967369155
0.07563507336586953
0.0839554897602659
0.08331904440669705
0.07505961683890407
0.06599539073076022
0.06718184968648419
0.08535930970024411
0.16883148464654835
0.32258467005739166
0.5108226218259984
0.6572241059894226
0.7462068478791061
0.8076645318435485
0.8651162919525044
0.9197324184271353
0.9590098777219589
0.9799150734537979
0.975716591895609
0.9362955429816442
0.8572506963802946
0.7355390605761659
0.603878790938265
0.40303720092266904
0.18751000016201222
0.0641159984239222
0.06680342140873564
0.08785411473000312
0.08204678901080698
0.07914074906677285
0.07958252755672793
0.08408603162513421
0.10632241431290435
0.17874736227726898
0.3300297841014594
0.48953640275920696
0.6245711588966004
0.7161169629838375
0.8079237043286301
0.8781865956546043
0.928062200464944
0.9455310597128014
0.9287959076696894
0.845846290020602
0.6905203084696816
0.42022855452927804
0.1716771960598302
0.04854683398504352
0.05872085164346618
0.0659128272815637
0.0708113429542938
0.07533167651026132
0.07541551375867547
0.0693432313415121
0.06954290209711028
0.1207049386741509
0.2574199518238065
0.4826866001138199
0.6584860799563371
0.721716689431775
0.7104860768218934
0.7317054079045865
0.7624504764618208
0.7542048448016557
0.6686469238755017
0.4490216181699436
0.20140870164018473
0.0611870322966913
0.049313500115755665
0.056203629871220635
0.05803270001078005
0.06694425224114418
0.0701689685464574
0.06364375980408023
0.06307348532475233
0.060381117514674724
0.08551121213136453
0.16146436198818934
0.3103223137273203
0.4675712718265161
0.6178912659723644
0.7106991167959459
0.7390552518786417
0.7173615183749499
0.7006251891659007
0.6768004566777185
0.5858385932656678
0.3368645017707528
0.1139619926664744
0.03627413655384815
0.08478895995517255
0.08780411267300502
0.08508415508931447
0.0832139326792967
0.07887306331774868
0.0796918618372636
0.1326251692195052
0.25079156457180896
0.47821313372459445
0.6552127280458427
0.7577403939763626
0.7834923230898981
0.8394874515362569
0.871195176447921
0.892015314434843
0.9038533251718167
0.8935202176687709
0.8109176228105283
0.6609660783494121
0.3849873722545408
0.14628614972552992
0.022383651664512273
0.04843581556839093
0.06022273117634958
0.062040152450418905
0.05855475940639843
0.05908655821342357
0.0605609987095865
0.06342140693467294
0.11420335831754702
0.21637900607038588
0.3713650603388017
0.4955247317169873
0.6488788990459589
0.7177819454136986
0.7124810194155473
0.6838439101927193
0.6349349783913905
0.4332507632122314
0.16506381715384258
0.04817927808439498
0.05845201420292248
0.09343056476646386
0.10338515702905568
0.09092293041232138
0.07322455763061254
0.06894543573203785
0.11607071268724709
0.22342336861276202
0.4453467763416365
0.639943394283396
0.7270780617915701
0.7169549061891137
0.7448305894450791
0.7987037758439963
0.8496265722951114
0.8963473328617823
0.9177043132920774
0.8861945126039529
0.7685178703944169
0.5845652782471966
0.31471819982293237
0.10819379432441803
0.026986520468814557
0.05665821788238819
0.05701479836487396
0.05220365140579115
0.05458518759324376
0.05650070113857428
0.058789079067775245
0.05853817926193831
0.0894937467377703
0.1733920708075199
0.31377539026523166
0.4653098080638595
0.6118220552884845
0.7041168098792903
0.7341799598928607
0.7072027579953498
0.6939583018598018
0.6278462306727343
0.4695494129535808
0.2359134019205724
0.08612681969732812
0.056437765082251644
0.07922927715325061
0.08811140524678508
0.07697320731891734
0.07218349485544932
0.07047915597026927
0.09198158390978545
0.16720359488700665
0.3692951392565769
0.5873710823376612
0.7178671911730152
0.7444977115440958
0.769320710173951
0.8017656894872736
0.8395731398784979
0.8507084239153017
0.7941924485950123
0.6565488939689528
0.40463216299600074
0.16966339299215702
0.05007242629909116
0.05891796809335461
0.061468783274725415
0.061894091277970346
0.06607310364220469
0.07205339946216957
0.0595892555465709
0.06044803295182597
0.11346893439189032
0.3215247798013983
0.5581951980201096
0.7310642902730218
0.7659377805560776
0.7722216876754319
0.7273402156597344
0.5973334872315422
0.33224280518978544
0.10770214039630142
0.0361935319179732
0.0712525517208663
0.06878495869653152
0.06516059017945296
0.06446471655544725
0.06499112383141263
0.06793782238691475
0.06973890082455897
0.05970118329749232
0.08915046350332888
0.17555112622032024
0.36719964426487867
0.5862578821032179
0.7275974286385728
0.7562992619075161
0.7857474329325329
0.8642954673407414
0.9263342019671962
0.9615189718715245
0.9743235259410872
0.9580620737534427
0.8724948425069905
0.7160761200101016
0.5058957717565075
0.2790331980913615
0.12405744951357288
0.07263905484332636
0.0738928161960998
0.06288872073599404
0.061433040496685895
0.06656852354254775
0.06776769199339171
0.06093644731597895
0.1097921915608141
0.2175706611921263
0.3785644505676521
0.508201610788559
0.5870017779208481
0.5715154686232556
0.445443018304486
0.23175091737443676
0.06845715760646814
0.025561655417615542
0.04500723701479183
0.04769486789435595
0.04542770402727795
0.040897980639673114
0.05137078078660077
0.05979214020614347
0.09280852589319503
0.16863722671882686
0.3041014466057116
0.48242811866749163
0.6482301775481593
0.7338055223897998
0.7280765099625428
0.7105674816455246
0.7198390128570803
0.7148296481820872
0.6745978321288685
0.6027512977578583
0.5144080954016623
0.4040627969786647
0.30588780169245433
0.2575561115377117
0.24791388456292063
0.25429537419901616
0.2460006932696761
0.21122176718213914
0.15068309769529825
0.10385605079725942
0.07950799737181423
0.07292291746725747
0.07259591513498358
0.07554478717820279
0.0741126474923378
0.07637232171435682
0.08327878569722603
0.08220987938309314
0.09739589175767989
0.15155547378860904
0.24364510999300087
0.35289873764350704
0.4864522073035234
0.5803686847379427
0.6252308196098997
0.6450109616495703
0.6582324702942022
0.597015359518255
0.42241970034127935
