0.23306354825010625
0.31664550379393386
0.3757969340609086
0.32160433289692536
0.14379072522321207
0.043573698421400055
0.05534977959855629
0.05664861544553167
0.04534434723732795
0.05031589966705674
0.05353972829156348
0.03801521033261233
-0.004895427926653953
-0.05132176730590464
-0.1139109543325754
-0.31559963629892485
-0.514009425966174
-0.6888053540538275
-0.5124502617190251
-0.26957221908717355
-0.014407498726027335
0.0008154959436864059
-0.006377101699024746
-0.026070257458022734
-0.0016251442773998741
0.034820481185147426
0.05988230614653939
0.1452582160169527
0.2717586947829133
0.3232548934882148
0.3214633937355113
0.3165849501729564
0.34945785345274843
0.26284287604543277
0.1538675160525435
0.0827902284198589
0.08396140494188659
0.016076948022570398
-0.0337836631271099
-0.02095834631392868
0.031729291022614334
0.0002245507123598412
-0.09755882940985056
-0.2040382884918723
-0.30445144388806616
-0.3636960681318958
-0.4525873609291673
-0.5072106342461384
-0.33158429798196387
-0.07797170571810909
0.03922045402103328
-0.025796555138530502
-0.010543957821342206
0.008040397771356452
-0.0014136630605503255
0.03287110861919411
0.13342132472840426
0.2521761641957374
0.26228949275944136
0.21688388716405926
0.18564091360698143
0.14977423692456324
0.10431887619337227
0.08263429926686648
0.011654146589906812
-0.174800477076024
-0.46735276053059094
-0.5204507203187233
-0.2769959222089532
0.02100717441475578
0.03649619572002741
-0.03282030202506004
-0.02740611236854331
0.012441582958649054
0.012515657140740113
0.07495185162764767
0.2041521596058063
0.3467507228879295
0.3075539447943456
0.19950834976549164
0.05596924058644295
0.07194093110183933
0.09973371411543482
0.14504078130345302
0.12262923634966232
0.11756288231713061
0.07454200994132783
0.03628094273309801
0.0055179783260369385
-0.002768631560000683
0.004399289492558647
0.005484865696481343
-0.005502084126118985
-0.023319731154076047
-0.0317413868617514
-0.0650300918863008
-0.0921286418853107
-0.17555602142508256
-0.2348549340998691
-0.2918177930929214
-0.26955206794667463
-0.3101653897787664
-0.2505265849104939
-0.12636838273621429
-0.009550348867691495
0.019398484136468733
-0.010248365871252893
0.007361716460107994
-0.0003626080930035549
0.025019166630228105
0.1421384083377381
0.26807887372883454
0.2948211297637589
0.21782276069936338
0.2033453894784541
0.21623692599116165
0.17934543323290622
0.14020565122174
0.14746811193766585
0.18221399425339943
0.1540078658298018
0.02184634139224772
-0.1386363772501275
-0.27227214548528855
-0.45701477644323624
-0.5850543997104674
-0.4757449009621833
-0.13481416627432324
0.06622991902468262
0.09289331648986791
0.11645655746152074
0.18000741186664576
0.24934981565409628
0.3659489798049476
0.4005359408631324
0.2716012897887248
0.10664981288875136
0.07128029168356757
0.00039857807825653875
-0.16262637189641332
-0.3823166639634258
-0.540526004543772
-0.5968751615317627
-0.4205295783389186
-0.136264132826947
0.030583016482384248
0.07018076005633404
0.04831761035485266
0.12517459873598502
0.19888562127286813
0.49796854873117435
0.5473066185422549
0.4315137162989499
0.14815029738645014
0.11377310219910733
0.05606661674960338
0.04333802367013477
-0.0457273757327945
-0.1802411068928536
-0.2578706536335824
-0.7325702423060342
-0.7323144699730796
-0.42532034348954073
0.1519137277000068
0.04684619483913095
0.03981497925660683
0.023809821710856906
0.23116588725050302
0.3998746496634361
0.5526018269781525
0.4423979422227514
0.29276560687927855
0.1359613305470573
0.11699588960940818
0.08497418807057307
-0.00549570001943437
-0.07225791514236879
-0.31460115385119625
-0.7340793916876036
-0.8693278265538907
-0.4801597361128292
-0.00805732781358445
0.06628698530871516
-0.00013082035722662913
-0.03132192755121451
0.07573822810643975
0.2270169694034216
0.38715542178764145
0.4903483430338605
0.4650835758194168
0.3381592908358318
0.14978443314938916
0.07724955299777492
0.05179338511145183
-0.0037037641918657212
-0.24476302409415546
-0.0850297267819157
-0.6907834013726776
-0.8048139922937076
-0.6103189191107677
0.17634061972735016
0.03425867804424812
0.0279794911477065
0.09226802184448052
0.3161755877667006
0.6154088286663136
0.589470463926395
0.34331403099483315
0.09890229516832318
0.07631740977779944
0.030251891200521915
-0.021187448434321802
-0.261248522350851
-0.2176705286061938
-0.38936219872083383
-0.6460040684411813
-0.6310672185226428
-0.11774286194279796
0.1301766697069722
0.017244212645181868
0.07251418798962224
0.27755534287729006
0.5773903004295313
0.5874930608727843
0.39000812805784346
0.16125588340449018
0.12290096898403782
0.1052168216489428
0.06404788796854238
0.020245598277573183
-0.019166391945101436
-0.1671831422393777
-0.10183402075683286
-0.7753274131591003
-0.9460460715147969
-0.67295599202416
0.13527121852190258
0.015898772228815423
-0.0006337851703636989
-0.0013308656541700424
0.030034401550983084
0.08319661321459558
0.32290096573493743
0.5340212938359761
0.6354186249046343
0.46750482334016236
0.22699219299500237
0.013190822174919755
-0.010376668612870371
0.056374238810022924
-0.13799925403498886
-0.3602067405259544
-0.848659910211672
-0.7355434156239687
-0.3506144385057652
0.1146156721834944
0.02160358264024089
-0.010457042618176695
0.02696432610865517
0.1583057798531234
0.39738837771926044
0.6344914779269933
0.523924605715128
0.26947997877152496
0.05101143730431638
0.005108725128091325
-0.01593584401272673
-0.019517721358485226
-0.20193673787460775
-0.6321310049365241
-0.7771205861434803
-0.46039217982027586
-0.05183057674284709
0.07822596453898685
0.10116239529992423
0.04912464299775743
0.20274177853381192
0.532415612331839
0.7204975414586431
0.5226238260868268
0.28276013796946714
0.1735164434983317
0.13802550423603788
0.07643072403843695
0.002825548152248487
0.02002031293932408
-0.21465125087308104
-0.11727676093974447
-0.7961128976878451
-1.0
-0.81864547498858
0.01407115820561057
0.06620578460925143
0.0315186170488756
0.04327542990184148
0.13976035265297534
0.439148806217395
0.7029417523487842
0.5938063330043369
0.3158520164778037
0.14296944348383261
0.147365217995688
0.0819065281692605
-0.03571414896239386
-0.22866650076902761
-0.46471935673223946
-0.9096194524763197
-0.7669963706753637
-0.3462522184837727
0.17006026290208967
0.039815556659611354
-0.001451363624202535
-0.03136246644011513
0.13304426215762027
0.36545073920634813
0.6872815874386056
0.6859300777866062
0.4154429507284207
0.18551000846335278
0.1284119900854896
0.06950590030034771
0.02719239592617463
0.008678348041175527
-0.07006764113662196
-0.2906854285681975
-0.22502280436254252
-0.8776291932689883
-0.8820852890944697
-0.5606936494496937
0.21857702116977645
0.047123003926814754
0.009905098929218429
-0.03200104428833018
-0.034254544046092184
0.20251706431189045
0.5210077968172768
0.745735699039559
0.5736870055344979
0.28818206465269547
0.13973322423561077
0.13237466396603123
0.10403334393502968
0.03645341074629734
0.01395330279042367
-0.23211923427053266
-0.12498471264915073
-0.5679250232907005
-0.928647579646894
-0.8521789247272844
-0.12671880511591574
0.0882206478888485
0.005158061765292716
0.05903404568020372
0.2134900202813134
0.5023254269403944
0.6678617001565698
0.5223866447491387
0.29438505581890906
0.1792251360309843
0.17206340775841156
0.09372641231834263
-0.04593458638575029
-0.22506981496538767
-0.49243279992136335
-0.5895626354413336
-0.737188326195844
-0.5302297327702111
-0.24245247333851172
0.09900775080112252
0.018563241187940522
0.023036492351099773
0.10696180067750158
0.36209557033014367
0.6198401138058792
0.6142452084071488
0.34928312184154453
0.17468380822144103
0.18400589092635208
0.16031757376152816
0.03330179632859883
-0.08401410420666723
-0.42748376616267425
-0.18151501670853984
-0.7362720992281907
-0.7132391400649732
-0.6245513703501379
0.16609738312868588
-0.0031394117594257674
0.02651418532394673
0.0711117681421665
0.3542404218379393
0.6952744989411094
0.6498543818780199
0.29435371249080805
0.0801951664939838
0.10735347083242094
0.12325890329822686
0.07461382638222766
-0.029515723208587658
-0.1476600731964758
-0.5412330479562725
-0.44007529853718863
-0.6505433844837976
-0.4092967860781401
-0.34483424211415464
0.10126011245432286
-0.02940289540332009
-0.01186834236089384
0.1852942568530957
0.5498078669806525
0.7623511716792287
0.5626093771338585
0.27544670194193044
0.1837244939672067
0.13792209840808078
0.0560082933876887
-0.006956123124796524
0.03666937691365438
0.012047218031536511
-0.4660291890413616
-0.3835795784133199
-0.8490109574070125
-0.7073498678566974
-0.5674947010887882
0.17250764353060755
0.016495415208224513
0.05811976385687708
0.25711921597294307
0.46205425134765543
0.6269261569058142
0.584327431816087
0.4054613672756886
0.20658255800876252
0.10932628695506823
0.010935865893883682
-0.14428357810572312
-0.40380932163018857
-0.9547404492113409
-0.8908549656000319
-0.4072691371311036
0.12614052351806163
0.04613659331385118
0.061096418478714075
-0.0005547004251016216
0.008397991756085582
0.20650705772008204
0.5591771768725159
0.6551588324654386
0.4249356729159829
0.18162513387383433
0.15205349956646577
0.16638004316807156
0.13243769150699283
0.039251153673863545
0.01831969881772742
-0.052401662216445
-0.2726467937040438
-0.46663776957396935
-0.5546240903840015
-0.6806283622210593
-0.5308303994589415
-0.19142580304548132
0.14318551805307456
0.25939446311275716
0.4347931526919017
0.45184146277377907
0.2880159044640267
0.11484024490993316
-0.07661959566079121
-0.5848318380569172
-0.6707563091145433
-0.35370951376274956
0.09331625039657641
0.023585402378446436
0.05323869750264251
0.011343186808806896
0.25014562127180884
0.6202646436345111
0.706626350896768
0.3919324122801879
0.14518266384986817
0.1332972791020082
0.09233435975495474
0.06647297392453906
-0.010461756791032815
-0.125058563518567
-0.3417813979347205
-0.5161418412989981
-0.41693672682339367
-0.5157465754841738
-0.4244325911162169
-0.21034906800517697
0.13603267643802466
0.016224226909579958
-0.04641671297662079
0.01780139188442332
0.3565024355687116
0.7251494555010773
0.7104642431371258
0.36270195836516256
0.1302926545776404
0.14002495433491424
0.1511751489286891
0.07364926641589233
0.01099619798381859
-0.06541473330546463
-0.18275679904288047
-0.3283828719051828
-0.4736696918912265
-0.6668436285990349
-0.5935075889481216
-0.32306138391061756
-0.058040925140217754
-0.01598593889832005
-0.0002944954045223927
-0.025132654831739
0.009078002308687506
0.33510536571608757
0.7399177994097328
0.7504926022481576
0.41485242157827296
0.158918660366964
0.14400269721719816
0.10245346026974603
0.050442493993217194
-0.00604075607784432
-0.06840966492354768
-0.27104176118328505
-0.4924367219938524
-0.5608712352510355
-0.4257324477661637
-0.312606577501659
-0.24791071673672999
-0.06696181052096037
0.2567736619596817
0.539665836559727
0.5918541867878454
0.3074690764173466
0.1364876678617648
0.07494050898357484
0.08638452726769483
-0.09662419167329818
-0.26863643685209915
-0.5791476960381016
-0.7222394174465679
-0.49485000320991196
-0.13076247650743023
0.009463885591272748
-0.001348026647181014
0.025488411819539456
0.026976385547299263
0.07068774714594968
0.33407883417998185
0.6579611850589927
0.646015491364676
0.34546405487871484
0.10860716840951488
0.07478608507232598
0.09458118459616942
0.08624263087569656
-0.003351490080140309
-0.06961491437941826
-0.3214017093955372
-0.9106440641859329
-0.9050627539231401
-0.4163349521608028
0.1463624692981276
0.08220537849409322
0.01568058727679513
0.11802415095362105
0.48575563148591455
0.7438312255486678
0.5610591657253109
0.22691859963215047
0.09480421584056341
0.1400709657769099
0.18114436950343785
0.07230692195107291
-0.006263334313038667
-0.0885349710211589
-0.3034152267900986
-0.4666539878536436
-0.9160150878228448
-0.69935016942147
-0.2744920261371338
0.1720359464870189
0.23934761896800097
0.5935779352612657
0.6889431946140175
0.4084126501813466
0.17968079904028597
0.11830154421622606
0.0762821924570974
0.02241220977550997
-0.0816285277527117
-0.20156076413051813
-0.3833977125871433
-0.5476875848465845
-0.7175806179269847
-0.4501231453237759
-0.0519142874234973
0.18791760710359465
0.037643249613252314
-0.02570814184479946
-0.01202053937784493
0.12502711536087305
0.42065871243874
0.6372654419355501
0.5303547829975472
0.261011782347239
0.10806508009689984
0.10068269287219209
0.12265541743956054
0.13455667399359025
0.08348065639092288
0.05833881113008167
0.011419253044142314
-0.07133791655493943
-0.20695861462859325
-0.25130697980007977
-0.3240317950423386
-0.3698162912385263
-0.7222901489592393
-0.6183627878098915
-0.29550823912075175
0.10988995830937728
-0.0007903897345094944
0.02084671339514829
0.0074485366176464205
0.05073553933357095
0.15321591123131628
0.47182034171891063
0.6937699672869321
0.5725473876381468
0.28850247202172336
0.165739253260937
0.18797800114107877
0.10236818918480511
0.03011855615050202
0.0010966769952230324
0.027441912694625346
-0.015077461942005604
-0.15659529541646566
-0.4885586296326572
-0.2813834506705976
-0.7329809764267343
-0.7023698608564105
-0.5708221208116009
0.17096806968907477
0.012962960308136458
0.04863824779244045
0.017853963030983005
0.01686819544537444
-0.02458580919761838
0.20709776381439354
0.6119724549746715
0.7616054529970306
0.4539144520612806
0.12884753835268034
0.06450544587129282
0.10302768924633986
0.11434517494143809
0.07776919249705919
0.06629858058999824
-0.012956332633829571
-0.23728486484573283
-0.5786912265748045
-0.9265770593773838
-0.7672570313331157
-0.28288190887594344
0.11674756511109363
0.08918533271428164
0.01882487415816143
0.02323537731179885
0.20809616858292185
0.5398705126205998
0.6912527844120421
0.4153332040271624
0.148183837124169
0.12036972191002564
0.21149534393172842
0.138791948913693
0.07421698319387643
0.034548033191247884
0.004886267650649571
-0.07759006677040621
-0.30548085548550014
-0.5008913176608839
-0.8341811744232027
-0.6945152136806504
-0.3485364832546346
0.08407280869976229
0.03403456487034818
0.002240775515382854
0.008899418290601849
0.014265281266401829
-0.016088206760689963
0.0995684330287821
0.4265051462353756
0.6826822678928024
0.48644276636671036
0.1665025810665974
-0.010804629037604586
0.05041542805856368
0.05650706603945692
0.03652822401617485
-0.09288231684333757
-0.26163072826101874
-0.7084344442230395
-0.71770405651054
-0.36537125059638853
0.0649259805514801
0.03861763408455843
0.02867709972223352
0.02189862973221264
-0.024229644156218075
0.17444474424226852
0.5796741570271464
0.7239265090999915
0.4132075484549336
0.08550352492372193
0.04683438664584324
0.10268244720609801
0.13085196138465544
0.11072455242954894
0.056498703664892326
0.02843058150732851
-0.15646674065126148
-0.3992181809713646
-0.7309545328371599
-0.7505968344821091
-0.4608105158316039
-0.03645601894617009
0.06771493636418069
0.008328491044021754
-0.009622148505080958
-0.023121966983585616
0.02521488627241902
0.24840480277829002
0.5406796219884584
0.6410814793148342
0.47899683129423026
0.23447390788513023
0.12964156323138704
0.15010101959481897
0.13917924151756272
0.07465236201284102
0.012565385631982184
-0.13223461070040962
-0.4160846592228745
-0.8928619192577023
-0.8649896112014052
-0.42009243126774665
0.07696502652810652
0.07956451591896338
-0.02302234853873055
-0.06863277806828234
-0.03518023256491265
0.05738293438139903
0.18719532091029548
0.4191525198295079
0.7091194432462433
0.5445957256748865
0.22110115577415668
0.002084434204934818
0.09180106571282604
0.07707936804645124
0.042377087152474284
-0.055490444876586206
-0.3002886872352045
-0.6735464611541068
-0.8209556815640503
-0.4853714267644534
-0.03740359735259598
0.08133145180491462
0.01357705416769397
0.011863706593803718
0.038100150577824184
0.04164810137453068
0.212092481238028
0.4563037920737952
0.6318894307846648
0.47973029104066334
0.2475267906573406
0.0880054642056019
0.11491548981624557
0.11733456998366164
0.08532477014052792
0.0010083509497620555
-0.15172243841079214
-0.43504047581585836
-0.3779935589133327
-0.691788758233515
-0.5935452248292574
-0.4130218136679084
0.1186173771619902
-0.02791836987468907
-0.010801310258681023
-0.03378488908581509
0.05492077129962598
0.2863176072164555
0.57633055211828
0.6760672918815709
0.4374563450898173
0.246210287887981
0.13318378977976006
0.14134688353590014
0.05154179977232168
-0.006120093465014283
-0.2689011862028506
-0.055394246634614445
-0.715099413220075
-0.9345692164282535
-0.7817294108188725
0.12050595666447163
0.04283607611564117
0.018104134667641214
0.014015683452523178
0.0019553583627105273
0.0603337951506875
0.34385566729611805
0.5965747585223263
0.6571807446664368
0.39649490005183663
0.17940318333996222
0.08531855233882073
0.13528517004147989
0.09652328056079305
0.04584115460472682
0.03700637725123295
-0.001291049146795318
-0.20734414135103102
-0.4609914140988042
-0.864020844863415
-0.7918412769071573
-0.3816683440371123
0.06946596071440178
0.02829696539756393
0.011207179813523753
-0.007629908403074448
0.011339117511281731
0.09105077727489136
0.34935613011542443
0.5677538547524049
0.5565358571534665
0.34570571421407087
0.13893398320015768
0.11263769485190674
0.10329241592930201
0.09642001830619899
0.03954584710564097
-0.05647718055740457
-0.27416507059466105
-0.49054557242889824
-0.6775637227472584
-0.603726084473686
-0.28825359952133006
0.015899418276368753
0.08907800720542962
0.04376653957224329
0.014868647350866944
0.010882660534371343
0.19291248722001048
0.4830090898256455
0.5698444262104003
0.39627987629028066
0.13944621246436412
0.06102908220184019
0.09176228654289531
0.09552696720422578
0.05679482219206166
-0.045797656299278275
-0.23474490337676754
-0.43213763217541434
-0.7825929353152138
-0.6422608153355024
-0.24544057500730948
0.10712127180559385
0.0055255048074767475
-0.018204046134975147
0.008670440763736322
-0.015357854010801949
0.007860625437225065
0.07759049583026571
0.2992124226350938
0.532673630441002
0.512445418395307
0.31588231937532246
0.14836478134364792
0.03377891988925099
-0.018968600974325282
-0.011197542199761237
-0.07323586198673157
-0.2288462202411267
-0.7203993698239768
-0.7210124155866903
-0.33381606813378456
0.1471824434642595
0.06266668249134344
0.011293999448658049
0.0987637519392987
0.33535267983744493
0.6323315778959612
0.6134883556545644
0.36722733826907283
0.15577769516146248
0.1362606088109139
0.11821677747392896
0.08123053380006343
0.046516084280438866
-0.007562059592621896
-0.19920554796913195
-0.49798904824907514
-0.6462329971839031
-0.6792316986392826
-0.46132317718992805
-0.14885533424358902
0.08160290571223841
0.0012075010961353002
-0.051623314342740735
-0.016792176098385278
0.022362509481877606
0.027472591362499754
0.2263151839092227
0.577010989756396
0.6785673667382169
0.3836756573990102
0.12834324114933524
0.0683303044144457
0.07121027733090599
-0.017505958490170507
-0.11630548826897881
-0.3275322367602114
-0.6170947894762874
-0.6873533675705104
-0.4329870122249876
-0.06604778978960323
0.04545298970865722
0.029615881691317028
-0.014479917166249245
0.02970810809053089
0.16249018037532326
0.577166728410579
0.6888529366948668
0.48234167939214534
0.12688914565883463
0.1262028328522289
0.08108172495288307
0.08733888418581656
0.09400076441147788
0.11103262323880635
0.03164098280911644
-0.016701823411311684
-0.29226150759775726
-0.1371067734295275
-0.7945858321215599
-0.8731266039985736
-0.6779550161800537
0.18964408012216777
0.06071794492104499
0.007204371546351871
-0.006925626214850904
0.0037218848112378325
0.007486159691944556
0.039326125515588714
0.19046647953146653
0.4043651834121605
0.4586556168849501
0.4488111319263033
0.2782407339384858
0.016857932923845194
-0.17045593405780562
-0.3041615571616732
-0.6463105536111085
-0.6562992761810114
-0.25024048736879934
0.08516810966816016
0.03299514756387881
-0.0060099445763025375
-0.009316222806715272
-0.0219299318415372
0.048315947227273524
0.22514569242342364
0.6710054703369348
0.6935299851161227
0.3504070553528466
0.0036270492401914707
0.10313351766597488
0.19660529260174034
0.24340295295531875
0.18014622363790578
0.04984829298484831
-0.048859359241660814
-0.026388218807735443
-0.2111956986118287
-0.4601624107732601
-0.18602487499697934
-0.5168447315395877
-0.7248036140931533
-0.627671708534057
0.09475533840755986
0.0417272423223405
-0.024481453139516596
0.007748394059825959
-0.0031133331026191218
0.08410453225061311
0.2351505171383187
0.424593337229364
0.5259332730489329
0.42490957497355675
0.21969912003458222
0.01735751331120171
-0.11920101443344479
-0.3408114857160672
-0.7526952634749619
-0.6505105743436684
-0.25343206556900066
0.1095810728242558
0.027249816594507797
0.009842230190714632
-0.011805273192290567
-0.028383669531161317
0.03900978853565497
0.2480486941333391
0.5959444003440968
0.6700933944799964
0.48475547876285474
0.21994726172426932
0.14961008620909724
0.10655036287492851
0.11725261162681441
0.06892556590462898
-0.014736263693064845
-0.0830059782045787
-0.23986448747820274
-0.4604396828076204
-0.7981179819885232
-0.7286315011799888
-0.3563252503481987
0.043450376115978885
0.011815531768819186
-0.04514727489368242
-0.03165651429049423
-0.005697504538455534
0.0013739726481744388
0.04093885831392755
0.04268461627238707
0.20247145823458582
0.4178832330783395
0.5318646848535117
0.43834637698016676
0.25131805882944636
0.0843734084219466
-0.011223082861546394
-0.054577843114798796
-0.23612463750842055
-0.6562505336822101
-0.7076109561385753
-0.3907355792185663
0.0386221441110472
0.0686471412802119
0.04064062579308542
0.010754490889960909
0.05522396093690404
0.2374652777613955
0.4989176326630187
0.5790571828749358
0.4296430075290667
0.21784493585917508
0.1593820357749401
0.13016677213457953
0.1028190293408197
0.043804933927867044
-0.037965936920688274
-0.30025079417269845
-0.3443055804444836
-0.6798459016581184
-0.7111585863995699
-0.47170312468946207
0.04686312475207651
0.04506937218576598
-0.014689142851309253
-0.014153196193466017
0.005256061235018019
0.013841493265357543
0.08084974087818608
0.25283765338151626
0.45872354314168673
0.6112820555717016
0.3936284191252616
0.10587799391766732
-0.13272404646778033
-0.13319596996647579
-0.319097737919933
-0.6455913675168974
-0.5923839033359022
-0.2071386111055737
0.0724099719135823
0.016975891269192137
-0.031939044348781
0.004892263984678083
-0.017326351003748665
0.0998104441479093
0.2719188687728049
0.4831423593327177
0.5743011834822526
0.4513008027251455
0.2423582142826822
0.122433689083246
0.13604503258147224
0.12279561091339992
0.10645881739818937
0.05866961883143883
-0.02672389231955567
-0.2302046754034131
-0.45506790314910056
-0.7498858108869404
-0.733161012727525
-0.45621982832462743
-0.06863580850679395
0.04143363783435746
0.02993687437831915
0.0020286519978920253
0.009957318697486459
0.002556966211158252
0.07586929770063133
0.25126030221242557
0.4298962553959629
0.4883841773129836
0.34554560427634334
0.15958218587603037
0.03871291071794143
0.08257622190205949
-0.09230008579282897
-0.4015909882204718
-0.7308694883829693
-0.5474202221773721
-0.17210781931235597
0.0687436413337293
0.014380708675449893
-0.03682438115267369
-0.018744456979235054
0.045742645229729796
0.2424579923725957
0.4236673925152158
0.5962788521827549
0.49884057931375336
0.30751709181131237
0.11155907541337219
0.13662036719996112
0.11135486053162938
0.06259453651263058
0.013855913398787268
-0.07672229709436525
-0.28978461310369796
-0.5235534283313129
-0.7427577945491747
-0.627988097811275
-0.3047246561768026
0.029037432412857563
0.029668285617617016
-0.022570848848589845
-0.01951663372890191
-0.007746078533512674
0.04490534775064155
0.0349613292201337
0.031213339974874858
0.143835819943196
0.3355268970253027
0.3995390445846804
0.5271678158385507
0.27883112560279366
0.10731254758712809
-0.09160080553052322
0.22089787418227655
-0.16146894606306147
-0.6804957243640092
-0.8698351737539037
-0.35385117851743264
0.022869207766546162
0.03602994044718963
-0.0027224997482616833
-8.26433437962423e-06
0.04590242259325726
0.26459845833164086
0.5259668428293057
0.6258058335949638
0.39750592636020127
0.19946811519182786
0.1413301012710833
0.17448842397647057
0.1302610096719998
0.09975721333691406
-0.02056099750955857
-0.22899359277026213
-0.4419015125670913
-0.5120702743123274
-0.6040514947366789
-0.510993963640298
-0.274351212553614
-0.012373487843732506
0.005656401471495869
-0.0006159966111401034
0.002521681391331859
0.003205884676898505
-0.009122377442323451
-0.019502810907111874
0.08300619440690699
0.27002023388678886
0.4168842746054413
0.42210778379234937
0.37996631579243334
0.3189551485560653
0.08984356694373016
0.05453916585527253
-0.23272141986038816
-0.645509477165133
-0.8361208621704324
-0.34550543178239235
0.030672553036248572
0.032703264264284014
-0.007077515430676924
0.008269442101299453
0.0038769830063703674
0.09536841087345006
0.287036105634115
0.6568886163097489
0.566709769642158
0.384111355514581
0.08989451768548244
0.1880158179885837
0.17436852984726803
0.1429458414705306
0.03350498602680284
-0.03453096208483163
-0.04027510074260613
-0.16134946785174586
-0.3307880999199196
-0.4625996561479187
-0.7700656060458626
-0.6370488164620587
-0.2657597075946293
0.08278319187931828
-0.03626696947852829
-0.018439912740915117
0.028691511104618362
0.01329297372076202
0.009254334685921607
0.05088535807531093
0.17673133202026217
0.3152082982507532
0.44534538124311385
0.5023241729767784
0.3458272226078736
0.09507406921790278
-0.006844330034719887
0.06383712374020503
0.0020569501900865625
-0.11310283813752905
-0.23134215329325244
-0.3607296859745397
-0.5382693477355128
-0.4690783693368308
-0.22904742358511213
0.035882642264218605
0.07355563823151637
0.17443511055975022
0.2630560525610597
0.47106074863570974
0.4894031706004747
0.3608462250622477
0.17486520244347928
0.15364724402691357
0.16917524926103092
0.1461726919900116
0.09395655419560126
0.023996877682194225
-0.11150737054267576
-0.2790007798892413
-0.41656633106482854
-0.506836646107282
-0.6950294091762244
-0.5219770154563144
-0.18929752903917468
0.06537700256375585
-0.02501366381446515
-0.01342004967139751
-0.023030121340221043
-0.01148427913467164
-0.020741146282914614
0.10292702509857873
0.28640391285617856
0.47505164658143606
0.4476553308560687
0.3354679184110198
0.18709532071272048
0.06175137620953503
-0.04119434024832337
-0.14215601924055474
-0.3075861072695492
-0.655892880592136
-0.5597722860888231
-0.18914484511184884
0.1021562485318005
0.005984719241658227
-0.006342071681506915
0.002502134887167952
0.005807172845931331
0.01475598655463359
0.14693928771988057
0.47675428465867753
0.7209075430724093
0.4875099560386689
0.1433482378485837
0.03069447996368754
0.12045088576446769
0.13216951492861115
0.11409225967441915
0.06921163817832475
-0.04719399824853944
-0.23930477318371057
-0.41790433142096184
-0.6204056488845365
-0.7095325577769089
-0.47452161111062363
-0.09591830006478248
0.07303374283475615
0.02101968953740702
0.015713599362848905
-0.0016887104705349115
-0.008441893835123199
0.1023901231140636
0.3130585491240169
0.5253784175611279
0.43554938740209515
0.2672942302109574
0.08844996202081415
-0.014373480301058362
-0.15647355698864768
-0.46285366442519926
-0.6393312161244616
-0.472951414864705
-0.06793910107858644
0.05957785752019577
0.02713639270593353
-0.01541765234504575
-0.021291299812824165
0.003748736266319445
0.1447813112128586
0.36420709374610266
0.6319935113114398
0.5478467061079085
0.32388322769066585
0.1197137278347107
0.13585729105491298
0.10139036034586427
0.061031754079517206
-0.012041123425832802
-0.15942807937002976
-0.3500969825169307
-0.5765653402709412
-0.7340463339733372
-0.49845581432654656
-0.12930016700214597
0.059817600996616066
-0.018092092374261418
-0.016993513329639862
0.0025416075214201458
-0.00924956696794304
0.05348731318133827
0.21200390891555662
0.3737339132471561
0.4640203365174369
0.3995455048294869
0.33076289781377965
0.10145371309711408
-0.19338873291742364
-0.6153867210265209
-0.6822505186514258
-0.42995838467546177
-0.04228806651517369
0.04197663077432691
0.01922283934148702
-0.01955682796942404
-0.006510966443146246
0.006820692321094317
0.18939221774159168
0.4015423550518924
0.5626314813460792
0.5020497138478569
0.284943451069129
0.11299815241639007
0.11553174706471565
0.19405251857161446
0.16708678859446213
0.10240669237081611
-0.00542467580191105
-0.17518162061270381
-0.40524324843477627
-0.5511624661774067
-0.73633210363575
-0.527359806181773
-0.24209177302423185
0.05870291952667629
-0.012156004723421425
-0.008431696723517141
-0.014948412812421479
0.007742861056378246
-0.0008957845852004198
0.0021438585069446393
0.15768227010770877
0.3352564699040756
0.48669215837836705
0.41593176518846514
0.3434553794174581
0.10338297750192627
0.07389337271930904
0.0662946511306207
0.08445747616291734
-0.11802311425131123
-0.4153884652646746
-0.7664894393931257
-0.6364682730142002
-0.18865359296394638
0.08830366238639381
0.022490007548428295
-0.007266769708010513
0.0028932087201598614
-0.00721548174157958
0.16844390894381683
0.39974383621510534
0.7122975054287619
0.5524422847667146
0.2534572517323063
0.025468893708710784
0.12712490267461626
0.1461774515438735
0.11076237096203202
0.04617049563882283
-0.03382115043245446
-0.18838543042279263
-0.3941057910043041
-0.5476916005865812
-0.6794089228684196
-0.5503419186152628
-0.23779790040293033
0.056271944883096746
0.048593772698498613
-0.0030407570705206282
-0.028284507877941695
-0.010042418868325721
-0.006832479169495917
0.08304359932682305
0.26331362957046484
0.4656715583341434
0.4523423506758914
0.2967570242744239
0.125361969417576
0.08009891716104525
-0.020658938443585805
0.02166370470771899
-0.05231772738370595
-0.246815674466528
-0.7430283911854089
-0.6085407311458308
-0.22086042164443612
0.0969545567724951
0.0060680227199021875
-0.01964820993178191
0.010941278133144229
0.01237868740541275
-0.05186097531982963
-0.0750369157375503
0.06821193609716916
0.342960948448242
0.4726067132807026
0.4488892147055096
0.3176532197994158
0.23403381142380938
0.16873677175572832
0.1823092792249327
0.1905953144495941
0.2017953431672343
0.12184832593729922
0.0363742788360146
-0.0555037524857806
-0.07488618780619978
-0.10281513910259868
-0.09903741736098254
-0.1145458292671016
-0.17765132341099615
-0.33674544852364985
-0.7263506195772363
-0.6823678588880958
-0.3493924391768082
0.040993347578013345
0.01818770274001727
0.025267122582909803
-0.001932732931104009
-0.02508191404466186
-0.02752589550060581
0.0036029932220770274
0.05520061600798449
0.25348511140023566
0.466911798537515
0.5716338193478477
0.444586433098284
0.27021939053480354
0.1866323463615493
0.17446730986379078
0.165856165992798
0.11927628759249718
0.06348409960970702
-0.012749788371684953
-0.11971233506133652
-0.24004036985080426
-0.3696092450013134
-0.39982087608983674
-0.6099080663904264
-0.6545047679631184
-0.3747181895862671
0.008161063433693303
0.06392594112979849
-0.017635464845802234
-0.008824951062088
0.0013415760379138634
0.013676069075781552
0.0675265972927479
0.21993731461671934
0.4594086780854895
0.48438360478269576
0.410068387752171
0.27800279988163656
0.2787952041748942
0.2133716636295648
0.15146033093828656
0.05304876427776804
-0.05082067027338104
-0.25189822936704664
-0.47168800575906916
-0.8208116705026196
-0.7547912682380324
-0.37391757873043435
0.03089606807529301
0.021840316811963544
0.01487562522237874
0.01372717622055479
0.00025459375255796447
-0.018440075222174387
0.0006063525211693968
0.15536691777277134
0.41517092804429073
0.6840811500752677
0.533861143077433
0.19201629880975385
-0.034104695251329385
0.06443805384003723
0.09336544942375608
-0.025040019159525237
-0.25981902509536725
-0.6669497364709673
-0.7519414436136669
-0.4258198075842008
-0.03605708883870421
0.020923682769138363
0.005554450310937891
0.027062261302242093
0.009792695259376009
-0.019815504580246408
-0.0017317877486020278
-0.008176079690113462
0.0763141111095742
0.23065162331094344
0.4520461399704215
0.47752762746372485
0.4564860144864156
0.2818353351876882
0.08611082752956452
-0.06587870098518171
-0.05082424504593074
-0.07235003727570138
-0.2762295111516378
-0.7560750077371173
-0.6769018225300688
-0.23591951298533456
0.14732796195092537
0.009156300564351398
-0.00825986326041438
-0.005679419953435154
-0.013182186212276107
0.002486496057723955
0.16074584527364555
0.3588431942610546
0.6906251314116814
0.5375056048699999
0.3113520983097398
0.07820247434927946
0.17004386648875977
0.09628880745773295
0.06322579950000493
0.03594921867496464
-0.031379186036605805
-0.25084440381556994
-0.4553671205623047
-0.8380815895063567
-0.7248787517885402
-0.3762623717900597
0.07911421588860462
0.035794054939512064
0.005519075481321396
-0.010584308419010981
0.0016149462971106888
0.0044775245602897236
0.008686378401578298
0.15421268957820375
0.31028310295839306
0.4706557275761003
0.377043345893028
0.4657000756729908
0.20924213842010864
-0.01609764952249585
-0.08696407906227939
-0.1485247752811541
-0.6124669182903779
-0.8144198703513482
-0.35495050208108003
0.031195852522901284
0.10622152581889362
0.030229725417491006
-0.037844813607296704
-0.053745742207642735
-0.0129946738760929
0.14310824039801318
0.3260044435633932
0.6739285248846191
0.5909435738174746
0.264607228868123
-0.030741612127176753
0.08465180978022332
0.16360003395865427
0.15464040249974
0.14187982048589431
0.06485606211924501
-0.09568775873838423
-0.3573559306305934
-0.5586202029934614
-0.8194612968861101
-0.6271654233083737
-0.24660714631005168
0.09010587694824172
0.0010828499842518917
-0.014610307251138282
0.007232158095420208
0.0058169583425747885
0.006949258656344061
-0.0007619229434694768
0.09400468449657759
0.2547792247751315
0.42631070047439873
0.46017392983197836
0.44492279413027547
0.2802771841533721
0.0912946252465043
-0.08192333592191135
-0.04022025832098634
-0.20076661163481133
-0.4807097275189372
-0.7094969110595049
-0.4548661695414552
-0.09015858663456512
0.06921239299221126
0.02697290720781577
-0.03382405387615258
-0.014545215793868568
-0.005175671203627127
0.06529775155770379
0.2284313286981735
0.613703880011877
0.6622446912542009
0.39628559704722977
0.08087054670916928
0.07538153375092625
0.09852767345415636
0.1148122207231729
0.03381520508311659
-0.17162555437395935
-0.4179906873202103
-0.765011102865593
-0.71354418257734
-0.36316927807572746
0.026861803332154155
0.007746218075989152
0.001291559093210728
0.012690665067401975
0.018160733838615266
-0.03785063598722794
0.002607902410344115
0.16101184756146758
0.6318160415135367
0.7187116828561729
0.5249622540156004
0.10590248277349705
0.019082729031595372
-0.1362943392936208
-0.3947994653260989
-0.8050172540940679
-0.6818765111328792
-0.2171546098789089
0.10646589173024526
-0.007493492209425637
-0.011006343825332877
-0.0021132024320090073
0.0015985735015991286
0.008948421579824152
0.005469446180126429
-0.030482157044426996
0.08943044887037938
0.2623782311645688
0.5819908966967228
0.665227686439493
0.4292145343262934
0.08716063057239411
0.08942708055244807
0.23853166956589592
0.1883968588099287
0.10684776483336461
0.03888438053569431
-0.049382156652407076
-0.25984729832030057
-0.4750063997100917
-0.6382676505732151
-0.688927595274215
-0.4706244316485847
-0.1561454162347614
0.0038073745698083356
-0.03341681662612327
-0.0044205541291036324
0.015595238686568182
0.0036415889312268472
-0.020744862814107236
0.14836325734189365
0.327297538354792
0.4888997879935652
0.3936771747153537
0.23929733658837826
-0.04702823234215215
-0.3828519998923994
-0.6489320069166621
-0.49588425019933347
-0.1302634220074805
0.05905159917750409
0.008161694760526755
-0.0068848366030796115
-0.013755690902484935
0.03180339931988195
0.02557366250463534
0.10026289849642574
0.23027370124822127
0.4113725668567036
0.5415356238447292
0.5035013571025232
0.2598719373762033
-0.017397646033193395
-0.05317074817213298
0.028155431717506764
-0.01521224723690409
-0.12217444173036342
-0.2181808103176374
-0.26827726131640917
-0.3350923859506336
-0.29813407441289846
-0.14677182990523804
-0.02928114644699335
0.01937906388980151
-0.02518897010598025
-0.10561531383784889
-0.1838415183115654
-0.1422025867557556
-0.07393923830185813
-0.019997319037872812
-0.0009930281878712665
0.00895502194427434
-0.004349067075894287
0.006862092335144242
0.020973285926783315
-0.0032460138517865084
0.046116302120731235
0.16446974927075436
0.27965428847509594
0.33177724186160673
0.4055700735777143
0.2852019701187936
0.1362356169943538
0.06006757954569712
0.040150572257405585
-0.18590178289504222
-0.530205426478261
