0.3596158207591111
0.2140079011641642
0.141580676681527
0.11331762743088271
0.08228158642968897
0.04525171066078898
0.030714351418309062
0.04396220976961256
0.020173670661979753
-0.002202665344431461
0.00021419020328668567
-0.014481533412525857
-0.02068232340797797
-0.04979101275045092
-0.06119314424171583
-0.17043118364011145
-0.3400556261629857
-0.6261087689300616
-0.9508225136000733
-0.8575781958811778
-0.322638559976098
0.006266880128038507
-0.026976361627663807
-0.08766145569143732
0.0670027674394936
-0.017790421105439373
0.01656039334537299
0.03754575418192906
0.12435622611030216
0.03623169178605321
0.08919451679228221
0.060975268034585306
0.21365472206476577
0.40210607968289697
0.6653667411390785
0.6478559027742776
0.47098952814142164
0.2207074052232802
0.08858412736469964
0.09134516073974888
0.05790625178354486
0.018315872324723287
-0.04392932536485752
-0.07931477913338518
-0.10217010943460444
-0.09173492042132915
-0.07185167626156172
-0.08247780559467925
-0.058853892939854394
-0.05525625141305516
-0.0991016484365329
-0.23416192665597818
-0.5324721935311459
-0.8261347505059173
-0.6713120310112815
-0.2522364714812226
-0.004042224981585954
-0.00720694285199067
0.006686151914455098
0.020990085961016702
-0.006063886795041396
-0.033299865808923405
0.0068937165144790325
0.012548715565548494
0.02242695342426738
-0.03295814793046936
0.00396853509399256
0.0045354407107652175
0.15901343269690144
0.39232289324425174
0.6578711797061471
0.7570865585386806
0.6736783792102508
0.3916765511293034
0.11242922564984814
0.016756379361321662
0.04020273939131672
0.04565648031117827
0.006545122961310573
0.001029956916494165
0.004296987539721798
0.005408594130735741
0.011569589103969252
0.009668386988550352
-0.0005085356989858218
-0.015759898482143715
-0.06986158686954133
-0.14863932293280918
-0.22072266813056804
-0.16802423579155767
-0.26534735384174873
-0.44158384082814783
-0.7095789890717368
-0.6396197698929036
-0.40047063515619924
-0.10075893820670265
-0.041680311892007695
-0.039539026938223934
-0.01345673314505344
0.017402610269355603
-0.00362594595284285
-0.016348418662009513
0.002671224656348751
0.01180103234571384
0.003136490667245474
-0.015138597910711024
0.017945391574075403
0.13513203015047806
0.38849272816911595
0.7622965545333911
1.0
0.7223623867432172
0.20018810722264932
0.006784640135665317
0.05603207418028018
0.055533203875466466
-0.01674333679696358
0.03674379207765942
0.0173736262020476
0.015776466955963665
-0.03256641232775624
-0.03356239484210969
-0.03255329387979508
0.012562973483212059
0.01202588061389474
-0.032715463603745124
-0.23729540513609637
-0.5111173270346632
-0.7379281984249698
-0.6446726798447004
-0.5596274583211065
-0.34519339697984636
-0.2007245110478651
0.03609412446583683
0.015149157144936021
0.015911545883167354
-0.03645207320936042
-0.01012790033671653
-0.007630073980169314
-0.0333883941873999
-0.01891966265813438
-0.015278860007974652
-0.012464503244338627
-0.030998473441935966
0.013627539274831917
0.17543536078767924
0.43756720443370173
0.7686018614984854
0.8650886215853472
0.5942090528323561
0.1775574955030524
0.027402265335215652
0.07833052197524677
0.09470947051392255
0.026119063547628114
0.01845825061260449
0.011863242709735386
0.0381201114507261
0.04050226127412489
0.03977221578421846
0.005308764804544644
-0.06260717722835978
-0.21790255506331802
-0.3841896525679694
-0.4733760554652482
-0.3754187750518411
-0.24522237242590042
-0.287071029073507
-0.5191481174813029
-0.4774173550941374
-0.18960906745219588
-0.01959009497772494
-0.030252880758378814
-0.03910304140838966
0.011965001524944438
-0.0018027500552425702
-0.010611859777927881
0.00045530613516901654
0.014908594615143123
-0.003945786700107007
-0.04477292482684803
-0.09971260004228108
0.03186741224479398
0.29558063159966935
0.5079288072705624
0.5564202613311701
0.6418266103207789
0.6869519611128077
0.44064493305598523
0.1671103352966334
0.003919080090648237
0.021683659193620818
0.0076450301816253265
-0.010288215922583705
-0.00879424701534887
-0.030681347028782634
-0.034993658290019825
-0.05414284944577202
-0.03140727116624837
-0.03941085970591307
-0.032621006365292596
-0.1402506957899392
-0.3717458177041808
-0.8239204827979645
-0.9907558118427776
-0.6532812755605508
-0.11791219516557672
0.04453427043344194
-0.004581577439061762
-0.013466432452675476
-4.805182445999171e-06
-0.008901586937827053
0.0005395694197783211
0.003968663109150397
0.007759208079064444
0.003276640668200602
-0.0057197057766937435
0.02408793319091227
0.09439475408203044
0.3040818174699452
0.6000758269888091
0.9106111646193968
0.8382658329332672
0.4335169651660413
0.08169120210917442
0.011796558094528873
0.03938556120363097
0.03652098379078726
0.019594820490296226
-0.015324878001827665
-0.0006260338054058396
0.0017101591709394414
0.004737690115922823
-0.02187189875414768
0.004853245226936054
0.0061975432218603875
0.006399928696844499
-0.06673273311320738
-0.3248353363942909
-0.6569230443170765
-0.8307623010094921
-0.6646265640041679
-0.45541162284692593
-0.24100636510526682
-0.10375116469444622
0.0004992065176415186
0.008996562631477007
0.01908915179064072
0.01250707295373906
0.001818508126222908
-0.0255693361006562
-0.0024500552538732645
-0.00792346182505382
0.014846511688437248
0.03607536340863967
0.10812096956489746
0.3568518088539725
0.6138761995710768
0.85873292510494
0.72278220760826
0.3694133796085121
0.04270715282948331
-0.015448806676946581
0.06823789843914968
0.019061321685827786
0.023860390288987118
-0.015033012792774468
0.006175479885094429
-0.009110476462074397
-0.0025898186000371287
-0.026756518266810764
-0.05372629199933107
-0.1258102947782256
-0.2087042292258711
-0.30751557518094585
-0.4717911155642164
-0.7154643384855013
-0.7217347521490374
-0.41955877034613204
-0.10362082208696005
-0.040553671201988085
-0.03327977428885749
0.016596212622445542
0.012068064368159584
-0.014238194596366166
-0.03494743087203574
0.0026150379946095694
0.0005186331743847087
0.01877827532270617
-0.030321049408873448
0.08328455431825023
0.3697503658029166
0.6233506119335309
0.7947306478443186
0.7371789285257385
0.43216387188424954
0.07259208133743858
0.02341891179922919
0.040235584439005614
0.011128068057267867
-0.0041360529053788364
0.006453080612573228
-0.0069422663704065265
0.002554179939784006
0.005254422620881263
0.005322509124503022
0.013117417172269738
-0.02210669258803678
-0.25860025487659793
-0.5748266332204448
-0.8532290269852381
-0.7656876525056651
-0.47143885988438416
-0.17554078241473392
-0.07076258301634726
-0.06182741663759133
0.023895609435076282
0.0008868323288983689
-0.004688242098547249
-0.03689979352360146
0.005218091549475898
0.004311697664382359
-0.00022915179963753395
0.013038729804983306
0.04536291492653807
0.10471073034551308
0.12640469578713498
0.2013873785923385
0.4486109354527229
0.7349719528056513
0.8085919454773038
0.5358498160815847
0.22449694217236732
0.011752139597574202
-0.02617361360974934
-0.06407621809630701
-0.04047534389665856
-0.030715607240681442
0.0400790504321991
0.048857059888779863
0.049004507816665044
0.011926159085274004
0.011802985834611491
-0.11312461781164539
-0.2641147857753983
-0.38680244018777227
-0.47629712146650555
-0.7139722375405249
-0.6111617737389964
-0.2996744275796446
0.018498465093643078
-0.04054925591889033
0.007692312802746853
0.01159324373697098
0.04335955858293943
0.0027770246001560953
0.014951583689067946
-2.6226216133906826e-06
0.02509768136359914
-0.01900562432375959
-0.10593356426743863
-0.06326406106775469
0.08464223536583579
0.19287222744162325
0.2028690854500519
0.2915995239532041
0.4229065545321396
0.5230484906411371
0.4643798148932817
0.29130173268692944
0.2074239459951807
0.17375133030119919
0.15593500681345762
0.07196808340072791
0.014625206457552144
-0.05518746271112738
-0.029459653626190966
-0.004641792142148832
-0.010417243086120473
0.007632125379201188
-0.05110998650776738
-0.24032322020863056
-0.49333070075886987
-0.5898188186235753
-0.6752208543677943
-0.5311268285837667
-0.329159389371842
0.028490705673215162
0.11411402425626134
0.0006726109265792678
-0.21182279658807188
-0.04362714199809407
0.13435389809261652
0.04998565951121199
-0.13342887332623787
-0.07992309546059827
0.004533746915503445
0.0413036403496076
0.044094352196489654
-0.020546761612477583
-0.00757369194728321
0.33212639448721987
0.7446470108718811
0.8274940930535761
0.5302618967536766
0.2514913684246232
0.07766215310062308
0.06177813757292685
0.09409406848864939
0.09021725737903893
0.025792864301382945
-0.031653591284707176
-0.042077460107256506
-0.05203877938095239
-0.05473040447976957
-0.028876022856475624
-0.004104627033334673
0.017850313241544062
-0.027874822202148625
-0.26097687214792165
-0.4924485756061786
-0.5273991901296503
-0.6210011328692506
-0.6840774555037585
-0.44423334206906095
-0.07308943390677705
0.05435437313791291
-0.0005932749449306352
-0.002332085847718618
-0.03386182648197185
-0.012026844319607412
-0.026334384951576653
0.04804821073319757
0.08319048857302157
0.097300181797084
0.07378772053430097
0.07748987048178117
0.018239168692908734
-0.03445351130912967
0.18395695483898883
0.5533328734751509
0.8362757951776142
0.6612945993472433
0.29641355775959227
0.015612443364002119
0.02032685776612738
0.08096730871599707
0.09981270006640869
0.07031641877254903
0.028232692687829755
0.02973175654216793
0.0009722684336554158
0.0025512793407900186
-0.02750878208003704
-0.010114309823376468
-0.057728939074855476
-0.04044062680709825
-0.03950407408670157
-0.07229890284742038
-0.3149750747330552
-0.5192429195269502
-0.6917681730158777
-0.6517866489097759
-0.47965061873284504
-0.12277309092548087
0.09149074740423817
0.09857852928833054
0.029737629794876395
-0.017854821093977787
-0.006454256220797214
-0.047756734517050134
-0.020200729650818355
-0.003791816186413802
0.0077542196391359435
-0.04353440487468464
-0.07362571732351242
-0.12117999374637779
-0.03179311330081095
0.3555280136936309
0.692747117108175
0.716183787474206
0.49516276994854735
0.3618513196158111
0.2538226441250476
0.1545383498710354
0.014292292309837754
-0.031528944151240745
0.007877048249147105
0.040647139133057966
0.0010612017844125678
-0.011194536466222814
-0.00035822090262617527
-0.024619729394006955
-0.009023144055124893
-0.01693162994173245
-0.03994362322630978
-0.038744882757960494
-0.06986058186157447
-0.23585250385174894
-0.42744348302778595
-0.580183171790112
-0.7204697105152195
-0.6126668386380406
-0.28221860198904364
0.02090171805760731
0.045357204122471274
0.015409956070916667
-0.026830756266684196
0.020467431797202732
0.010446994531641088
-0.008881704089699178
-0.028153615278752216
0.007281891173343755
-0.01142679581779375
0.06496946392325399
0.415878553178971
0.8035597822677241
0.8159933642861829
0.48536686477672825
0.23704060091389975
0.1463287553929243
0.10600973838550533
0.05650957427659023
0.040077834474492126
0.05808132705502368
0.04936843018049671
0.03319361068591971
0.02720642476189361
0.02335577494614102
0.012622240149690345
-0.016076172127597453
-0.07625434030973507
-0.21756076189537069
-0.3942238575710222
-0.48846860358434485
-0.6448779960864885
-0.7032412953585603
-0.5853519399946505
-0.2314001139305073
-0.03929715744105475
0.06249453887648473
0.04828609821090713
0.04533768563176876
-0.015903463126271625
-0.01857910656164073
-0.02065787106544891
0.024053191450661357
0.018988428102097613
0.005919448108672473
-0.009150578008814667
-0.011717894338038614
-0.045880466251716226
0.05756897614475052
0.4300607980454633
0.6671652012811983
0.672584559721316
0.4270580003511173
0.23188805598442594
0.08554767395955798
0.11806666336160278
0.09299931594265039
0.06221678263674849
0.06651646095843841
0.05611876114070877
0.023826692027213766
0.0380403438243984
0.0597310719122258
0.03690335695043503
-0.029499202013946207
-0.06176618527913989
-0.03745172444283838
-0.05725613525029781
-0.0843301307766037
-0.145286297258223
-0.21768655331826262
-0.5556032042297424
-0.8379612955688793
-0.753828333973582
-0.34604113613608584
-0.03132899085350691
0.020329944446473253
0.05574765422271901
0.049342166118965046
0.024648086687426914
-0.008728712804600478
-0.019560017221135862
-0.012989110934775311
-0.012993561326182094
-0.006772180238901722
-0.022572276380078124
-0.09829216954042728
0.08910910039852203
0.4789168194979692
0.80746357296544
0.8621464113983772
0.5699065216323093
0.23700979274527784
0.022669043222259776
0.025255661825745183
0.010980157788121489
0.03101441829260301
0.05144826931358705
0.011646148862869193
0.023709320512273636
0.047611456534552746
0.027787857003131942
-0.004056259558304646
-0.06591308187127316
-0.07360368490716843
-0.17032763109972057
-0.23205830815964593
-0.22205112802752058
-0.11321412604966685
-0.11419475026659388
-0.488624624297785
-0.8379818523235002
-0.6671406214467568
-0.15566882032339588
0.07998344992069996
0.04129582029006183
0.02347283676113602
0.03162956818827713
0.007590184313850647
-0.018750999578344037
-0.05468043050788106
-0.01617298823078388
0.014529118562272356
0.0064724465059398184
-0.02395890909934087
-0.03329786668484591
-0.019710349369504918
-0.023332339735397063
-0.07028746847099117
0.05784250154620364
0.4136348578490526
0.7097974564041736
0.7204904367908658
0.6187675598920985
0.3607758389094437
0.07031804016736688
0.00939479799808046
0.08653419182015316
0.04019100594784095
-0.004154461443104222
0.051286881562120086
0.024493040330318676
-0.04831390705745176
-0.01419730004655548
0.003526384409301353
-0.014232216882933748
-0.12053056928868497
-0.20484774139488204
-0.24893633677970425
-0.22722388728752405
-0.3668618501744573
-0.578145251181917
-0.6898633596658375
-0.47157156431541986
-0.1905905065342453
0.0012865855649836781
0.0185341788464966
0.023232275883421978
0.03680228697154015
0.016399173138489088
0.014673034901489067
-0.01100933044442682
-0.01312641789387614
-0.011943340413452618
-0.016739249426738458
-0.05778238653931959
-0.059740602185133024
0.045881882622386204
0.35691267594316867
0.6222917274639715
0.7653314434019917
0.5223475092166955
0.27928267968381026
0.12577558614442802
0.11867515236200579
0.06579024108363059
-0.006999995627772001
0.0508587831061603
0.04554716170703739
0.062144051908015426
0.049522414621860966
0.06261116977378463
0.006027181040774047
-0.0496464624006467
-0.004153338209750867
0.031065060021980926
-0.16454051463492372
-0.3978001150215311
-0.5659527927278497
-0.6977477883579775
-0.8051969440614984
-0.47488015223605723
-0.05241928639149788
0.11684755463494727
0.040234841198768224
0.002958679751943126
-0.03995632158939889
-0.03568392702826027
0.007398350868085055
0.01221691869683334
0.00010612763040022495
-0.025893522050268323
-0.04955180669037836
-0.05164475126450099
0.12363728337062982
0.5006821403926418
0.7429675192032827
0.6721897836617418
0.356774644397745
0.17626797534422767
0.15744433692924364
0.12425539448709777
0.05204322894578065
0.026507193508403516
0.0636856487334848
0.1063097924950901
0.08960933550214759
0.04027130808930848
0.011006864308993428
0.030090763278234338
0.03198592926053944
-0.06945316163741459
-0.030338192816756735
0.023630458983079392
0.054048890439680204
0.009336053383707561
-0.10247833707639359
-0.34224742214427734
-0.6378927983816925
-0.6276123234533431
-0.4851368791110219
-0.3671014772250371
-0.3965960559200676
-0.2688291141118849
-0.06438445965811679
0.0814528342171284
0.04764901921063691
-0.001450338258924345
-0.006523346830407435
-0.005738782393189605
-0.023529323068775896
-0.01769676546565115
0.03515918232611475
0.036379039402296476
0.01846392361359755
0.00790338155038749
-0.04293585604525984
0.14378728220029752
0.3675151379134929
0.7432601784098462
0.7634363275866296
0.6133940614806239
0.2727644768281815
0.2050688348664508
0.11815077901015963
-0.005660188608549411
-0.03680840116132258
0.03544951223592683
0.07414892359140952
0.08472262433858889
0.04002021667899281
-0.014773723842752703
-0.03459726274978552
-0.003334755668970314
0.019130126730097494
-0.023340547114834825
-0.009852756972827878
-0.026666554044999027
-0.07371717301740152
-0.2636024378729453
-0.35802694508277605
-0.556714189052215
-0.16873788553056646
-0.6731208060625559
-0.6979865959716218
-0.597308008707211
0.19016609488915204
-0.0019870811331547658
0.015562309013010232
0.0018235961134406755
-0.01908336040511975
-0.03351990725018049
-0.036705882371047015
-0.02727187816072696
-0.023663098322087395
-0.028195450532147233
-0.038209742649456875
0.28088024046093474
0.7570496862838352
0.9496393308873681
0.6720834674328052
0.3743195308173232
0.14607949791645053
0.07324456086037986
0.0033083561176314204
-0.016120950132999724
-0.023262766765888135
0.019232771866752877
0.0021380889926276335
-0.05039863197076376
0.01468304761521293
0.0031250814213992263
-0.04142551816066091
-0.1288465310069239
-0.21015595412742225
-0.32274012825895604
-0.5348610134401809
-0.6077510044439374
-0.6228586868482123
-0.43408626411071555
-0.1905640607489042
-0.01593582052743032
0.027955190210640368
-0.032869940041865525
0.012755381993378
-0.020055065584452306
0.00018131628054859363
0.003773502006057779
0.021557864585288543
0.003256638318078573
-0.005767652731862985
-0.03525095881236212
-0.05845653287014413
0.16798652804216183
0.596685482065672
0.8147023888179885
0.7133333622402865
0.4685867724494988
0.24913672341555962
0.07065397574804531
-0.0005238867638860797
-0.0028531647337057416
0.02099571026612413
0.0027335641307227815
-0.011182383887765598
-0.002935812080294666
0.030554477830808967
0.01836039204899897
-0.004051134993547502
-0.04183400025963114
-0.07377068801095699
-0.08784619093157266
-0.07705327078173686
-0.04255787459829062
-0.044799932993180684
-0.1222584597802067
-0.21496640438350464
-0.3892437826592782
-0.5646046768584458
-0.5657771270621966
-0.369832208964508
-0.23592105922380802
-0.19677023302150748
-0.13978136087989146
-0.0413649828447931
0.021350342512170665
0.009050305841909712
0.01567278653033316
0.01482184872428243
0.015470060693634866
-0.0013141148093837433
0.018089810911312773
-0.0021126179041037656
-0.0051110197471240845
0.07187347121212762
0.3812879767490449
0.6472340318137058
0.7190535064856884
0.5100665261694471
0.2926400520891797
0.06881429605035344
0.04691397509013934
0.09184786500472145
0.11398082404934798
0.04165766856928527
0.07998679082144923
-0.06040707038532158
-0.049386173029344366
0.015446043659511438
0.09657899898830388
-0.07609852622062274
-0.019717236196827838
-0.026537057599117245
-0.3645288513397683
-0.6093764097797132
-0.576616454328664
-0.4026156228106458
-0.3408440015864785
-0.14638212062827832
-0.2038363820941739
-0.21050203892161168
-0.10854914911631795
0.06670092074064504
0.012660563641241799
0.018449173933504974
0.0034611178769418543
0.006707260882083944
-0.03558424313845173
-0.049220911187895185
-0.029981022667423522
0.29570308404915124
0.6908093519966343
0.8324505267524857
0.5893909180991743
0.3504202135295914
0.14243210074225518
0.05335405132479624
-0.0005177332333086002
0.047835072900860566
0.030713274282462875
-0.009415555804333738
0.046677565236290186
0.0409208314856325
0.024232425121457297
0.020282102413886498
0.07470696392431943
-0.0024853462280490057
-0.054274545448575
-0.016034174055968433
-0.047355996191817
-0.02049878846937316
-0.11549574237072811
-0.3027801438674948
-0.6266716885989789
-0.7047270142359857
-0.5344344811435157
-0.45132403264082654
-0.28829353916263306
-0.15086992014601844
0.05066133073777714
-0.003789692748604683
0.06660066277416651
0.05350299913032262
-0.0036294266830724864
-0.05036351163943417
-0.021742203991197837
-0.017291994647359882
-0.00169290230343169
-0.025147395566591825
-0.03366924566537126
0.020882032829222668
0.3226498053230534
0.7067194350397212
0.8529762431167273
0.6464693896559662
0.3060864753737462
0.14234034494731646
0.05962757899971522
0.066207435021486
0.03544592627480043
0.05069223386892503
0.03213892473811489
0.04780864928919608
0.01925899671053451
0.03740539597904352
-0.008412346593382336
-0.012742939831322539
-0.1096380057466559
-0.199739688288386
-0.4715772439748051
-0.5860591152215219
-0.448074637152307
-0.20660083592721837
-0.24535030878181338
-0.49208629244977703
-0.4429428913954076
-0.13326372466552078
0.11789087948063617
0.08392314742826358
0.03129216227775026
0.03596282132877696
0.04249877717862451
0.011110633798993167
0.08032864208080863
-0.06534336331947153
-0.04227337047476217
-0.10560643908873339
-0.00752483835468065
-0.06324015689925302
0.012964611793637186
0.09023904041336178
0.3209660368533625
0.5632295438891337
0.6206862190815922
0.48903892342248195
0.3686342449566427
0.24859549395744027
0.18291919560314118
0.09975201263669962
0.06118701885029531
0.0216927360129151
0.024291353358226433
0.03635025358162383
0.051693766091878174
0.01645255050124133
0.010770662130524787
0.0007185181297379045
0.012662562972210042
0.011384993678669374
0.005327103455459854
0.0087355960626429
-0.05419397482650738
-0.23634792116918868
-0.4249768646777527
-0.3470537452339149
-0.16030984940768855
-0.14474353208035057
-0.347472244097795
-0.6409854922506926
-0.6666757056613143
-0.34939428037473347
0.032640422367926046
0.06798188123757708
0.007801248390912035
-0.009081246164932437
0.028642404595793695
0.009856155898934345
0.014727436973214388
0.00028487450613597705
0.0027315061823034183
-0.007380469787782528
0.01839633422527495
-0.037801568782632515
-0.06251168370208472
0.18140811104120616
0.6196432618736839
0.8279127372351736
0.6564739127108421
0.3543239401511535
0.1888874171094542
0.08422216063331132
0.05472627260148255
0.030541519065313716
0.06375768011162067
0.02113775775667301
0.021392589792475165
0.04505016098569107
0.03212650294533968
0.0030942905402879177
-0.057295678856856
-0.19164619529474322
-0.33321626066542676
-0.43676848820088665
-0.4375665179439036
-0.44187631300101504
-0.4044333844794037
-0.3878520046229122
-0.3476080345163142
-0.19696511292950278
-0.047778261398184946
0.056076768090269055
-0.005895757428670554
-0.016982720675348603
-0.020530397521530065
0.043419992166846035
-0.000661226402014027
0.0023560498713308302
0.015706660106134956
0.02526369215144973
-0.03411888438799417
-0.04184768115646901
-0.04504945185511143
0.07353747207880747
0.5319382301608534
0.5469385751656988
0.5480390034047662
0.5013132905040902
0.5973836737831228
0.2403587925374405
0.06885505244552678
0.06307026984478603
0.01874969109436434
-0.03407073336186785
-0.06537147216407284
0.0014165708514043312
0.005098051087517143
-0.012496546829101545
0.001106316719957492
-0.00940432744967075
-0.03335761808049486
-0.09094645594697315
-0.09395463626696515
-0.10216899730284303
-0.20619796743945915
-0.3466297422526151
-0.41010306779968814
-0.448736254949704
-0.5252785401308887
-0.4784586236073961
-0.28254875415857433
-0.09481022833268739
0.024873349352002652
0.061099861130899796
0.054901546687401825
0.021959104850128752
0.0379203331068976
0.038512653792440704
0.005337391456230566
-0.030821472242952123
-0.017460426390170654
-0.004992400708084822
0.024632052378656014
0.0025967282334952604
-0.010486672557705764
-0.056065303734979983
0.036823084871118655
0.3908080476114254
0.728414057353032
0.7967323150091453
0.544666068416428
0.321006910703378
0.13125028166386052
0.04885791354320848
0.03596797872151889
0.02658643897894244
0.027450611235655724
-0.000380317612199918
0.009919486206340611
0.017010353392607792
-0.008086076019254531
-0.02892349345246764
0.019420484671485452
0.02230895080611326
-0.047430316392962656
-0.11169454480613822
-0.18799289860471774
-0.23250340840346143
-0.2295357929613105
-0.293351854259193
-0.5206296264750545
-0.7690187988753421
-0.5469220378767464
-0.1954600376504708
0.07009662355817697
-0.006828544051777108
0.029274440899214337
0.03237939683896378
0.0381356788570291
-0.02059371923065683
-0.026902234579279056
-0.02263362784714501
0.012969525376842855
-0.02539716205412858
-0.0178305317591732
-0.04758817897045678
-0.032954858698747536
0.11555031938277804
0.4745844032446167
0.6708735926026541
0.6419247335560291
0.4220839494037123
0.2201115608417037
0.043744334762525164
0.08167878321663842
0.08651253388708757
0.09915242978634341
0.07247135888287413
0.08437460864580064
0.05926226909371765
0.03492899771919163
0.023885820645220577
0.028102141658875573
0.05431415234569576
0.03265997440812553
-0.057483289618559086
-0.18596644098576734
-0.23617437237460728
-0.19614096104309692
-0.15065804950957773
-0.19867694123230323
-0.3458951667566498
-0.5046133566431996
-0.6570745462558392
-0.5090380244003139
-0.18232464947832533
0.06142621497521577
0.03586608087684216
0.012835288494976201
0.0011961933378463328
-0.01638203248630845
-0.0018543079731701856
0.018308929068024303
-0.008190578723367932
-0.009632862231760676
-0.020452562133477972
-0.06270324123896612
-0.0022439033847515685
0.2914566438866375
0.6257378136250754
0.7508536811212242
0.5728281456321554
0.2679732517303118
0.14823330854101383
0.13057762697111022
0.13387792387566924
0.07401027150312778
0.07718417519141961
0.024054943748953502
0.02383935956982042
0.019445900748560344
-0.02134035691049472
0.007550549348391921
0.024057097436280084
0.058132428220535215
0.04067105894607907
0.05783200394613529
-0.005817683740097776
-0.0014604695996843647
-0.08279185287835203
-0.22532835604191628
-0.4383663198057754
-0.41940866348142253
-0.2346533166099105
-0.06809388261395607
-0.18451444298207106
-0.4298950757912726
-0.6315331604401784
-0.4686061131621118
-0.13707677050532055
0.0580180863028053
0.009987326057719141
0.009871233416011064
0.0037543182921539646
-0.005417800086888847
0.017706583584037313
0.0029255832691124093
-0.019226075878871936
-0.026130811090569295
0.02170695551832713
0.021876990807264712
0.013484533932786818
0.19783459565381215
0.4746044924138581
0.6578649459317566
0.5947462676606834
0.455812798449059
0.31058595979388537
0.20378887733936638
0.135473576368561
0.09931305042175893
0.048039184220006914
0.027056727639641776
0.030013842248548528
0.0252454946187776
0.02105883783362696
-0.04574079111128298
-0.011784792152029268
-0.023210112178359745
0.03906697934268061
-0.011124426044600377
-0.02183851819118467
-0.036028367235919234
-0.06617322466651374
-0.1637762788570536
-0.3239390062176301
-0.42855605261866936
-0.49055236852641776
-0.5492558030487106
-0.649873393234417
-0.4330950358149596
-0.13408739582984253
0.04702508041069555
0.009683325145928427
0.0350293331417172
0.016474905378436898
-0.010585760945064157
-0.010010921712170563
0.005348158839200881
-0.006663861536258375
-0.01826862379251731
-0.055066561887285
-0.0423379945683073
0.049155797317905744
0.37794971780876324
0.6470185893940809
0.6879426538675225
0.41901347394227223
0.23974025110392055
0.14606715521259034
0.17025534103848836
0.12475804921099494
0.11144250588511531
0.07776376149066973
0.0541193626469734
0.04957704046175292
0.056527078903486336
0.04530744569625383
0.025591352325239007
0.016562309431425514
0.00748513139511947
-0.001912641612631808
-0.013684152751623742
-0.031477276005937554
-0.06534239789304241
-0.15709469006106397
-0.2964589966925409
-0.30615751810967273
-0.21396885675264873
-0.2321792642731973
-0.40630479796787816
-0.4886816609594961
-0.5570106216787851
-0.3944992724536621
-0.15920839563697364
0.08835851131648195
0.015438896726206732
-0.023806232446355435
-0.02720922842744696
0.03996300507683473
0.0506073211325711
0.04971932345597539
0.01584163416491817
0.012724897123605812
-0.03263580706076601
-0.01986319824722418
0.06823977286053134
0.2886761791659338
0.41843628547550926
0.37759630814761314
0.33712207267374344
0.3662336918491744
0.3420232121042893
0.20924653159920453
0.14852138321070485
0.13762892147641173
0.09118968010409134
0.06819933228894241
0.0714431928573354
0.0929937113658462
0.0497868277981666
0.02126992510492314
-0.013170109616141788
-0.014752401729356105
-0.014374608257943282
-0.0190405525446922
-0.04570667337832636
-0.019067153651938038
-0.052890681725635644
-0.0874400826358609
-0.15928910413701264
-0.15204338379442026
-0.20419914464646377
-0.21119218938427295
-0.38905245681460143
-0.4925785341411802
-0.6094258504857547
-0.4523230237825684
-0.28040030362896745
-0.04098119644644072
-0.011026794140561739
0.031434148640460284
-0.0021673337278894796
0.014619842259347378
-0.0037871553901584606
0.030580593933776247
0.00822501539546229
0.008673746998496707
-0.010954352372333047
-0.016707298060948176
-0.01584719917732162
-0.026962805772384198
-0.0062494643303340576
0.13162957886980972
0.44825775288803804
0.6693130055322196
0.5740817871251784
0.33952144258395117
0.19859354325003414
0.1787791566742542
0.12599931858797472
0.1175180433458895
0.05371551317792362
0.07206524900635984
0.04699900906130183
0.04629188731273438
-0.0016002260260974776
-0.06921098432461717
-0.012704814290737058
-0.01580597907918946
-0.017482188789939356
-0.09582198314706708
-0.07134983347169338
-0.16483683636202084
-0.12258204140084308
-0.04457457603583866
-0.06290718546033436
-0.35161979550535855
-0.5689535720340414
-0.686929471743474
-0.4280084170520281
-0.15527209092336602
0.06104657250159876
0.02660452717999577
0.028112981675080858
-0.010486424652696818
0.01801034409259946
0.021110822023255538
0.032983289384706876
0.011300109890140053
-0.012339204255052529
-0.015047741925183742
-0.0023648602857330135
0.014728963870617316
-0.01903000421145635
-0.07201228194530945
-0.04443081244534635
0.24350680015195977
0.541113148465623
0.6557273474049349
0.4472559261920276
0.25830326400822906
0.0762397457282883
0.1559227287493787
0.1625721835563368
0.14270654444705172
0.05739459751462004
0.06577104282739861
0.05839574845381679
-0.019483796127520582
-0.02247284814311531
-0.008032854130277083
0.07390947650235971
0.02988321588767531
-6.155260308033346e-05
-0.06490644005874388
-0.12670666576230846
-0.27532480581025576
-0.34912356905912884
-0.2813262854966172
-0.1688081458412846
-0.21862730117887436
-0.34639356006722977
-0.3697124667145883
-0.28739996594589245
-0.248817068889814
-0.11746441625669662
-0.03434076600043144
0.0168106316946793
-0.030613459986042302
-0.009795540497965263
-0.004154402122256048
-0.017083007628880573
-0.026609256414498402
-0.03773827514801815
0.019228802378586794
0.024329886254280755
0.021505905908563668
-0.005427499692465692
-0.00895086694707528
-0.03899075093251145
-0.019950101602516906
0.04061546790555036
0.3438396184208
0.5703295029200798
0.657511176791493
0.405056789658083
0.23288792652304557
0.08737766077793267
0.09714789109572942
0.13408698843567646
0.11256820329703983
0.12118691605046115
0.0901994274703755
0.0992212013925679
-0.005263800553379494
-0.027504347508946238
-0.01744834684916689
0.015998767607275848
0.02138599267466987
-0.011725818651731312
-0.006208077546098747
-0.03399374958142947
-0.16799742405738255
-0.43290885393361445
-0.5612767051609904
-0.5684179018770839
-0.37941156668365816
-0.24906471970300623
-0.28014864262690764
-0.24155400921909806
-0.09185876941031064
0.04838777058301505
-0.022971428059327288
-0.0013195007868897918
-0.0024401976758053646
0.015412617433094132
0.010221360645684727
-0.03974626708575654
-0.022038820526421435
0.030442062866355726
0.039810370608569054
0.0008560372432616023
-0.008956342919418148
-0.0021808951326609516
0.07376417458794034
0.2706548357675546
0.40520334945660447
0.38607800469087084
0.3597052305206795
0.3114305973733081
0.22885620475951463
0.13134187514023832
0.1432726114429732
0.14422995702150787
0.09590204183068717
0.07765161378208285
0.1078165044955783
0.10716527016623043
0.04712261479953289
0.011311126679020237
0.00799020209842312
-0.003593801037941619
0.003404827318570496
0.013361312211961565
0.02209507782238902
0.017191829702014275
-0.03977205736761933
-0.11374968624066621
-0.1979482834480672
-0.18381443750910378
-0.13860905648084196
-0.13481434412691082
-0.3267814772725979
-0.4280599697066829
-0.5348698505599079
-0.4543366787796737
-0.2673739143948019
-0.03203199189208441
0.00532930581416354
-0.00285976996725685
0.03582795095174262
0.03915955381062439
0.05069948170780872
-0.008386994386449737
-0.03211537526642241
-0.03466228917948548
0.007561088817703096
-0.031000644865095586
-0.026107071376772772
-0.0626541918835009
0.045184602985676454
0.3988865436752064
0.7244552339945178
0.6910250747068015
0.3463860598209573
0.12509626843208274
0.0888100264636733
0.16764861374061568
0.1649993479823289
0.10945479982024209
0.08627654627832268
0.041938793918077845
0.030721263172810674
0.02022559998851935
0.04975814383452867
0.013123002998719348
-0.023224143576138747
-0.0031857435546701774
-0.01913684193984152
-0.04666614377033079
-0.23051405275263664
-0.3049976435950064
-0.41119289063528913
-0.3145485205989353
-0.4018792629368092
-0.498649933655085
-0.5242946544398331
-0.24579770373722595
-0.006596104123609366
0.08283991503498864
0.010322188928796763
-0.0006944001470138603
0.045437449660245
0.05690768407911653
-0.036859667919811316
-0.05117249926239193
-0.010622343483739404
-0.0009955378979377583
-0.02982372646716554
-0.049096426833975415
0.17441022212596566
0.36189301243392935
0.5230361762032413
0.41330246457305597
0.4188632220562812
0.24102043174551874
0.19119822650683696
0.0829899300628139
0.07206551351298418
0.07010619832136421
0.0870765600561175
0.0477482342755535
0.04015380870353587
0.07029739902303458
0.07221237628335099
0.014941118091451365
0.04477320141875487
0.038088465089860364
0.017299630757920036
-0.04245647082544239
-0.021941205915100313
-0.03959911929240837
-0.04370955259359709
-0.13846885340810877
-0.28109274137987816
-0.47881126335993845
-0.2670851428999219
-0.2759643411498242
-0.3158288172388792
-0.49266204627322346
-0.21384361367810764
-0.2594775755759265
-0.19625559295789377
-0.18592746566307447
-0.05764775255955462
-0.08422281176706045
0.05984407522693064
0.1261181696000289
0.017449768804808075
-0.061267185924156364
0.03924105691972509
0.02967431382271899
-0.060623412566871974
-0.08602705701811104
0.026990921834335685
0.053048841763149036
0.10017128442199037
0.36408038559358025
0.6177768133343006
0.4692828718592754
0.3180989873173112
0.3089593054655284
0.2686258204202599
-0.3233950092285879
0.08888645886790926
0.23427840248043577
0.4303743369109106
0.018507378064447116
0.18640108494494326
0.02122477798992055
0.0308437600314027
0.020947930208271955
-0.012964170694475554
-0.0635713406956603
-0.15445321829095907
-0.035951881669249265
0.015349655553566415
-0.12338435977018908
-0.4276950788130593
-0.42655682500308045
-0.5021772143540865
-0.6522489380816968
-0.5140044776463012
-0.11328057363708258
0.12087651338483044
0.05754181698706762
0.029734802013217817
-0.01675347665026557
-0.024819758321272405
-0.018272498198501116
-0.03797810547683886
-0.06151082666620926
-0.02946499108008388
-0.04618855708775946
-0.04009917073324309
0.030203936044247356
0.1135227786739836
0.23993679592285974
0.44803419977815584
0.32046056538576456
0.35994270630571984
0.37140722126854697
0.4272769445491931
0.1006943429571761
0.09357593760026128
0.05943017696178644
0.1109722988841148
0.043260019918346396
0.061024328499495614
0.06855702285983195
0.11815623282136137
0.03510868344307656
0.0004510513925053232
-0.0034458187262267543
0.00959189181980088
0.013481191641641799
0.007001330970593192
0.047153424954687696
-0.0013725355252118012
-0.009097494166512362
-0.03920368687292098
-0.11356708090227569
-0.2212385772367684
-0.39383892023294026
-0.35544767980243114
-0.2786396363961911
0.1638711259453736
-0.402797825262941
-0.7443521425975996
-0.7114511492936764
0.048959197295912575
0.046531987935278386
0.029868698721083643
-0.0188874368762228
0.025342246592795423
-0.016965544472480484
0.014458136534461735
-0.001068697255117144
-0.02081727161203685
-0.12859469969943527
-0.017444200299196033
0.2875669251726102
0.598916117981368
0.6567824347477867
0.4570972788650141
0.25719787636408176
0.15614923911239992
0.1641680937636342
0.06377530717399466
0.09069643637647688
0.09030551778442093
0.10076078016487718
0.038976277625064816
0.02926881831417242
-0.0049521008766011615
-0.035276722035527765
0.02272982075974663
0.02435973055796001
0.003759581345703774
-0.06671981746120031
-0.11809717751560968
-0.13353844940704193
-0.048244895938543635
-0.04817956355989459
-0.09382825281555136
-0.10164228342251062
-0.1301025685521865
-0.1845033273349267
-0.554589463751227
-0.7067736501625764
-0.5766677643899981
-0.1220669105847268
0.015544885756698157
0.05368124344250342
0.08345149079265009
0.023900140989446615
0.02598820404138067
-0.005690304444701175
0.02387192784846296
-0.04813739893180676
-0.08340735586720384
0.0453139395239038
0.5036353576288617
0.34137765034060896
0.058250496561879334
-0.02847017849687496
0.3289203352279388
0.2637936883712163
0.18450546952525596
0.0899216562580612
0.1326047574619017
0.22581849893885939
0.24636023076187033
0.20083961540025116
0.15098121377525134
0.08127586722961032
0.001068014581104248
0.05913721424392147
0.018813327997852618
-0.01704682595691733
-0.0071813509530294535
-0.0883002224543883
-0.07073982467514944
-0.02624780135514392
0.03806272681028509
-0.08238780349323502
-0.09220433762932004
-0.07451363777404105
-0.04983690170107704
-0.0688164597853343
-0.2497584435237337
-0.24143576707253914
-0.5588870721860291
-0.7683546349887853
-0.6282415154331438
-0.052778555324641374
0.079184745592224
0.02958991284260174
0.006675711490492137
0.03430431959231192
0.012225210629206111
-0.012685146379455375
-0.04616191109094328
-0.04384145676670402
